66484.0
277016.0
476468.0
675920.0
875372.0
1074824.0
1274275.0
1473727.0
1673179.0
1872630.0
2072082.0
2271535.0
2470986.0
2670437.0
2869889.0
3069341.0
3268793.0
3468245.0
3667697.0
3867149.0
4066600.0
4266052.0
4465504.0
4664959.0
4864407.0
5063859.0
5263311.0
5473843.0
5662215.0
5872747.0
6072198.0
6271650.0
6471102.0
6670554.0
6870006.0
7069458.0
7268909.0
7468361.0
7667813.0
7867264.0
8066716.0
8266168.0
8465620.0
8665072.0
8875604.0
9063976.0
9263427.0
9462879.0
9662331.0
9861783.0
10061235.0
10271767.0
10471219.0
10670671.0
10870122.0
11069574.0
11269026.0
11468478.0
11667929.0
11867381.0
12066833.0
12266285.0
12465737.0
12665190.0
12864641.0
13064092.0
13263544.0
13462996.0
13662448.0
13861899.0
14061352.0
14260803.0
14460254.0
14670787.0
14859158.0
15069691.0
15258062.0
15468595.0
15656966.0
15867498.0
16066951.0
16266402.0
16465854.0
16665305.0
16864757.0
17064209.0
17263660.0
17463113.0
17662565.0
17862016.0
18061468.0
18260919.0
18460372.0
18659823.0
18859275.0
19058728.0
19258179.0
19457631.0
19657082.0
19856534.0
20055986.0
20266519.0
20454891.0
20665422.0
20864874.0
21064326.0
21263777.0
21463229.0
21662681.0
21862133.0
22061585.0
22261037.0
22460488.0
22659940.0
22859392.0
23058844.0
23258296.0
23457747.0
23657199.0
23856651.0
24056103.0
24255555.0
24455007.0
24654458.0
24853910.0
25053363.0
25252813.0
25452266.0
25662798.0
25862250.0
26061702.0
26261154.0
26460605.0
26660057.0
26859509.0
27058961.0
27247332.0
27457864.0
27657316.0
27856768.0
28056220.0
28255672.0
28455123.0
28654575.0
28854027.0
29053479.0
29264011.0
29452382.0
29651834.0
29851286.0
30050738.0
30250190.0
30460722.0
30660174.0
30859626.0
31059078.0
31258529.0
31457981.0
31657433.0
31856885.0
32056337.0
32255789.0
32455240.0
32654692.0
32854144.0
33053596.0
33253048.0
33452500.0
33651951.0
33851403.0
34050855.0
34250307.0
34449759.0
34649211.0
34848662.0
35048114.0
35247566.0
35458098.0
35657550.0
35857002.0
36056454.0
36255906.0
36455358.0
36654809.0
36854261.0
37053713.0
37253165.0
37452617.0
37652069.0
37851521.0
38050973.0
38250424.0
38449876.0
38649328.0
38848779.0
39048231.0
39247683.0
39447135.0
39646587.0
39846038.0
40056571.0
40256023.0
40444395.0
40654927.0
40854379.0
41053830.0
41253282.0
41452734.0
41652186.0
41851638.0
42051089.0
42250541.0
42449993.0
42649445.0
42848897.0
43048349.0
43247801.0
43447253.0
43646704.0
43846156.0
44045608.0
44245060.0
44444512.0
44643963.0
44843415.0
45042867.0
45253399.0
45452851.0
45652303.0
45851755.0
46051207.0
46250659.0
46450110.0
46649562.0
46849014.0
47048471.0
47247918.0
47447370.0
47646822.0
47846273.0
48045726.0
48245177.0
48444629.0
48644081.0
48843533.0
49042987.0
49242436.0
49441888.0
49641340.0
49840792.0
50040244.0
50250776.0
50439147.0
50638600.0
50849131.0
51048584.0
51248036.0
51447487.0
51646939.0
51846391.0
52045842.0
52245294.0
52444746.0
52644198.0
52843650.0
53043103.0
53242554.0
53442006.0
53641457.0
53840910.0
54040361.0
54239813.0
54439265.0
54638716.0
54838168.0
55037620.0
55237072.0
55447604.0
55635976.0
55835428.0
56034880.0
56234331.0
56444864.0
56644316.0
56843768.0
57043219.0
57242671.0
57442123.0
57641575.0
57852108.0
58040479.0
58239930.0
58439382.0
58638834.0
58838286.0
59037738.0
59237190.0
59436642.0
59636093.0
59846626.0
60034997.0
60234449.0
60433901.0
60644434.0
60832805.0
61043338.0
61242789.0
61442241.0
61641693.0
61841144.0
62040597.0
62240048.0
62439500.0
62638952.0
62838403.0
63037856.0
63237307.0
63436760.0
63636211.0
63835663.0
64035115.0
64234567.0
64434019.0
64633471.0
64832923.0
65032374.0
65231826.0
65431278.0
65630730.0
65830181.0
66040714.0
66240166.0
66439618.0
66639070.0
66838521.0
67037973.0
67237425.0
67436877.0
67636329.0
67835780.0
68035232.0
68234684.0
68434141.0
68633588.0
68833040.0
69032492.0
69231944.0
69431395.0
69630847.0
69830300.0
70029751.0
70229203.0
70439736.0
70628107.0
70838639.0
71038091.0
71237543.0
71436995.0
71636447.0
71835898.0
72035350.0
72234802.0
72434254.0
72633705.0
72833158.0
73032609.0
73232061.0
73431513.0
73630965.0
73830417.0
74029869.0
74229321.0
74428773.0
74628224.0
74827676.0
75027128.0
75226580.0
75426032.0
75636565.0
75836017.0
76035468.0
76234920.0
76434372.0
76633824.0
76833276.0
77032728.0
77232179.0
77431632.0
77631084.0
77830536.0
78029987.0
78229439.0
78428890.0
78628343.0
78827795.0
79027246.0
79226698.0
79426150.0
79625603.0
79825054.0
80024506.0
80235038.0
80434490.0
80633943.0
80833394.0
81032845.0
81232298.0
81431749.0
81631202.0
81830653.0
82030105.0
82229557.0
82429008.0
82628462.0
82827912.0
83027364.0
83226816.0
83426268.0
83625720.0
83825172.0
84024623.0
84224076.0
84423527.0
84622979.0
84822430.0
85021882.0
85221335.0
85431866.0
85620238.0
85830770.0
86030222.0
86229674.0
86418047.0
86628580.0
86828029.0
87027483.0
87226934.0
87426385.0
87625837.0
87825289.0
88024741.0
88224192.0
88412565.0
88623097.0
88822549.0
89022000.0
89221452.0
89420904.0
89620356.0
89819808.0
90019260.0
90218711.0
90429245.0
90628696.0
90828147.0
91027599.0
91227051.0
91426504.0
91625955.0
91825408.0
92024859.0
92224311.0
92423762.0
92623214.0
92822666.0
93022118.0
93221570.0
93421022.0
93620474.0
93819925.0
94019377.0
94218829.0
94418281.0
94617733.0
94817185.0
95016637.0
95216089.0
95426621.0
95626073.0
95825524.0
96013896.0
96224428.0
96423880.0
96623333.0
96822784.0
97022236.0
97221688.0
97421140.0
97620592.0
97820043.0
98019495.0
98218948.0
98418399.0
98617851.0
98817303.0
99016755.0
99216206.0
99415658.0
99615110.0
99814562.0
100014014.0
100224546.0
100412929.0
100623450.0
100811821.0
101022354.0
101221806.0
101421258.0
101620710.0
101820161.0
102019613.0
102219065.0
102418517.0
102617969.0
102817421.0
103016873.0
103216325.0
103415776.0
103615228.0
103814680.0
104014132.0
104213583.0
104413035.0
104612487.0
104811939.0
105011391.0
105210843.0
105421376.0
105609747.0
105820279.0
106008651.0
106219184.0
106418635.0
106618087.0
106817539.0
107016991.0
107216443.0
107415894.0
107615346.0
107814798.0
108014250.0
108213702.0
108413154.0
108612606.0
108812058.0
109011509.0
109210963.0
109421494.0
109609865.0
109820397.0
110008769.0
110219301.0
110407673.0
110618205.0
110806576.0
111017109.0
111216561.0
111416013.0
111615464.0
111814916.0
112014368.0
112213820.0
112413272.0
112612724.0
112812176.0
113011627.0
113199999.0
113410531.0
113609983.0
113809435.0
114008887.0
114208338.0
114407790.0
114607242.0
114817775.0
115006146.0
115205599.0
115416130.0
115615583.0
115803954.0
116014486.0
116202857.0
116413390.0
116612842.0
116812293.0
117000665.0
117211197.0
117410649.0
117610101.0
117809553.0
118009005.0
118208457.0
118407908.0
118607360.0
118806812.0
119017345.0
119205716.0
119405168.0
119604620.0
119804072.0
120003524.0
120202976.0
120402427.0
120612959.0
120801331.0
121011864.0
121211315.0
121410767.0
121610219.0
121809671.0
122009123.0
122208575.0
122408027.0
122607479.0
122806930.0
123006383.0
123205834.0
123405286.0
123604738.0
123804189.0
124003642.0
124203093.0
124402545.0
124601998.0
124801449.0
125011982.0
125200352.0
125399805.0
125610337.0
125809789.0
126009241.0
126208693.0
126408145.0
126607597.0
126807048.0
127006502.0
127205952.0
127405404.0
127604856.0
127804307.0
128003759.0
128203211.0
128402663.0
128602115.0
128801567.0
129001019.0
129200471.0
129399923.0
129599374.0
129798827.0
129998278.0
130197730.0
130397182.0
130607714.0
130807167.0
131006618.0
131206070.0
131405522.0
131604974.0
131804426.0
132003878.0
132203329.0
132402781.0
132602233.0
132801685.0
133001137.0
133200589.0
133400040.0
133599493.0
133798944.0
133998396.0
134197848.0
134397300.0
134596752.0
134796204.0
134995656.0
135195108.0
135394559.0
135594011.0
135804545.0
136003996.0
136203448.0
136402899.0
136602351.0
136801804.0
137001255.0
137200707.0
137400159.0
137599611.0
137799063.0
137998514.0
138197966.0
138397418.0
138596870.0
138796322.0
138995774.0
139195226.0
139394678.0
139594129.0
139793582.0
139993033.0
140203566.0
140391937.0
140602469.0
140801921.0
141001373.0
141200825.0
141400276.0
141599728.0
141799181.0
141998632.0
142198084.0
142397536.0
142596988.0
142796440.0
142995892.0
143195344.0
143394795.0
143594247.0
143793700.0
143993151.0
144192603.0
144392055.0
144591507.0
144790959.0
144990410.0
145189862.0
145400395.0
145588766.0
145799299.0
145998751.0
146198202.0
146397654.0
146597106.0
146796558.0
146996010.0
147195461.0
147394914.0
147583285.0
147793817.0
147993269.0
148192721.0
148392173.0
148591624.0
148791076.0
148990528.0
149189980.0
149389432.0
149599964.0
149788336.0
149987788.0
150198320.0
150386692.0
150597225.0
150796676.0
150985047.0
151195580.0
151395031.0
151594485.0
151793935.0
151993387.0
152192839.0
152392291.0
152591743.0
152791195.0
152990647.0
153190099.0
153389550.0
153589002.0
153788454.0
153987906.0
154187358.0
154386810.0
154586262.0
154785713.0
154985165.0
155184617.0
155395150.0
155594601.0
155794053.0
155993505.0
156192957.0
156392409.0
156591861.0
156791313.0
156990764.0
157190216.0
157389669.0
157589120.0
157788573.0
157988031.0
158187476.0
158386928.0
158586379.0
158785831.0
158985283.0
159184735.0
159384187.0
159583639.0
159783091.0
159982542.0
160181994.0
160381446.0
160591979.0
160791431.0
160990883.0
161190334.0
161389786.0
161589238.0
161788690.0
161988142.0
162187593.0
162387046.0
162586498.0
162785950.0
162985402.0
163184854.0
163384305.0
163583757.0
163783209.0
163982661.0
164182112.0
164381564.0
164581017.0
164780468.0
164991001.0
165179372.0
165378824.0
165578275.0
165788809.0
165988260.0
166187712.0
166387165.0
166586616.0
166786068.0
166985519.0
167184971.0
167384424.0
167583875.0
167783327.0
167982779.0
168182231.0
168381683.0
168581135.0
168780587.0
168980038.0
169179490.0
169378942.0
169578394.0
169777846.0
169977298.0
170187830.0
170376202.0
170586734.0
170775106.0
170985637.0
171185089.0
171384542.0
171583993.0
171783445.0
171982897.0
172182349.0
172381801.0
172581252.0
172780704.0
172980157.0
173179608.0
173379061.0
173578512.0
173777964.0
173977415.0
174176868.0
174376320.0
174575771.0
174775223.0
174985755.0
175174127.0
175384659.0
175573030.0
175783563.0
175983015.0
176171386.0
176381919.0
176581370.0
176780822.0
176980274.0
177179726.0
177379178.0
177578630.0
177778082.0
177977533.0
178165905.0
178376438.0
178575889.0
178775342.0
178974793.0
179174245.0
179373696.0
179573148.0
179772600.0
179972052.0
180182585.0
180370956.0
180581488.0
180780940.0
180980392.0
181179845.0
181379296.0
181578748.0
181778200.0
181977651.0
182177104.0
182376555.0
182576007.0
182775459.0
182974911.0
183174364.0
183373815.0
183573266.0
183772719.0
183972171.0
184171622.0
184371074.0
184570526.0
184769978.0
184969430.0
185168883.0
185368334.0
185567785.0
185778318.0
185977769.0
186177234.0
186376673.0
186576125.0
186775577.0
186975029.0
187174481.0
187373933.0
187573385.0
187772837.0
187972288.0
188171742.0
188371192.0
188570644.0
188770096.0
188969548.0
189169000.0
189368451.0
189567903.0
189767355.0
189966807.0
190177340.0
190365711.0
190576244.0
190764615.0
190975147.0
191174599.0
191374051.0
191573503.0
191772954.0
191972406.0
192171858.0
192371310.0
192570762.0
192770214.0
192969666.0
193169117.0
193368569.0
193568022.0
193767473.0
193966925.0
194166377.0
194365829.0
194565281.0
194764733.0
194964185.0
195163636.0
195374169.0
195562540.0
195773072.0
195972525.0
196171976.0
196371428.0
196570880.0
196770332.0
196969784.0
197169236.0
197368688.0
197568140.0
197767592.0
197967044.0
198166495.0
198365947.0
198565399.0
198764851.0
198964303.0
199163755.0
199363206.0
199562659.0
199762110.0
199961563.0
200161014.0
200360466.0
200570998.0
200770450.0
200969902.0
201169354.0
201368806.0
201568258.0
201767710.0
201967162.0
202166614.0
202366065.0
202565517.0
202764969.0
202964421.0
203163873.0
203363325.0
203562777.0
203762229.0
203961680.0
204161132.0
204360584.0
204560036.0
204759488.0
204958940.0
205169472.0
205368924.0
205568376.0
205767828.0
205967279.0
206166731.0
206366183.0
206565635.0
206754008.0
206964539.0
207163991.0
207363443.0
207562895.0
207762347.0
207961798.0
208161250.0
208360702.0
208560154.0
208770687.0
208959058.0
209158510.0
209357962.0
209557413.0
209767946.0
209967398.0
210166849.0
210366302.0
210565753.0
210765206.0
210964658.0
211164109.0
211363561.0
211563013.0
211762465.0
211961917.0
212161369.0
212360820.0
212560272.0
212759725.0
212959176.0
213158628.0
213358080.0
213557531.0
213756984.0
213956435.0
214155887.0
214355340.0
214554791.0
214765323.0
214964776.0
215164227.0
215363679.0
215563131.0
215762583.0
215962035.0
216161487.0
216360938.0
216560390.0
216759842.0
216959294.0
217158746.0
217358198.0
217557650.0
217757102.0
217956553.0
218156005.0
218355457.0
218554909.0
218754361.0
218953813.0
219153265.0
219352716.0
219552168.0
219751620.0
219962152.0
220161604.0
220361056.0
220560509.0
220759960.0
220959412.0
221158864.0
221358316.0
221557768.0
221757220.0
221956671.0
222156124.0
222355575.0
222555027.0
222754479.0
222953931.0
223153383.0
223352835.0
223552286.0
223751738.0
223951190.0
224150642.0
224350093.0
224549546.0
224748997.0
224959530.0
225147901.0
225358434.0
225557888.0
225757338.0
225956790.0
226156241.0
226355693.0
226555146.0
226754597.0
226954049.0
227153501.0
227352953.0
227552405.0
227751856.0
227951308.0
228150760.0
228350213.0
228549664.0
228749116.0
228948568.0
229148020.0
229347471.0
229546925.0
229746375.0
229945827.0
230145279.0
230344730.0
230555263.0
230754715.0
230954167.0
231153619.0
231353071.0
231552523.0
231751975.0
231951426.0
232150878.0
232350330.0
232549782.0
232749234.0
232948686.0
233148138.0
233347589.0
233547041.0
233746493.0
233945945.0
234156478.0
234344849.0
234544300.0
234743752.0
234943204.0
235142657.0
235342108.0
235552640.0
235752092.0
235951544.0
236150996.0
236350448.0
236549900.0
236749352.0
236948803.0
237148255.0
237358788.0
237547159.0
237746611.0
237946063.0
238145515.0
238344967.0
238544419.0
238743871.0
238943323.0
239142774.0
239353307.0
239541678.0
239741130.0
239940582.0
240151114.0
240350567.0
240550018.0
240749470.0
240948922.0
241148374.0
241347826.0
241547277.0
241746729.0
241946182.0
242145634.0
242345085.0
242544537.0
242743988.0
242943441.0
243142893.0
243342344.0
243541796.0
243741248.0
243940701.0
244140152.0
244339604.0
244539056.0
244738507.0
244937959.0
245148492.0
245347945.0
245547396.0
245746847.0
245946299.0
246145752.0
246345203.0
246544655.0
246744107.0
246943559.0
247143010.0
247342462.0
247541914.0
247741366.0
247940818.0
248140270.0
248339722.0
248539174.0
248738626.0
248938077.0
249137529.0
249336981.0
249536433.0
249735885.0
249935337.0
250145869.0
250345321.0
250544773.0
250744225.0
250943676.0
251143128.0
251342580.0
251542032.0
251741484.0
251940936.0
252140388.0
252339840.0
252539292.0
252738744.0
252938195.0
253137648.0
253337099.0
253536551.0
253736003.0
253935455.0
254145988.0
254334359.0
254533811.0
254733262.0
254943796.0
255143249.0
255342699.0
255542151.0
255741603.0
255941055.0
256140507.0
256339958.0
256539410.0
256738862.0
256938314.0
257137766.0
257337218.0
257536670.0
257736122.0
257935574.0
258135025.0
258334477.0
258533929.0
258733381.0
258932833.0
259143366.0
259331737.0
259531188.0
259741721.0
259930092.0
260140625.0
260340076.0
260539528.0
260738980.0
260938432.0
261137883.0
261337335.0
261536787.0
261736239.0
261935691.0
262135144.0
262323515.0
262534047.0
262733499.0
262932951.0
263132404.0
263331854.0
263531307.0
263730758.0
263930210.0
264129663.0
264329114.0
264539646.0
264728018.0
264938550.0
265126923.0
265337454.0
265536906.0
265736357.0
265924729.0
266135261.0
266334713.0
266534165.0
266733617.0
266933069.0
267132521.0
267331972.0
267531424.0
267730876.0
267919248.0
268129779.0
268329232.0
268528683.0
268739216.0
268927587.0
269127039.0
269337571.0
269525943.0
269725395.0
269935928.0
270135380.0
270334831.0
270534283.0
270733735.0
270933187.0
271132639.0
271332090.0
271531542.0
271730994.0
271930446.0
272129898.0
272329350.0
272528802.0
272728254.0
272927706.0
273127158.0
273326609.0
273526061.0
273725514.0
273924965.0
274124417.0
274323869.0
274523321.0
274722772.0
274933312.0
275132757.0
275332208.0
275531660.0
275731112.0
275930576.0
276130016.0
276329468.0
276528922.0
276728372.0
276927823.0
277127276.0
277326727.0
277526180.0
277725631.0
277925083.0
278124535.0
278323986.0
278523438.0
278722890.0
278922342.0
279132875.0
279332327.0
279531779.0
279731231.0
279919603.0
280130134.0
280318505.0
280529038.0
280728490.0
280927942.0
281127393.0
281326846.0
281526297.0
281725749.0
281925201.0
282124653.0
282324105.0
282523557.0
282723009.0
282933541.0
283121912.0
283321364.0
283520816.0
283720268.0
283919720.0
284119172.0
284318624.0
284518076.0
284728609.0
284928060.0
285127512.0
285326963.0
285526415.0
285725868.0
285925320.0
286124771.0
286324223.0
286523675.0
286723127.0
286922579.0
287122031.0
287321483.0
287520934.0
287720386.0
287919838.0
288119290.0
288318742.0
288518194.0
288717646.0
288928178.0
289116549.0
289327082.0
289515453.0
289725986.0
289925437.0
290124889.0
290313262.0
290523793.0
290723245.0
290922697.0
291122149.0
291321601.0
291521052.0
291720504.0
291919956.0
292119409.0
292318859.0
292518312.0
292717764.0
292917216.0
293116667.0
293316119.0
293515571.0
293715023.0
293914475.0
294113927.0
294313379.0
294512831.0
294723363.0
294922815.0
295122267.0
295321718.0
295521171.0
295720622.0
295920074.0
296119526.0
296318978.0
296529511.0
296717882.0
296917334.0
297116786.0
297316237.0
297515690.0
297715141.0
297914593.0
298114045.0
298313497.0
298524029.0
298712400.0
298911852.0
299111305.0
299310756.0
299521289.0
299709660.0
299909112.0
300119644.0
300319096.0
300518548.0
300718000.0
300917452.0
301116904.0
301316356.0
301515808.0
301715259.0
301914711.0
302114163.0
302313615.0
302513067.0
302712518.0
302911973.0
303111423.0
303310875.0
303510327.0
303709778.0
303920311.0
304108682.0
304308134.0
304518668.0
304718118.0
304917570.0
305117023.0
305316473.0
305515925.0
305715377.0
305914829.0
306114281.0
306313733.0
306513186.0
306712637.0
306912089.0
307111541.0
307310993.0
307510444.0
307709897.0
307909349.0
308108800.0
308308252.0
308518785.0
308707156.0
308906608.0
309106060.0
309305511.0
309504963.0
309715496.0
309903867.0
310114399.0
310313851.0
310513303.0
310712755.0
310912207.0
311111658.0
311311111.0
311510563.0
311710014.0
311909467.0
312108918.0
312308370.0
312507822.0
312707274.0
312906725.0
313106178.0
313305629.0
313505081.0
313704533.0
313903985.0
314103437.0
314302889.0
314502341.0
314712873.0
314912325.0
315111777.0
315311229.0
315510681.0
315710133.0
315909584.0
316109036.0
316308488.0
316507939.0
316707392.0
316906844.0
317106296.0
317305748.0
317505199.0
317704651.0
317904103.0
318103555.0
318303007.0
318502459.0
318701911.0
318901363.0
319100814.0
319300266.0
319499718.0
319710251.0
319898622.0
320109155.0
320308606.0
320508058.0
320707510.0
320906962.0
321106414.0
321305866.0
321505317.0
321704769.0
321904221.0
322103673.0
322303125.0
322502578.0
322702029.0
322901481.0
323100932.0
323300384.0
323499836.0
323699288.0
323909821.0
324098192.0
324297644.0
324497095.0
324696547.0
324895999.0
325095451.0
325305984.0
325505436.0
325704888.0
325904339.0
326103791.0
326303243.0
326502695.0
326702147.0
326901599.0
327089970.0
327300503.0
327499954.0
327699407.0
327898858.0
328098310.0
328297762.0
328497214.0
328696666.0
328896118.0
329106651.0
329295021.0
329494473.0
329693925.0
329893377.0
330103910.0
330303361.0
330502813.0
330702265.0
330901717.0
331101169.0
331300621.0
331500073.0
331699525.0
331898976.0
332098428.0
332297880.0
332497332.0
332696784.0
332896236.0
333095688.0
333295139.0
333494591.0
333694043.0
333893495.0
334092947.0
334292399.0
334491850.0
334691303.0
334890754.0
335090206.0
335300739.0
335500191.0
335699643.0
335899095.0
336098546.0
336297998.0
336497450.0
336696902.0
336896353.0
337095806.0
337295258.0
337494710.0
337694162.0
337893613.0
338093065.0
338292517.0
338491969.0
338691421.0
338890873.0
339090332.0
339289776.0
339489228.0
339699761.0
339888132.0
340098664.0
340298117.0
340497568.0
340697020.0
340896472.0
341095924.0
341295376.0
341494828.0
341694280.0
341893731.0
342093183.0
342292635.0
342492087.0
342691539.0
342890991.0
343090443.0
343289895.0
343489347.0
343688799.0
343888250.0
344087702.0
344287154.0
344497687.0
344686058.0
344896591.0
345096042.0
345295495.0
345494946.0
345694398.0
345893851.0
346093302.0
346292754.0
346492206.0
346691658.0
346891112.0
347090561.0
347290012.0
347489465.0
347688917.0
347888369.0
348087821.0
348287273.0
348486724.0
348686177.0
348885630.0
349085080.0
349284532.0
349483984.0
349694516.0
349882889.0
350093421.0
350292871.0
350492324.0
350691775.0
350891229.0
351090679.0
351290131.0
351489583.0
351689035.0
351888487.0
352087955.0
352287391.0
352486843.0
352686294.0
352885747.0
353085198.0
353284650.0
353484102.0
353683553.0
353883007.0
354082458.0
354281910.0
354481361.0
354691894.0
354891346.0
355090797.0
355290249.0
355489701.0
355678072.0
355888605.0
356088057.0
356287509.0
356486960.0
356686412.0
356885864.0
357085316.0
357284767.0
357484219.0
357694753.0
357883123.0
358082575.0
358282028.0
358481479.0
358680931.0
358880383.0
359079835.0
359290367.0
359478738.0
359689276.0
359877642.0
360088175.0
360287626.0
360487078.0
360686530.0
360885982.0
361085435.0
361284886.0
361484338.0
361683789.0
361883242.0
362082693.0
362282145.0
362481597.0
362681050.0
362880501.0
363079953.0
363279405.0
363478857.0
363678309.0
363877760.0
364077213.0
364276665.0
364476116.0
364675568.0
364875019.0
365085552.0
365285004.0
365484456.0
365683909.0
365883360.0
366082811.0
366282264.0
366481715.0
366681167.0
366880619.0
367080071.0
367279523.0
367478975.0
367678427.0
367877878.0
368077330.0
368276782.0
368476234.0
368675686.0
368875138.0
369074590.0
369274042.0
369473494.0
369672945.0
369872398.0
370082930.0
370282382.0
370481833.0
370681285.0
370880737.0
371080189.0
371279641.0
371479093.0
371678545.0
371877998.0
372077449.0
372276900.0
372476352.0
372675804.0
372875256.0
373074708.0
373274160.0
373473612.0
373673064.0
373872516.0
374071967.0
374271419.0
374470871.0
374670323.0
374869774.0
375069226.0
375279759.0
375479211.0
375678663.0
375878115.0
376077567.0
376277019.0
376476471.0
376675922.0
376875374.0
377074826.0
377274278.0
377473730.0
377673182.0
377872633.0
378072085.0
378271537.0
378470992.0
378670441.0
378869893.0
379069346.0
379268797.0
379468249.0
379667700.0
379867152.0
380077685.0
380277137.0
380476588.0
380676040.0
380875492.0
381074944.0
381274396.0
381473848.0
381673300.0
381872752.0
382072204.0
382271655.0
382471108.0
382670559.0
382870011.0
383069464.0
383268915.0
383468367.0
383667819.0
383867271.0
384066723.0
384266174.0
384465626.0
384665078.0
384875610.0
385075062.0
385274514.0
385473966.0
385673418.0
385872870.0
386072322.0
386260694.0
386471225.0
386670678.0
386870129.0
387069581.0
387269033.0
387468485.0
387667937.0
387867389.0
388066840.0
388277373.0
388465744.0
388665196.0
388864648.0
389064099.0
389263552.0
389463004.0
389673536.0
389872988.0
390072440.0
390271894.0
390471344.0
390670795.0
390870248.0
391069699.0
391269152.0
391468603.0
391668055.0
391867507.0
392066960.0
392266410.0
392465863.0
392665314.0
392864766.0
393064218.0
393263673.0
393463122.0
393673654.0
393862026.0
394061478.0
394260929.0
394460381.0
394659833.0
394870366.0
395069818.0
395269269.0
395468721.0
395668173.0
395867625.0
396067077.0
396266536.0
396465981.0
396665433.0
396864885.0
397064336.0
397263788.0
397463240.0
397662692.0
397862144.0
398061596.0
398261053.0
398460500.0
398659951.0
398859403.0
399058855.0
399269388.0
399457759.0
399668292.0
399856663.0
400067195.0
400266647.0
400466099.0
400665551.0
400865003.0
401064455.0
401263906.0
401463358.0
401662810.0
401862262.0
402061714.0
402261166.0
402460618.0
402660070.0
402859522.0
403058974.0
403258426.0
403457877.0
403657329.0
403856782.0
404056233.0
404255685.0
404455137.0
404654589.0
404865121.0
405064575.0
405264025.0
405463477.0
405662929.0
405862380.0
406061837.0
406261285.0
406460736.0
406660188.0
406859640.0
407059092.0
407258544.0
407457996.0
407657447.0
407856899.0
408056352.0
408255803.0
408466336.0
408654707.0
408865239.0
409053611.0
409253062.0
409463595.0
409651966.0
409862499.0
410061951.0
410261403.0
410460854.0
410660306.0
410859758.0
411059210.0
411258662.0
411458114.0
411657565.0
411857017.0
412056469.0
412255921.0
412455373.0
412654825.0
412854277.0
413053729.0
413253181.0
413452632.0
413652084.0
413851537.0
414050988.0
414250440.0
414449892.0
414649344.0
414848796.0
415048248.0
415258780.0
415458232.0
415657684.0
415857136.0
416056588.0
416256039.0
416455492.0
416654943.0
416843314.0
417053847.0
417253299.0
417452751.0
417652203.0
417851655.0
418051107.0
418250558.0
418450010.0
418649463.0
418859995.0
419048366.0
419247818.0
419458350.0
419657802.0
419857254.0
420056706.0
420256158.0
420455610.0
420655062.0
420854514.0
421053966.0
421253417.0
421452869.0
421652321.0
421851773.0
422051225.0
422250677.0
422450129.0
422649581.0
422849032.0
423048484.0
423247936.0
423447388.0
423646840.0
423846292.0
424056824.0
424245195.0
424455728.0
424644099.0
424843551.0
425054083.0
425253535.0
425452987.0
425652439.0
425851891.0
426051343.0
426250795.0
426450247.0
426649699.0
426849151.0
427048602.0
427248054.0
427447506.0
427646958.0
427846411.0
428045862.0
428245314.0
428444766.0
428644217.0
428843670.0
429043123.0
429242573.0
429442025.0
429652558.0
429852010.0
430051461.0
430239832.0
430450366.0
430649817.0
430849269.0
431048721.0
431248172.0
431447624.0
431647076.0
431846528.0
432045981.0
432245432.0
432444884.0
432644335.0
432843788.0
433043239.0
433242691.0
433442143.0
433641596.0
433841047.0
434051587.0
434239951.0
434450484.0
434638855.0
434849388.0
435037758.0
435248292.0
435447743.0
435647196.0
435846647.0
436046099.0
436245550.0
436445002.0
436644455.0
436843906.0
437043358.0
437242810.0
437442262.0
437641715.0
437841166.0
438040618.0
438240070.0
438439521.0
438638974.0
438838425.0
439037877.0
439248409.0
439436781.0
439647314.0
439846765.0
440046217.0
440245669.0
440445121.0
440644574.0
440844025.0
441043476.0
441242928.0
441442380.0
441641832.0
441841284.0
442040736.0
442240188.0
442439640.0
442639092.0
442838543.0
443037995.0
443237447.0
443436899.0
443636350.0
443835802.0
444046335.0
444234706.0
444445238.0
444633611.0
444844142.0
445043594.0
445243046.0
445431417.0
445641950.0
445841402.0
446040854.0
446240305.0
446439757.0
446639209.0
446838661.0
447038114.0
447237565.0
447448098.0
447636469.0
447835921.0
448035372.0
448234824.0
448434276.0
448633728.0
448833180.0
449032632.0
449232084.0
449442616.0
449642068.0
449841520.0
450040972.0
450240424.0
450439876.0
450639328.0
450838780.0
451038231.0
451237683.0
451437135.0
451636587.0
451836039.0
452035491.0
452234943.0
452434395.0
452633846.0
452833298.0
453032750.0
453232202.0
453431654.0
453631105.0
453830557.0
454030009.0
454229461.0
454439994.0
454639446.0
454838897.0
455038350.0
455237801.0
455437256.0
455636705.0
455836157.0
456035609.0
456235061.0
456434513.0
456633965.0
456833416.0
457032868.0
457232320.0
457431773.0
457631224.0
457830676.0
458030128.0
458229580.0
458429032.0
458628483.0
458827935.0
459027387.0
459237920.0
459426291.0
459636823.0
459836275.0
460035727.0
460235179.0
460434631.0
460634083.0
460833535.0
461032986.0
461232438.0
461431890.0
461631342.0
461830794.0
462030246.0
462229698.0
462429150.0
462628602.0
462828053.0
463027506.0
463226957.0
463426409.0
463625861.0
463825313.0
464024765.0
464224217.0
464434749.0
464634201.0
464833653.0
465033104.0
465232557.0
465432008.0
465631460.0
465830913.0
466030364.0
466229816.0
466429268.0
466628720.0
466828172.0
467027623.0
467227075.0
467426527.0
467625979.0
467825431.0
468024883.0
468224335.0
468423787.0
468623238.0
468822690.0
469022142.0
469232675.0
469421046.0
469631578.0
469819950.0
470030482.0
470229934.0
470429386.0
470628838.0
470828290.0
471027742.0
471227194.0
471426646.0
471626097.0
471825549.0
472025001.0
472224453.0
472423905.0
472623357.0
472822809.0
473022260.0
473221713.0
473421164.0
473620617.0
473831149.0
474019520.0
474218972.0
474429505.0
474617875.0
474828408.0
475027860.0
475227312.0
475426764.0
475626216.0
475825668.0
476014039.0
476224571.0
476424023.0
476623475.0
476822927.0
477022379.0
477221830.0
477421282.0
477620734.0
477820186.0
478030719.0
478219090.0
478418542.0
478617994.0
478817446.0
479016898.0
479216350.0
479426882.0
479626334.0
479825786.0
480025238.0
480224690.0
480424141.0
480612513.0
480823045.0
481022497.0
481221949.0
481421401.0
481620853.0
481820304.0
482019756.0
482219208.0
482418660.0
482618112.0
482817564.0
483017016.0
483216468.0
483415920.0
483615372.0
483814823.0
484025357.0
484224808.0
484424260.0
484623712.0
484823164.0
485022615.0
485222067.0
485421519.0
485620971.0
485820423.0
486019875.0
486219327.0
486418778.0
486618230.0
486817682.0
487017134.0
487216586.0
487416037.0
487615490.0
487814941.0
488014393.0
488213845.0
488413297.0
488623830.0
488823282.0
489022733.0
489222185.0
489421637.0
489621090.0
489820541.0
490019993.0
490219444.0
490418896.0
490618348.0
490817800.0
491017252.0
491216704.0
491416156.0
491615608.0
491815060.0
492014512.0
492213963.0
492413415.0
492612868.0
492812319.0
493011771.0
493211223.0
493410675.0
493610127.0
493809579.0
494009030.0
494208483.0
494419015.0
494618467.0
494817919.0
495017371.0
495216822.0
495416274.0
495615726.0
495815179.0
496014630.0
496214082.0
496413534.0
496612986.0
496812438.0
497011889.0
497211341.0
497410793.0
497610245.0
497809697.0
498009148.0
498208600.0
498419133.0
498607504.0
498806957.0
499006409.0
499216941.0
499405312.0
499615844.0
499815296.0
500014748.0
500214200.0
500413652.0
500613104.0
500812556.0
501012007.0
501211459.0
501410911.0
501610363.0
501809815.0
502009267.0
502208720.0
502408171.0
502607623.0
502807074.0
503006526.0
503217059.0
503405430.0
503615962.0
503804334.0
504003786.0
504203238.0
504413770.0
504602142.0
504812674.0
505012126.0
505211578.0
505411030.0
505610481.0
505809933.0
506009385.0
506208838.0
506408289.0
506596660.0
506807193.0
507006645.0
507206096.0
507405548.0
507605000.0
507804452.0
508003904.0
508203356.0
508402808.0
508613342.0
508801711.0
509001163.0
509200615.0
509400067.0
509610600.0
509810052.0
510009504.0
510208955.0
510408407.0
510607859.0
510807311.0
511006763.0
511206215.0
511405666.0
511605118.0
511804570.0
512004022.0
512203475.0
512402926.0
512602378.0
512801830.0
513001281.0
513200733.0
513400186.0
513599638.0
513799089.0
514009621.0
514197993.0
514408525.0
514607977.0
514807429.0
515006880.0
515206333.0
515405785.0
515605237.0
515804688.0
516004140.0
516203592.0
516403044.0
516602496.0
516801948.0
517001400.0
517200852.0
517400303.0
517599756.0
517799207.0
517998659.0
518198111.0
518397563.0
518597015.0
518796466.0
519006999.0
519206451.0
519405903.0
519605355.0
519804807.0
520004259.0
520203710.0
520403162.0
520602614.0
520802066.0
521001518.0
521200970.0
521400421.0
521599873.0
521799325.0
521998777.0
522198229.0
522397681.0
522597133.0
522796585.0
522996037.0
523195488.0
523394940.0
523605473.0
523793844.0
524004377.0
524203829.0
524403282.0
524602733.0
524802185.0
525001637.0
525201088.0
525400540.0
525599992.0
525799444.0
525998896.0
526198348.0
526397800.0
526597252.0
526796703.0
526996155.0
527195608.0
527395061.0
527594511.0
527793963.0
527993414.0
528192867.0
528392320.0
528602851.0
528802303.0
529001754.0
529201206.0
529400659.0
529600111.0
529799562.0
529999014.0
530198466.0
530397918.0
530597370.0
530796822.0
530996273.0
531195725.0
531395178.0
531594629.0
531794081.0
531993532.0
532192985.0
532392437.0
532591888.0
532791340.0
532990792.0
533190244.0
533389696.0
533600229.0
533799680.0
533999132.0
534198584.0
534398036.0
534597488.0
534796939.0
534996391.0
535173687.0
535395295.0
535594747.0
535794199.0
535993650.0
536193103.0
536392555.0
536592007.0
536791459.0
536990910.0
537201442.0
537389814.0
537589266.0
537788718.0
537988169.0
538187621.0
538387073.0
538586525.0
538785978.0
538996510.0
539195963.0
539395418.0
539594865.0
539794317.0
539993769.0
540193221.0
540392673.0
540592125.0
540791577.0
540991028.0
541190480.0
541389932.0
541589384.0
541788836.0
541988288.0
542187741.0
542387191.0
542586643.0
542786095.0
542985547.0
543196081.0
543395532.0
543583903.0
543783355.0
543993887.0
544193339.0
544381710.0
544592243.0
544791695.0
544991146.0
545190599.0
545390050.0
545589502.0
545788954.0
545988406.0
546187858.0
546387310.0
546586762.0
546786213.0
546985665.0
547185118.0
547384569.0
547584021.0
547783473.0
547982924.0
548193457.0
548392909.0
548581280.0
548791812.0
548980184.0
549190717.0
549390169.0
549589621.0
549789072.0
549988524.0
550187976.0
550387428.0
550586880.0
550786331.0
550985783.0
551185235.0
551384687.0
551584139.0
551783591.0
551983043.0
552182495.0
552393027.0
552581398.0
552791931.0
552980302.0
553179754.0
553390287.0
553578658.0
553778110.0
553977562.0
554188094.0
554387546.0
554575917.0
554786450.0
554985902.0
555185354.0
555384805.0
555584257.0
555783709.0
555983161.0
556182613.0
556382064.0
556581517.0
556780969.0
556980421.0
557179872.0
557379324.0
557578776.0
557778228.0
557977680.0
558177132.0
558376584.0
558576035.0
558786568.0
558986020.0
559185471.0
559384923.0
559584376.0
559783828.0
559983280.0
560182731.0
560382183.0
560581635.0
560781087.0
560980539.0
561179991.0
561379442.0
561578894.0
561778346.0
561977799.0
562177250.0
562376702.0
562576154.0
562775605.0
562975057.0
563174510.0
563373961.0
563573413.0
563772865.0
563983398.0
564182849.0
564382302.0
564581754.0
564781205.0
564980657.0
565180109.0
565379561.0
565579013.0
565767384.0
565977916.0
566177368.0
566376820.0
566576272.0
566775724.0
566975176.0
567174628.0
567374080.0
567573531.0
567784064.0
567972435.0
568171887.0
568371339.0
568570790.0
568781324.0
568969694.0
569180227.0
569379679.0
569579131.0
569778582.0
569978035.0
570177486.0
570376939.0
570576391.0
570775843.0
570975294.0
571174746.0
571374198.0
571573649.0
571773102.0
571972553.0
572172006.0
572371457.0
572570909.0
572770361.0
572969813.0
573180345.0
573368717.0
573579249.0
573778701.0
573978153.0
574177604.0
574377057.0
574576508.0
574775960.0
574975412.0
575174864.0
575374316.0
575573768.0
575773220.0
575972672.0
576172124.0
576371575.0
576571027.0
576770479.0
576969931.0
577169382.0
577368835.0
577568287.0
577767750.0
577978271.0
578166642.0
578377175.0
578576627.0
578776095.0
578975530.0
579174983.0
579374434.0
579573886.0
579773338.0
579972790.0
580172242.0
580371694.0
580571146.0
580770597.0
580970050.0
581169501.0
581368953.0
581568405.0
581767857.0
581967309.0
582166761.0
582366213.0
582565665.0
582765116.0
582964568.0
583164020.0
583363472.0
583574005.0
583773456.0
583972908.0
584161279.0
584371812.0
584571264.0
584770716.0
584970168.0
585169619.0
585369071.0
585568524.0
585767975.0
585967427.0
586166879.0
586366331.0
586565783.0
586765234.0
586964686.0
587164138.0
587363590.0
587563042.0
587762494.0
587961946.0
588161398.0
588371930.0
588560302.0
588770834.0
588970286.0
589169738.0
589369190.0
589568642.0
589768093.0
589967545.0
590166997.0
590366449.0
590565901.0
590765353.0
590964805.0
591164257.0
591363708.0
591563160.0
591762613.0
591962064.0
592161516.0
592360968.0
592560420.0
592759871.0
592959323.0
593158775.0
593358227.0
593568759.0
593768211.0
593967664.0
594167115.0
594355486.0
594566019.0
594765471.0
594964923.0
595164375.0
595363827.0
595563278.0
595762730.0
595962182.0
596161634.0
596350005.0
596560538.0
596759990.0
596959442.0
597158894.0
597358345.0
597557797.0
597757249.0
597956701.0
598156153.0
598366685.0
598555057.0
598765589.0
598965042.0
599164493.0
599363945.0
599563397.0
