1
5
8
13
15
18
21
24
27
30
37
40
42
46
48
51
54
57
59
64
66
69
72
74
77
80
84
86
89
96
98
102
105
109
116
119
121
125
128
131
134
140
144
149
151
155
158
161
164
168
170
173
178
181
184
187
190
193
199
203
208
214
217
220
223
226
229
232
237
243
246
252
255
258
261
267
273
276
280
282
285
288
291
296
302
306
309
311
314
317
320
323
326
332
336
339
341
344
347
350
355
361
365
368
370
373
376
379
382
385
390
392
395
398
401
406
410
415
419
421
424
427
430
432
440
445
447
449
451
454
457
460
466
469
474
476
480
483
486
489
495
498
500
504
507
510
513
516
519
525
528
533
535
539
542
545
548
551
554
556
559
563
569
572
575
578
581
584
586
588
592
598
601
607
610
613
616
619
622
628
635
637
640
643
647
651
657
661
664
666
669
672
675
678
681
688
691
694
696
699
702
705
710
715
717
720
723
725
728
731
735
737
741
743
745
747
750
756
758
761
765
770
776
779
785
791
794
800
802
806
809
812
815
821
823
825
829
835
838
844
850
853
859
865
868
874
880
883
888
894
897
901
903
906
909
912
918
924
926
931
933
936
939
942
944
947
950
953
955
957
962
965
967
969
972
974
977
983
987
990
992
995
998
1003
1006
1013
1016
1019
1021
1027
1030
1032
1037
1041
1043
1049
1052
1057
1061
1066
1071
1075
1078
1081
1085
1087
1090
1092
1096
1099
1101
1105
1108
1111
1117
1120
1125
1128
1130
1134
1137
1140
1142
1146
1149
1155
1161
1164
1166
1170
1174
1176
1179
1181
1184
1190
1193
1199
1205
1207
1214
1216
1219
1221
1223
1229
1232
1235
1238
1240
1243
1246
1249
1254
1256
1258
1261
1264
1267
1270
1273
1277
1279
1282
1286
1289
1293
1297
1302
1304
1308
1312
1315
1317
1320
1323
1326
1329
1332
1337
1339
1342
1344
1347
1353
1356
1358
1361
1368
1371
1374
1377
1379
1382
1386
1388
1392
1398
1401
1407
1409
1411
1413
1417
1421
1423
1426
1430
1436
1442
1445
1451
1457
1460
1463
1466
1470
1472
1475
1480
1486
1489
1491
1495
1501
1504
1510
1516
1519
1522
1525
1528
1531
1533
1539
1545
1548
1554
1557
1560
1563
1566
1569
1575
1579
1584
1590
1593
1595
1598
1604
1608
1611
1613
1616
1619
1623
1628
1634
1638
1643
1646
1649
1653
1657
1664
1666
1670
1672
1678
1682
1684
1688
1694
1697
1703
1705
1708
1711
1713
1717
1723
1726
1729
1732
1734
1738
1741
1743
1747
1750
1753
1756
1762
1768
1771
1776
1778
1782
1785
1788
1791
1797
1800
1806
1812
1815
1821
1826
1829
1835
1841
1844
1846
1850
1853
1856
1858
1860
1862
1865
1871
1874
1880
1883
1886
1888
1894
1900
1904
1909
1912
1915
1919
1921
1924
1929
1932
1940
1942
1944
1947
1950
1953
1957
1960
1963
1966
1968
1971
1974
1977
1983
1988
1990
1993
1996
1998
2001
2004
2007
2009
2013
2017
2019
2022
2025
2028
2030
2034
2037
2039
2043
2048
2052
2055
2058
2064
2066
2072
2074
2077
2081
2084
2087
2093
2097
2102
2108
2111
2114
2117
2123
2126
2131
2137
2140
2146
2150
2152
2155
2161
2167
2170
2176
2182
2184
2187
2190
2196
2198
2200
2205
2208
2211
2214
2217
2220
2226
2230
2233
2235
2238
2241
2243
2246
2249
2255
2259
2262
2264
2270
2273
2276
2279
2285
2289
2294
2300
2303
2308
2311
2315
2318
2321
2323
2327
2330
2333
2338
2343
2345
2348
2354
2356
2359
2362
2368
2374
2377
2383
2389
2393
2398
2404
2407
2413
2417
2421
2427
2430
2433
2436
2442
2446
2448
2452
2457
2463
2466
2472
2479
2486
2492
2495
2501
2507
2510
2513
2516
2522
2526
2531
2537
2540
2542
2545
2551
2555
2558
2560
2566
2569
2575
2581
2583
2585
2588
2590
2593
2595
2598
2601
2604
2608
2611
2614
2619
2622
2625
2629
2634
2641
2644
2647
2650
2652
2654
2658
2660
2664
2668
2670
2673
2676
2679
2685
2688
2694
2697
2699
2703
2709
2714
2718
2723
2729
2732
2738
2746
2749
2753
2759
2762
2765
2768
2773
2775
2777
2779
2782
2788
2791
2793
2797
2803
2806
2812
2818
2822
2825
2827
2832
2835
2838
2841
2847
2849
2851
2856
2859
2862
2865
2868
2871
2877
2881
2884
2886
2889
2891
2894
2897
2900
2906
2910
2915
2918
2920
2924
2927
2930
2934
2937
2939
2945
2948
2950
2954
2956
2959
2966
2969
2972
2975
2977
2981
2986
2990
2993
2996
2999
3002
3005
3010
3013
3019
3025
3028
3034
3040
3043
3049
3055
3058
3061
3064
3069
3072
3075
3078
3084
3087
3093
3099
3102
3108
3114
3117
3123
3128
3131
3137
3143
3146
3152
3158
3161
3167
3173
3175
3177
3180
3182
3187
3191
3193
3196
3200
3202
3206
3211
3214
3217
3220
3226
3231
3233
3236
3239
3241
3244
3246
3250
3255
3262
3265
3270
3276
3280
3282
3286
3289
3292
3295
3298
3301
3306
3310
3315
3320
3324
3330
3336
3340
3345
3351
3354
3357
3360
3365
3368
3374
3380
3384
3389
3393
3395
3404
3410
3413
3419
3424
3433
3439
3442
3448
3454
3458
3463
3469
3473
3476
3478
3483
3486
3489
3492
3496
3498
3500
3502
3505
3507
3513
3516
3519
3522
3526
3528
3532
3535
3537
3542
3545
3551
3558
3561
3566
3569
3572
3576
3578
3582
3588
3591
3596
3601
3606
3611
3617
3620
3626
3630
3632
3636
3641
3647
3650
3653
3656
3661
3664
3670
3676
3679
3685
3689
3692
3694
3700
3706
3709
3712
3715
3718
3720
3723
3729
3735
3738
3744
3750
3752
3759
3765
3768
3772
3774
3779
3782
3785
3788
3790
3794
3798
3801
3803
3809
3812
3818
3824
3826
3828
3831
3833
3838
3842
3844
3847
3853
3857
3860
3862
3865
3868
3872
3874
3877
3882
3884
3887
3892
3897
3900
3906
3910
3913
3916
3922
3927
3930
3932
3937
3943
3946
3952
3955
3957
3960
3966
3972
3975
3978
3981
3983
3987
3990
3993
3996
3999
4002
4005
4011
4016
4019
4025
4031
4035
4040
4046
4049
4055
4061
4064
4070
4075
4078
4081
4084
4090
4094
4097
4099
4105
4109
4111
4114
4120
4124
4129
4134
4137
4140
4143
4149
4151
4153
4158
4161
4164
4167
4170
4173
4177
4179
4183
4188
4190
4193
4196
4199
4202
4209
4212
4218
4220
4223
4227
4233
4239
4242
4245
4247
4249
4252
4256
4262
4266
4268
4271
4277
4282
4287
4292
4298
4301
4306
4308
4310
4312
4315
4321
4326
4330
4336
4342
4345
4348
4351
4355
4357
4360
4365
4371
4374
4380
4383
4386
4390
4395
4401
4404
4410
4416
4420
4424
4430
4435
4439
4445
4449
4454
4460
4464
4466
4469
4472
4475
4477
4479
4484
4489
4492
4496
4498
4501
4505
4508
4514
4518
4521
4524
4526
4528
4535
4537
4540
4543
4545
4548
4552
4554
4558
4564
4567
4570
4573
4578
4583
4585
4588
4594
4596
4599
4602
4604
4608
4612
4617
4623
4626
4628
4632
4636
4638
4641
4644
4647
4652
4656
4658
4661
4665
4667
4669
4673
4676
4682
4685
4691
4697
4700
4706
4712
4715
4720
4723
4727
4730
4733
4736
4738
4741
4745
4750
4756
4760
4763
4765
4768
4771
4775
4779
4785
4788
4792
4794
4799
4804
4809
4815
4819
4822
4824
4827
4829
4834
4838
4844
4849
4851
4854
4856
4859
4863
4869
4874
4877
4879
4884
4886
4890
4893
4898
4903
4907
4913
4919
4922
4928
4933
4937
4940
4943
4949
4953
4957
4963
4965
4972
4978
4981
4987
4991
4993
4996
5002
5006
5008
5012
5016
5022
5025
5031
5037
5039
5041
5046
5052
5056
5061
5067
5071
5075
5081
5084
5088
5090
5095
5100
5105
5111
5114
5118
5120
5125
5130
5134
5140
5144
5147
5149
5155
5159
5165
5170
5175
5179
5184
5186
5189
5194
5199
5202
5204
5209
5211
5215
5218
5224
5228
5230
5232
5236
5239
5244
5248
5253
5257
5259
5262
5268
5270
5274
5277
5283
5289
5293
5298
5304
5308
5312
5316
5318
5322
5327
5331
5333
5337
5342
5348
5351
5353
5355
5357
5359
5361
5364
5367
5371
5377
5381
5384
5386
5391
5396
5401
5407
5410
5412
5414
5416
5422
5426
5430
5436
5440
5445
5451
5455
5461
5466
5471
5476
5482
5485
5490
5495
5500
5505
5511
5514
5520
5525
5529
5532
5535
5541
5545
5549
5555
5558
5564
5570
5574
5579
5585
5589
5594
5600
5604
5608
5615
5617
5623
5629
5633
5638
5644
5647
5653
5659
5663
5667
5673
5676
5682
5688
5692
5697
5703
5708
5712
5715
5718
5722
5726
5732
5736
5741
5744
5747
5751
5757
5762
5767
5772
5778
5781
5786
5791
5795
5801
5805
5807
5810
5816
5821
5826
5831
5837
5840
5845
5851
5853
5855
5857
5860
5866
5870
5875
5879
5881
5883
5887
5890
5896
5899
5904
5908
5910
5913
5919
5925
5929
5934
5940
5943
5949
5955
5959
5963
5969
5972
5978
5984
5988
5993
5999
6004
6006
6008
6011
6013
6018
6022
6028
6032
6037
6042
6047
6052
6057
6062
6068
6073
6076
6078
6082
6087
6091
6097
6099
6103
6106
6112
6117
6122
6127
6129
6133
6136
6141
6146
6150
6153
6156
6162
6166
6171
6177
6180
6186
6192
6195
6200
6210
6215
6221
6224
6230
6237
6240
6245
6251
6254
6259
6265
6269
6274
6280
6284
6289
6295
6299
6302
6304
6309
6313
6318
6324
6327
6329
6331
6333
6339
6343
6348
6354
6358
6363
6366
6369
6372
6378
6383
6387
6393
6399
6402
6408
6413
6418
6423
6429
6431
6437
6442
6446
6452
6458
6462
6467
6473
6476
6482
6488
6491
6496
6500
6502
6505
6511
6517
6521
6526
6532
6535
6541
6547
6550
6555
6561
6564
6568
6570
6574
6576
6580
6585
6591
6595
6598
6600
6606
6609
6614
6618
6620
6625
6627
6629
6635
6639
6644
6650
6654
6659
6665
6668
6673
6679
6683
6688
6691
6694
6698
6704
6709
6714
6719
6725
6727
6733
6738
6743
6748
6754
6757
6763
6769
6771
6778
6782
6784
6787
6792
6798
6801
6807
6813
6817
6822
6826
6831
6837
6843
6846
6851
6857
6860
6866
6870
6872
6874
6876
6881
6887
6890
6896
6899
6902
6905
6910
6916
6920
6925
6930
6935
6940
6946
6951
6955
6960
6964
6969
6974
6979
6991
6994
6999
7005
7010
7015
7020
7023
7029
7034
7039
7044
7046
7050
7054
7059
7064
7068
7074
7079
7083
7088
7092
7094
7097
7103
7109
7112
7118
7126
7128
7133
7137
7139
7142
7147
7156
7159
7162
7166
7168
7172
7177
7183
7187
7192
7198
7201
7206
7212
7216
7221
7227
7229
7231
7236
7242
7247
7251
7256
7260
7265
7271
7276
7278
7280
7283
7286
7290
7296
7301
7305
7311
7316
7319
7325
7330
7335
7340
7346
7349
7355
7360
7365
7370
7375
7378
7384
7386
7390
7392
7396
7399
7404
7409
7414
7416
7418
7420
7422
7426
7429
7434
7437
7443
7449
7452
7458
7464
7468
7471
7473
7479
7482
7486
7488
7493
7497
7502
7508
7512
7515
7517
7520
7522
7524
7527
7532
7536
7538
7542
7547
7550
7552
7556
7561
7567
7572
7576
7579
7583
7586
7591
7597
7601
7607
7609
7611
7615
7621
7626
7631
7636
7642
7645
7647
7651
7656
7660
7666
7671
7675
7680
7686
7688
7690
7695
7701
7704
7710
7716
7719
7722
7725
7730
7734
7739
7745
7748
7754
7760
7764
7769
7776
7778
7784
7789
7791
7793
7798
7804
7807
7813
7816
7819
7823
7828
7834
7838
7843
7848
7852
7857
7863
7868
7872
7878
7882
7887
7893
7895
7898
7903
7908
7911
7917
7922
7926
7932
7934
7938
7941
7947
7952
7957
7962
7967
7970
7976
7978
7982
7986
7991
7997
8001
8006
8012
8015
8021
8026
8030
8035
8041
8044
8050
8056
8059
8065
8071
8074
8080
8085
8089
8094
8100
8103
8109
8112
8115
8117
8119
8124
8130
8133
8139
8144
8146
8148
8153
8159
8163
8165
8168
8174
8178
8183
8189
8193
8198
8203
8207
8213
8218
8222
8228
8234
8237
8243
8248
8252
8258
8263
8266
8272
8278
8281
8287
8293
8296
8302
8308
8312
8317
8322
8326
8331
8333
8337
8340
8343
8346
8352
8356
8359
8361
8363
8367
8369
8376
8381
8390
8394
8396
8399
8402
8405
8411
8414
8420
8426
8429
8435
8440
8444
8449
8455
8458
8462
8464
8470
8474
8479
8485
8488
8494
8497
8499
8503
8508
8514
8518
8523
8530
8533
8539
8541
8544
8549
8554
8556
8559
8562
8568
8574
8577
8583
8588
8592
8598
8600
8604
8608
8613
8618
8621
8627
8629
8633
8637
8642
8648
8652
8655
8657
8663
8665
8672
8677
8681
8686
8692
8695
8701
8707
8710
8716
8722
8725
8728
8731
8736
8738
8740
8745
8751
8755
8760
8766
8770
8775
8781
8784
8788
8790
8795
8799
8804
8807
8810
8814
8819
8825
8829
8834
8837
8840
8844
8849
8855
8858
8864
8869
8874
8879
8885
8888
8894
8896
8899
8903
8908
8914
8917
8923
8925
8929
8933
8938
8941
8944
8947
8953
8959
8963
8967
8973
8977
8982
8988
8990
8997
9003
9006
9008
9010
9012
9018
9021
9024
9026
9032
9036
9039
9041
9047
9050
9053
9056
9062
9066
9071
9077
9080
9083
9086
9091
9095
9100
9106
9109
9112
9115
9119
9121
9125
9130
9133
9136
9140
9145
9148
9151
9154
9160
9165
9169
9175
9181
9184
9190
9195
9199
9204
9210
9213
9219
9221
9225
9229
9234
9239
9243
9249
9251
9255
9257
9259
9263
9266
9269
9272
9278
9284
9287
9293
9299
9302
9306
9308
9312
9314
9317
9320
9322
9328
9331
9335
9337
9343
9346
9352
9358
9362
9367
9373
9376
9381
9387
9391
9396
9402
9405
9411
9415
9417
9419
9421
9426
9432
9435
9438
9440
9446
9449
9456
9458
9461
9465
9470
9474
9477
9480
9486
9488
9491
9495
9497
9500
9503
9506
9509
9515
9517
9521
9524
9530
9533
9536
9539
9545
9551
9554
9559
9565
9568
9574
9580
9582
9584
9589
9595
9598
9604
9610
9612
9618
9624
9627
9633
9637
9639
9643
9645
9648
9654
9658
9661
9663
9669
9672
9677
9683
9692
9698
9701
9704
9707
9713
9717
9722
9728
9731
9736
9740
9742
9744
9746
9751
9754
9757
9760
9766
9771
9773
9776
9781
9784
9787
9791
9796
9802
9805
9811
9813
9816
9819
9826
9832
9835
9841
9843
9847
9851
9855
9858
9861
9864
9870
9876
9879
9881
9885
9891
9894
9900
9904
9906
9910
9914
9920
9923
9929
9935
9939
9944
9950
9953
9959
9965
9968
9973
9979
9983
9988
9993
9997
10000
10003
10007
10009
10013
10016
10018
10024
10027
10030
10032
10038
10042
10045
10047
10050
10053
10056
10059
10062
10066
10069
10072
10075
10077
10080
10083
10087
10091
10095
10098
10101
10107
10109
10112
10116
10121
10128
10131
10137
10139
10142
10147
10151
10154
10156
10160
10166
10172
10176
10181
10184
10186
10190
10196
10202
10204
10206
10210
10216
10219
10225
10229
10231
10235
10240
10246
10250
10255
10261
10265
10269
10275
10278
10284
10290
10293
10296
10299
10305
10309
10312
10314
10320
10323
10325
10328
10332
10334
10336
10338
10341
10343
10349
10352
10356
10358
10364
10368
10371
10373
10376
10379
10382
10384
10387
10392
10394
10397
10400
10402
10405
10408
10412
10414
10417
10422
10424
10427
10430
10433
10435
10438
10442
10447
10453
10456
10462
10468
10471
10477
10482
10486
10492
10496
10498
10501
10506
10512
10515
10521
10525
10527
10531
10536
10538
10542
10545
10551
10557
10560
10565
10571
10575
10580
10586
10588
10590
10595
10601
10604
10610
10616
10619
10624
10628
10630
10632
10634
10637
10639
10645
10648
10651
10654
10658
10660
10664
10669
10672
10675
10678
10683
10690
10693
10698
10701
10704
10707
10710
10713
10717
10720
10722
10726
10728
10734
10739
10742
10749
10752
10758
10764
10767
10769
10773
10778
10782
10785
10788
10794
10797
10802
10808
10811
10814
10817
10823
10827
10832
10835
10838
10841
10843
10847
10851
10853
10856
10861
10867
10870
10876
10882
10886
10891
10897
10901
10906
10912
10914
10920
10926
10929
10935
10941
10944
10950
10954
10956
10960
10965
10971
10974
10976
10979
10983
10985
10989
10992
10994
10997
11000
11003
11009
11016
11019
11022
11024
11027
11029
11035
11038
11042
11045
11048
11051
11053
11056
11059
11063
11065
11068
11075
11078
11081
11084
11090
11092
11094
11098
11103
11107
11113
11119
11123
11128
11134
11137
11143
11147
11151
11157
11163
11166
11168
11172
11176
11178
11180
11182
11187
11193
11196
11202
11205
11208
11211
11216
11218
11222
11225
11231
11237
11240
11246
11252
11255
11261
11267
11269
11272
11275
11281
11283
11288
11290
11296
11299
11302
11305
11311
11313
11315
11318
11320
11323
11326
11328
11334
11341
11344
11347
11349
11352
11355
11359
11361
11364
11368
11371
11374
11379
11382
11385
11388
11394
11398
11400
11403
11409
11411
11415
11419
11424
11427
11429
11433
11439
11445
11448
11453
11459
11462
11468
11474
11476
11478
11483
11486
11489
11492
11498
11502
11504
11506
11509
11512
11518
11521
11523
11527
11533
11536
11542
11548
11551
11557
11563
11566
11571
11575
11577
11581
11586
11592
11595
11601
11607
11611
11616
11619
11622
11625
11627
11630
11635
11638
11640
11645
11648
11651
11654
11660
11665
11667
11669
11673
11675
11681
11683
11686
11689
11694
11696
11699
11702
11704
11710
11714
11716
11720
11723
11726
11729
11732
11735
11745
11749
11752
11755
11758
11764
11768
11770
11774
11779
11785
11788
11790
11794
11798
11803
11808
11814
11817
11823
11829
11831
11833
11838
11844
11848
11851
11853
11859
11861
11867
11873
11876
11882
11888
11891
11897
11903
11907
11912
11915
11917
11921
11923
11926
11932
11936
11939
11941
11944
11947
11950
11953
11956
11962
11966
11969
11971
11974
11976
11982
11985
11989
11992
11994
12000
12003
12006
12010
12012
12015
12022
12025
12031
12036
12039
12041
12045
12050
12054
12060
12064
12067
12070
12075
12081
12084
12090
12094
12096
12099
12104
12110
12113
12119
12125
12130
12134
12136
12140
12143
12149
12154
12157
12163
12165
12169
12172
12175
12178
12184
12190
12193
12197
12199
12202
12208
12213
12216
12222
12228
12230
12232
12237
12244
12247
12249
12252
12256
12259
12262
12267
12270
12272
12275
12281
12285
12288
12291
12294
12296
12299
12302
12305
12308
12311
12315
12318
12320
12326
12331
12335
12340
12347
12350
12353
12356
12362
12365
12367
12371
12376
12380
12383
12386
12391
12395
12400
12406
12409
12415
12419
12421
12425
12430
12436
12439
12445
12450
12452
12454
12459
12465
12468
12474
12480
12484
12486
12489
12495
12498
12504
12509
12512
12518
12522
12524
12528
12533
12539
12542
12548
12552
12554
12556
12558
12563
12566
12568
12572
12575
12577
12582
12587
12590
12592
12595
12598
12601
12604
12607
12614
12617
12620
12622
12625
12627
12631
12633
12637
12643
12646
12649
12652
12657
12663
12667
12672
12676
12679
12682
12687
12692
12696
12701
12706
12711
12715
12717
12720
12726
12732
12735
12738
12741
12746
12749
12753
12755
12761
12764
12766
12770
12776
12778
12780
12785
12791
12794
12797
12800
12805
12807
12809
12814
12818
12820
12823
12829
12835
12838
12844
12850
12852
12854
12859
12864
12867
12871
12873
12879
12886
12888
12891
12894
12897
12903
12907
12909
12913
12916
12918
12923
12926
12929
12932
12937
12939
12941
12945
12947
12950
12953
12956
12959
12963
12965
12969
12972
12975
12978
12983
12986
12988
12992
12995
12997
13001
13004
13007
13011
13013
13017
13022
13028
13031
13037
13040
13042
13046
13051
13057
13060
13066
13072
13076
13081
13087
13090
13093
13096
13101
13103
13105
13110
13116
13119
13122
13125
13131
13133
13135
13140
13144
13146
13149
13155
13160
13163
13169
13173
13175
13177
13184
13187
13190
13193
13195
13199
13205
13209
13214
13219
13222
13226
13228
13232
13235
13238
13241
13243
13246
13249
13252
13258
13265
13268
13271
13274
13278
13284
13288
13294
13297
13300
13303
13309
13312
13314
13318
13323
13327
13333
13336
13341
13343
13347
13353
13356
13362
13366
13368
13372
13377
13379
13383
13386
13389
13392
13395
13397
13401
13406
13408
13412
13417
13421
13427
13429
13431
13436
13442
13445
13451
13456
13460
13465
13469
13471
13474
13480
13485
13489
13495
13499
13501
13505
13510
13512
13516
13519
13522
13524
13530
13532
13534
13537
13539
13542
13545
13548
13551
13554
13558
13561
13564
13567
13569
13571
13574
13577
13583
13590
13593
13596
13598
13601
13604
13608
13610
13614
13620
13623
13626
13628
13634
13639
13643
13648
13652
13658
13664
13667
13673
13679
13682
13687
13691
13693
13697
13702
13708
13711
13717
13721
13723
13727
13732
13735
13738
13741
13743
13746
13752
13755
13761
13767
13770
13776
13782
13786
13788
13791
13795
13797
13800
13806
13811
13814
13818
13820
13824
13826
13828
13830
13833
13835
13838
13841
13845
13850
13855
13857
13860
13863
13865
13867
13870
13873
13876
13879
13883
13886
13889
13894
13897
13900
13903
13906
13909
13916
13918
13922
13924
13929
13933
13935
13939
13945
13948
13951
13954
13960
13964
13969
13971
13974
13978
13981
13983
13987
13989
13992
13998
14001
14004
14007
14010
14013
14017
14019
14022
14028
14034
14037
14039
14042
14048
14050
14052
14057
14060
14063
14069
14072
14078
14082
14087
14093
14096
14101
14107
14110
14116
14122
14124
14126
14131
14136
14140
14144
14146
14150
14152
14154
14156
14160
14163
14166
14169
14172
14175
14179
14181
14185
14188
14190
14193
14196
14199
14202
14205
14209
14212
14215
14219
14222
14225
14235
14239
14241
14243
14247
14250
14256
14259
14261
14265
14271
14274
14279
14283
14285
14288
14290
14294
14300
14303
14309
14313
14315
14318
14320
14324
14330
14333
14338
14344
14347
14349
14353
14359
14362
14364
14368
14371
14374
14378
14381
14383
14386
14389
14392
14397
14403
14407
14412
14418
14422
14427
14433
14436
14442
14448
14452
14456
14462
14465
14469
14471
14475
14477
14481
14484
14486
14489
14492
14496
14498
14501
14505
14507
14511
14515
14518
14521
14524
14528
14530
14534
14537
14539
14543
14545
14548
14551
14557
14560
14565
14567
14570
14575
14577
14580
14584
14586
14590
14595
14599
14605
14611
14615
14620
14625
14629
14634
14638
14640
14644
14649
14651
14655
14658
14664
14670
14673
14679
14681
14685
14688
14693
14699
14702
14706
14708
14714
14717
14720
14723
14729
14731
14733
14738
14742
14744
14747
14752
14755
14761
14767
14771
14773
14777
14782
14785
14789
14791
14797
14802
14804
14807
14811
14814
14817
14820
14826
14833
14836
14841
14847
14850
14856
14859
14863
14866
14870
14876
14879
14882
14885
14888
14892
14894
14898
14901
14907
14910
14912
14916
14919
14921
14925
14927
14930
14934
14936
14939
14945
14948
14951
14954
14957
14960
14964
14966
14970
14975
14977
14981
14984
14989
14995
14999
15004
15010
15013
15015
15019
15025
15028
15034
15040
15043
15045
15048
15054
15056
15060
15063
15067
15069
15072
15078
15084
15087
15091
15093
15099
15103
15107
15110
15114
15117
15120
15122
15128
15132
15137
15140
15143
15146
15149
15152
15159
15162
15166
15169
15172
15175
15178
15181
15188
15190
15197
15202
15205
15208
15212
15218
15221
15223
15226
15235
15237
15241
15243
15246
15250
15253
15256
15262
15266
15271
15274
15277
15280
15285
15289
15291
15295
15300
15302
15306
15310
15312
15315
15321
15323
15326
15328
15330
15336
15339
15341
15344
15350
15352
15359
15365
15368
15374
15380
15382
15384
15386
15389
15395
15397
15403
15409
15412
15416
15418
15424
15428
15433
15436
15439
15442
15445
15448
15454
15460
15462
15465
15468
15471
15477
15481
15484
15487
15490
15492
15495
15498
15501
15504
15507
15514
15516
15522
15524
15527
15531
15533
15537
15543
15546
15549
15552
15558
15562
15567
15569
15573
15576
15578
15581
15587
15591
15596
15602
15605
15608
15611
15615
15617
15621
15626
15629
15632
15637
15640
15646
15648
15650
15652
15655
15661
15664
15670
15676
15678
15685
15691
15699
15702
15705
15707
15709
15714
15720
15724
15727
15729
15735
15738
15741
15744
15747
15750
15753
15756
15758
15762
15764
15767
15770
15773
15777
15780
15783
15788
15791
15794
15797
15803
15807
15810
15812
15815
15818
15821
15823
15826
15832
15839
15841
15848
15850
15853
15857
15859
15863
15869
15871
15874
15877
15886
15892
15898
15901
15904
15907
15913
15917
15922
15924
15928
15930
15936
15942
15945
15951
15957
15963
15966
15972
15975
15981
15983
15987
15989
15995
16001
16003
16010
16016
16022
16025
16028
16031
16034
16037
16040
16046
16049
16051
16054
16057
16060
16062
16064
16066
16069
16075
16079
16082
16084
16087
16090
16094
16096
16099
16105
16108
16111
16113
16116
16119
16122
16128
16135
16138
16141
16143
16146
16149
16153
16155
16158
16165
16167
16170
16173
16175
16178
16182
16188
16191
16193
16197
16203
16214
16218
16223
16226
16229
16232
16234
16238
16242
16247
16249
16253
16256
16259
16262
16266
16268
16271
16274
16277
16280
16283
16285
16291
16296
16300
16306
16312
16315
16317
16321
16327
16329
16331
16336
16342
16344
16348
16350
16353
16356
16359
16362
16365
16371
16373
16378
16380
16386
16390
16392
16395
16401
16404
16407
16409
16412
16415
16418
16421
16424
16430
16434
16437
16439
16442
16445
16448
16451
16454
16463
16466
16468
16474
16478
16480
16484
16487
16490
16493
16496
16499
16501
16504
16507
16510
16514
16519
16522
16525
16528
16530
16534
16537
16543
16545
16549
16552
16555
16558
16564
16568
16573
16575
16578
16581
16584
16587
16593
16596
16602
16605
16608
16611
16617
16623
16626
16632
16637
16640
16646
16652
16654
16658
16661
16667
16671
16674
16676
16682
16685
16688
16691
16700
16703
16705
16711
16715
16717
16720
16726
16730
16733
16735
16738
16741
16744
16747
16750
16756
16759
16764
16767
16770
16773
16776
16779
16786
16788
16797
16800
16804
16806
16810
16815
16818
16824
16826
16833
16835
16839
16845
16848
16851
16854
16856
16860
16863
16869
16874
16877
16880
16883
16889
16891
16893
16898
16904
16907
16909
16913
16919
16922
16928
16933
16936
16939
16942
16945
16948
16951
16957
16963
16966
16970
16972
16975
16978
16981
16987
16992
16995
16999
17001
17004
17007
17011
17013
17016
17022
17024
17031
17034
17037
17040
17043
17046
17051
17053
17055
17058
17060
17063
17066
17069
17072
17075
17082
17085
17088
17090
17096
17099
17102
17105
17111
17114
17117
17120
17122
17125
17129
17131
17135
17141
17144
17150
17152
17155
17159
17161
17165
17170
17173
17179
17185
17188
17194
17196
17200
17203
17209
17213
17215
17218
17224
17229
17232
17235
17238
17244
17247
17253
17259
17262
17268
17274
17276
17283
17288
17291
17297
17300
17303
17306
17309
17312
17318
17321
17325
17327
17330
17333
17336
17339
17342
17347
17350
17354
17356
17359
17362
17365
17368
17371
17377
17381
17384
17386
17389
17392
17395
17398
17401
17407
17409
17413
17415
17418
17421
17424
17427
17430
17435
17437
17443
17446
17448
17452
17455
17461
17463
17466
17469
17472
17475
17481
17484
17486
17490
17492
17496
17499
17505
17511
17514
17520
17525
17528
17531
17534
17538
17540
17544
17549
17555
17558
17564
17570
17573
17579
17584
17587
17593
17599
17602
17608
17614
17617
17623
17626
17629
17632
17635
17638
17643
17647
17650
17652
17658
17662
17664
17667
17673
17677
17680
17682
17685
17688
17691
17694
17697
17703
17706
17709
17711
17717
17720
17723
17726
17730
17733
17736
17739
17741
17744
17747
17751
17753
17757
17762
17765
17771
17773
17777
17780
17782
17786
17792
17795
17801
17803
17807
17812
17816
17820
17824
17827
17830
17836
17838
17840
17845
17847
17851
17854
17860
17866
17869
17875
17880
17883
17889
17895
17897
17904
17910
17913
17919
17925
17927
17929
17931
17934
17939
17942
17948
17951
17954
17957
17960
17963
17969
17972
17976
17978
17981
17984
17988
17990
17993
17998
18002
18005
18007
18010
18013
18017
18019
18022
18029
18032
18037
18040
18043
18046
18049
18052
18058
18061
18064
18066
18069
18072
18076
18078
18081
18088
18091
18094
18097
18102
18106
18112
18114
18117
18120
18123
18126
18128
18132
18135
18141
18144
18146
18150
18153
18156
18162
18164
18171
18176
18179
18185
18187
18191
18193
18200
18202
18206
18209
18215
18221
18224
18230
18235
18238
18244
18250
18253
18256
18259
18265
18269
18272
18274
18280
18283
18289
18294
18298
18301
18303
18306
18309
18313
18315
18318
18324
18328
18333
18336
18339
18342
18345
18348
18354
18357
18362
18365
18368
18372
18374
18377
18381
18384
18387
18392
18395
18398
18402
18404
18407
18411
18413
18416
18419
18422
18424
18431
18433
18437
18440
18443
18446
18452
18454
18458
18462
18464
18466
18469
18472
18475
18481
18487
18490
18496
18502
18505
18511
18517
18520
18525
18527
18531
18534
18540
18546
18548
18550
18552
18555
18561
18564
18568
18570
18576
18579
18585
18590
18594
18597
18599
18605
18609
18611
18614
18620
18622
18624
18629
18632
18635
18639
18641
18644
18649
18651
18653
18658
18664
18667
18670
18673
18680
18683
18686
18688
18691
18694
18698
18703
18709
18712
18718
18723
18727
18733
18739
18742
18745
18748
18750
18754
18757
18760
18762
18768
18771
18777
18779
18783
18785
18789
18792
18798
18801
18807
18813
18816
18821
18824
18827
18830
18834
18836
18842
18844
18848
18851
18857
18860
18864
18866
18872
18874
18876
18878
18880
18886
18895
18901
18904
18907
18910
18916
18920
18925
18931
18935
18937
18939
18945
18949
18954
18959
18963
18966
18969
18975
18979
18984
18990
18993
18998
19004
19007
19014
19019
19024
19026
19028
19035
19038
19044
19049
19053
19058
19064
19067
19073
19079
19083
19085
19088
19094
19097
19103
19107
19109
19112
19117
19123
19126
19132
19138
19141
19144
19147
19150
19153
19156
19160
19162
19168
19170
19176
19179
19182
19185
19191
19197
19200
19203
19206
19212
19216
19221
19225
19227
19230
19235
19241
19245
19250
19256
19260
19262
19265
19268
19271
19273
19275
19280
19286
19289
19294
19300
19303
19309
19315
19319
19322
19324
19331
19334
19340
19345
19349
19354
19360
19363
19369
19371
19374
19378
19381
19384
19388
19390
19393
19399
19405
19407
19413
19419
19422
19428
19432
19434
19436
19443
19449
19452
19458
19462
19464
19466
19468
19472
19478
19481
19487
19493
19496
19499
19502
19506
19508
19512
19517
19523
19527
19531
19537
19541
19546
19552
19556
19561
19566
19571
19576
19582
19586
19588
19590
19596
19600
19605
19611
19615
19618
19620
19623
19626
19630
19635
19641
19645
19647
19649
19656
19659
19665
19670
19675
19677
19680
19686
19689
19695
19697
19700
19706
19709
19715
19718
19724
19728
19730
19732
19739
19745
19754
19758
19760
19763
19768
19772
19774
19777
19783
19787
19789
19792
19798
19802
19804
19808
19813
19819
19822
19827
19833
19837
19842
19847
19850
19852
19855
19857
19863
19867
19872
19878
19882
19884
19886
19891
19896
19901
19906
19911
19914
19916
19921
19926
19929
19931
19937
19941
19943
19946
19951
19955
19960
19966
19970
19976
19978
19982
19985
19991
19996
20000
20005
20011
20014
20020
20025
20028
20035
20039
20041
20044
20050
20056
20058
20061
20064
20070
20074
20079
20083
20085
20087
20091
20094
20100
20103
20109
20113
20115
20117
20119
20123
20129
20133
20136
20138
20144
20148
20153
20159
20163
20168
20174
20180
20182
20188
20192
20197
20203
20206
20208
20210
20212
20218
20222
20227
20233
20237
20239
20241
20247
20251
20256
20262
20266
20272
20274
20277
20281
20287
20292
20296
20301
20307
20310
20312
20316
20321
20324
20326
20331
20337
20340
20346
20350
20354
20360
20366
20370
20375
20381
20383
20390
20396
20399
20405
20411
20419
20425
20429
20434
20438
20440
20444
20449
20453
20455
20459
20464
20470
20473
20476
20478
20484
20488
20493
20499
20502
20506
20508
20513
20518
20523
20529
20532
20535
20537
20540
20543
20547
20552
20558
20562
20565
20567
20570
20573
20577
20583
20585
20588
20592
20594
20597
20599
20603
20606
20612
20617
20620
20622
20627
20633
20636
20642
20648
20650
20656
20662
20665
20667
20671
20677
20679
20681
20686
20692
20695
20701
20707
20709
20715
20721
20725
20730
20734
20736
20739
20745
20749
20751
20755
20760
20766
20769
20774
20778
20780
20784
20789
20794
20799
20802
20804
20809
20814
20819
20825
20828
20831
20833
20838
20843
20848
20854
20858
20864
20869
20873
20878
20884
20887
20893
20899
20902
20908
20913
20916
20918
20923
20925
20929
20932
20938
20943
20945
20952
20958
20961
20967
20971
20973
20975
20982
20988
20991
20997
21003
21005
21011
21015
21017
21020
21026
21032
21036
21041
21047
21051
21056
21062
21064
21070
21076
21080
21085
21091
21096
21098
21100
21106
21110
21115
21121
21123
21125
21127
21129
21134
21139
21144
21150
21154
21157
21159
21165
21169
21174
21179
21184
21189
21194
21198
21204
21209
21212
21214
21219
21221
21225
21228
21234
21239
21241
21248
21250
21254
21257
21259
21263
21269
21271
21278
21284
21287
21293
21298
21300
21302
21307
21313
21316
21322
21326
21328
21331
21337
21343
21347
21352
21360
21366
21372
21376
21381
21387
21391
21396
21402
21406
21411
21416
21420
21423
21425
21431
21436
21440
21446
21450
21453
21455
21458
21460
21462
21465
21470
21475
21479
21482
21484
21491
21494
21500
21505
21509
21512
21515
21521
21524
21530
21539
21541
21544
21550
21553
21559
21561
21564
21567
21574
21580
21585
21589
21594
21596
21600
21603
21609
21613
21618
21622
21624
21626
21633
21639
21643
21648
21653
21657
21662
21666
21668
21672
21677
21683
21687
21692
21698
21702
21707
21712
21716
21721
21726
21731
21736
21742
21745
21749
21751
21756
21760
21766
21771
21775
21778
21780
21786
21790
21795
21801
21805
21808
21811
21813
21815
21817
21820
21826
21830
21835
21837
21840
21846
21849
21855
21860
21863
21867
21870
21875
21879
21885
21890
21893
21899
21905
21909
21914
21920
21922
21924
21929
21935
21938
21944
21949
21953
21958
21964
21968
21973
21979
21983
21988
21994
21998
22001
22003
22008
22012
22017
22022
22027
22032
22038
22042
22045
22047
22053
22055
22057
22062
22067
22070
22074
22076
22082
22086
22091
22094
22097
22101
22104
22106
22113
22116
22122
22126
22130
22133
22136
22138
22142
22145
22151
22156
22161
22163
22166
22172
22175
22181
22188
22195
22201
22204
22206
22210
22214
22216
22219
22225
22231
22234
22240
22245
22248
22254
22260
22263
22269
22275
22279
22284
22288
22290
22294
22299
22304
22308
22313
22319
22323
22328
22334
22338
22343
22349
22353
22358
22363
22366
22370
22372
22375
22378
22382
22387
22393
22397
22400
22402
22405
22409
22412
22418
22422
22427
22432
22434
22438
22441
22447
22453
22455
22459
22462
22464
22466
22470
22476
22481
22485
22491
22493
22495
22497
22500
22506
22508
22512
22514
22521
22527
22530
22536
22539
22541
22543
22550
22556
22559
22565
22571
22574
22580
22586
22590
22595
22600
22602
22604
22609
22615
22619
22624
22629
22634
22637
22639
22642
22644
22649
22654
22657
22659
22663
22666
22668
22671
22674
22678
22683
22689
22693
22696
22698
22704
22708
22719
22722
22724
22728
22731
22734
22737
22743
22745
22748
22751
22755
22758
22764
22767
22773
22777
22782
22787
22793
22796
22802
22806
22808
22811
22814
22817
22822
22826
22832
22835
22837
22839
22846
22852
22855
22861
22867
22870
22873
22876
22882
22886
22891
22896
22899
22905
22911
22915
22920
22926
22929
22931
22935
22938
22941
22945
22950
22955
22958
22964
22970
22974
22979
22985
22989
22992
22994
22997
23000
23004
23009
23014
23019
23021
23024
23026
23029
23033
23039
23044
23048
23054
23060
23063
23065
23068
23073
23078
23083
23088
23092
23094
23098
23103
23108
23113
23119
23122
23124
23127
23131
23133
23135
23142
23148
23152
23157
23163
23166
23172
23178
23181
23186
23188
23192
23195
23201
23204
23207
23211
23216
23222
23226
23231
23234
23237
23241
23246
23251
23254
23256
23260
23263
23266
23270
23275
23281
23284
23290
23296
23300
23305
23310
23314
23317
23319
23325
23329
23334
23340
23345
23347
23350
23354
23356
23359
23364
23369
23373
23379
23385
23388
23394
23399
23404
23409
23415
23418
23420
23423
23429
23431
23433
23438
23444
23448
23453
23459
23462
23468
23474
23478
23482
23488
23492
23497
23503
23507
23512
23514
23518
23521
23527
23530
23533
23537
23541
23545
23547
23550
23556
23562
23566
23571
23577
23581
23586
23592
23596
23600
23606
23610
23615
23620
23625
23630
23636
23640
23643
23645
23652
23655
23660
23665
23669
23672
23675
23681
23684
23686
23690
23695
23699
23705
23711
23714
23719
23723
23725
23728
23734
23740
23743
23747
23749
23755
23757
23759
23764
23770
23774
23778
23780
23784
23787
23793
23799
23803
23808
23814
23817
23823
23829
23833
23837
23841
23843
23846
23849
23852
23858
23862
23867
23873
23876
23882
23888
23892
23896
23902
23905
23909
23911
23917
23921
23926
23932
23937
23941
23948
23951
23956
23961
23966
23970
23977
23980
23986
23988
23991
23995
24001
24007
24010
24015
24020
24025
24027
24030
24036
24039
24045
24047
24051
24053
24055
24060
24063
24065
24070
24072
24074
24076
24080
24084
24089
24092
24095
24104
24106
24110
24112
24119
24125
24129
24133
24137
24139
24143
24145
24148
24154
24158
24163
24169
24172
24178
24184
24188
24192
24198
24201
24207
24213
24217
24222
24228
24231
24237
24243
24246
24251
24257
24261
24266
24273
24276
24282
24287
24292
24297
24303
24306
24311
24316
24320
24323
24326
24330
24332
24335
24341
24345
24347
24351
24356
24362
24365
24370
24372
24376
24378
24380
24385
24388
24391
24394
24398
24400
24406
24408
24415
24418
24421
24424
24429
24433
24435
24438
24441
24444
24450
24454
24457
24459
24465
24468
24471
24474
24480
24482
24488
24494
24497
24503
24509
24513
24518
24524
24527
24533
24539
24543
24547
24553
24556
24562
24568
24572
24578
24583
24587
24592
24599
24602
24607
24609
24612
24617
24622
24628
24631
24637
24642
24646
24652
24658
24661
24666
24668
24670
24672
24676
24681
24686
24690
24696
24698
24702
24705
24711
24717
24720
24723
24725
24731
24734
24737
24740
24746
24749
24753
24755
24757
24759
24761
24764
24767
24770
24773
24776
24784
24790
24793
24796
24799
24805
24809
24814
24820
24823
24829
24835
24839
24843
24849
24852
24858
24864
24868
24873
24876
24879
24883
24885
24888
24895
24897
24903
24909
24912
24917
24921
24924
24927
24933
24935
24938
24943
24948
24952
24954
24957
24962
24964
24968
24972
24977
24980
24982
24986
24992
24996
24998
25002
25007
25013
25017
25021
25027
25031
25036
25039
25042
25046
25051
25055
25057
25060
25066
25072
25075
25078
25080
25086
25089
25095
25101
25105
25108
25110
25116
25119
25122
25125
25131
25134
25139
25144
25146
25148
25154
25160
25164
25169
25175
25178
25184
25190
25193
25199
25201
25204
25208
25210
25213
25217
25220
25223
25229
25234
25237
25239
25244
25250
25252
25258
25260
25262
25264
25267
25273
25279
25282
25288
25290
25294
25297
25303
25306
25308
25311
25317
25319
25323
25326
25332
25338
25341
25347
25351
25353
25357
25362
25368
25371
25376
25382
25385
25391
25397
25400
25406
25412
25415
25418
25421
25427
25430
25433
25435
25441
25445
25447
25450
25454
25456
25460
25463
25465
25468
25471
25474
25477
25480
25484
25486
25489
25492
25494
25497
25500
25503
25509
25514
25516
25518
25525
25527
25530
25534
25539
25546
25548
25554
25556
25559
25564
25569
25575
25578
25581
25584
25586
25590
25594
25599
25602
25604
25607
25613
25619
25622
25628
25634
25637
25643
25649
25651
25653
25658
25661
25664
25667
25672
25676
25678
25681
25687
25693
25696
25702
25708
25711
25714
25717
25723
25726
25731
25737
25740
25743
25746
25752
25756
25759
25761
25767
25770
25773
25776
25782
25785
25788
25790
25796
25799
25802
25805
25812
25815
25818
25820
25823
25826
25832
25835
25841
25843
25847
25849
25852
25855
25859
25861
25865
25868
25871
25874
25880
25886
25889
25891
25895
25900
25903
25906
25909
25915
25919
25924
25926
25930
25933
25939
25945
25948
25954
25962
25965
25968
25972
25974
25977
25983
25985
25989
25992
25995
25998
26004
26008
26010
26013
26019
26021
26027
26033
26036
26042
26048
26052
26057
26063
26066
26072
26076
26078
26081
26086
26092
26095
26098
26101
26105
26107
26111
26114
26116
26123
26125
26131
26137
26140
26145
26148
26151
26154
26157
26160
26167
26170
26173
26176
26181
26185
26187
26191
26194
26196
26199
26205
26207
26210
26214
26220
26223
26225
26229
26235
26241
26245
26250
26252
26255
26258
26264
26270
26274
26276
26279
26282
26285
26288
26294
26298
26300
26304
26306
26309
26314
26317
26323
26329
26332
26338
26344
26347
26349
26353
26359
26362
26365
26368
26373
26375
26377
26382
26385
26387
26392
26394
26397
26401
26403
26407
26410
26412
26418
26421
26424
26427
26432
26436
26439
26441
26444
26447
26450
26453
26456
26460
26463
26466
26469
26471
26474
26477
26481
26486
26490
26492
26495
26498
26501
26503
26506
26510
26512
26516
26522
26525
26531
26537
26541
26546
26550
26554
26560
26564
26566
26570
26575
26581
26584
26586
26590
26594
26596
26600
26605
26610
26613
26619
26623
26625
26629
26634
26640
26643
26649
26655
26658
26664
26669
26672
26678
26684
26687
26693
26699
26703
26706
26708
26713
26717
26721
26723
26728
26732
26735
26737
26743
26746
26749
26752
26756
26758
26762
26767
26770
26773
26776
26779
26782
26788
26790
26797
26799
26802
26806
26808
26811
26815
26818
26821
26827
26829
26833
26838
26842
26847
26850
26856
26862
26865
26871
26876
26880
26886
26890
26892
26895
26897
26901
26906
26909
26915
26919
26921
26925
26930
26933
26936
26939
26945
26949
26951
26955
26960
26965
26968
26974
26980
26983
26986
26989
26995
26999
27002
27004
27010
27013
27016
27019
27024
27028
27031
27033
27040
27042
27048
27052
27054
27058
27061
27063
27069
27072
27075
27078
27083
27087
27090
27092
27095
27098
27101
27104
27107
27111
27114
27117
27120
27123
27125
27128
27132
27138
27143
27146
27152
27154
27158
27162
27167
27172
27176
27182
27188
27192
27197
27202
27205
27211
27217
27220
27223
27226
27229
27232
27236
27241
27245
27247
27251
27256
27261
27265
27270
27276
27278
27280
27285
27291
27294
27300
27304
27306
27309
27312
27315
27320
27324
27327
27329
27334
27338
27344
27348
27350
27354
27359
27364
27368
27371
27374
27377
27379
27383
27386
27388
27394
27397
27399
27403
27407
27410
27413
27418
27421
27424
27428
27430
27434
27439
27442
27448
27450
27453
27457
27463
27466
27469
27472
27478
27480
27483
27488
27493
27495
27498
27501
27507
27513
27516
27522
27524
27528
27531
27533
27537
27541
27543
27546
27549
27552
27554
27557
27560
27566
27572
27576
27581
27587
27590
27596
27602
27604
27611
27616
27619
27625
27631
27635
27637
27640
27644
27646
27650
27655
27661
27664
27667
27670
27675
27679
27682
27684
27690
27694
27696
27699
27705
27709
27714
27717
27720
27723
27726
27729
27735
27738
27744
27746
27749
27753
27755
27758
27763
27765
27768
27771
27774
27776
27779
27784
27788
27794
27797
27803
27809
27812
27818
27821
27824
27827
27833
27839
27842
27847
27850
27853
27856
27862
27868
27872
27877
27883
27886
27892
27896
27898
27900
27902
27906
27912
27915
27921
27927
27930
27936
27942
27945
27949
27951
27956
27960
27966
27969
27971
27973
27975
27978
27980
27986
27989
27992
27995
27999
28001
28005
28008
28010
28013
28016
28019
28022
28025
28028
28030
28034
28037
28039
28042
28045
28048
28051
28054
28061
28064
28069
28072
28075
28079
28081
28084
28087
28090
28093
28099
28105
28107
28110
28114
28116
28119
28123
28126
28129
28133
28135
28138
28143
28149
28152
28155
28158
28162
28164
28167
28173
28179
28182
28185
28188
28192
28194
28196
28198
28200
28202
28205
28208
28212
28214
28217
28221
28223
28225
28227
28232
28238
28241
28247
28253
28256
28261
28267
28271
28276
28281
28285
28288
28291
28295
28297
28301
28304
28306
28312
28315
28318
28320
28326
28330
28333
28335
28338
28341
28344
28347
28350
28354
28357
28360
28363
28365
28368
28371
28376
28379
28383
28386
28389
28395
28400
28404
28406
28410
28416
28419
28422
28425
28431
28435
28439
28445
28448
28454
28460
28464
28469
28472
28475
28478
28484
28488
28490
28494
28498
28504
28507
28513
28519
28522
28528
28534
28537
28543
28549
28551
28553
28557
28563
28566
28572
28578
28582
28587
28591
28593
28595
28597
28602
28608
28611
28616
28620
28622
28626
28631
28634
28637
28640
28643
28646
28652
28656
28659
28661
28664
28667
28670
28675
28682
28685
28688
28690
28693
28696
28700
28702
28705
28712
28715
28718
28721
28723
28726
28735
28737
28741
28744
28747
28750
28756
28760
28765
28771
28774
28780
28784
28786
28790
28794
28800
28803
28809
28815
28819
28821
28824
28830
28833
28839
28843
28845
28849
28853
28859
28863
28868
28874
28876
28878
28883
28889
28892
28898
28904
28907
28912
28918
28925
28927
28933
28937
28940
28942
28948
28952
28955
28957
28963
28966
28969
28971
28975
28977
28981
28984
28986
28989
28992
28995
28998
29001
29005
29008
29010
29016
29019
29022
29026
29030
29035
29037
29040
29043
29046
29048
29051
29055
29057
29061
29064
29067
29070
29076
29082
29086
29090
29092
29095
29099
29105
29109
29111
29114
29116
29120
29126
29129
29132
29135
29139
29141
29149
29155
29158
29164
29170
29174
29179
29185
29188
29194
29200
29203
29208
29214
29218
29223
29228
29232
29235
29238
29242
29244
29246
29248
29251
29253
29260
29262
29267
29273
29277
29280
29282
29285
29288
29291
29294
29297
29302
29304
29307
29310
29312
29315
29318
29321
29323
29326
29333
29336
29342
29344
29347
29351
29353
29357
29361
29363
29366
29372
29374
29377
29381
29386
29389
29391
29395
29401
29407
29411
29416
29422
29425
29431
29435
29437
29439
29445
29448
29451
29455
29457
29460
29464
29466
29468
29470
29472
29475
29481
29484
29490
29496
29498
29504
29510
29513
29519
29525
29529
29531
29534
29540
29544
29547
29549
29554
29558
29563
29567
29569
29576
29578
29584
29587
29593
29597
29599
29603
29606
29608
29611
29614
29617
29619
29622
29628
29632
29637
29640
29643
29646
29652
29656
29659
29662
29665
29668
29670
29673
29676
29678
29682
29686
29688
29691
29697
29702
29706
29712
29717
29721
29727
29733
29736
29741
29747
29750
29752
29756
29760
29762
29766
29771
29777
29780
29783
29786
29792
29794
29800
29806
29809
29815
29821
29823
29825
29830
29836
29839
29841
29845
29851
29854
29859
29863
29865
29869
29872
29874
29880
29883
29889
29895
29899
29904
29907
29910
29913
29918
29924
29928
29931
29933
29936
29939
29942
29945
29948
29955
29957
29963
29966
29969
29972
29974
29977
29984
29987
29990
29993
29998
30002
30004
30008
30010
30014
30017
30023
30029
30032
30037
30040
30043
30046
30052
30056
30058
30061
30067
30073
30076
30082
30086
30088
30091
30096
30102
30105
30111
30117
30121
30126
30132
30136
30141
30147
30149
30155
30161
30164
30170
30173
30176
30179
30185
30189
30191
30198
30200
30206
30209
30211
30214
30220
30224
30229
30232
30235
30239
30241
30244
30249
30251
30254
30259
30262
30265
30267
30273
30280
30282
30286
30288
30291
30294
30298
30300
30304
30306
30310
30313
30316
30319
30327
30329
30333
30338
30342
30345
30348
30352
30355
30359
30363
30366
30369
30372
30378
30382
30384
30386
30392
30398
30401
30403
30407
30411
30413
30415
30417
30422
30428
30431
30437
30443
30446
30448
30451
30457
30460
30466
30472
30475
30481
30487
30489
30491
30496
30502
30504
30510
30514
30516
30518
30520
30525
30531
30534
30537
30540
30546
30550
30553
30555
30558
30561
30563
30569
30574
30576
30579
30582
30584
30587
30590
30593
30596
30599
30606
30609
30612
30615
30617
30620
30623
30625
30629
30635
30638
30641
30644
30650
30655
30659
30662
30665
30668
30674
30680
30682
30684
30688
30690
30694
30697
30703
30707
30709
30712
30718
30724
30727
30733
30740
30742
30745
30747
30753
30756
30758
30762
30768
30771
30777
30783
30787
30792
30797
30800
30806
30812
30815
30821
30827
30830
30832
30836
30840
30842
30844
30846
30851
30854
30857
30859
30862
30865
30871
30875
30880
30883
30886
30889
30892
30895
30899
30902
30905
30910
30913
30915
30918
30921
30924
30928
30931
30933
30937
30940
30942
30945
30949
30955
30960
30964
30970
30975
30979
30984
30989
30993
30999
31003
31005
31009
31014
31020
31023
31029
31034
31038
31043
31049
31052
31058
31062
31064
31067
31073
31079
31082
31088
31093
31095
31097
31102
31108
31111
31117
31123
31127
31132
31136
31138
31142
31147
31152
31155
31158
31161
31165
31167
31169
31171
31176
31179
31182
31185
31188
31191
31199
31201
31204
31206
31209
31211
31214
31217
31220
31225
31227
31229
31233
31235
31238
31241
31248
31250
31255
31257
31260
31263
31266
31268
31274
31276
31280
31286
31289
31292
31295
31301
31304
31310
31315
31319
31322
31325
31330
31334
31339
31342
31345
31348
31354
31358
31360
31364
31369
31375
31378
31384
31389
31392
31398
31401
31404
31407
31413
31417
31419
31422
31428
31434
31437
31443
31448
31451
31457
31463
31467
31472
31478
31481
31484
31487
31493
31497
31500
31502
31507
31511
31514
31516
31521
31526
31529
31531
31534
31537
31540
31543
31546
31553
31555
31561
31564
31566
31570
31572
31575
31580
31582
31585
31588
31591
31593
31596
31599
31602
31606
31609
31612
31615
31618
31621
31626
31629
31635
31640
31644
31650
31656
31660
31665
31668
31671
31674
31676
31680
31685
31687
31689
31694
31700
31703
31709
31715
31719
31724
31730
31734
31739
31744
31747
31753
31759
31762
31768
31774
31777
31780
31783
31787
31789
31791
31793
31796
31798
31803
31807
31809
31812
31816
31818
31823
31825
31827
31830
31833
31836
31839
31842
31846
31849
31852
31857
31862
31865
31868
31871
31875
31878
31880
31884
31886
31892
31895
31898
31901
31906
31908
31911
31914
31917
31922
31925
31927
31931
31936
31940
31946
31950
31952
31955
31961
31966
31970
31973
31976
31985
31990
31996
31999
32001
32005
32011
32013
32015
32020
32026
32029
32035
32040
32044
32049
32055
32058
32064
32070
32073
32079
32083
32085
32088
32090
32094
32098
32102
32106
32108
32114
32116
32118
32121
32123
32129
32132
32135
32138
32142
32148
32151
32153
32158
32161
32167
32171
32174
32177
32180
32182
32185
32188
32191
32194
32197
32202
32204
32207
32212
32217
32221
32223
32227
32233
32236
32239
32242
32248
32251
32257
32263
32266
32269
32272
32277
32280
32286
32292
32295
32301
32305
32307
32310
32316
32322
32325
32327
32331
32334
32336
32338
32340
32345
32351
32354
32360
32363
32366
32370
32375
32381
32384
32390
32395
32398
32404
32410
32414
32419
32422
32425
32428
32432
32434
32438
32440
32443
32449
32451
32454
32457
32460
32463
32468
32473
32476
32478
32481
32484
32487
32490
32493
32497
32500
32503
32506
32508
32510
32513
32517
32519
32522
32529
32532
32535
32538
32543
32547
32549
32553
32555
32558
32562
32567
32573
32576
32578
32582
32587
32591
32594
32597
32601
32603
32607
32612
32618
32621
32626
32630
32632
32636
32641
32643
32647
32650
32652
32656
32662
32665
32671
32677
32680
32683
32686
32691
32693
32695
32700
32706
32709
32715
32721
32724
32730
32734
32736
32738
32740
32745
32750
32753
32757
32759
32763
32765
32769
32774
32777
32780
32783
32789
32793
32795
32799
32802
32804
32806
32809
32812
32815
32818
32825
32828
32833
32836
32839
32843
32845
32849
32851
32855
32858
32861
32863
32869
32872
32874
32878
32881
32883
32887
32890
32893
32899
32904
32908
32911
32914
32917
32920
32922
32926
32928
32931
32933
32937
32939
32943
32946
32952
32956
32958
32961
32967
32973
32976
32981
32987
32989
32991
32996
33002
33005
33008
33011
33017
33021
33024
33026
33032
33035
33040
33046
33049
33055
33061
33063
33065
33070
33073
33076
33079
33083
33085
33089
33091
33095
33099
33102
33105
33108
33111
33114
33118
33121
33124
33129
33132
33135
33138
33142
33144
33151
33154
33158
33164
33168
33170
33174
33176
33180
33183
33189
33195
33198
33200
33204
33209
33213
33218
33222
33224
33228
33233
33239
33242
33245
33248
33252
33254
33258
33263
33269
33272
33277
33283
33287
33292
33294
33298
33301
33304
33307
33313
33317
33319
33322
33328
33331
33336
33342
33346
33351
33355
33357
33360
33366
33372
33375
33381
33385
33387
33389
33391
33395
33398
33401
33405
33408
33410
33416
33420
33423
33425
33428
33431
33435
33437
33440
33447
33450
33454
33457
33460
33463
33467
33469
33474
33476
33478
33482
33484
33487
33490
33493
33496
33500
33502
33506
33509
33514
33520
33525
33529
33534
33538
33541
33544
33548
33550
33554
33559
33565
33568
33573
33579
33582
33588
33591
33594
33597
33603
33609
33613
33618
33624
33627
33632
33638
33640
33642
33647
33653
33656
33662
33668
33672
33677
33679
33683
33685
33687
33689
33691
33697
33700
33703
33706
33712
33714
33716
33719
33721
33727
33730
33736
33740
33742
33746
33748
33750
33756
33759
33765
33771
33775
33780
33783
33786
33789
33795
33802
33805
33807
33810
33812
33815
33819
33821
33825
33828
33831
33834
33840
33845
33849
33855
33858
33860
33864
33869
33875
33879
33884
33887
33890
33893
33899
33905
33907
33909
33914
33917
33920
33923
33928
33934
33938
33943
33946
33949
33953
33958
33964
33966
33973
33979
33982
33985
33987
33993
33996
33999
34002
34008
34012
34015
34017
34023
34026
34032
34038
34042
34044
34046
34052
34055
34058
34061
34067
34071
34076
34082
34085
34091
34097
34100
34106
34111
34115
34117
34120
34125
34127
34130
34136
34141
34145
34151
34154
34157
34160
34165
34167
34170
34174
34180
34186
34189
34191
34195
34197
34201
34205
34210
34215
34219
34224
34226
34228
34230
34232
34234
34239
34242
34245
34249
34252
34254
34260
34262
34264
34269
34272
34275
34278
34281
34283
34289
34292
34298
34304
34308
34313
34319
34322
34325
34328
34334
34342
34348
34351
34357
34363
34367
34370
34372
34378
34381
34385
34387
34393
34397
34401
34407
34412
34416
34423
34426
34432
34434
34437
34441
34447
34453
34455
34458
34461
34466
34471
34476
34482
34485
34487
34491
34493
34496
34501
34506
34512
34515
34520
34522
34526
34528
34535
34541
34544
34548
34550
34552
34554
34556
34565
34568
34571
34575
34579
34581
34585
34587
34589
34591
34594
34600
34604
34609
34615
34619
34624
34627
34630
34632
34638
34644
34647
34653
34656
34658
34663
34668
34674
34677
34683
34689
34692
34697
34703
34707
34712
34718
34722
34727
34733
34738
34740
34742
34749
34751
34754
34757
34762
34767
34772
34778
34781
34787
34792
34796
34798
34802
34807
34810
34816
34822
34826
34831
34837
34841
34846
34850
34852
34854
34856
34861
34867
34870
34875
34877
34881
34885
34887
34890
34893
34896
34899
34905
34911
34915
34917
34920
34923
34926
34929
34934
34940
34943
34949
34955
34959
34964
34970
34973
34979
34982
34985
34988
34993
34999
35003
35005
35008
35014
35018
35023
35029
35033
35038
35044
35047
35052
35058
35062
35067
35074
35077
35083
35088
35093
35098
35104
35106
35112
35117
35123
35127
35133
35136
35142
35144
35148
35151
35153
35157
35163
35165
35169
35171
35173
35177
35180
35186
35189
35192
35195
35201
35203
35207
35210
35213
35216
35219
35222
35225
35230
35236
35240
35245
35251
35255
35260
35264
35266
35269
35275
35281
35284
35289
35295
35298
35304
35310
35314
35319
35324
35328
35331
35334
35339
35343
35348
35354
35358
35363
35369
35373
35379
35384
35389
35391
35394
35399
35402
35408
35413
35417
35419
35423
35429
35432
35438
35447
35453
35458
35461
35467
35473
35475
35477
35482
35488
35492
35497
35503
35507
35512
35517
35521
35526
35532
35534
35541
35547
35551
35556
35562
35565
35571
35574
35576
35580
35585
35591
35594
35600
35603
35606
35610
35615
35621
35625
35630
35635
35639
35644
35650
35654
35659
35665
35669
35672
35674
35680
35684
35687
35689
35695
35698
35704
35709
35713
35719
35725
35728
35734
35739
35744
35749
35754
35757
35763
35768
35773
35775
35778
35784
35788
35793
35799
35802
35808
35813
35817
35822
35828
35831
35837
35843
35847
35852
35859
35861
35864
35867
35872
35876
35881
35887
35890
35894
35896
35902
35906
35911
35915
35917
35920
35924
35926
35931
35935
35940
35946
35949
35951
35953
35955
35958
35961
35965
35970
35976
35980
35983
35985
35991
35994
36000
36005
36009
36015
36021
36024
36030
36035
36039
36045
36050
36053
36059
36064
36069
36074
36080
36085
36087
36089
36095
36097
36099
36104
36109
36113
36118
36124
36126
36133
36139
36143
36148
36154
36156
36163
36168
36172
36177
36183
36186
36192
36198
36202
36207
36211
36213
36216
36222
36227
36231
36236
36242
36245
36251
36254
36257
36261
36266
36271
36275
36277
36279
36281
36286
36290
36295
36301
36306
36311
36316
36320
36326
36331
36335
36341
36346
36349
36355
36360
36365
36370
36375
36379
36385
36390
36395
36400
36403
36405
36408
36414
36420
36423
36429
36435
36439
36444
36450
36452
36459
36464
36468
36473
36475
36479
36482
36488
36491
36494
36498
36503
36509
36512
36518
36523
36527
36532
36538
36541
36547
36553
36557
36562
36567
36572
36574
36577
36581
36586
36591
36597
36600
36602
36604
36606
36613
36616
36621
36627
36632
36634
36637
36642
36645
36651
36656
36660
36663
36666
36672
36675
36681
36686
36690
36696
36701
36704
36710
36716
36718
36720
36725
36731
36735
36740
36746
36750
36755
36760
36764
36769
36771
36775
36778
36784
36790
36793
36799
36805
36808
36814
36819
36823
36828
36834
36837
36843
36846
36848
36853
36858
36864
36867
36873
36878
36882
36887
36893
36896
36902
36908
36912
36917
36923
36927
36932
36938
36941
36947
36952
36957
36959
36962
36968
36971
36977
36982
36986
36988
36992
36996
37000
37006
37012
37016
37021
37027
37030
37034
37036
37038
37042
37044
37046
37051
37056
37060
37065
37067
37071
37073
37080
37083
37086
37090
37095
37097
37101
37104
37107
37110
37112
37115
37119
37124
37130
37133
37139
37142
37145
37149
37154
37160
37163
37169
37174
37178
37183
37188
37192
37196
37198
37205
37208
37213
37219
37223
37228
37231
37233
37237
37242
37245
37248
37252
37257
37264
37267
37270
37273
37278
37283
37287
37290
37293
37296
37298
37302
37304
37307
37312
37317
37323
37326
37332
37334
37338
37341
37346
37351
37355
37357
37359
37361
37363
37366
37370
37372
37376
37379
37382
37386
37389
37391
37397
37399
37405
37407
37411
37413
37415
37418
37420
37422
37426
37429
37435
37438
37441
37445
37448
37450
37456
37459
37464
37470
37474
37479
37485
37488
37494
37500
37504
37509
37515
37518
37520
37524
37529
37533
37538
37544
37547
37550
37553
37559
37563
37569
37571
37574
37579
37581
37583
37588
37592
37598
37600
37603
37607
37613
37616
37619
37622
37628
37630
37634
37638
37642
37647
37651
37657
37659
37663
37666
37672
37675
37677
37681
37687
37689
37693
37696
37701
37704
37706
37710
37716
37722
37725
37731
37737
37740
37746
37752
37755
37760
37766
37769
37775
37781
37784
37790
37797
37800
37805
37810
37814
37819
37824
37829
37834
37840
37843
37845
37849
37855
37858
37864
37870
37874
37876
37878
37885
37888
37894
37896
37899
37903
37909
37915
37918
37924
37926
37928
37933
37938
37943
37947
37953
37955
37959
37963
37968
37973
37978
37983
37985
37989
37991
37997
38003
38006
38012
38014
38018
38021
38027
38033
38036
38042
38044
38049
38051
38056
38062
38066
38071
38077
38080
38086
38092
38095
38101
38107
38110
38115
38121
38125
38130
38135
38139
38141
38145
38151
38155
38160
38166
38174
38181
38184
38190
38192
38195
38199
38201
38204
38208
38211
38214
38220
38225
38230
38234
38237
38240
38243
38249
38251
38258
38264
38269
38273
38279
38281
38285
38289
38293
38296
38298
38302
38308
38310
38314
38318
38323
38329
38333
38338
38344
38348
38352
38357
38361
38367
38373
38376
38382
38388
38391
38395
38397
38403
38406
38411
38417
38421
38426
38431
38433
38435
38441
38447
38451
38456
38462
38465
38470
38476
38480
38485
38488
38491
38495
38500
38507
38510
38516
38521
38525
38530
38535
38539
38545
38547
38550
38554
38560
38569
38575
38577
38581
38585
38589
38594
38598
38604
38606
38610
38613
38619
38622
38625
38628
38634
38640
38643
38648
38651
38654
38657
38663
38669
38673
38678
38685
38687
38693
38698
38702
38704
38707
38712
38716
38722
38728
38731
38734
38737
38743
38747
38750
38752
38757
38761
38763
38766
38772
38776
38779
38781
38784
38787
38790
38796
38800
38803
38805
38811
38814
38817
38822
38825
38829
38832
38835
38841
38843
38846
38850
38856
38862
38865
38868
38871
38873
38877
38880
38885
38891
38894
38900
38902
38906
38910
38912
38915
38918
38921
38924
38930
38936
38938
38940
38944
38946
38950
38953
38959
38965
38969
38974
38980
38983
38989
38995
38998
39003
39009
39013
39018
39024
39027
39030
39033
39039
39042
39046
39048
39054
39057
39059
39062
39068
39072
39075
39077
39083
39086
39092
39098
39102
39105
39107
39110
39113
39117
39121
39128
39131
39137
39139
39142
39146
39152
39158
39161
39167
39169
39172
39177
39181
39187
39190
39196
39198
39202
39205
39211
39216
39220
39223
39226
39232
39234
39236
39240
39243
39246
39249
39255
39261
39264
39267
39270
39276
39279
39285
39291
39294
39299
39305
39308
39314
39317
39320
39323
39329
39335
39338
39344
39347
39350
39353
39358
39364
39367
39371
39373
39378
39382
39385
39388
39394
39397
39401
39403
39409
39417
39422
39424
39427
39430
39432
39435
39438
39441
39443
39447
39451
39454
39457
39460
39462
39465
39468
39471
39473
39477
39483
39486
39492
39494
39497
39501
39503
39507
39512
39516
39522
39524
39528
39530
39536
39542
39545
39548
39551
39557
39560
39562
39566
39572
39575
39581
39585
39588
39591
39595
39597
39601
39604
39610
39613
39616
39620
39625
39631
39634
39638
39640
39644
39647
39649
39654
39660
39664
39667
39669
39675
39678
39684
39690
39692
39694
39697
39699
39705
39707
39710
39713
39717
39719
39723
39728
39731
39734
39737
39740
39743
39748
39750
39753
39756
39758
39761
39764
39766
39769
39772
39779
39781
39785
39788
39790
39793
39799
39803
39806
39809
39812
39815
39818
39820
39823
39826
39828
39832
39841
39847
39853
39857
39862
39865
39868
39871
39874
39877
39881
39883
39885
39891
39897
39900
39903
39906
39912
39914
39917
39921
39923
39927
39930
39936
39939
39942
39944
39950
39956
39959
39965
39971
39975
39980
39986
39990
39995
40000
40003
40009
40013
40015
40019
40024
40027
40030
40033
40039
40045
40049
40052
40054
40057
40060
40062
40065
40068
40075
40078
40081
40083
40086
40089
40092
40094
40098
40103
40105
40108
40111
40114
40119
40123
40128
40133
40137
40143
40149
40152
40158
40162
40165
40167
40172
40175
40178
40180
40183
40187
40189
40193
40196
40199
40202
40208
40210
40212
40217
40219
40223
40226
40229
40232
40237
40240
40246
40249
40252
40255
40261
40267
40269
40271
40273
40276
40282
40285
40287
40291
40296
40300
40305
40311
40315
40320
40323
40326
40329
40335
40341
40345
40350
40353
40356
40359
40361
40364
40368
40371
40374
40379
40382
40385
40388
40391
40394
40398
40401
40403
40407
40409
40412
40415
40419
40423
40426
40430
40433
40436
40439
40445
40448
40454
40459
40463
40466
40469
40474
40478
40483
40489
40492
40495
40498
40504
40507
40513
40519
40522
40528
40533
40535
40538
40542
40548
40552
40554
40557
40563
40572
40578
40581
40584
40587
40592
40594
40596
40601
40607
40610
40616
40621
40625
40631
40637
40641
40646
40651
40654
40660
40664
40667
40670
40675
40678
40681
40684
40687
40690
40694
40697
40700
40703
40705
40708
40710
40713
40716
40719
40726
40728
40732
40735
40740
40746
40750
40752
40756
40759
40762
40765
40770
40773
40779
40782
40784
40788
40794
40800
40804
40809
40811
40815
40818
40824
40829
40832
40838
40840
40844
40846
40853
40856
40859
40861
40863
40868
40874
40877
40883
40888
40890
40893
40897
40900
40903
40906
40909
40912
40915
40918
40922
40925
40927
40933
40936
40939
40942
40945
40947
40951
40954
40956
40960
40962
40964
40971
40974
40977
40980
40986
40990
40993
40996
40999
41001
41006
41009
41012
41015
41022
41025
41030
41036
41040
41042
41045
41050
41052
41054
41058
41060
41066
41068
41071
41075
41077
41081
41084
41087
41090
41094
41097
41100
41103
41106
41109
41111
41114
41120
41125
41128
41132
41134
41138
41141
41144
41149
41153
41155
41159
41164
41166
41170
41173
41176
41179
41184
41186
41188
41193
41196
41199
41203
41208
41214
41217
41223
41229
41232
41235
41238
41240
41243
41247
41250
41252
41258
41261
41267
41270
41273
41276
41280
41282
41288
41292
41297
41302
41305
41307
41309
41311
41315
41318
41321
41326
41332
41335
41341
41344
41348
41351
41354
41356
41358
41361
41364
41367
41371
41374
41377
41380
41383
41385
41392
41394
41397
41401
41406
41410
41416
41419
41421
41424
41430
41436
41439
41445
41451
41454
41456
41460
41463
41466
41469
41472
41475
41480
41483
41485
41489
41495
41498
41501
41504
41510
41512
41514
41519
41525
41528
41530
41534
41539
41541
41543
41548
41554
41557
41560
41563
41566
41569
41573
41576
41578
41582
41584
41587
41590
41593
41598
41601
41605
41607
41611
41613
41617
41622
41625
41628
41631
41637
41641
41644
41647
41652
41657
41660
41666
41673
41676
41681
41687
41690
41693
41696
41699
41703
41706
41709
41711
41716
41719
41726
41729
41731
41735
41738
41741
41745
41750
41752
41756
41762
41765
41768
41771
41774
41776
41779
41781
41785
41791
41794
41797
41800
41806
41809
41811
41815
41821
41824
41830
41835
41837
41839
41844
41850
41853
41856
41859
41862
41865
41869
41874
41878
41880
41884
41889
41891
41894
41896
41898
41903
41909
41915
41918
41921
41924
41927
41933
41943
41945
41948
41953
41956
41960
41962
41969
41972
41977
41983
41986
41990
41992
41995
41999
42002
42007
42010
42012
42015
42018
42022
42025
42027
42030
42037
42043
42045
42048
42052
42058
42061
42064
42066
42070
42075
42077
42081
42087
42090
42093
42096
42100
42102
42105
42107
42111
42117
42120
42123
42125
42131
42134
42140
42146
42150
42152
42155
42161
42164
42170
42176
42180
42185
42190
42193
42199
42203
42205
42208
42211
42214
42220
42224
42227
42229
42233
42235
42238
42241
42244
42246
42249
42253
42256
42258
42264
42268
42273
42276
42279
42283
42286
42288
42295
42298
42303
42308
42311
42314
42317
42324
42327
42332
42338
42341
42344
42347
42351
42354
42356
42362
42371
42377
42382
42386
42389
42392
42396
42398
42401
42403
42407
42413
42416
42419
42421
42425
42427
42430
42432
42436
42442
42445
42448
42451
42457
42460
42466
42472
42476
42480
42486
42489
42495
42501
42504
42506
42510
42516
42519
42525
42529
42531
42534
42537
42539
42545
42549
42554
42558
42560
42563
42566
42569
42572
42575
42579
42582
42584
42589
42592
42594
42598
42601
42604
42607
42613
42620
42623
42626
42628
42631
42634
42637
42640
42643
42649
42653
42655
42657
42660
42663
42669
42673
42679
42682
42685
42688
42694
42698
42703
42706
42708
42712
42717
42726
42728
42732
42738
42741
42744
42747
42751
42753
42755
42758
42762
42768
42771
42776
42780
42782
42785
42791
42797
42801
42803
42806
42812
42816
42821
42827
42830
42835
42841
42846
42850
42856
42859
42862
42865
42870
42873
42875
42878
42880
42884
42887
42889
42894
42897
42900
42903
42906
42909
42913
42915
42919
42924
42927
42930
42934
42939
42943
42946
42949
42953
42959
42962
42965
42968
42975
42977
42983
42989
42992
42995
42999
43002
43005
43008
43013
43018
43021
43024
43028
43034
43037
43040
43043
43048
43052
43054
43058
43061
43064
43067
43072
43078
43081
43083
43087
43093
43096
43099
43102
43108
43111
43117
43123
43127
43131
43137
43139
43142
43146
43152
43155
43158
43161
43164
43167
43171
43176
43182
43185
43190
43193
43196
43200
43205
43209
43211
43214
43217
43220
43223
43226
43229
43235
43241
43245
43249
43255
43258
43260
43262
43264
43268
43271
43274
43279
43283
43285
43288
43291
43294
43297
43301
43304
43308
43312
43314
43318
43320
43323
43327
43330
43333
43339
43345
43347
43349
43354
43359
43363
43368
43372
43375
43377
43379
43383
43389
43392
43395
43398
43401
43404
43407
43409
43413
43419
43422
43424
43427
43433
43436
43442
43448
43451
43454
43457
43463
43466
43468
43472
43478
43481
43486
43492
43494
43501
43505
43507
43510
43513
43516
43519
43522
43524
43526
43531
43534
43537
43539
43542
43545
43551
43555
43560
43564
43567
43570
43572
43575
43581
43584
43586
43590
43593
43597
43600
43604
43610
43613
43619
43626
43629
43635
43641
43643
43650
43655
43659
43664
43668
43670
43672
43675
43679
43685
43688
43691
43694
43703
43705
43709
43715
43718
43720
43723
43729
43732
43734
43738
43744
43747
43750
43753
43759
43762
43768
43774
43777
43782
43785
43788
43790
43797
43803
43806
43812
43815
43818
43821
43823
43827
43831
43833
43836
43838
43841
43844
43847
43849
43851
43854
43856
43862
43865
43868
43871
43877
43881
43886
43892
43895
43897
43900
43906
43909
43911
43913
43915
43918
43922
43925
43930
43936
43939
43943
43945
43949
43952
43954
43960
43966
43968
43975
43980
43984
43990
43994
43996
43998
44001
44005
44007
44010
44013
44019
44025
44030
44034
44040
44043
44049
44055
44060
44064
44070
44073
44075
44078
44084
44087
44089
44093
44099
44102
44105
44108
44114
44118
44123
44129
44132
44137
44140
44143
44145
44147
44152
44155
44158
44161
44167
44173
44177
44182
44186
44188
44190
44193
44196
44202
44206
44209
44211
44221
44223
44226
44232
44235
44237
44239
44241
44244
44246
44248
44250
44255
44261
44264
44268
44270
44274
44277
44280
44286
44292
44294
44297
44301
44306
44309
44315
44319
44321
44326
44330
44332
44336
44339
44342
44345
44351
44354
44356
44360
44366
44368
44371
44374
44380
44383
44385
44389
44395
44398
44404
44407
44410
44413
44419
44423
44425
44428
44430
44433
44439
44442
44448
44454
44457
44460
44463
44466
44469
44471
44474
44478
44482
44484
44486
44489
44492
44495
44498
44502
44507
44513
44516
44519
44522
44528
44531
44535
44537
44542
44546
44548
44551
44557
44561
44564
44566
44569
44571
44573
44576
44581
44587
44590
44594
44596
44600
44603
44608
44610
44616
44619
44622
44626
44631
44635
44641
44645
44647
44652
44656
44662
44664
44667
44670
44679
44681
44685
44691
44694
44697
44700
44706
44709
44711
44715
44721
44723
44729
44735
44737
44739
44744
44750
44754
44759
44765
44767
44769
44774
44780
44782
44785
44788
44794
44796
44798
44801
44803
44809
44813
44815
44818
44821
44824
44828
44833
44839
44842
44847
44850
44853
44857
44859
44862
44866
44868
44872
44877
44883
44887
44892
44898
44901
44906
44912
44915
44918
44921
44924
44928
44931
44936
44942
44945
44948
44952
44957
44960
44963
44966
44970
44972
44977
44981
44987
44990
44993
44996
45000
45002
45007
45011
45016
45019
45025
45031
45034
45036
45040
45046
45049
45052
45055
45058
45061
45066
45070
45076
45078
45084
45090
45094
45099
45105
45109
45114
45117
45120
45122
45124
45129
45133
45135
45137
45140
45143
45146
45149
45153
45158
45162
45164
45166
45168
45170
45173
45176
45179
45182
45186
45188
45192
45194
45197
45202
45208
45211
45215
45217
45220
45224
45227
45230
45232
45238
45241
45244
45247
45253
45256
45262
45268
45271
45273
45277
45282
45286
45289
45292
45296
45303
45307
45312
45315
45321
45325
45327
45330
45336
45342
45345
45348
45351
45357
45360
45362
45366
45371
45374
45380
45386
45388
45390
45395
45401
45404
45410
45416
45420
45425
45430
45433
45439
45442
45445
45449
45454
45458
45460
45464
45466
45469
45472
45475
45479
45484
45489
45495
45498
45504
45507
45511
45513
45520
45523
45528
45534
45537
45541
45543
45549
45552
45557
45563
45566
45569
45572
45576
45579
45581
45585
45588
45594
45596
45599
45603
45605
45608
45611
45617
45621
45623
45628
45632
45638
45641
45644
45647
45651
45653
45658
45662
45667
45670
45673
45676
45682
45685
45687
45691
45697
45700
45706
45712
45714
45716
45721
45726
45729
45732
45735
45738
45741
45743
45746
45750
45756
45759
45765
45768
45770
45774
45780
45785
45788
45791
45794
45797
45800
45804
45807
45809
45814
45818
45821
45824
45830
45833
45837
45839
45842
45848
45853
45859
45862
45864
45866
45868
45871
45875
45878
45883
45889
45892
45895
45898
45904
45907
45913
45919
45921
45924
45928
45934
45936
45940
45943
45947
45949
45954
45958
45963
45966
45972
45975
45978
45981
45983
45987
45993
45996
45999
46002
46008
46011
46013
46017
46022
46025
46031
46037
46039
46041
46046
46049
46052
46055
46058
46061
46064
46067
46070
46076
46081
46084
46087
46090
46093
46095
46098
46100
46105
46111
46113
46117
46120
46123
46126
46129
46133
46135
46140
46142
46146
46149
46155
46158
46162
46164
46169
46171
46174
46179
46185
46192
46194
46200
46203
46208
46212
46214
46217
46221
46223
46229
46232
46236
46239
46243
46245
46247
46253
46256
46259
46262
46265
46268
46272
46274
46276
46279
46283
46289
46292
46295
46298
46304
46307
46309
46313
46318
46321
46324
46327
46333
46336
46339
46342
46348
46351
46354
46357
46360
46363
46367
46369
46372
46375
46377
46380
46383
46386
46392
46394
46396
46401
46407
46410
46413
46416
46419
46422
46426
46431
46436
46440
46442
46445
46448
46451
46455
46460
46465
46470
46472
46475
46481
46484
46488
46490
46494
46496
46499
46504
46508
46510
46513
46519
46522
46526
46529
46532
46534
46540
46543
46549
46555
46557
46559
46564
46569
46572
46575
46579
46585
46588
46594
46598
46600
46605
46609
46614
46617
46620
46623
46629
46634
46638
46644
46647
46650
46653
46659
46662
46668
46673
46676
46682
46685
46688
46690
46692
46697
46703
46707
46709
46712
46715
46718
46720
46722
46727
46730
46732
46735
46738
46741
46744
46746
46751
46756
46762
46766
46768
46771
46777
46781
46786
46791
46793
46795
46797
46800
46806
46809
46813
46815
46825
46830
46834
46836
46839
46843
46845
46848
46851
46854
46859
46863
46865
46868
46871
46874
46880
46884
46890
46896
46898
46901
46904
46907
46910
46913
46916
46919
46923
46928
46930
46934
46940
46943
46946
46949
46953
46955
46959
46963
46969
46972
46975
46978
46984
46988
46993
46999
47002
47008
47014
47016
47019
47022
47028
47031
47034
47037
47043
47045
47050
47052
47056
47058
47061
47064
47067
47072
47076
47080
47082
47085
47087
47090
47093
47096
47099
47102
47105
47109
47111
47115
47117
47119
47121
47126
47129
47132
47135
47137
47139
47141
47143
47145
47148
47150
47153
47155
47161
47165
47167
47170
47173
47175
47177
47180
47185
47189
47191
47194
47200
47203
47206
47209
47215
47220
47223
47226
47230
47236
47239
47242
47245
47249
47251
47254
47256
47259
47265
47268
47271
47274
47278
47280
47283
47285
47289
47295
47298
47304
47310
47313
47318
47324
47328
47333
47339
47341
47348
47354
47357
47360
47363
47369
47372
47377
47381
47383
47386
47389
47392
47395
47397
47401
47405
47407
47411
47413
47416
47419
47422
47425
47428
47432
47436
47440
47442
47446
47451
47454
47457
47461
47464
47466
47469
47472
47476
47481
47484
47487
47490
47493
47495
47498
47500
47502
47505
47510
47516
47519
47522
47526
47532
47535
47541
47547
47552
47555
47560
47564
47567
47570
47574
47576
47579
47582
47585
47591
47594
47597
47600
47604
47606
47611
47614
47620
47623
47626
47629
47635
47638
47644
47650
47654
47656
47659
47665
47669
47673
47679
47682
47688
47691
47694
47696
47699
47703
47709
47712
47715
47718
47721
47723
47727
47732
47736
47738
47744
47747
47750
47753
47756
47760
47762
47768
47772
47777
47780
47783
47787
47791
47794
47798
47801
47806
47812
47815
47818
47821
47828
47830
47836
47842
47845
47851
47857
47860
47863
47866
47871
47876
47881
47884
47887
47890
47893
47896
47900
47903
47905
47907
47910
47916
47919
47922
47925
47931
47934
47936
47940
47946
47949
47952
47955
47961
47965
47969
47975
47978
47984
47990
47992
47994
47999
48005
48008
48011
48014
48020
48028
48032
48034
48037
48040
48043
48046
48049
48053
48058
48062
48064
48066
48070
48073
48079
48083
48087
48091
48097
48102
48108
48111
48117
48124
48127
48132
48138
48141
48146
48153
48156
48159
48161
48167
48170
48173
48177
48180
48182
48186
48189
48192
48196
48198
48202
48206
48211
48215
48218
48221
48228
48230
48236
48242
48245
48248
48251
48257
48260
48265
48271
48274
48280
48286
48290
48295
48301
48304
48310
48316
48320
48324
48330
48333
48335
48339
48345
48347
48349
48354
48358
48360
48363
48366
48369
48372
48374
48381
48383
48387
48389
48391
48393
48398
48401
48404
48408
48411
48413
48418
48423
48428
48431
48434
48438
48442
48449
48452
48457
48463
48466
48469
48472
48479
48481
48488
48493
48498
48501
48504
48508
48511
48514
48517
48526
48528
48532
48537
48541
48544
48547
48552
48556
48561
48566
48570
48576
48580
48582
48585
48591
48593
48597
48601
48606
48612
48616
48620
48626
48629
48632
48635
48641
48643
48645
48647
48650
48656
48659
48665
48671
48674
48676
48679
48685
48688
48690
48694
48700
48704
48709
48713
48715
48717
48719
48724
48730
48733
48735
48738
48742
48745
48748
48751
48753
48756
48759
48762
48766
48768
48772
48775
48778
48781
48783
48786
48789
48794
48797
48801
48804
48807
48813
48815
48818
48822
48824
48828
48834
48837
48840
48843
48847
48849
48853
48857
48860
48862
48867
48872
48878
48882
48887
48893
48896
48899
48902
48908
48912
48916
48919
48922
48926
48931
48935
48937
48939
48941
48946
48952
48955
48961
48967
48970
48975
48981
48984
48990
48996
49000
49002
49005
49011
49015
49018
49020
49026
49029
49034
49040
49044
49047
49049
49054
49058
49064
49068
49070
49074
49079
49085
49089
49093
49100
49103
49108
49114
49118
49120
49123
49127
49130
49133
49139
49144
49147
49153
49156
49159
49162
49168
49170
49173
49178
49183
49188
49192
49194
49198
49200
49204
49207
49209
49212
49218
49221
49227
49229
49233
49235
49237
49242
49245
49248
49251
49255
49257
49263
49265
49271
49277
49280
49286
49292
49294
49296
49298
49301
49307
49311
49316
49322
49324
49327
49330
49336
49340
49343
49345
49351
49354
49357
49360
49366
49370
49375
49381
49383
49389
49395
49399
49404
49410
49413
49416
49419
49426
49428
49435
49440
49443
49448
49455
49458
49464
49466
49469
49473
49479
49482
49485
49488
49494
49496
49499
49502
49505
49508
49514
49517
49523
49525
49529
49533
49538
49543
49547
49553
49555
49557
49561
49567
49570
49573
49577
49582
49584
49588
49591
49594
49597
49600
49603
49607
49612
49614
49619
49621
49623
49626
49631
49636
49641
49645
49647
49650
49653
49656
49659
49662
49666
49669
49671
49676
49680
49685
49691
49695
49700
49705
49709
49715
49721
49725
49730
49736
49740
49744
49751
49754
49759
49765
49770
49774
49781
49784
49790
49795
49798
49801
49804
49810
49813
49819
49821
49824
49829
49834
49840
49843
49849
49851
49853
49856
49858
49863
49866
49869
49872
49876
49878
49880
49884
49886
49893
49899
49902
49908
49915
49917
49919
49922
49925
49928
49932
49937
49941
49943
49947
49952
49958
49962
49967
49976
49981
49987
49991
49996
50001
50005
50011
50017
50021
50026
50031
50034
50037
50040
50043
50046
50050
50055
50061
50065
50068
50070
50077
50079
50086
50090
50094
50099
50101
50105
50107
50109
50111
50114
50117
50120
50124
50126
50130
50135
50138
50141
50145
50147
50150
50153
50159
50165
50168
50172
50174
50178
50182
50184
50189
50195
50199
50204
50206
50209
50211
50215
50218
50224
50228
50230
50233
50236
50239
50242
50245
50248
50251
50253
50258
50263
50268
50271
50277
50283
50287
50292
50298
50301
50307
50311
50313
50315
50317
50322
50324
50328
50331
50336
50341
50344
50346
50351
50357
50360
50366
50370
50372
50376
50382
50386
50391
50396
50402
50405
50411
50416
50420
50426
50429
50432
50435
50441
50445
50449
50452
50455
50461
50464
50470
50472
50476
50478
50485
50488
50491
50494
50498
50500
50507
50510
50512
50514
50517
50520
50525
50528
50531
50535
50538
50541
50544
50547
50550
50554
50559
50564
50567
50570
50573
50579
50583
50586
50588
50594
50597
50600
50603
50609
50613
50618
50623
50626
50632
50638
50642
50647
50653
50656
50662
50668
50672
50677
50682
50687
50689
50691
50698
50701
50707
50712
50716
50722
50728
50731
50737
50741
50745
50751
50756
50760
50766
50772
50776
50781
50786
50790
50796
50798
50801
50803
50805
50810
50816
50819
50825
50827
50831
50833
50840
50846
50849
50855
50860
50862
50866
50869
50878
50884
50890
50893
50896
50899
50905
50909
50914
50919
50922
50928
50935
50938
50943
50948
50952
50958
50964
50968
50973
50978
50984
50987
50993
50997
51002
51008
51012
51018
51024
51027
51033
51037
51041
51044
51047
51050
51053
51056
51062
51067
51071
51077
51083
51086
51092
51098
51101
51106
51112
51115
51121
51123
51127
51130
51136
51139
51142
51146
51151
51156
51159
51165
51171
51175
51180
51186
51189
51195
51201
51205
51210
51213
51215
51218
51221
51224
51227
51230
51234
51239
51245
51248
51251
51254
51260
51264
51269
51274
51277
51280
51283
51289
51293
51298
51304
51308
51310
51313
51319
51323
51328
51333
51338
51340
51343
51347
51349
51352
51358
51360
51363
51367
51369
51373
51379
51382
51388
51392
51397
51402
51408
51411
51417
51423
51425
51427
51432
51436
51438
51441
51447
51450
51452
51455
51461
51467
51471
51476
51478
51482
51484
51488
51491
51494
51497
51500
51506
51511
51514
51517
51520
51526
51528
51530
51535
51541
51544
51550
51556
51560
51565
51571
51573
51579
51582
51585
51589
51594
51600
51604
51609
51613
51615
51619
51624
51626
51629
51633
51638
51645
51648
51654
51656
51659
51664
51669
51672
51675
51678
51683
51685
51689
51693
51695
51698
51702
51704
51707
51709
51713
51715
51719
51723
51728
51734
51737
51742
51748
51750
51752
51757
51763
51767
51772
51774
51778
51781
51784
51787
51790
51793
51797
51800
51802
51804
51807
51812
51816
51823
51826
51831
51833
51837
51840
51843
51846
51852
51856
51861
51866
51869
51875
51881
51885
51890
51896
51899
51902
51905
51911
51915
51920
51925
51928
51934
51940
51944
51949
51953
51955
51959
51965
51969
51971
51974
51979
51984
51988
51994
51997
52000
52003
52009
52011
52015
52018
52024
52030
52033
52038
52040
52044
52047
52053
52056
52059
52062
52068
52074
52078
52083
52089
52093
52097
52103
52106
52112
52118
52122
52125
52127
52131
52133
52136
52142
52148
52152
52156
52162
52165
52171
52177
52181
52184
52186
52191
52195
52198
52201
52207
52211
52215
52221
52224
52230
52236
52240
52245
52251
52255
52260
52267
52270
52275
52280
52284
52287
52290
52293
52296
52299
52305
52310
52315
52320
52326
52329
52334
52336
52340
52349
52354
52358
52360
52364
52366
52370
52372
52374
52379
52382
52385
52388
52393
52399
52403
52408
52414
52418
52423
52429
52432
52438
52444
52449
52452
52458
52461
52467
52473
52477
52482
52488
52491
52494
52497
52503
52505
52511
52516
52518
52520
52523
52526
52530
52532
52536
52539
52541
52547
52550
52553
52556
52562
52565
52570
52573
52576
52580
52582
52585
52588
52592
52595
52601
52603
52606
52611
52616
52619
52622
52625
52630
52632
52634
52636
52638
52640
52645
52650
52654
52657
52660
52666
52670
52675
52677
52680
52684
52689
52695
52698
52701
52704
52710
52713
52719
52725
52728
52734
52738
52740
52743
52748
52754
52756
52760
52763
52769
52773
52778
52784
52787
52790
52793
52799
52803
52807
52812
52816
52819
52822
52828
52832
52837
52843
52846
52852
52856
52858
52862
52864
52866
52872
52875
52878
52881
52885
52888
52890
52896
52899
52902
52906
52911
52915
52918
52921
52923
52926
52928
52931
52935
52937
52941
52947
52950
52956
52958
52962
52965
52971
52977
52980
52985
52991
52995
53000
53003
53005
53009
53012
53015
53019
53021
53023
53025
53030
53036
53039
53044
53050
53052
53054
53059
53065
53068
53074
53080
53083
53089
53095
53099
53103
53108
53112
53118
53124
53128
53131
53133
53139
53143
53145
53148
53152
53154
53162
53168
53171
53174
53177
53183
53187
53190
53192
53195
53198
53201
53204
53207
53211
53214
53216
53219
53222
53224
53227
53231