None
11081
22161
33242
44323
55403
66484
77564
88645
99726
110806
121887
132968
144048
155129
166210
177290
188371
199451
210532
221613
232693
243774
254855
265935
277016
288096
299177
310259
321339
332420
343501
354581
365662
376742
387823
398904
409984
421065
432146
443226
454307
465387
476468
487549
498629
509710
520791
531871
542952
554032
565113
576194
587274
598355
609436
620517
631597
642678
653758
664839
675920
687000
698081
709162
720242
731323
742403
753484
764565
775645
786726
797806
808887
819968
831049
842131
853210
864291
875371
886451
897532
908613
919693
930775
941855
952935
964016
975097
986177
997258
1008339
1019419
1030500
1041581
1052662
1063742
1074823
1085903
1096984
1108065
1119145
1130226
1141306
1152387
1163468
1174548
1185629
1196709
1207790
1218871
1229951
1241033
1252113
1263193
1274274
1285354
1296435
1307516
1318596
1329677
1340758
1351838
1362919
1374000
1385080
1396161
1407241
1418322
1429403
1440484
1451564
1462645
1473725
1484806
1495887
1506967
1518048
1529128
1540209
1551290
1562371
1573451
1584532
1595612
1606693
1617774
1628854
1639935
1651015
1662096
1673177
1684257
1695338
1706419
1717499
1728580
1739661
1750741
1761822
1772902
1783983
1795064
1806145
1817225
1828306
1839388
1850467
1861548
1872628
1883709
1894789
1905871
1916951
1928031
1939112
1950193
1961273
1972354
1983435
1994515
2005596
2016676
2027757
2038838
2049919
2060999
2072080
2083160
2094241
2105322
2116402
2127483
2138564
2149644
2160725
2171806
2182886
2193967
2205047
2216128
2227209
2238289
2249370
2260450
2271531
2282612
2293692
2304773
2315854
2326934
2338015
2349095
2360176
2371257
2382337
2393418
2404499
2415579
2426660
2437741
2448822
2459902
2470983
2482063
2493144
2504225
2515305
2526386
2537466
2548547
2559627
2570708
2581789
2592870
2603950
2615031
2626112
2637192
2648273
2659353
2670434
2681515
2692595
2703676
2714756
2725837
2736918
2747998
2759079
2770160
2781241
2792321
2803402
2814482
2825563
2836645
2847724
2858805
2869885
2880966
2892047
2903127
2914208
2925288
2936369
2947450
2958530
2969611
2980692
2991772
3002853
3013933
3025014
3036095
3047175
3058256
3069337
3080417
3091498
3102579
3113659
3124740
3135821
3146901
3157982
3169063
3180143
3191224
3202305
3213385
3224466
3235546
3246627
3257708
3268788
3279869
3290950
3302030
3313111
3324191
3335272
3346352
3357433
3368514
3379594
3390675
3401756
3412836
3423917
3434998
3446079
3457159
3468240
3479320
3490401
3501484
3512562
3523643
3534723
3545804
3556885
3567966
3579046
3590127
3601208
3612288
3623369
3634449
3645530
3656611
3667691
3678772
3689852
3700935
3712014
3723094
3734175
3745255
3756336
3767417
3778497
3789578
3800659
3811739
3822820
3833903
3844982
3856062
3867143
3878223
3889304
3900384
3911465
3922546
3933626
3944707
3955788
3966868
3977949
3989029
4000110
4011191
4022271
4033352
4044433
4055514
4066594
4077675
4088755
4099836
4110917
4121997
4133078
4144159
4155239
4166321
4177400
4188481
4199562
4210642
4221723
4232804
4243885
4254965
4266046
4277126
4288207
4299287
4310368
4321449
4332530
4343610
4354691
4365771
4376852
4387933
4399013
4410093
4421175
4432255
4443336
4454416
4465497
4476577
4487658
4498739
4509819
4520900
4531981
4543061
4554142
4565222
4576303
4587384
4598465
4609545
4620626
4631707
4642787
4653868
4664949
4676029
4687110
4698190
4709271
4720352
4731432
4742513
4753593
4764674
4775754
4786835
4797916
4808996
4820077
4831158
4842239
4853319
4864400
4875480
4886561
4897642
4908722
4919803
4930884
4941964
4953045
4964125
4975206
4986287
4997368
5008448
5019529
5030609
5041690
5052770
5063851
5074932
5086013
5097093
5108174
5119254
5130335
5141416
5152496
5163577
5174657
5185738
5196819
5207899
5218980
5230061
5241141
5252222
5263302
5274383
5285464
5296544
5307625
5318706
5329787
5340867
5351948
5363028
5374109
5385190
5396270
5407351
5418432
5429512
5440593
5451674
5462754
5473835
5484915
5495996
5507076
5518157
5529238
5540318
5551399
5562480
5573560
5584641
5595722
5606802
5617883
5628964
5640044
5651125
5662206
5673286
5684367
5695447
5706528
5717609
5728689
5739770
5750850
5761931
5773012
5784092
5795173
5806254
5817334
5828417
5839496
5850576
5861657
5872737
5883818
5894899
5905979
5917060
5928141
5939221
5950302
5961383
5972463
5983544
5994625
6005705
6016786
6027867
6038947
6050028
6061108
6072189
6083269
6094350
6105431
6116512
6127592
6138673
6149753
6160834
6171914
6182995
6194076
6205156
6216238
6227318
6238399
6249479
6260560
6271640
6282721
6293801
6304882
6315963
6327044
6338124
6349205
6360285
6371366
6382447
6393527
6404608
6415689
6426769
6437850
6448930
6460011
6471092
6482173
6493253
6504333
6515414
6526495
6537576
6548656
6559737
6570818
6581898
6592979
6604059
6615140
6626221
6637301
6648382
6659463
6670543
6681624
6692704
6703785
6714866
6725946
6737027
6748108
6759188
6770269
6781350
6792430
6803511
6814591
6825674
6836754
6847833
6858914
6869994
6881075
6892156
6903236
6914317
6925398
6936478
6947559
6958640
6969720
6980801
6991882
7002962
7014043
7025124
7036205
7047285
7058366
7069446
7080527
7091607
7102688
7113768
7124849
7135930
7147010
7158091
7169172
7180252
7191334
7202414
7213494
7224575
7235656
7246736
7257817
7268897
7279978
7291061
7302139
7313220
7324301
7335381
7346462
7357543
7368623
7379704
7390785
7401865
7412946
7424026
7435107
7446188
7457268
7468349
7479429
7490510
7501591
7512671
7523752
7534832
7545913
7556994
7568075
7579155
7590236
7601316
7612397
7623478
7634558
7645639
7656720
7667800
7678881
7689962
7701042
7712123
7723203
7734284
7745365
7756446
7767526
7778607
7789687
7800768
7811849
7822931
7834010
7845090
7856172
7867252
7878332
7889413
7900494
7911574
7922655
7933736
7944816
7955897
7966977
7978058
7989139
8000219
8011300
8022381
8033461
8044542
8055622
8066703
8077784
8088865
8099945
8111026
8122106
8133187
8144268
8155348
8166429
8177510
8188590
8199671
8210752
8221833
8232913
8243993
8255074
8266156
8277235
8288316
8299396
8310477
8321560
8332638
8343719
8354800
8365880
8376961
8388042
8399122
8410203
8421284
8432365
8443445
8454525
8465606
8476687
8487768
8498848
8509928
8521009
8532090
8543171
8554251
8565332
8576412
8587493
8598573
8609654
8620735
8631816
8642896
8653977
8665057
8676138
8687219
8698299
8709380
8720461
8731541
8742622
8753703
8764783
8775864
8786944
8798025
8809105
8820187
8831268
8842348
8853428
8864509
8875589
8886670
8897751
8908831
8919912
8930994
8942073
8953154
8964234
8975315
8986396
8997476
9008557
9019638
9030719
9041799
9052880
9063960
9075041
9086122
9097202
9108283
9119364
9130444
9141525
9152606
9163686
9174766
9185847
9196928
9208008
9219089
9230170
9241251
9252331
9263412
9274493
9285573
9296653
9307734
9318815
9329895
9340976
9352057
9363137
9374218
9385299
9396379
9407460
9418541
9429622
9440702
9451783
9462863
9473944
9485025
9496105
9507186
9518266
9529347
9540428
9551508
9562589
9573669
9584750
9595831
9606911
9617992
9629073
9640153
9651235
9662314
9673395
9684476
9695556
9706637
9717718
9728798
9739879
9750960
9762040
9773121
9784202
9795282
9806363
9817444
9828524
9839604
