11081
22161
33242
44323
55403
66484
77564
88645
99725
110806
121887
132967
144048
155129
166209
177290
188371
199451
210532
221612
232693
243774
254854
265935
277016
288096
299177
310258
321338
332419
343500
354580
365661
376741
387822
398902
409983
421064
432145
443225
454306
465386
476467
487547
498628
509709
520790
531870
542951
554031
565112
576193
587273
598354
609435
620515
631596
642677
653757
664838
675919
686999
698080
709160
720241
731322
742402
753483
764565
775645
786726
797806
808887
819967
831048
842131
853210
864290
875371
886451
897532
908613
919693
930774
941854
952935
964016
975096
986177
997258
1008339
1019419
1030500
1041580
1052661
1063742
1074822
1085903
1096983
1108064
1119145
1130225
1141306
1152387
1163467
1174548
1185628
1196709
1207790
1218870
1229951
1241032
1252112
1263193
1274273
1285354
1296435
1307516
1318596
1329677
1340758
1351838
1362919
1374000
1385080
1396161
1407241
1418322
1429402
1440483
1451564
1462644
1473725
1484805
1495886
1506967
1518047
1529128
1540209
1551289
1562370
1573451
1584531
1595612
1606693
1617773
1628854
1639935
1651015
1662096
1673177
1684257
1695338
1706418
1717499
1728580
1739660
1750741
1761821
1772902
1783983
1795063
1806144
1817224
1828305
1839388
1850467
1861547
1872628
1883709
1894789
1905870
1916950
1928031
1939112
1950192
1961273
1972354
1983434
1994515
2005596
2016676
2027757
2038838
2049918
2060998
2072079
2083160
2094241
2105321
2116402
2127482
2138563
2149644
2160724
2171805
2182885
2193967
2205047
2216127
2227208
2238289
2249369
2260450
2271531
2282611
2293692
2304772
2315853
2326934
2338015
2349095
2360176
2371256
2382337
2393418
2404498
2415579
2426660
2437740
2448821
2459901
2470982
2482062
2493143
2504225
2515305
2526385
2537466
2548546
2559627
2570708
2581788
2592869
2603951
2615030
2626111
2637192
2648272
2659353
2670434
2681514
2692595
2703676
2714756
2725837
2736917
2747998
2759079
2770159
2781240
2792320
2803401
2814482
2825562
2836645
2847723
2858804
2869885
2880965
2892046
2903127
2914207
2925288
2936369
2947449
2958530
2969611
2980691
2991772
3002853
3013933
3025014
3036094
3047175
3058256
3069336
3080417
3091497
3102578
3113659
3124740
3135820
3146900
3157981
3169064
3180143
3191223
3202304
3213384
3224465
3235546
3246626
3257707
3268788
3279868
3290949
3302029
3313110
3324191
3335272
3346352
3357433
3368514
3379594
3390675
3401755
3412836
3423917
3434997
3446078
3457159
3468239
3479319
3490400
3501481
3512561
3523642
3534723
3545803
3556884
3567965
3579046
3590126
3601207
3612287
3623368
3634449
3645529
3656610
3667691
3678771
3689852
3700932
3712013
3723094
3734174
3745255
3756336
3767416
3778497
3789577
3800658
3811739
3822819
3833902
3844981
3856061
3867142
3878222
3889303
3900384
3911465
3922545
3933626
3944706
3955787
3966868
3977948
3989029
4000110
4011190
4022271
4033352
4044432
4055513
4066593
4077674
4088755
4099835
4110916
4121996
4133077
4144158
4155238
4166319
4177400
4188481
4199561
4210641
4221722
4232803
4243883
4254964
4266045
4277125
4288206
4299287
4310367
4321448
4332529
4343609
4354690
4365770
4376851
4387932
4399013
4410093
4421174
4432254
4443335
4454416
4465496
4476577
4487657
4498738
4509819
4520899
4531980
4543060
4554141
4565222
4576302
4587383
4598464
4609544
4620625
4631706
4642786
4653867
4664948
4676028
4687109
4698189
4709270
4720351
4731431
4742512
4753592
4764673
4775754
4786835
4797915
4808996
4820076
4831159
4842238
4853318
4864399
4875479
4886560
4897641
4908722
4919802
4930883
4941963
4953044
4964125
4975205
4986286
4997367
5008447
5019528
5030608
5041689
5052770
5063850
5074931
5086011
5097092
5108173
5119254
5130334
5141415
5152495
5163576
5174656
5185737
5196818
5207898
5218979
5230060
5241141
5252221
5263302
5274382
5285463
5296544
5307624
5318705
5329786
5340866
5351947
5363027
5374108
5385189
5396269
5407350
5418431
5429512
5440592
5451672
5462753
5473834
5484915
5495995
5507075
5518156
5529238
5540317
5551398
5562479
5573560
5584640
5595721
5606801
5617882
5628963
5640044
5651124
5662205
5673285
5684366
5695446
5706527
5717607
5728688
5739769
5750850
5761930
5773011
5784091
5795172
5806253
5817333
5828416
5839495
5850575
5861656
5872736
5883817
5894898
5905978
5917059
5928140
5939220
5950301
5961381
5972462
5983543
5994624
6005704
6016785
6027866
6038946
6050027
6061107
6072188
6083268
6094349
6105430
6116511
6127591
6138672
6149753
6160833
6171913
6182994
6194075
6205155
6216236
6227317
6238398
6249478
6260559
6271639
6282720
6293800
6304881
6315962
6327043
6338123
6349204
6360284
6371365
6382446
6393526
6404607
6415687
6426768
6437849
6448930
6460010
6471091
6482171
6493252
6504333
6515413
6526494
6537574
6548655
6559736
6570816
6581897
6592978
6604058
6615139
6626220
6637300
6648381
6659463
6670542
6681623
6692703
6703784
6714865
6725945
6737026
6748106
6759187
6770268
6781348
6792429
6803510
6814590
6825673
6836752
6847832
6858913
6869993
6881074
6892155
6903236
6914316
6925397
6936477
6947558
6958639
6969719
6980800
6991881
7002961
7014042
7025122
7036203
7047283
7058364
7069445
7080526
7091606
7102687
7113767
7124848
7135929
7147009
7158090
7169171
7180251
7191332
7202412
7213493
7224575
7235655
7246735
7257816
7268896
7279977
7291058
7302138
7313219
7324300
7335380
7346461
7357541
7368622
7379703
7390783
7401864
7412944
7424025
7435106
7446187
7457267
7468347
7479429
7490509
7501589
7512670
7523751
7534831
7545912
7556993
7568073
7579154
7590235
7601315
7612396
7623477
7634557
7645638
7656719
7667799
7678880
7689960
7701041
7712122
7723202
7734283
7745363
7756444
7767525
7778605
7789686
7800767
7811847
7822929
7834009
7845089
7856170
7867250
7878331
7889412
7900492
7911573
7922654
7933734
7944815
7955896
7966976
7978057
7989138
8000218
8011299
8022379
8033460
8044541
8055621
8066702
8077782
8088863
8099944
8111025
8122105
8133186
8144267
8155347
8166427
8177508
8188589
8199669
8210750
8221831
8232912
8243992
8255073
8266153
8277234
8288314
8299395
8310476
8321557
8332637
8343718
8354798
8365879
8376960
8388040
8399121
8410202
8421282
8432363
8443443
8454524
8465605
8476685
8487766
8498846
8509927
8521008
8532088
8543169
8554250
8565330
8576411
8587492
8598572
8609653
8620734
8631814
8642895
8653976
8665056
8676137
8687217
8698298
8709378
8720459
8731540
8742621
8753701
8764782
8775862
8786943
8798023
8809104
8820187
8831266
8842346
8853427
8864507
8875588
8886669
8897749
8908830
8919911
8930991
8942072
8953153
8964233
8975314
8986395
8997475
9008556
9019637
9030718
9041797
9052878
9063959
9075040
9086120
9097201
9108281
9119363
9130442
9141523
9152604
9163685
9174765
9185846
9196926
9208007
9219088
9230169
9241249
9252329
9263410
9274491
9285572
9296652
9307733
9318814
9329894
9340975
9352055
9363136
9374217
9385297
9396378
9407458
9418539
9429620
9440700
9451781
9462862
9473942
9485023
9496103
9507184
9518265
9529345
9540426
9551507
9562587
9573668
9584749
9595829
9606910
9617991
9629071
9640152
9651233
9662313
9673394
9684474
9695555
9706635
9717716
9728797
9739877
9750958
9762039
9773119
9784200
9795280
9806361
9817444
9828523
9839603
