11080
22161
33241
44322
55402
66483
77564
88644
99725
110806
121886
132967
144047
155128
166209
177291
188370
199451
210531
221612
232693
243773
254854
265934
277015
288096
299176
310257
321338
332418
343500
354579
365660
376741
387821
398902
409983
421063
432144
443225
454305
465386
476467
487547
498628
509709
520789
531870
542951
554031
565111
576192
587273
598353
609434
620515
631595
642676
653757
664837
675918
686998
698079
709160
720240
731321
742401
753482
764563
775644
786724
797804
808885
819966
831047
842128
853208
864288
875369
886450
897530
908611
919692
930772
941853
952933
964014
975095
986176
997256
1008337
1019417
1030498
1041578
1052660
1063740
1074820
1085901
1096982
1108062
1119143
1130224
1141304
1152385
1163465
1174547
1185628
1196707
1207788
1218869
1229949
1241030
1252111
1263191
1274272
1285353
1296433
1307514
1318594
1329675
1340756
1351836
1362917
1373998
1385078
1396159
1407239
1418320
1429400
1440481
1451562
1462642
1473723
1484804
1495884
1506966
1518046
1529126
1540207
1551288
1562368
1573450
1584530
1595610
1606691
1617771
1628852
1639933
1651013
1662094
1673175
1684255
1695336
1706417
1717497
1728577
1739658
1750739
1761820
1772900
1783981
1795061
1806142
1817223
1828303
1839384
1850464
1861545
1872626
1883707
1894787
1905868
1916948
1928029
1939110
1950190
1961271
1972352
1983433
1994513
2005594
2016674
2027754
2038836
2049916
2060996
2072077
2083158
2094238
2105319
2116400
2127480
2138561
2149642
2160722
2171804
2182884
2193964
2205045
2216126
2227206
2238287
2249367
2260448
2271529
2282609
2293690
2304771
2315851
2326932
2338013
2349093
2360173
2371254
2382335
2393416
2404496
2415577
2426657
2437738
2448819
2459899
2470980
2482061
2493141
2504222
2515303
2526383
2537464
2548544
2559625
2570706
2581786
2592867
2603948
2615028
2626109
2637190
2648270
2659350
2670432
2681512
2692592
2703673
2714754
2725834
2736915
2747996
2759076
2770157
2781238
2792318
2803400
2814480
2825560
2836641
2847722
2858802
2869883
2880963
2892044
2903125
2914205
2925286
2936366
2947447
2958528
2969608
2980689
2991769
3002850
3013931
3025011
3036092
3047173
3058253
3069334
3080415
3091495
3102576
3113657
3124737
3135818
3146898
3157979
3169061
3180140
3191221
3202302
3213383
3224463
3235544
3246624
3257705
3268786
3279866
3290947
3302027
3313108
3324188
3335270
3346350
3357430
3368511
3379592
3390672
3401753
3412834
3423914
3434995
3446076
3457156
3468237
3479317
3490398
3501479
3512559
3523640
3534720
3545801
3556881
3567963
3579043
3590123
3601204
3612285
3623366
3634446
3645527
3656607
3667688
3678769
3689849
3700930
3712010
3723091
3734172
3745253
3756333
3767414
3778495
3789575
3800656
3811736
3822817
3833899
3844978
3856059
3867139
3878220
3889301
3900381
3911462
3922543
3933623
3944704
3955784
3966865
3977946
3989026
4000107
4011188
4022268
4033350
4044430
4055510
4066591
4077671
4088752
4099833
4110913
4121994
4133075
4144155
4155236
4166318
4177398
4188478
4199559
4210639
4221719
4232800
4243881
4254961
4266042
4277123
4288203
4299284
4310365
4321445
4332526
4343607
4354687
4365768
4376849
4387929
4399010
4410090
4421171
4432252
4443332
4454413
4465493
4476574
4487655
4498737
4509816
4520896
4531977
4543058
4554138
4565219
4576300
4587380
4598461
4609542
4620622
4631703
4642784
4653864
4664945
4676025
4687106
4698187
4709267
4720348
4731428
4742509
4753590
4764671
4775751
4786832
4797912
4808993
4820074
4831155
4842235
4853316
4864396
4875477
4886557
4897638
4908719
4919799
4930880
4941961
4953041
4964122
4975203
4986283
4997364
5008445
5019525
5030606
5041686
5052767
5063848
5074928
5086009
5097089
5108170
5119251
5130331
5141412
5152492
5163574
5174654
5185734
5196815
5207896
5218976
5230057
5241138
5252218
5263299
5274380
5285460
5296541
5307621
5318702
5329783
5340863
5351944
5363025
5374105
5385186
5396267
5407347
5418429
5429508
5440589
5451669
5462750
5473831
5484911
5495992
5507073
5518153
5529234
5540315
5551395
5562476
5573557
5584637
5595718
5606799
5617879
5628960
5640040
5651121
5662202
5673283
5684363
5695443
5706524
5717605
5728686
5739766
5750847
5761927
5773008
5784088
5795169
5806250
5817330
5828412
5839492
5850572
5861653
5872734
5883814
5894895
5905976
5917056
5928137
5939217
5950298
5961379
5972459
5983540
5994621
6005701
6016782
6027862
6038943
6050024
6061104
6072185
6083265
6094346
6105427
6116507
6127588
6138669
6149749
6160831
6171911
6182991
6194072
6205153
6216233
6227314
6238394
6249475
6260556
6271636
6282717
6293797
6304878
6315959
6327040
6338120
6349201
6360281
6371362
6382442
6393523
6404604
6415684
6426765
6437846
6448926
6460007
6471088
6482168
6493249
6504330
6515410
6526491
6537571
6548652
6559733
6570813
6581894
6592975
6604055
6615136
6626217
6637297
6648378
6659459
6670539
6681619
6692700
6703781
6714861
6725942
6737023
6748103
6759184
6770265
6781345
6792426
6803507
6814587
6825668
6836748
6847829
6858910
6869990
6881071
6892152
6903233
6914313
6925393
6936474
6947555
6958635
6969717
6980797
6991877
7002958
7014038
7025119
7036200
7047280
7058361
7069442
7080522
7091603
7102684
7113764
7124845
7135926
7147006
7158088
7169168
7180248
7191329
7202409
7213490
7224570
7235651
7246732
7257812
7268893
7279974
7291054
7302135
7313216
7324297
7335377
7346457
7357538
7368619
7379699
7390780
7401861
7412941
7424022
7435103
7446183
7457264
7468344
7479425
7490506
7501586
7512667
7523748
7534828
7545909
7556990
7568070
7579151
7590231
7601312
7612392
7623474
7634554
7645634
7656715
7667796
7678876
7689957
7701038
7712118
7723199
7734280
7745360
7756441
7767522
7778602
7789683
7800763
7811844
7822925
7834005
7845086
7856166
7867247
7878328
7889408
7900489
7911570
7922650
7933731
7944811
7955892
7966973
7978053
7989134
8000215
8011295
8022376
8033457
8044537
8055618
8066699
8077779
8088860
8099941
8111021
8122102
8133182
8144263
8155345
8166424
8177504
8188586
8199666
8210747
8221827
8232908
8243988
8255069
8266150
8277230
8288311
8299392
8310472
8321553
8332634
8343714
8354795
8365876
8376956
8388037
8399117
8410198
8421279
8432359
8443440
8454520
8465601
8476682
8487763
8498843
8509924
8521004
8532085
8543166
8554246
8565327
8576407
8587488
8598569
8609649
8620730
8631811
8642891
8653973
8665053
8676133
8687214
8698294
8709375
8720456
8731536
8742617
8753698
8764779
8775859
8786939
8798020
8809101
8820182
8831262
8842342
8853423
8864504
8875584
8886665
8897746
8908826
8919907
8930988
8942068
8953149
8964230
8975310
8986391
8997471
9008552
9019633
9030713
9041794
9052875
9063955
9075036
9086117
9097197
9108278
9119358
9130439
9141520
9152601
9163682
9174761
9185842
9196923
9208003
9219084
9230165
9241245
9252326
9263407
9274487
9285568
9296649
9307729
9318810
9329890
9340971
9352052
9363133
9374213
9385293
9396374
9407454
9418535
9429616
9440697
9451777
9462858
9473938
9485020
9496100
9507180
9518261
9529342
9540422
9551503
9562584
9573664
9584745
9595826
9606906
9617987
9629067
9640148
9651229
9662309
9673390
9684470
9695551
9706632
9717712
9728793
9739873
9750954
9762035
9773116
9784196
9795277
9806357
9817438
9828519
9839599
9850680
9861761
9872841
9883922
9895003
9906083
9917164
9928244
9939325
9950406
9961486
9972567
9983649
