11080
22160
33241
44321
55402
66483
77563
88644
99725
110805
121886
132967
144047
155128
166208
177289
188370
199450
210531
221611
232692
243773
254853
265934
277015
288096
299176
310257
321338
332418
343499
354579
365660
376740
387821
398902
409982
421063
432144
443224
454305
465386
476466
487547
498627
509709
520789
531869
542950
554030
565112
576192
587272
598353
609433
620515
631595
642675
653756
664837
675918
686998
698079
709160
720240
731320
742401
753482
764563
775643
786724
797804
808885
819966
831046
842127
853207
864288
875369
886450
897530
908611
919691
930772
941852
952933
964014
975094
986175
997256
1008337
1019417
1030499
1041578
1052659
1063740
1074820
1085901
1096982
1108062
1119143
1130223
1141304
1152384
1163465
1174546
1185627
1196707
1207788
1218868
1229949
1241029
1252110
1263191
1274271
1285352
1296433
1307514
1318594
1329675
1340756
1351836
1362916
1373997
1385078
1396159
1407239
1418320
1429400
1440481
1451562
1462642
1473723
1484804
1495884
1506966
1518046
1529126
1540207
1551287
1562368
1573448
1584529
1595610
1606690
1617771
1628852
1639932
1651013
1662094
1673175
1684255
1695336
1706416
1717497
1728577
1739658
1750739
1761819
1772900
1783980
1795061
1806142
1817222
1828303
1839384
1850465
1861545
1872625
1883706
1894787
1905868
1916948
1928029
1939109
1950190
1961271
1972351
1983432
1994513
2005595
2016674
2027754
2038835
2049916
2060996
2072077
2083157
2094238
2105319
2116400
2127480
2138561
2149641
2160722
2171803
2182883
2193964
2205044
2216125
2227206
2238286
2249367
2260448
2271528
2282609
2293689
2304770
2315851
2326931
2338012
2349093
2360173
2371254
2382335
2393415
2404495
2415577
2426657
2437738
2448818
2459899
2470979
2482060
2493141
2504222
2515302
2526383
2537463
2548544
2559625
2570705
2581786
2592866
2603947
2615028
2626109
2637189
2648270
2659350
2670432
2681512
2692592
2703673
2714753
2725834
2736915
2747995
2759076
2770156
2781237
2792318
2803398
2814479
2825560
2836641
2847721
2858802
2869882
2880963
2892044
2903124
2914205
2925286
2936366
2947447
2958527
2969608
2980689
2991769
3002850
3013932
3025011
3036092
3047172
3058253
3069334
3080415
3091495
3102576
3113656
3124737
3135817
3146898
3157979
3169060
3180140
3191221
3202301
3213382
3224462
3235543
3246624
3257704
3268785
3279866
3290946
3302027
3313108
3324188
3335269
3346349
3357430
3368511
3379591
3390672
3401752
3412833
3423914
3434994
3446075
3457156
3468236
3479317
3490398
3501479
3512559
3523640
3534720
3545801
3556882
3567962
3579043
3590123
3601204
3612285
3623365
3634446
3645527
3656607
3667688
3678768
3689849
3700930
3712011
3723091
3734171
3745252
3756333
3767413
3778494
3789575
3800655
3811736
3822817
3833898
3844978
3856058
3867139
3878220
3889300
3900381
3911462
3922542
3933623
3944703
3955785
3966865
3977945
3989026
4000107
4011187
4022268
4033348
4044429
4055510
4066590
4077671
4088752
4099833
4110913
4121994
4133074
4144155
4155236
4166318
4177397
4188477
4199558
4210639
4221719
4232800
4243880
4254961
4266042
4277122
4288203
4299284
4310364
4321445
4332526
4343606
4354687
4365767
4376848
4387929
4399009
4410090
4421171
4432251
4443332
4454413
4465493
4476574
4487654
4498737
4509816
4520897
4531977
4543058
4554138
4565219
4576299
4587380
4598461
4609541
4620622
4631702
4642783
4653864
4664945
4676025
4687106
4698187
4709267
4720347
4731428
4742509
4753590
4764670
4775751
4786831
4797912
4808992
4820073
4831155
4842234
4853315
4864396
4875477
4886557
4897638
4908718
4919799
4930879
4941960
4953041
4964121
4975202
4986283
4997364
5008444
5019524
5030605
5041686
5052767
5063847
5074928
5086009
5097089
5108170
5119250
5130331
5141411
5152492
5163573
5174653
5185734
5196814
5207895
5218976
5230056
5241137
5252218
5263299
5274379
5285460
5296541
5307621
5318702
5329783
5340863
5351943
5363024
5374105
5385185
5396266
5407347
5418427
5429508
5440589
5451669
5462750
5473830
5484911
5495993
5507072
5518153
5529233
5540314
5551395
5562475
5573556
5584637
5595717
5606798
5617879
5628959
5640040
5651121
5662201
5673282
5684362
5695443
5706524
5717604
5728685
5739765
5750846
5761927
5773007
5784088
5795168
5806249
5817330
5828411
5839491
5850572
5861652
5872733
5883814
5894895
5905976
5917055
5928136
5939217
5950298
5961378
5972459
5983539
5994620
6005701
6016781
6027862
6038942
6050023
6061104
6072185
6083265
6094346
6105427
6116507
6127587
6138668
6149749
6160830
6171910
6182991
6194071
6205152
6216233
6227313
6238394
6249474
6260555
6271636
6282716
6293797
6304878
6315959
6327039
6338119
6349200
6360281
6371362
6382442
6393523
6404603
6415684
6426764
6437845
6448926
6460006
6471087
6482168
6493249
6504330
6515410
6526490
6537571
6548652
6559732
6570813
6581894
6592974
6604055
6615135
6626216
6637297
6648377
6659458
6670539
6681619
6692700
6703780
6714861
6725942
6737022
6748103
6759183
6770264
6781345
6792425
6803506
6814587
6825668
6836748
6847829
6858909
6869990
6881071
6892151
6903232
6914312
6925393
6936474
6947554
6958635
6969716
6980796
6991877
7002957
7014038
7025118
7036200
7047280
7058361
7069441
7080522
7091603
7102683
7113764
7124844
7135925
7147005
7158087
7169167
7180247
7191328
7202409
7213489
7224570
7235651
7246731
7257812
7268893
7279973
7291054
7302135
7313215
7324296
7335376
7346457
7357537
7368618
7379699
7390780
7401860
7412941
7424021
7435102
7446183
7457263
7468344
7479424
7490506
7501586
7512666
7523747
7534828
7545908
7556989
7568069
7579150
7590230
7601312
7612392
7623473
7634553
7645634
7656715
7667795
7678876
7689957
7701037
7712117
7723198
7734279
7745360
7756440
7767521
7778602
7789682
7800763
7811843
7822924
7834005
7845085
7856166
7867247
7878327
7889408
7900489
7911569
7922650
7933730
7944811
7955892
7966972
7978053
7989134
8000214
8011295
8022375
8033456
8044537
8055617
8066698
8077779
8088859
8099940
8111020
8122101
8133182
8144262
8155343
8166424
8177504
8188585
8199666
8210746
8221827
8232907
8243988
8255068
8266150
8277230
8288311
8299391
8310472
8321553
8332633
8343714
8354794
8365875
8376956
8388036
8399117
8410197
8421278
8432359
8443439
8454520
8465601
8476682
8487763
8498843
8509923
8521004
8532084
8543165
8554245
8565326
8576407
8587487
8598568
8609649
8620729
8631810
8642891
8653972
8665052
8676133
8687213
8698294
8709374
8720455
8731536
8742616
8753697
8764778
8775859
8786939
8798020
8809100
8820181
8831261
8842342
8853423
8864503
8875584
8886666
8897745
8908826
8919906
8930987
8942068
8953148
8964229
8975310
8986392
8997471
9008552
9019632
9030713
9041793
9052874
9063954
9075035
9086116
9097197
9108277
9119358
9130438
9141519
9152600
9163680
9174761
9185841
9196922
9208003
9219083
9230164
9241245
9252325
9263406
9274486
9285567
9296648
9307729
9318809
9329890
9340970
9352051
9363132
9374212
9385293
9396374
9407454
9418535
9429615
9440696
9451777
9462857
9473938
9485019
9496100
9507180
9518260
9529341
9540422
9551502
9562583
9573664
9584744
9595825
9606905
9617986
9629067
9640147
9651228
9662308
9673389
9684470
9695550
9706631
9717712
9728792
9739873
9750954
9762034
9773115
9784195
9795276
9806357
9817438
9828518
9839599
9850679
9861760
9872840
9883921
9895002
9906083
9917163
9928244
9939324
9950405
9961486
9972566
