11081
22161
33242
44323
132967
144048
155129
166209
177290
188371
199451
210532
299177
310258
321338
332419
343500
354580
365661
376741
465386
476467
487547
498628
509709
520790
531870
542951
631596
642677
653757
664838
675919
686999
698080
709160
797806
808887
819967
831048
842131
853210
864290
875371
964016
975096
986177
997258
1008339
1019419
1030500
1041580
1130225
1141306
1152387
1163467
1174548
1185628
1196709
1207790
1296435
1307516
1318596
1329677
1340758
1351838
1362919
1374000
1462644
1473725
1484805
1495886
1506967
1518047
1529128
1540209
1639935
1651015
1662096
1673177
1684257
1695338
1706418
1806144
1817224
1828305
1839388
1850467
1861547
1872628
1972354
1983434
1994515
2005596
2016676
2027757
2038838
2138563
2149644
2160724
2171805
2182885
2193967
2205047
2304772
2315853
2326934
2338015
2349095
2360176
2371256
2470982
2482062
2493143
2504225
2515305
2526385
2537466
2637192
2648272
2659353
2670434
2681514
2692595
2703676
2803401
2814482
2825562
2836645
2847723
2858804
2869885
2969611
2980691
2991772
3002853
3013933
3025014
3036094
3135820
3146900
3157981
3169064
3180143
3191223
3202304
3302029
3313110
3324191
3335272
3346352
3357433
3368514
3379594
3468239
3479319
3490400
3501481
3512561
3523642
3534723
3545803
3634449
3645529
3656610
3667691
3678771
3689852
3700932
3712013
3800658
3811739
3822819
3833902
3844981
3856061
3867142
3878222
3966868
3977948
3989029
4000110
4011190
4022271
4033352
4044432
4133077
4144158
4155238
4166319
4177400
4188481
4199561
4210641
4299287
4310367
4321448
4332529
4343609
4354690
4365770
4376851
4465496
4476577
4487657
4498738
4509819
4520899
4531980
4543060
4631706
4642786
4653867
4664948
4676028
4687109
4698189
4709270
4797915
4808996
4820076
4831159
4842238
4853318
4864399
4875479
4964125
4975205
4986286
4997367
5008447
5019528
5030608
5041689
5130334
5141415
5152495
5163576
5174656
5185737
5196818
5207898
5296544
5307624
5318705
5329786
5340866
5351947
5363027
5374108
5462753
5473834
5484915
5495995
5507075
5518156
5529238
5540317
5640044
5651124
5662205
5673285
5684366
5695446
5706527
5806253
5817333
5828416
5839495
5850575
5861656
5872736
5972462
5983543
5994624
6005704
6016785
6027866
6038946
6138672
6149753
6160833
6171913
6182994
6194075
6205155
6304881
6315962
6327043
6338123
6349204
6360284
6371365
6471091
6482171
6493252
6504333
6515413
6526494
6537574
6637300
6648381
6659463
6670542
6681623
6692703
6703784
6803510
6814590
6825673
6836752
6847832
6858913
6869993
6969719
6980800
6991881
7002961
7014042
7025122
7036203
7135929
7147009
7158090
7169171
7180251
7191332
7202412
7302138
7313219
7324300
7335380
7346461
7357541
7368622
7379703
7468347
7479429
7490509
7501589
7512670
7523751
7534831
7545912
7634557
7645638
7656719
7667799
7678880
7689960
7701041
7712122
7800767
7811847
7822929
7834009
7845089
7856170
7867250
7878331
7966976
7978057
7989138
8000218
8011299
8022379
8033460
8044541
8133186
8144267
8155347
8166427
8177508
8188589
8199669
8210750
8299395
8310476
8321557
8332637
8343718
8354798
8365879
8376960
8465605
8476685
8487766
8498846
8509927
8521008
8532088
8543169
8631814
8642895
8653976
8665056
8676137
8687217
8698298
8709378
8798023
8809104
8820187
8831266
8842346
8853427
8864507
8875588
8964233
8975314
8986395
8997475
9008556
9019637
9030718
9041797
9130442
9141523
9152604
9163685
9174765
9185846
9196926
9208007
9296652
9307733
9318814
9329894
9340975
9352055
9363136
9374217
9462862
9473942
9485023
9496103
9507184
9518265
9529345
9540426
9640152
9651233
9662313
9673394
9684474
9695555
9706635
9806361
9817444
9828523
9839603
