55401
66482
77562
88643
99724
110804
121885
132965
221610
232691
243772
254853
265933
277014
288094
299175
387820
398901
409982
421062
432142
443223
454304
465385
554029
565110
576191
587271
598352
609433
620513
631594
720239
731320
742400
753481
764561
775642
786723
797803
886448
897529
908610
919690
930771
941851
952932
964013
1052658
1063738
1074819
1085900
1096980
1108061
1119142
1130222
1218867
1229948
1241029
1252109
1263190
1274271
1285351
1296432
1385077
1396158
1407238
1418319
1429399
1440480
1451561
1462641
1551286
1562367
1573447
1584528
1595609
1606690
1617770
1628851
1717496
1728577
1739657
1750738
1761818
1772899
1783979
1795060
1894786
1905867
1916947
1928028
1939109
1950189
1961270
2060996
2072076
2083157
2094237
2105318
2116399
2127479
2227205
2238286
2249367
2260447
2271527
2282608
2293689
2393414
2404495
2415575
2426656
2437737
2448818
2459898
2559624
2570705
2581785
2592866
2603946
2615027
2626108
2725834
2736914
2747994
2759075
2770156
2781237
2792317
2892043
2903123
2914204
2925285
2936365
2947446
2958527
3058252
3069333
3080414
3091494
3102575
3113655
3124736
3224462
3235542
3246623
3257703
3268784
3279865
3290946
3390671
3401752
3412832
3423913
3434994
3446074
3457155
3556881
3567961
3579042
3590122
3601203
3612284
3623364
3634445
3723090
3734171
3745251
3756332
3767413
3778493
3789574
3800655
3889300
3900380
3911461
3922542
3933622
3944703
3955783
3966864
4055509
4066590
4077670
4088751
4099832
4110912
4121993
4133073
4221718
4232799
4243880
4254960
4266041
4277121
4288202
4299283
4387928
4399009
4410089
4421170
4432251
4443332
4454412
4465493
4554138
4565218
4576299
4587379
4598460
4609541
4620621
4631703
4720347
4731428
4742508
4753589
4764670
4775750
4786831
4797911
4886557
4897637
4908718
4919798
4930879
4941959
4953040
4964121
5052766
5063846
5074927
5086008
5097088
5108169
5119249
5130330
5218975
5230056
5241137
5252217
5263298
5274378
5285459
5296540
5385185
5396266
5407346
5418426
5429507
5440588
5451669
5462749
5551394
5562475
5573556
5584636
5595717
5606797
5617878
5628959
5717604
5728684
5739765
5750846
5761926
5773007
5784087
5795168
5894894
5905975
5917055
5928136
5939216
5950297
5961378
6061103
6072184
6083265
6094345
6105426
6116507
6127587
6227313
6238394
6249474
6260555
6271635
6282716
6293796
6393522
6404603
6415684
6426764
6437845
6448925
6460006
6559732
6570812
6581893
6592974
6604054
6615135
6626216
6725942
6737022
6748103
6759183
6770264
6781344
6792425
6892151
6903231
6914312
6925392
6936473
6947554
6958634
7058360
7069441
7080521
7091602
7102683
7113763
7124844
7224570
7235650
7246731
7257812
7268892
7279973
7291054
7390779
7401860
7412940
7424021
7435102
7446183
7457263
7556988
7568069
7579150
7590230
7601311
7612392
7623472
7634553
7723198
7734279
7745359
7756440
7767520
7778601
7789682
7800763
7889408
7900488
7911569
7922649
7933730
7944811
7955891
7966972
8055617
8066698
8077778
8088859
8099939
8111020
8122101
8133181
8221827
8232907
8243988
8255068
8266149
8277230
8288310
8299391
8388036
8399116
8410197
8421278
8432359
8443439
8454520
8465600
8554245
8565326
8576407
8587487
8598568
8609648
8620729
8631810
8720455
8731535
8742616
8753697
8764777
8775858
8786939
8798019
8886664
8897745
8908825
8919906
8930987
8942067
8953148
8964229
9052874
9063954
9075035
9086116
9097196
9108277
9119358
9130438
9219083
9230164
9241244
9252325
9263406
9274486
9285567
9296648
9385293
9396373
9407454
9418535
9429615
9440696
9451776
9462857
9551502
9562583
9573663
9584744
9595824
9606905
9617986
9629067
9717712
9728792
9739873
9750954
9762034
9773115
9784195
9795276
9895001
9906083
9917163
9928243
9939324
9950405
9961485
