33241
44322
55402
66483
77564
88644
99725
199451
210531
221612
232693
243773
254854
265934
365660
376741
387821
398902
409983
421063
432144
531870
542951
554031
565111
576192
587273
598353
698079
709160
720240
731321
742401
753482
764563
864288
875369
886450
897530
908611
919692
930772
1030498
1041578
1052660
1063740
1074820
1085901
1096982
1196707
1207788
1218869
1229949
1241030
1252111
1263191
1362917
1373998
1385078
1396159
1407239
1418320
1429400
1529126
1540207
1551288
1562368
1573450
1584530
1595610
1606691
1695336
1706417
1717497
1728577
1739658
1750739
1761820
1772900
1861545
1872626
1883707
1894787
1905868
1916948
1928029
1939110
2027754
2038836
2049916
2060996
2072077
2083158
2094238
2105319
2193964
2205045
2216126
2227206
2238287
2249367
2260448
2271529
2360173
2371254
2382335
2393416
2404496
2415577
2426657
2437738
2526383
2537464
2548544
2559625
2570706
2581786
2592867
2603948
2692592
2703673
2714754
2725834
2736915
2747996
2759076
2770157
2858802
2869883
2880963
2892044
2903125
2914205
2925286
2936366
3025011
3036092
3047173
3058253
3069334
3080415
3091495
3102576
3191221
3202302
3213383
3224463
3235544
3246624
3257705
3268786
3357430
3368511
3379592
3390672
3401753
3412834
3423914
3434995
3523640
3534720
3545801
3556881
3567963
3579043
3590123
3601204
3689849
3700930
3712010
3723091
3734172
3745253
3756333
3767414
3867139
3878220
3889301
3900381
3911462
3922543
3933623
4033350
4044430
4055510
4066591
4077671
4088752
4099833
4199559
4210639
4221719
4232800
4243881
4254961
4266042
4365768
4376849
4387929
4399010
4410090
4421171
4432252
4531977
4543058
4554138
4565219
4576300
4587380
4598461
4698187
4709267
4720348
4731428
4742509
4753590
4764671
4864396
4875477
4886557
4897638
4908719
4919799
4930880
5030606
5041686
5052767
5063848
5074928
5086009
5097089
5196815
5207896
5218976
5230057
5241138
5252218
5263299
5363025
5374105
5385186
5396267
5407347
5418429
5429508
5529234
5540315
5551395
5562476
5573557
5584637
5595718
5606799
5695443
5706524
5717605
5728686
5739766
5750847
5761927
5773008
5861653
5872734
5883814
5894895
5905976
5917056
5928137
5939217
6027862
6038943
6050024
6061104
6072185
6083265
6094346
6105427
6194072
6205153
6216233
6227314
6238394
6249475
6260556
6271636
6360281
6371362
6382442
6393523
6404604
6415684
6426765
6437846
6526491
6537571
6548652
6559733
6570813
6581894
6592975
6604055
6692700
6703781
6714861
6725942
6737023
6748103
6759184
6770265
6858910
6869990
6881071
6892152
6903233
6914313
6925393
6936474
7025119
7036200
7047280
7058361
7069442
7080522
7091603
7102684
7191329
7202409
7213490
7224570
7235651
7246732
7257812
7268893
7357538
7368619
7379699
7390780
7401861
7412941
7424022
7435103
7523748
7534828
7545909
7556990
7568070
7579151
7590231
7601312
7689957
7701038
7712118
7723199
7734280
7745360
7756441
7767522
7867247
7878328
7889408
7900489
7911570
7922650
7933731
8033457
8044537
8055618
8066699
8077779
8088860
8099941
8199666
8210747
8221827
8232908
8243988
8255069
8266150
8365876
8376956
8388037
8399117
8410198
8421279
8432359
8532085
8543166
8554246
8565327
8576407
8587488
8598569
8698294
8709375
8720456
8731536
8742617
8753698
8764779
8864504
8875584
8886665
8897746
8908826
8919907
8930988
9030713
9041794
9052875
9063955
9075036
9086117
9097197
9196923
9208003
9219084
9230165
9241245
9252326
9263407
9363133
9374213
9385293
9396374
9407454
9418535
9429616
9529342
9540422
9551503
9562584
9573664
9584745
9595826
9606906
9695551
9706632
9717712
9728793
9739873
9750954
9762035
9773116
9861761
9872841
9883922
9895003
9906083
9917164
9928244
9939325
