33242
44323
55403
66484
77564
88645
99726
199451
210532
221613
232693
243774
254855
265935
365662
376742
387823
398904
409984
421065
432146
531871
542952
554032
565113
576194
587274
598355
698081
709162
720242
731323
742403
753484
764565
864291
875371
886451
897532
908613
919693
930775
1030500
1041581
1052662
1063742
1074823
1085903
1096984
1108065
1196709
1207790
1218871
1229951
1241033
1252113
1263193
1274274
1362919
1374000
1385080
1396161
1407241
1418322
1429403
1440484
1529128
1540209
1551290
1562371
1573451
1584532
1595612
1606693
1695338
1706419
1717499
1728580
1739661
1750741
1761822
1772902
1861548
1872628
1883709
1894789
1905871
1916951
1928031
1939112
2027757
2038838
2049919
2060999
2072080
2083160
2094241
2105322
2193967
2205047
2216128
2227209
2238289
2249370
2260450
2271531
2360176
2371257
2382337
2393418
2404499
2415579
2426660
2437741
2526386
2537466
2548547
2559627
2570708
2581789
2592870
2603950
2692595
2703676
2714756
2725837
2736918
2747998
2759079
2770160
2858805
2869885
2880966
2892047
2903127
2914208
2925288
2936369
3025014
3036095
3047175
3058256
3069337
3080417
3091498
3102579
3191224
3202305
3213385
3224466
3235546
3246627
3257708
3268788
3368514
3379594
3390675
3401756
3412836
3423917
3434998
3534723
3545804
3556885
3567966
3579046
3590127
3601208
3700935
3712014
3723094
3734175
3745255
3756336
3767417
3867143
3878223
3889304
3900384
3911465
3922546
3933626
4033352
4044433
4055514
4066594
4077675
4088755
4099836
4199562
4210642
4221723
4232804
4243885
4254965
4266046
4365771
4376852
4387933
4399013
4410093
4421175
4432255
4531981
4543061
4554142
4565222
4576303
4587384
4598465
4698190
4709271
4720352
4731432
4742513
4753593
4764674
4864400
4875480
4886561
4897642
4908722
4919803
4930884
5030609
5041690
5052770
5063851
5074932
5086013
5097093
5108174
5196819
5207899
5218980
5230061
5241141
5252222
5263302
5274383
5363028
5374109
5385190
5396270
5407351
5418432
5429512
5440593
5529238
5540318
5551399
5562480
5573560
5584641
5595722
5606802
5695447
5706528
5717609
5728689
5739770
5750850
5761931
5773012
5861657
5872737
5883818
5894899
5905979
5917060
5928141
5939221
6027867
6038947
6050028
6061108
6072189
6083269
6094350
6105431
6194076
6205156
6216238
6227318
6238399
6249479
6260560
6271640
6360285
6371366
6382447
6393527
6404608
6415689
6426769
6437850
6526495
6537576
6548656
6559737
6570818
6581898
6592979
6604059
6692704
6703785
6714866
6725946
6737027
6748108
6759188
6770269
6858914
6869994
6881075
6892156
6903236
6914317
6925398
6936478
7025124
7036205
7047285
7058366
7069446
7080527
7091607
7102688
7191334
7202414
7213494
7224575
7235656
7246736
7257817
7268897
7368623
7379704
7390785
7401865
7412946
7424026
7435107
7534832
7545913
7556994
7568075
7579155
7590236
7601316
7701042
7712123
7723203
7734284
7745365
7756446
7767526
7867252
7878332
7889413
7900494
7911574
7922655
7933736
8033461
8044542
8055622
8066703
8077784
8088865
8099945
8199671
8210752
8221833
8232913
8243993
8255074
8266156
8365880
8376961
8388042
8399122
8410203
8421284
8432365
8532090
8543171
8554251
8565332
8576412
8587493
8598573
8698299
8709380
8720461
8731541
8742622
8753703
8764783
8864509
8875589
8886670
8897751
8908831
8919912
8930994
9030719
9041799
9052880
9063960
9075041
9086122
9097202
9108283
9196928
9208008
9219089
9230170
9241251
9252331
9263412
9274493
9363137
9374218
9385299
9396379
9407460
9418541
9429622
9440702
9529347
9540428
9551508
9562589
9573669
9584750
9595831
9606911
9695556
9706637
9717718
9728798
9739879
9750960
9762040
9773121
