11080
22160
33241
44321
55402
66483
77563
166208
177289
188370
199450
210531
221611
232692
243773
332418
343499
354579
365660
376740
387821
398902
409982
498627
509709
520789
531869
542950
554030
565112
576192
664837
675918
686998
698079
709160
720240
731320
742401
831046
842127
853207
864288
875369
886450
897530
908611
997256
1008337
1019417
1030499
1041578
1052659
1063740
1074820
1163465
1174546
1185627
1196707
1207788
1218868
1229949
1241029
1329675
1340756
1351836
1362916
1373997
1385078
1396159
1407239
1495884
1506966
1518046
1529126
1540207
1551287
1562368
1573448
1662094
1673175
1684255
1695336
1706416
1717497
1728577
1739658
1828303
1839384
1850465
1861545
1872625
1883706
1894787
1905868
2005595
2016674
2027754
2038835
2049916
2060996
2072077
2171803
2182883
2193964
2205044
2216125
2227206
2238286
2338012
2349093
2360173
2371254
2382335
2393415
2404495
2504222
2515302
2526383
2537463
2548544
2559625
2570705
2670432
2681512
2692592
2703673
2714753
2725834
2736915
2836641
2847721
2858802
2869882
2880963
2892044
2903124
3002850
3013932
3025011
3036092
3047172
3058253
3069334
3169060
3180140
3191221
3202301
3213382
3224462
3235543
3335269
3346349
3357430
3368511
3379591
3390672
3401752
3501479
3512559
3523640
3534720
3545801
3556882
3567962
3579043
3667688
3678768
3689849
3700930
3712011
3723091
3734171
3745252
3833898
3844978
3856058
3867139
3878220
3889300
3900381
3911462
4000107
4011187
4022268
4033348
4044429
4055510
4066590
4077671
4166318
4177397
4188477
4199558
4210639
4221719
4232800
4243880
4332526
4343606
4354687
4365767
4376848
4387929
4399009
4410090
4498737
4509816
4520897
4531977
4543058
4554138
4565219
4576299
4664945
4676025
4687106
4698187
4709267
4720347
4731428
4742509
4831155
4842234
4853315
4864396
4875477
4886557
4897638
4908718
4997364
5008444
5019524
5030605
5041686
5052767
5063847
5074928
5163573
5174653
5185734
5196814
5207895
5218976
5230056
5241137
5329783
5340863
5351943
5363024
5374105
5385185
5396266
5407347
5495993
5507072
5518153
5529233
5540314
5551395
5562475
5573556
5662201
5673282
5684362
5695443
5706524
5717604
5728685
5739765
5828411
5839491
5850572
5861652
5872733
5883814
5894895
5905976
6005701
6016781
6027862
6038942
6050023
6061104
6072185
6171910
6182991
6194071
6205152
6216233
6227313
6238394
6338119
6349200
6360281
6371362
6382442
6393523
6404603
6504330
6515410
6526490
6537571
6548652
6559732
6570813
6670539
6681619
6692700
6703780
6714861
6725942
6737022
6836748
6847829
6858909
6869990
6881071
6892151
6903232
7002957
7014038
7025118
7036200
7047280
7058361
7069441
7169167
7180247
7191328
7202409
7213489
7224570
7235651
7335376
7346457
7357537
7368618
7379699
7390780
7401860
7501586
7512666
7523747
7534828
7545908
7556989
7568069
7667795
7678876
7689957
7701037
7712117
7723198
7734279
7745360
7834005
7845085
7856166
7867247
7878327
7889408
7900489
7911569
8000214
8011295
8022375
8033456
8044537
8055617
8066698
8077779
8166424
8177504
8188585
8199666
8210746
8221827
8232907
8243988
8332633
8343714
8354794
8365875
8376956
8388036
8399117
8410197
8498843
8509923
8521004
8532084
8543165
8554245
8565326
8576407
8665052
8676133
8687213
8698294
8709374
8720455
8731536
8742616
8831261
8842342
8853423
8864503
8875584
8886666
8897745
8908826
8997471
9008552
9019632
9030713
9041793
9052874
9063954
9075035
9163680
9174761
9185841
9196922
9208003
9219083
9230164
9241245
9329890
9340970
9352051
9363132
9374212
9385293
9396374
9407454
9496100
9507180
9518260
9529341
9540422
9551502
9562583
9573664
9662308
9673389
9684470
9695550
9706631
9717712
9728792
9739873
9828518
9839599
9850679
9861760
9872840
9883921
9895002
9906083
