11078
22159
33239
44320
55401
66481
77562
88642
99723
110804
121885
132965
144045
155126
166207
177288
188368
199448
210529
221610
232690
243771
254852
265932
277013
288094
299174
310255
321337
332416
343497
354577
365658
376739
387819
398900
409980
421061
432142
443222
454303
465384
476464
487545
498625
509706
520787
531868
542948
554029
565109
576190
587271
598351
609432
620513
631593
642674
653755
664835
675916
686997
698077
709157
720238
731319
742400
753480
764561
775641
786722
797803
808883
819964
831045
842126
853206
864286
875367
886448
897528
908609
919690
930772
941851
952932
964013
975093
986173
997254
1008335
1019415
1030496
1041577
1052657
1063738
1074818
1085899
1096980
1108060
1119141
1130222
1141302
1152383
1163463
1174544
1185625
1196705
1207786
1218866
1229947
1241028
1252110
1263189
1274270
1285351
1296431
1307512
1318592
1329673
1340754
1351834
1362915
1373995
1385076
1396156
1407237
1418318
1429398
1440479
1451560
1462640
1473721
1484802
1495882
1506963
1518044
1529124
1540205
1551285
1562366
1573448
1584527
1595608
1606689
1617769
1628850
1639931
1651011
1662092
1673173
1684253
1695333
1706414
1717495
1728575
1739656
1750737
1761817
1772898
1783979
1795059
1806140
1817220
1828301
1839382
1850463
1861543
1872624
1883705
1894785
1905866
1916946
1928027
1939107
1950188
1961269
1972349
1983430
1994510
2005592
2016672
2027752
2038834
2049914
2060994
2072075
2083156
2094236
2105317
2116398
2127478
2138559
2149639
2160720
2171801
2182883
2193962
2205043
2216124
2227203
2238285
2249365
2260445
2271526
2282607
2293687
2304768
2315849
2326929
2338011
2349091
2360171
2371252
2382333
2393413
2404494
2415574
2426655
2437736
2448817
2459897
2470978
2482058
2493140
2504222
2515300
2526381
2537462
2548542
2559623
2570703
2581784
2592865
2603945
2615026
2626106
2637187
2648268
2659348
2670429
2681509
2692590
2703671
2714751
2725832
2736913
2747994
2759074
2770155
2781235
2792317
2803396
2814477
2825559
2836640
2847720
2858800
2869881
2880961
2892042
2903122
2914203
2925283
2936364
2947445
2958525
2969606
2980686
2991767
3002848
3013928
3025009
3036090
3047170
3058251
3069332
3080412
3091493
3102574
3113654
3124735
3135816
3146896
3157977
3169060
3180138
3191218
3202299
3213380
3224460
3235541
3246622
3257702
3268783
3279863
3290944
3302025
3313105
3324186
3335267
3346347
3357428
3368509
3379589
3390670
3401751
3412831
3423912
3434994
3446073
3457154
3468235
3479315
3490395
3501477
3512557
3523637
3534718
3545798
3556879
3567960
3579041
3590121
3601202
3612283
3623363
3634444
3645524
3656605
3667686
3678766
3689847
3700928
3712008
3723089
3734169
3745250
3756332
3767411
3778492
3789573
3800653
3811734
3822814
3833896
3844976
3856056
3867137
3878218
3889298
3900379
3911459
3922540
3933621
3944701
3955782
3966863
3977943
3989024
4000105
4011185
4022266
4033347
4044428
4055508
4066588
4077671
4088749
4099830
4110911
4121991
4133072
4144153
4155233
4166314
4177395
4188475
4199556
4210637
4221717
4232798
4243879
4254959
4266039
4277120
4288201
4299282
4310362
4321443
4332524
4343604
4354685
4365767
4376846
4387927
4399009
4410088
4421168
4432249
4443330
4454410
4465491
4476572
4487652
4498733
4509814
4520894
4531975
4543055
4554136
4565216
4576297
4587378
4598458
4609540
4620620
4631701
4642781
4653862
4664943
4676023
4687105
4698184
4709265
4720346
4731426
4742507
4753587
4764668
4775749
4786829
4797910
4808991
4820071
4831153
4842233
4853313
4864393
4875474
4886555
4897635
4908716
4919797
4930877
4941958
4953039
4964119
4975200
4986281
4997361
5008444
5019523
5030603
5041684
5052764
5063845
5074926
5086006
5097087
5108168
5119248
5130329
5141409
5152490
5163571
5174652
5185732
5196812
5207893
5218974
5230055
5241136
5252216
5263296
5274377
5285457
5296538
5307619
5318699
5329780
5340861
5351941
5363022
5374103
5385183
5396266
5407345
5418425
5429506
5440587
5451667
5462748
5473828
5484909
5495990
5507070
5518151
5529231
5540312
5551392
5562473
5573554
5584634
5595715
5606796
5617877
5628957
5640038
5651119
5662199
5673280
5684360
5695441
5706522
5717602
5728683
5739763
5750844
5761925
5773005
5784086
5795166
5806247
5817328
5828410
5839490
5850570
5861650
5872731
5883811
5894892
5905973
5917053
5928134
5939216
5950296
5961376
5972457
5983537
5994618
6005699
6016779
6027860
6038940
6050021
6061102
6072182
6083263
6094344
6105424
6116505
6127586
6138666
6149746
6160829
6171908
6182988
6194069
6205150
6216230
6227311
6238392
6249472
6260555
6271634
6282714
6293795
6304875
6315956
6327037
6338118
6349198
6360279
6371359
6382440
6393521
6404601
6415682
6426763
6437843
6448924
6460004
6471085
6482165
6493246
6504327
6515407
6526488
6537569
6548649
6559730
6570810
6581891
6592972
6604052
6615139
6626214
6637294
6648375
6659456
6670536
6681617
6692698
6703778
6714859
6725939
6737020
6748100
6759181
6770262
6781342
6792423
6803503
6814584
6825666
6836746
6847826
6858907
6869988
6881068
6892149
6903230
6914310
6925391
6936471
6947552
6958633
6969713
6980794
6991875
7002955
7014036
7025116
7036197
7047278
7058358
7069439
7080520
7091600
7102681
7113761
7124842
7135923
7147003
7158084
7169165
7180245
7191328
7202406
7213487
7224568
7235649
7246729
7257810
7268890
7279971
7291052
7302132
7313213
7324294
7335374
7346454
7357535
7368616
7379696
7390777
7401858
7412938
7424019
7435100
7446180
7457261
7468341
7479422
7490503
7501583
7512666
7523745
7534825
7545906
7556986
7568067
7579148
7590229
7601309
7612390
7623471
7634551
7645632
7656712
7667793
7678873
7689955
7701035
7712115
7723196
7734276
7745357
7756438
7767518
7778599
7789680
7800760
7811841
7822923
7834002
7845083
7856164
7867244
7878325
7889406
7900486
7911567
7922647
7933728
7944808
7955889
7966970
7978050
7989131
8000211
8011292
8022374
8033454
8044534
8055615
8066696
8077776
8088857
8099937
8111018
8122099
8133179
8144260
8155342
8166421
8177502
8188582
8199663
8210744
8221826
8232905
8243986
8255066
8266147
8277227
8288308
8299388
8310469
8321551
8332630
8343711
8354792
8365873
8376953
8388034
8399114
8410195
8421276
8432357
8443438
8454517
8465598
8476679
8487760
8498840
8509920
8521001
8532082
8543162
8554243
8565324
8576404
8587485
8598566
8609646
8620727
8631808
8642888
8653969
8665050
8676130
8687211
8698291
8709372
8720453
8731533
8742614
8753695
8764777
8775856
8786936
8798017
8809097
8820180
8831260
8842339
8853420
8864501
8875581
8886662
8897743
8908823
8919904
8930985
8942065
8953146
8964227
8975307
8986388
8997468
9008549
9019630
9030710
9041791
9052871
9063952
9075033
9086113
9097194
9108275
9119355
9130436
9141517
9152597
9163678
9174758
9185839
9196920
9208000
9219081
9230162
9241242
9252323
9263404
9274484
9285564
9296646
9307726
9318807
9329887
9340968
9352048
9363129
9374210
9385290
9396371
9407453
9418532
9429613
9440694
9451774
9462855
9473935
9485016
9496097
9507178
9518258
9529339
9540419
9551500
9562581
9573661
9584742
9595823
9606903
9617984
9629064
9640145
9651226
9662306
9673387
9684467
9695549
9706629
9717709
9728791
9739870
9750951
9762032
9773112
9784193
9795274
9806354
9817435
9828516
9839596
9850677
9861758
9872838
9883919
9895000
9906080
9917161
9928241
9939322
9950402
9961484
9972564
9983645
9994725
10005805
10016888
10027967
10039047
10050129
10061209
10072289
10083370
10094451
10105531
10116612
10127693
10138773
10149854
10160934
10172015
10183096
10194177
10205257
10216338
10227419
10238499
10249580
10260660
10271741
10282821
10293902
10304982
10316064
10327144
10338226
10349305
10360386
10371466
10382547
10393628
10404708
10415789
10426870
10437950
10449031
10460111
10471192
10482274
10493353
10504434
10515515
10526595
10537676
10548757
10559837
10570918
10581999
10593079
10604160
10615240
10626323
10637402
10648483
10659564
10670643
10681724
10692805
10703885
10714966
10726047
10737127
10748208
10759289
10770369
10781450
10792531
10803611
10814693
10825773
10836853
10847934
10859014
10870095
10881175
10892256
10903337
10914417
10925498
10936578
10947660
10958739
10969820
10980902
10991982
11003062
11014143
11025224
11036304
11047385
11058465
11069546
11080627
11091707
11102788
11113869
11124949
11136030
11147111
11158191
11169271
11180353
11191433
11202514
11213594
11224675
11235755
11246836
11257917
11268997
11280078
11291158
11302239
11313320
11324401
11335481
11346562
11357642
11368723
11379804
11390884
11401965
11413046
11424127
11435207
11446287
11457368
11468449
11479530
11490610
11501690
11512772
11523852
11534933
11546013
11557094
11568174
11579255
11590337
11601416
11612498
11623578
11634658
11645739
11656819
11667900
11678981
11690061
11701142
11712222
11723303
11734384
11745464
11756545
11767626
11778706
11789787
11800868
11811949
11823029
11834109
11845190
11856271
11867351
11878433
11889512
11900593
11911675
11922755
11933835
11944916
11955996
11967077
11978158
11989238
12000319
12011400
12022480
12033561
12044641
12055722
12066803
12077884
12088964
12100045
12111125
12122206
12133287
12144367
12155448
12166528
12177609
12188689
12199772
12210851
12221932
12233013
12244093
12255173
12266254
12277335
12288415
12299496
12310577
12321657
12332739
12343819
12354899
12365980
12377060
12388141
12399222
12410302
12421383
12432463
12443544
12454625
12465705
12476786
12487866
12498947
12510028
12521108
12532189
12543270
12554350
12565431
12576512
12587592
12598673
12609754
12620834
12631915
12642996
12654076
12665157
12676237
12687318
12698399
12709479
12720559
12731641
12742721
12753802
12764882
12775963
12787043
12798125
12809208
12820286
12831366
12842448
12853528
12864608
12875689
12886769
12897850
12908930
12920011
12931092
12942172
12953253
12964334
12975415
12986495
12997576
13008657
13019737
13030818
13041898
13052979
13064059
13075140
13086221
13097301
13108382
13119462
13130544
13141624
13152704
13163787
13174866
13185947
13197027
13208108
13219188
13230269
13241349
13252430
13263511
13274591
13285672
13296753
13307834
13318914
13329994
13341075
13352156
13363236
13374317
13385398
13396478
13407559
13418640
13429720
13440801
13451883
13462962
13474043
13485124
13496204
13507285
13518365
13529446
13540526
13551607
13562688
13573768
13584849
13595930
13607010
13618091
13629171
13640252
13651333
13662414
13673494
13684575
13695656
13706736
13717817
13728897
13739978
13751059
13762139
13773220
13784300
13795381
13806462
13817543
13828623
13839703
13850784
13861865
13872945
13884026
13895106
13906187
13917268
13928348
13939429
13950510
13961590
13972671
13983752
13994832
14005913
14016994
14028074
14039155
14050236
14061316
14072396
14083478
14094560
14105638
14116719
14127800
14138881
14149961
14161041
14172122
14183203
14194284
14205364
14216445
14227525
14238606
14249687
14260768
14271848
14282929
14294009
14305090
14316171
14327251
14338332
14349412
14360493
14371574
14382655
14393735
14404816
14415898
14426977
14438057
14449138
14460219
14471300
14482380
14493461
14504541
14515622
14526702
14537783
14548864
14559944
14571025
14582106
14593186
14604267
14615348
14626428
14637509
14648590
14659670
14670751
14681831
14692912
14703994
14715073
14726154
14737235
14748315
14759396
14770477
14781557
14792637
14803719
14814799
14825879
14836960
14848041
14859121
14870202
14881283
14892363
14903444
14914525
14925605
14936686
14947767
14958847
14969928
14981008
14992089
15003170
15014250
15025331
15036411
15047492
15058573
15069653
15080734
15091814
15102895
15113976
15125056
15136137
15147218
15158298
15169379
15180460
15191540
15202621
15213702
15224782
15235863
15246943
15258024
15269105
15280185
15291266
15302347
15313428
15324508
15335589
15346671
15357750
15368831
15379911
15390991
15402072
15413153
15424233
15435314
15446395
15457475
15468557
15479636
15490717
15501798
15512878
15523959
15535040
15546120
15557201
15568282
15579362
15590443
15601524
15612604
15623685
15634767
15645846
15656927
15668009
15679088
15690168
15701250
15712330
15723410
15734491
15745572
15756652
15767733
15778814
15789894
15800977
15812056
15823136
15834217
15845297
15856378
15867459
15878539
15889620
15900701
15911781
15922862
15933943
15945023
15956105
15967185
15978265
15989347
16000426
16011507
16022587
16033669
16044749
16055829
16066910
16077990
16089071
16100152
16111232
16122313
16133394
16144474
16155555
16166636
16177716
16188797
16199878
16210958
16222039
16233120
16244200
16255281
16266361
16277444
16288523
16299604
16310684
16321764
16332845
16343926
16355006
16366087
16377167
16388248
16399329
16410410
16421490
16432571
16443652
16454732
16465813
16476893
16487974
16499055
16510135
16521216
16532297
16543377
16554458
16565538
16576619
16587700
16598782
16609861
16620941
16632023
16643102
16654183
16665264
16676344
16687425
16698506
16709587
16720667
16731748
16742828
16753909
16764990
16776070
16787151
16798232
16809312
16820393
16831473
16842554
16853635
16864715
16875796
16886876
16897957
16909038
16920120
16931199
16942279
16953360
16964443
16975521
16986602
16997683
17008763
17019844
17030925
17042005
17053086
17064167
17075247
17086328
17097408
17108489
17119570
17130651
17141731
17152812
17163892
17174973
17186054
17197134
17208215
17219295
17230376
17241457
17252537
17263618
17274699
17285779
17296860
17307940
17319021
17330102
17341182
17352263
17363344
17374424
17385505
17396586
17407666
17418747
17429827
17440908
17451989
17463070
17474150
17485230
17496311
17507392
17518472
17529554
17540634
17551715
17562795
17573876
17584956
17596037
17607118
17618198
17629280
17640359
17651440
17662520
17673602
17684682
17695762
17706843
17717924
17729004
17740085
17751166
17762246
17773327
17784408
17795489
17806570
17817649
17828730
17839811
17850893
17861972
17873053
17884134
17895214
17906295
17917375
17928456
17939536
17950617
17961698
17972778
17983859
17994940
18006020
18017101
18028181
18039262
18050343
18061423
18072504
18083585
18094665
18105746
18116826
18127907
18138989
18150068
18161149
18172231
18183310
18194391
18205472
18216552
18227632
18238713
18249794
18260874
18271955
18283036
18294118
18305197
18316278
18327358
18338439
18349520
18360600
18371681
18382762
18393842
18404924
18416004
18427084
18438165
18449245
18460326
18471407
18482487
18493568
18504649
18515729
18526809
18537891
18548971
18560052
18571132
18582213
18593294
18604374
18615455
18626535
18637616
18648696
18659777
18670858
18681938
18693019
18704100
18715181
18726261
18737342
18748422
18759503
18770583
18781665
18792746
18803826
18814907
18825987
18837067
18848148
18859229
18870309
18881390
18892470
18903551
18914632
18925712
18936793
18947874
18958955
18970035
18981115
18992196
19003277
19014357
19025438
19036519
19047599
19058680
19069761
19080841
19091922
19103004
19114083
19125164
19136245
19147325
19158406
19169486
19180567
19191648
19202728
19213809
19224890
19235970
19247050
19258131
19269212
19280292
19291373
19302454
19313535
19324615
19335696
19346776
19357857
19368938
19380018
19391100
19402180
19413260
19424342
19435422
19446502
19457583
19468663
19479744
19490825
19501905
19512986
19524067
19535147
19546228
19557308
19568389
19579469
19590550
19601631
19612711
19623793
19634873
19645953
19657034
19668115
19679195
19690276
19701356
19712437
19723518
19734598
19745679
19756760
19767840
19778921
19790003
19801082
19812163
19823244
19834324
19845405
19856485
19867566
19878646
19889727
19900808
19911888
19922969
19934050
19945130
19956211
19967291
19978372
