11080
22161
33242
44323
55403
66484
77564
88644
99725
110806
121887
132967
144048
155129
166209
177290
188370
199451
210532
221612
232693
243774
254854
265935
277015
288096
299177
310258
321338
332419
343499
354580
365661
376741
387822
398902
409983
421063
432145
443225
454306
465386
476467
487547
498628
509709
520789
531870
542951
554031
565113
576193
587273
598354
609434
620515
631596
642677
653757
664838
675918
686999
698080
709160
720241
731322
742402
753483
764563
775644
786724
797805
808886
819967
831047
842129
853208
864289
875370
886450
897531
908612
919692
930773
941854
952934
964015
975095
986176
997257
1008338
1019418
1030499
1041580
1052660
1063741
1074821
1085902
1096982
1108063
1119144
1130224
1141305
1152385
1163466
1174547
1185627
1196708
1207789
1218869
1229950
1241031
1252111
1263192
1274272
1285353
1296434
1307514
1318595
1329676
1340756
1351837
1362918
1373998
1385079
1396160
1407240
1418321
1429402
1440482
1451563
1462643
1473724
1484805
1495885
1506966
1518046
1529127
1540208
1551288
1562369
1573450
1584530
1595611
1606692
1617772
1628853
1639934
1651015
1662096
1673177
1684257
1695337
1706418
1717499
1728580
1739660
1750741
1761821
1772902
1783982
1795063
1806144
1817224
1828305
1839387
1850466
1861547
1872628
1883708
1894789
1905870
1916950
1928031
1939112
1950192
1961273
1972354
1983434
1994515
2005596
2016676
2027757
2038837
2049918
2060999
2072079
2083160
2094240
2105321
2116401
2127482
2138563
2149643
2160724
2171805
2182885
2193966
2205047
2216127
2227208
2238289
2249370
2260450
2271531
2282611
2293692
2304773
2315853
2326934
2338015
2349095
2360176
2371256
2382337
2393418
2404498
2415578
2426659
2437740
2448821
2459901
2470982
2482063
2493143
2504224
2515305
2526385
2537466
2548546
2559627
2570708
2581788
2592869
2603950
2615030
2626111
2637192
2648272
2659353
2670434
2681514
2692595
2703675
2714756
2725837
2736917
2747998
2759078
2770159
2781240
2792320
2803401
2814481
2825563
2836644
2847724
2858804
2869885
2880965
2892046
2903127
2914207
2925288
2936369
2947449
2958530
2969611
2980691
2991772
3002853
3013933
3025014
3036094
3047175
3058256
3069336
3080417
3091498
3102578
3113659
3124739
3135820
3146900
3157981
3169062
3180142
3191223
3202304
3213384
3224465
3235546
3246626
3257707
3268788
3279868
3290949
3302030
3313110
3324191
3335272
3346352
3357433
3368513
3379594
3390675
3401755
3412836
3423917
3434997
3446078
3457158
3468239
3479319
3490401
3501481
3512561
3523642
3534723
3545803
3556884
3567965
3579045
3590126
3601207
3612287
3623368
3634449
3645529
3656610
3667691
3678771
3689852
3700933
3712013
3723094
3734174
3745255
3756336
3767416
3778497
3789577
3800658
3811739
3822819
3833902
3844981
3856061
3867142
3878222
3889303
3900384
3911464
3922545
3933626
3944706
3955787
3966868
3977948
3989029
4000110
4011190
4022271
4033352
4044432
4055513
4066593
4077674
4088755
4099835
4110916
4121997
4133077
4144158
4155238
4166319
4177399
4188480
4199561
4210642
4221722
4232803
4243884
4254964
4266045
4277125
4288206
4299287
4310367
4321448
4332529
4343609
4354690
4365771
4376851
4387932
4399012
4410093
4421174
4432254
4443335
4454415
4465496
4476577
4487657
4498738
4509818
4520899
4531980
4543061
4554141
4565222
4576303
4587383
4598464
4609544
4620625
4631706
4642786
4653867
4664948
4676028
4687109
4698189
4709270
4720351
4731432
4742512
4753593
4764673
4775754
4786834
4797915
4808996
4820076
4831158
4842238
4853318
4864399
4875479
4886560
4897641
4908721
4919802
4930883
4941963
4953044
4964125
4975205
4986286
4997367
5008447
5019528
5030609
5041690
5052770
5063850
5074931
5086012
5097092
5108173
5119253
5130334
5141415
5152496
5163576
5174656
5185737
5196818
5207899
5218979
5230060
5241141
5252221
5263302
5274383
5285463
5296544
5307624
5318705
5329786
5340866
5351947
5363028
5374108
5385189
5396270
5407350
5418431
5429511
5440592
5451672
5462753
5473834
5484915
5495996
5507075
5518156
5529237
5540317
5551398
5562479
5573559
5584640
5595721
5606801
5617882
5628963
5640043
5651124
5662205
5673285
5684366
5695446
5706527
5717608
5728688
5739769
5750850
5761930
5773011
5784092
5795172
5806253
5817333
5828416
5839495
5850576
5861656
5872737
5883817
5894898
5905979
5917059
5928140
5939220
5950301
5961382
5972462
5983543
5994624
6005704
6016785
6027866
6038946
6050027
6061108
6072188
6083269
6094349
6105430
6116511
6127591
6138672
6149752
6160833
6171914
6182994
6194075
6205155
6216236
6227317
6238398
6249478
6260559
6271640
6282720
6293801
6304881
6315962
6327043
6338123
6349204
6360285
6371365
6382446
6393527
6404607
6415688
6426769
6437850
6448930
6460010
6471091
6482171
6493253
6504333
6515413
6526494
6537574
6548655
6559736
6570816
6581897
6592978
6604059
6615139
6626220
6637301
6648381
6659462
6670542
6681623
6692704
6703784
6714865
6725946
6737026
6748107
6759188
6770268
6781349
6792429
6803510
6814591
6825673
6836752
6847832
6858913
6869994
6881074
6892155
6903236
6914316
6925397
6936477
6947558
6958639
6969719
6980800
6991882
7002961
7014042
7025123
7036203
7047284
7058364
7069445
7080526
7091607
7102687
7113768
7124848
7135929
7147010
7158090
7169171
7180252
7191332
7202413
7213493
7224574
7235655
7246735
7257816
7268897
7279977
7291058
7302138
7313219
7324300
7335380
7346461
7357542
7368622
7379703
7390783
7401864
7412945
7424026
7435106
7446187
7457267
7468348
7479428
7490510
7501590
7512670
7523751
7534831
7545912
7556993
7568073
7579154
7590235
7601317
7612396
7623477
7634558
7645638
7656719
7667799
7678880
7689961
7701041
7712122
7723202
7734283
7745364
7756445
7767525
7778606
7789686
7800767
7811848
7822929
7834009
7845089
7856170
7867251
7878331
7889412
7900493
7911574
7922654
7933734
7944815
7955896
7966976
7978057
7989138
8000218
8011300
8022380
8033460
8044541
8055622
8066702
8077783
8088863
8099944
8111025
8122105
8133186
8144266
8155347
8166428
8177508
8188589
8199670
8210750
8221832
8232912
8243992
8255073
8266154
8277234
8288315
8299395
8310476
8321558
8332637
8343718
8354799
8365879
8376960
8388040
8399121
8410202
8421283
8432364
8443444
8454524
8465605
8476686
8487766
8498847
8509928
8521008
8532089
8543169
8554250
8565331
8576411
8587492
8598573
8609653
8620734
8631815
8642895
8653976
8665056
8676137
8687218
8698298
8709379
8720460
8731540
8742621
8753701
8764782
8775863
8786944
8798024
8809105
8820187
8831266
8842346
8853427
8864508
8875588
8886669
8897750
8908830
8919911
8930992
8942072
8953153
8964234
8975314
8986395
8997475
9008556
9019637
9030717
9041798
9052879
9063959
9075040
9086120
9097201
9108282
9119363
9130443
9141524
9152604
9163685
9174765
9185846
9196927
9208007
9219088
9230169
9241250
9252330
9263411
9274491
9285572
9296652
9307733
9318814
9329894
9340975
9352056
9363136
9374217
9385298
9396378
9407459
9418540
9429621
9440701
9451782
9462862
9473943
9485024
9496104
9507185
9518265
9529346
9540427
9551508
9562588
9573668
9584749
9595830
9606910
9617991
9629072
9640152
9651233
9662313
9673394
9684475
9695555
9706636
9717717
9728797
9739878
9750959
9762039
9773120
9784201
9795281
9806362
9817444
9828523
9839604
9850684
9861765
9872846
9883926
9895007
9906087
9917168
9928249
9939329
9950410
9961491
9972571
9983652
9994732
10005813
10016894
10027975
10039055
10050136
10061216
10072297
10083378
10094458
10105539
10116620
10127700
10138781
10149862
10160942
10172023
10183103
10194184
10205264
10216345
10227426
10238507
10249587
10260668
10271748
10282829
10293910
10304990
10316071
10327151
10338232
10349313
10360393
10371474
10382555
10393635
10404716
10415797
10426877
10437958
10449039
10460119
10471200
10482281
10493361
10504442
10515522
10526603
10537683
10548764
10559845
10570925
10582007
10593087
10604167
10615248
10626329
10637409
10648490
10659570
10670651
10681732
10692812
10703893
10714974
10726054
10737135
10748216
10759296
10770377
10781458
10792538
10803619
10814701
10825780
10836861
10847941
10859022
10870102
10881183
10892264
10903344
10914425
10925506
10936586
10947667
10958747
10969828
10980909
10991990
11003070
11014151
11025232
11036312
11047393
11058473
11069554
11080635
11091715
11102796
11113877
11124957
11136038
11147118
11158199
11169280
11180360
11191441
11202522
11213602
11224683
11235763
11246844
11257925
11269005
11280086
11291166
11302247
11313328
11324408
11335489
11346570
11357650
11368731
11379812
11390892
11401973
11413054
11424135
11435215
11446296
11457376
11468457
11479538
11490618
11501699
11512779
11523860
11534941
11546021
11557102
11568182
11579263
11590344
11601425
11612506
11623586
11634666
11645747
11656828
11667908
11678989
11690069
11701150
11712231
11723311
11734392
11745473
11756553
11767634
11778715
11789795
11800876
11811958
11823037
11834118
11845198
11856279
11867360
11878440
11889521
11900601
11911682
11922763
11933843
11944924
11956004
11967085
11978166
11989246
12000327
12011408
12022489
12033569
12044650
12055730
12066811
12077892
12088972
12100053
12111134
12122214
12133295
12144376
12155456
12166537
12177617
12188698
12199778
12210860
12221940
12233021
12244101
12255182
12266262
12277343
12288423
12299504
12310585
12321665
12332746
12343827
12354907
12365988
12377069
12388149
12399230
12410311
12421391
12432472
12443553
12454633
12465714
12476795
12487875
12498956
12510036
12521117
12532198
12543278
12554359
12565439
12576520
12587601
12598681
12609762
12620843
12631923
12643005
12654084
12665165
12676246
12687327
12698407
12709488
12720568
12731649
12742730
12753810
12764891
12775972
12787052
12798133
12809214
12820294
12831375
12842456
12853536
12864616
12875697
12886778
12897859
12908939
12920020
12931100
12942181
12953262
12964342
12975423
12986503
12997584
13008665
13019745
13030826
13041907
13052987
13064068
13075149
13086229
13097310
13108391
13119471
13130552
13141633
13152713
13163794
13174874
13185955
13197035
13208116
13219197
13230277
13241358
13252439
13263520
13274600
13285681
13296761
13307842
13318922
13330003
13341084
13352165
13363245
13374326
13385406
13396487
13407567
13418648
13429729
13440809
13451890
13462971
13474052
13485132
13496213
13507293
13518374
13529454
13540535
13551616
13562697
13573777
13584858
13595938
13607019
13618100
13629180
13640261
13651341
13662422
13673503
13684584
13695664
13706745
13717825
13728906
13739987
13751067
13762148
13773228
13784309
13795390
13806472
13817551
13828632
13839712
13850793
13861874
13872954
13884035
13895115
13906196
13917277
13928357
13939438
13950518
13961599
13972681
13983760
13994841
14005922
14017002
14028083
14039164
14050244
14061325
14072406
14083486
14094567
14105648
14116728
14127809
14138890
14149970
14161051
14172131
14183212
14194293
14205373
14216454
14227535
14238615
14249696
14260776
14271857
14282938
14294018
14305099
14316179
14327260
14338341
14349421
14360502
14371583
14382664
14393744
14404825
14415906
14426986
14438066
14449147
14460228
14471309
14482389
14493469
14504550
14515631
14526712
14537792
14548873
14559953
14571034
14582115
14593195
14604276
14615357
14626437
14637519
14648599
14659679
14670760
14681840
14692921
14704002
14715082
14726163
14737244
14748324
14759405
14770485
14781566
14792647
14803729
14814808
14825889
14836969
14848050
14859131
14870211
14881292
14892372
14903453
14914534
14925614
14936695
14947775
14958856
14969937
14981018
14992098
15003179
15014260
15025340
15036421
15047501
15058582
15069663
15080743
15091824
15102905
15113985
15125066
15136147
15147227
15158308
15169388
15180469
15191550
15202631
15213711
15224792
15235872
15246953
15258033
15269114
15280194
15291275
15302356
15313436
15324517
15335598
15346678
15357759
15368840
15379920
15391001
15402082
15413162
15424243
15435323
15446404
15457485
15468566
15479646
15490727
15501807
15512888
15523969
15535049
15546130
15557210
15568291
15579372
15590452
15601533
15612614
15623694
15634775
15645855
15656936
15668017
15679097
15690178
15701259
15712339
15723420
15734501
15745581
15756662
15767743
15778823
15789904
15800986
15812065
15823146
15834226
15845307
15856388
15867468
15878549
15889629
15900710
15911791
15922872
15933952
15945032
15956113
15967194
15978275
15989355
16000436
16011516
16022597
16033678
16044758
16055839
16066920
16078000
16089081
16100162
16111242
16122323
16133404
16144484
16155565
16166645
16177726
16188807
16199888
16210968
16222049
16233130
16244210
16255290
16266371
16277452
16288532
16299613
16310693
16321774
16332855
16343935
16355016
16366097
16377177
16388258
16399339
16410420
16421500
16432581
16443661
16454742
16465823
16476903
16487984
16499064
16510145
16521225
16532306
16543387
16554467
16565548
16576629
16587709
16598790
16609871
16620951
16632032
16643113
16654193
16665274
16676354
16687435
16698516
16709596
16720677
16731758
16742838
16753919
16765000
16776080
16787161
16798243
16809323
16820403
16831483
16842564
16853644
16864725
16875806
16886887
16897967
16909048
16920128
16931209
16942289
16953370
16964451
16975531
16986612
16997693
17008774
17019854
17030935
17042015
17053096
17064177
17075257
17086338
17097418
17108499
17119580
17130661
17141741
17152822
17163902
17174983
17186064
17197144
17208225
17219305
17230386
17241467
17252547
17263628
17274708
17285790
17296870
17307950
17319031
17330112
17341192
17352273
17363354
17374434
17385515
17396596
17407677
17418757
17429838
17440918
17451999
17463080
17474160
17485240
17496321
17507402
17518483
17529563
17540644
17551725
17562805
17573886
17584966
17596047
17607128
17618208
17629289
17640370
17651450
17662531
17673612
17684692
17695773
17706853
17717934
17729015
17740095
17751176
17762257
17773337
17784418
17795499
17806579
17817660
17828740
17839821
17850901
17861982
17873063
17884143
17895224
17906305
17917385
17928466
17939546
17950627
17961708
17972788
17983869
17994950
18006031
18017111
18028192
18039272
18050353
18061434
18072514
18083595
18094676
18105756
18116837
18127918
18138998
18150079
18161159
18172240
18183321
18194402
18205482
18216562
18227643
18238724
18249804
18260885
18271966
18283046
18294128
18305207
18316288
18327369
18338449
18349530
18360611
18371691
18382772
18393853
18404934
18416014
18427095
18438175
18449256
18460337
18471417
18482498
18493578
18504659
18515739
18526820
18537901
18548982
18560062
18571142
18582223
18593304
18604385
18615465
18626546
18637626
18648707
18659788
18670868
18681949
18693030
18704110
18715191
18726271
18737352
18748433
18759513
18770594
18781675
18792757
18803836
18814917
18825997
18837078
18848158
18859240
18870320
18881401
18892481
18903562
18914643
18925723
18936803
18947884
18958965
18970045
18981126
18992207
19003288
19014368
19025449
19036529
19047610
19058691
19069771
19080852
19091933
19103013
19114094
19125175
19136255
19147336
19158416
19169497
19180578
19191658
19202739
19213819
19224900
19235981
19247061
19258142
19269223
19280303
19291384
19302464
19313545
19324626
19335706
19346787
19357868
19368948
19380029
19391110
19402191
19413271
19424352
19435432
19446513
19457594
19468674
19479755
19490835
19501916
19512997
19524078
19535158
19546238
19557319
19568400
19579480
19590561
19601642
19612722
19623803
19634883
19645964
19657045
19668125
19679206
19690287
19701367
19712448
19723528
19734609
19745690
19756770
19767851
19778932
19790014
19801094
19812174
19823254
19834335
19845416
