11081
22161
33242
44323
55403
66484
77564
88645
99726
110806
121887
132968
144048
155129
166209
177290
188370
199451
210532
221612
232693
243774
254854
265935
277016
288096
299177
310258
321338
332419
343500
354580
365661
376741
387822
398903
409983
421064
432145
443225
454306
465386
476467
487548
498629
509709
520790
531870
542951
554032
565112
576193
587273
598354
609435
620515
631596
642677
653757
664838
675919
686999
698080
709161
720241
731322
742402
753483
764564
775644
786725
797806
808886
819967
831048
842129
853209
864289
875370
886450
897531
908613
919693
930773
941854
952934
964015
975096
986176
997257
1008338
1019418
1030499
1041580
1052660
1063741
1074821
1085902
1096983
1108063
1119144
1130225
1141305
1152386
1163466
1174547
1185628
1196708
1207789
1218870
1229950
1241031
1252112
1263192
1274273
1285353
1296434
1307515
1318595
1329676
1340757
1351837
1362918
1373998
1385079
1396160
1407240
1418321
1429402
1440483
1451563
1462644
1473724
1484805
1495885
1506966
1518047
1529127
1540208
1551289
1562369
1573450
1584530
1595611
1606692
1617772
1628853
1639934
1651014
1662095
1673176
1684256
1695337
1706417
1717498
1728579
1739659
1750740
1761821
1772901
1783982
1795063
1806143
1817224
1828305
1839386
1850466
1861546
1872627
1883708
1894788
1905869
1916949
1928030
1939111
1950191
1961272
1972353
1983433
1994514
2005595
2016675
2027756
2038837
2049917
2060998
2072078
2083159
2094240
2105320
2116401
2127482
2138562
2149643
2160724
2171804
2182885
2193965
2205046
2216127
2227207
2238288
2249369
2260449
2271530
2282610
2293691
2304772
2315852
2326933
2338014
2349094
2360175
2371256
2382336
2393417
2404497
2415578
2426659
2437740
2448820
2459901
2470981
2482062
2493143
2504223
2515304
2526384
2537465
2548546
2559626
2570707
2581788
2592868
2603949
2615030
2626110
2637191
2648271
2659352
2670433
2681513
2692594
2703675
2714755
2725836
2736916
2747997
2759078
2770158
2781239
2792320
2803400
2814481
2825562
2836643
2847723
2858803
2869884
2880965
2892045
2903126
2914206
2925287
2936368
2947448
2958529
2969610
2980690
2991771
3002852
3013932
3025013
3036094
3047174
3058255
3069336
3080416
3091497
3102577
3113658
3124739
3135819
3146900
3157981
3169063
3180142
3191222
3202303
3213384
3224464
3235545
3246626
3257706
3268787
3279868
3290948
3302029
3313109
3324190
3335271
3346351
3357432
3368513
3379593
3390674
3401755
3412835
3423916
3434997
3446077
3457158
3468238
3479319
3490400
3501480
3512561
3523641
3534722
3545803
3556883
3567964
3579045
3590125
3601206
3612286
3623367
3634448
3645529
3656609
3667690
3678770
3689851
3700932
3712012
3723093
3734174
3745254
3756335
3767415
3778496
3789577
3800658
3811738
3822819
3833900
3844981
3856061
3867142
3878222
3889304
3900384
3911465
3922545
3933626
3944706
3955787
3966868
3977948
3989029
4000110
4011190
4022271
4033352
4044432
4055513
4066593
4077674
4088755
4099836
4110916
4121997
4133077
4144158
4155239
4166319
4177400
4188480
4199561
4210641
4221722
4232803
4243883
4254964
4266045
4277125
4288206
4299287
4310367
4321448
4332529
4343609
4354690
4365770
4376851
4387932
4399013
4410093
4421174
4432254
4443335
4454416
4465496
4476577
4487657
4498738
4509819
4520899
4531980
4543061
4554141
4565222
4576302
4587383
4598464
4609545
4620625
4631706
4642787
4653867
4664948
4676028
4687109
4698190
4709270
4720351
4731432
4742512
4753593
4764673
4775754
4786835
4797915
4808996
4820077
4831159
4842238
4853318
4864399
4875480
4886560
4897641
4908721
4919802
4930883
4941964
4953044
4964125
4975205
4986286
4997367
5008447
5019528
5030609
5041689
5052770
5063851
5074931
5086012
5097092
5108173
5119254
5130335
5141415
5152496
5163576
5174657
5185737
5196818
5207898
5218979
5230061
5241141
5252221
5263302
5274382
5285463
5296544
5307624
5318705
5329786
5340866
5351947
5363028
5374108
5385189
5396270
5407350
5418431
5429512
5440592
5451673
5462753
5473834
5484915
5495995
5507076
5518156
5529237
5540318
5551398
5562479
5573560
5584640
5595721
5606801
5617882
5628963
5640043
5651124
5662205
5673285
5684366
5695447
5706527
5717608
5728688
5739769
5750850
5761930
5773011
5784092
5795172
5806253
5817334
5828415
5839495
5850576
5861656
5872737
5883817
5894898
5905978
5917059
5928140
5939220
5950302
5961382
5972463
5983543
5994624
6005704
6016785
6027866
6038946
6050027
6061107
6072188
6083269
6094349
6105430
6116511
6127591
6138672
6149752
6160835
6171914
6182994
6194075
6205156
6216236
6227317
6238398
6249478
6260560
6271639
6282720
6293801
6304881
6315962
6327043
6338123
6349204
6360285
6371365
6382446
6393527
6404607
6415688
6426768
6437850
6448930
6460011
6471091
6482172
6493252
6504333
6515414
6526494
6537575
6548655
6559736
6570817
6581897
6592978
6604058
6615139
6626220
6637301
6648381
6659462
6670542
6681623
6692704
6703784
6714865
6725946
6737026
6748107
6759187
6770268
6781349
6792429
6803510
6814590
6825673
6836752
6847832
6858913
6869994
6881074
6892155
6903236
6914316
6925397
6936477
6947558
6958639
6969719
6980800
6991881
7002961
7014042
7025123
7036203
7047284
7058365
7069445
7080526
7091606
7102687
7113768
7124848
7135929
7147009
7158090
7169171
7180251
7191332
7202413
7213493
7224574
7235655
7246735
7257816
7268896
7279977
7291058
7302138
7313219
7324300
7335380
7346461
7357541
7368622
7379703
7390784
7401864
7412945
7424025
7435106
7446187
7457267
7468348
7479429
7490509
7501589
7512670
7523751
7534832
7545912
7556993
7568073
7579154
7590235
7601315
7612396
7623477
7634558
7645638
7656719
7667799
7678880
7689961
7701041
7712122
7723203
7734283
7745364
7756444
7767525
7778606
7789686
7800767
7811847
7822930
7834009
7845089
7856170
7867250
7878331
7889412
7900493
7911573
7922654
7933734
7944815
7955896
7966976
7978057
7989138
8000219
8011299
8022380
8033460
8044541
8055622
8066702
8077783
8088863
8099944
8111025
8122105
8133186
8144267
8155348
8166428
8177508
8188589
8199669
8210751
8221831
8232911
8243992
8255073
8266153
8277234
8288315
8299395
8310476
8321557
8332637
8343718
8354798
8365879
8376960
8388040
8399121
8410202
8421283
8432363
8443443
8454524
8465605
8476685
8487766
8498847
8509927
8521009
8532089
8543169
8554250
8565330
8576411
8587492
8598572
8609653
8620735
8631814
8642895
8653976
8665056
8676137
8687218
8698298
8709379
8720459
8731540
8742621
8753701
8764782
8775863
8786943
8798024
8809104
8820187
8831266
8842346
8853427
8864507
8875588
8886669
8897749
8908830
8919911
8930991
8942072
8953153
8964233
8975314
8986396
8997475
9008556
9019637
9030717
9041798
9052878
9063959
9075040
9086120
9097201
9108282
9119362
9130443
9141523
9152604
9163684
9174765
9185846
9196926
9208007
9219088
9230168
9241249
9252330
9263410
9274491
9285572
9296652
9307733
9318814
9329894
9340975
9352055
9363136
9374217
9385297
9396378
9407459
9418539
9429620
9440701
9451781
9462862
9473942
9485023
9496104
9507184
9518265
9529346
9540426
9551508
9562587
9573668
9584749
9595829
9606910
9617991
9629072
9640152
9651233
9662313
9673394
9684475
9695555
9706636
9717716
9728797
9739878
9750959
9762039
9773119
9784200
9795281
9806362
9817444
9828523
9839603
9850684
9861764
9872845
9883926
9895006
9906087
9917168
9928248
9939329
9950410
9961490
9972571
9983652
9994732
10005813
10016894
10027974
10039055
10050135
10061216
10072297
10083377
10094458
10105539
10116619
10127700
10138780
10149862
10160943
10172022
10183103
10194183
10205264
10216345
10227426
10238506
10249587
10260668
10271748
10282829
10293909
10304990
10316071
10327151
10338232
10349313
10360393
10371474
10382554
10393635
10404715
10415796
10426877
10437958
10449038
10460119
10471200
10482280
10493360
10504441
10515522
10526603
10537683
10548764
10559844
10570925
10582006
10593086
10604167
10615248
10626328
10637409
10648490
10659570
10670651
10681732
10692812
10703893
10714973
10726054
10737135
10748215
10759296
10770377
10781458
10792538
10803618
10814700
10825780
10836860
10847941
10859022
10870102
10881183
10892263
10903344
10914425
10925505
10936586
10947667
10958747
10969828
10980914
10991989
11003070
11014151
11025231
11036312
11047392
11058473
11069554
11080634
11091715
11102796
11113876
11124957
11136038
11147118
11158198
11169279
11180360
11191440
11202521
11213602
11224683
11235763
11246844
11257924
11269005
11280086
11291166
11302247
11313328
11324408
11335489
11346569
11357650
11368731
11379811
11390892
11401972
11413053
11424134
11435214
11446295
11457376
11468456
11479537
11490618
11501698
11512779
11523860
11534940
11546021
11557101
11568182
11579263
11590343
11601424
11612505
11623586
11634666
11645747
11656827
11667908
11678989
11690069
11701150
11712230
11723311
11734391
11745472
11756553
11767633
11778714
11789795
11800876
11811958
11823038
11834117
11845198
11856278
11867359
11878440
11889520
11900601
11911682
11922762
11933843
11944924
11956004
11967085
11978166
11989246
12000327
12011409
12022489
12033569
12044649
12055730
12066811
12077891
12088972
12100052
12111134
12122214
12133294
12144375
12155455
12166536
12177617
12188697
12199778
12210859
12221940
12233020
12244101
12255181
12266262
12277343
12288423
12299504
12310585
12321665
12332746
12343826
12354907
12365988
12377068
12388149
12399230
12410311
12421391
12432472
12443552
12454632
12465713
12476794
12487874
12498955
12510036
12521117
12532197
12543278
12554358
12565439
12576520
12587600
12598681
12609762
12620842
12631923
12643004
12654084
12665165
12676245
12687326
12698406
12709487
12720568
12731649
12742729
12753810
12764890
12775971
12787051
12798132
12809215
12820294
12831374
12842455
12853536
12864616
12875697
12886777
12897858
12908939
12920019
12931100
12942181
12953261
12964342
12975423
12986503
12997584
13008665
13019745
13030826
13041907
13052987
13064067
13075148
13086229
13097309
13108390
13119470
13130551
13141633
13152712
13163793
13174874
13185954
13197035
13208116
13219196
13230277
13241358
13252438
13263519
13274600
13285680
13296761
13307841
13318922
13330003
13341083
13352164
13363245
13374325
13385406
13396486
13407567
13418648
13429728
13440809
13451890
13462970
13474051
13485131
13496212
13507293
13518373
13529454
13540535
13551616
13562696
13573777
13584857
13595938
13607019
13618099
13629180
13640261
13651341
13662422
13673502
13684583
13695664
13706744
13717825
13728905
13739986
13751067
13762148
13773228
13784309
13795389
13806471
13817551
13828631
13839712
13850792
13861874
13872954
13884034
13895115
13906195
13917276
13928357
13939438
13950518
13961599
13972680
13983760
13994842
14005921
14017002
14028083
14039163
14050243
14061325
14072405
14083486
14094566
14105647
14116727
14127808
14138889
14149969
14161050
14172132
14183211
14194292
14205373
14216453
14227534
14238615
14249695
14260776
14271857
14282937
14294018
14305099
14316179
14327260
14338340
14349421
14360501
14371583
14382663
14393744
14404824
14415905
14426986
14438066
14449146
14460227
14471308
14482389
14493469
14504550
14515630
14526711
14537792
14548872
14559953
14571034
14582114
14593195
14604276
14615356
14626437
14637518
14648598
14659678
14670759
14681840
14692921
14704001
14715082
14726162
14737243
14748324
14759404
14770485
14781566
14792646
14803729
14814807
14825888
14836969
14848049
14859130
14870211
14881291
14892372
14903453
14914533
14925614
14936695
14947775
14958856
14969936
14981017
14992098
15003178
15014259
15025339
15036420
15047501
15058581
15069662
15080743
15091824
15102904
15113984
15125065
15136146
15147226
15158307
15169388
15180468
15191549
15202630
15213711
15224791
15235871
15246952
15258033
15269113
15280194
15291275
15302357
15313436
15324517
15335597
15346678
15357758
15368839
15379920
15391000
15402082
15413162
15424242
15435323
15446404
15457484
15468565
15479645
15490726
15501807
15512887
15523968
15535049
15546129
15557210
15568291
15579371
15590452
15601533
15612613
15623694
15634775
15645855
15656936
15668016
15679097
15690178
15701258
15712338
15723419
15734500
15745580
15756661
15767742
15778822
15789903
15800985
15812065
15823145
15834226
15845306
15856387
15867468
15878548
15889629
15900709
15911791
15922871
15933951
15945032
15956113
15967194
15978274
15989355
16000435
16011516
16022596
16033677
16044758
16055838
16066919
16078000
16089080
16100161
16111241
16122322
16133403
16144483
16155564
16166645
16177725
16188806
16199887
16210967
16222048
16233128
16244209
16255290
16266370
16277451
16288531
16299612
16310693
16321773
16332854
16343934
16355015
16366096
16377176
16388257
16399338
16410419
16421499
16432580
16443660
16454741
16465822
16476903
16487983
16499064
16510144
16521225
16532306
16543386
16554467
16565547
16576628
16587709
16598789
16609870
16620951
16632032
16643112
16654192
16665273
16676354
16687434
16698515
16709595
16720676
16731757
16742837
16753918
16764999
16776080
16787160
16798243
16809321
16820402
16831483
16842563
16853644
16864725
16875805
16886886
16897966
16909047
16920128
16931208
16942289
16953369
16964450
16975531
16986611
16997692
17008773
17019853
17030934
17042015
17053095
17064176
17075256
17086337
17097418
17108498
17119579
17130660
17141740
17152821
17163902
17174982
17186063
17197144
17208224
17219305
17230385
17241466
17252546
17263627
17274708
17285789
17296870
17307950
17319030
17330111
17341192
17352272
17363353
17374433
17385514
17396595
17407676
17418756
17429837
17440917
17451998
17463079
17474159
17485240
17496321
17507401
17518482
17529562
17540643
17551724
17562804
17573885
17584966
17596046
17607127
17618207
17629288
17640369
17651450
17662530
17673610
17684691
17695772
17706853
17717933
17729014
17740094
17751175
17762256
17773336
17784417
17795499
17806578
17817659
17828740
17839820
17850901
17861982
17873062
17884143
17895223
17906304
17917384
17928465
17939546
17950627
17961708
17972787
17983868
17994949
18006030
18017110
18028191
18039271
18050352
18061433
18072513
18083594
18094675
18105755
18116836
18127917
18138997
18150078
18161158
18172239
18183320
18194400
18205481
18216562
18227642
18238723
18249804
18260884
18271965
18283045
18294126
18305206
18316287
18327368
18338448
18349529
18360610
18371690
18382771
18393852
18404932
18416013
18427094
18438174
18449255
18460336
18471416
18482497
18493577
18504658
18515739
18526819
18537900
18548980
18560061
18571142
18582223
18593303
18604384
18615464
18626545
18637625
18648706
18659787
18670867
18681948
18693029
18704109
18715190
18726271
18737351
18748432
18759513
18770593
18781674
18792756
18803836
18814916
18825996
18837077
18848158
18859238
18870319
18881399
18892480
18903561
18914641
18925722
18936803
18947883
18958964
18970045
18981125
18992206
19003287
19014367
19025448
19036528
19047609
19058690
19069770
19080851
19091932
19103012
19114093
19125174
19136254
19147335
19158415
19169496
19180577
19191657
19202738
19213819
19224899
19235980
19247060
19258141
19269221
19280302
19291383
19302464
19313544
19324625
19335705
19346786
19357867
19368947
19380028
19391109
19402189
19413270
19424351
19435431
19446512
19457593
19468673
19479754
19490834
19501915
19512996
19524076
19535157
19546237
19557318
19568399
19579479
19590560
19601641
19612721
19623802
19634883
19645963
19657044
19668124
19679205
19690286
19701366
19712447
19723528
19734608
19745689
19756770
19767850
19778931
19790013
19801092
19812173
19823253
19834334
19845415
