88645
99726
110806
121887
132968
144048
155129
166210
254854
265935
277016
288096
299177
310258
321338
332419
421064
432145
443226
454306
465387
476467
487548
498629
587274
598354
609435
620515
631596
642677
653757
664838
753483
764564
775644
786725
797806
808886
819967
831048
919693
930773
941854
952935
964015
975096
986176
997257
1085902
1096983
1108064
1119144
1130225
1141306
1152386
1163467
1252112
1263192
1274273
1285354
1296435
1307515
1318595
1329676
1418321
1429402
1440483
1451563
1462644
1473724
1484805
1495886
1595611
1606692
1617773
1628853
1639934
1651015
1662095
1761821
1772902
1783982
1795063
1806144
1817224
1828305
1928031
1939111
1950192
1961272
1972353
1983434
1994514
2094241
2105322
2116402
2127483
2138564
2149644
2160725
2260450
2271531
2282612
2293692
2304773
2315853
2326934
2426660
2437741
2448822
2459902
2470983
2482063
2493144
2592869
2603950
2615031
2626112
2637193
2648273
2659353
2759079
2770160
2781240
2792321
2803401
2814482
2825563
2925288
2936369
2947450
2958530
2969611
2980692
2991772
3091498
3102579
3113659
3124740
3135821
3146901
3157982
3257708
3268788
3279869
3290949
3302030
3313111
3324191
3335272
3423917
3434998
3446079
3457159
3468240
3479320
3490401
3501482
3590127
3601207
3612288
3623368
3634449
3645530
3656611
3667693
3756336
3767417
3778497
3789578
3800659
3811739
3822820
3833903
3922546
3933626
3944707
3955788
3966868
3977949
3989030
4000110
4088755
4099836
4110916
4121997
4133078
4144158
4155239
4166320
4254965
4266046
4277126
4288207
4299287
4310368
4321449
4332529
4421174
4432255
4443336
4454416
4465497
4476577
4487658
4498739
4587384
4598465
4609545
4620626
4631707
4642787
4653868
4664948
4753593
4764674
4775754
4786835
4797916
4808996
4820077
4831159
4919803
4930884
4941964
4953045
4964125
4975206
4986287
4997368
5086012
5097093
5108174
5119254
5130335
5141415
5152496
5163577
5252222
5263303
5274383
5285464
5296544
5307625
5318706
5329787
5418431
5429512
5440593
5451673
5462754
5473835
5484915
5495996
5595722
5606802
5617883
5628964
5640044
5651125
5662206
5761931
5773012
5784092
5795173
5806254
5817335
5828417
5928141
5939221
5950302
5961383
5972463
5983544
5994625
6094350
6105431
6116512
6127592
6138673
6149753
6160834
6260560
6271640
6282721
6293802
6304882
6315963
6327044
6426769
6437850
6448931
6460011
6471092
6482173
6493253
6592979
6604059
6615140
6626221
6637302
6648382
6659463
6759188
6770269
6781349
6792430
6803511
6814592
6825672
6925398
6936478
6947559
6958640
6969720
6980801
6991882
7091607
7102688
7113769
7124849
7135930
7147011
7158092
7257817
7268897
7279978
7291059
7302139
7313220
7324301
7335381
7424026
7435107
7446188
7457269
7468349
7479429
7490511
7501591
7590236
7601316
7612397
7623478
7634559
7645639
7656720
7667801
7756445
7767526
7778607
7789687
7800768
7811849
7822931
7834010
7922655
7933735
7944816
7955897
7966977
7978058
7989139
8000219
8088865
8099945
8111026
8122106
8133187
8144268
8155349
8166429
8255074
8266154
8277236
8288316
8299396
8310477
8321558
8332639
8421284
8432364
8443445
8454526
8465606
8476687
8487768
8498848
8587493
8598573
8609654
8620735
8631816
8642896
8653977
8665057
8753702
8764783
8775864
8786945
8798025
8809106
8820188
8831267
8919912
8930993
8942073
8953154
8964235
8975315
8986396
8997477
9086122
9097203
9108283
9119363
9130444
9141525
9152606
9163686
9252331
9263412
9274492
9285573
9296653
9307734
9318815
9329895
9418541
9429621
9440702
9451782
9462863
9473944
9485025
9496105
9595831
9606911
9617993
9629072
9640153
9651234
9662314
9762040
9773121
9784202
9795282
9806363
9817445
9828525
9928250
9939330
9950411
9961492
9972572
9983653
9994733
10094459
10105540
10116621
10127701
10138782
10149863
10160943
10260669
10271750
10282830
10293911
10304991
10316072
10327152
10426878
10437959
10449040
10460120
10471201
10482282
10493362
10593088
10604169
10615249
10626330
10637411
10648491
10659572
10759297
10770378
10781459
10792539
10803620
10814702
10825781
10925507
10936588
10947669
10958749
10969829
10980910
10991990
11091716
11102797
11113878
11124958
11136039
11147120
11158200
11257926
11269006
11280087
11291168
11302248
11313329
11324410
11335490
11424136
11435216
11446297
11457377
11468458
11479539
11490619
11501700
11590345
11601425
11612506
11623587
11634667
11645749
11656828
11667910
11756554
11767635
11778716
11789796
11800877
11811958
11823038
11834119
11922764
11933844
11944925
11956006
11967086
11978168
11989248
12000328
12088973
12100054
12111135
12122215
12133296
12144377
12155457
12166538
12255183
12266264
12277345
12288425
12299505
12310586
12321667
12332747
12421393
12432473
12443554
12454634
12465715
12476796
12487876
12498957
12587602
12598683
12609764
12620844
12631925
12643005
12654086
12665166
12753811
12764892
12775973
12787053
12798134
12809216
12820295
12831376
12920021
12931102
12942182
12953263
12964343
12975424
12986505
12997586
13086230
13097311
13108392
13119472
13130553
13141634
13152714
13163795
13252440
13263521
13274601
13285682
13296762
13307844
13318924
13330004
13418650
13429730
13440811
13451891
13462972
13474053
13485133
13496214
13595940
13607020
13618101
13629182
13640263
13651343
13662423
13762149
13773230
13784310
13795391
13806473
13817552
13828633
13928359
13939440
13950520
13961601
13972682
13983762
13994842
14094568
14105649
14116729
14127811
14138891
14149971
14161052
14260778
14271858
14282939
14294019
14305100
14316181
14327262
14426987
14438068
14449148
14460229
14471310
14482390
14493471
14593197
14604277
14615358
14626438
14637520
14648600
14659680
14759406
14770487
14781567
14792648
14803731
14814809
14825890
14925616
14936696
14947777
14958858
14969939
14981019
14992100
15091825
15102906
15113986
15125067
15136148
15147228
15158309
15258035
15269116
15280196
15291277
15302357
15313438
15324519
15335599
15424244
15435325
15446405
15457486
15468568
15479647
15490728
15501809
15590454
15601534
15612615
15623696
15634776
15645857
15656938
15668019
15756663
15767744
15778824
15789905
15800987
15812066
15823147
15834228
15922873
15933953
15945034
15956115
15967195
15978276
15989356
16000437
16089082
16100163
16111243
16122324
16133406
16144485
16155566
16166647
16255292
16266372
16277453
16288534
16299615
16310695
16321776
16332856
16421501
16432582
16443662
16454743
16465824
16476904
16487985
16499066
16587711
16598792
16609872
16620953
16632033
16643114
16654195
16665275
16753920
16765001
16776081
16787162
16798243
16809324
16820404
16831485
16920130
16931210
16942291
16953372
16964453
16975533
16986614
16997695
17086339
17097420
17108500
17119581
17130662
17141742
17152823
17163904
17252549
17263629
17274710
17285791
17296872
17307952
17319032
17330113
17418758
17429839
17440919
17452000
17463082
17474161
17485242
17496323
17584968
17596048
17607129
17618210
17629290
17640371
17651451
17662532
17762258
17773338
17784419
17795502
17806580
17817661
17828742
17928468
17939548
17950629
17961710
17972790
17983871
17994952
18094677
18105757
18116838
18127919
18138999
18150080
18161161
18260886
18271967
18283048
18294129
18305209
18316290
18327370
18427096
18438176
18449257
18460338
18471418
18482499
18493580
18593306
18604386
18615467
18626548
18637628
18648709
18659789
18759515
18770595
18781676
18792759
18803838
18814918
18825999
18925724
18936805
18947886
18958967
18970047
18981127
18992208
19091934
19103014
19114095
19125176
19136256
19147337
19158418
19258144
19269224
19280305
19291385
19302466
19313547
19324627
19335708
19424353
19435433
19446514
19457595
19468676
19479756
19490837
19501917
19590563
19601643
19612724
19623805
19634885
19645966
19657046
19668127
19756772
19767853
19778933
19790016
19801094
19812175
19823256
19834336
