77564
88645
99726
110806
121887
132968
144048
155129
243774
254854
265935
277016
288097
299177
310258
321338
409983
421064
432145
443225
454306
465386
476467
487548
576193
587274
598354
609435
620515
631596
642677
653758
742402
753483
764564
775644
786725
797806
808886
819967
908612
919693
930773
941854
952935
964015
975096
986176
1074822
1085902
1096983
1108063
1119144
1130225
1141305
1152386
1252112
1263192
1274273
1285353
1296434
1307515
1318595
1418321
1429402
1440483
1451563
1462644
1473725
1484805
1584531
1595612
1606693
1617773
1628854
1639935
1651016
1750741
1761822
1772902
1783983
1795064
1806144
1817225
1916950
1928031
1939112
1950192
1961273
1972354
1983435
2083160
2094241
2105321
2116402
2127483
2138563
2149644
2249370
2260450
2271531
2282611
2293692
2304773
2315853
2415579
2426660
2437740
2448821
2459902
2470982
2482063
2581788
2592869
2603950
2615030
2626111
2637192
2648273
2747998
2759079
2770160
2781240
2792321
2803401
2814482
2914208
2925288
2936369
2947450
2958530
2969611
2980691
2991772
3080417
3091498
3102579
3113659
3124740
3135820
3146901
3157982
3246627
3257707
3268788
3279868
3290949
3302030
3313110
3324191
3412836
3423917
3434998
3446078
3457159
3468240
3479320
3490401
3579046
3590126
3601207
3612288
3623369
3634449
3645530
3656610
3745255
3756336
3767417
3778497
3789578
3800659
3811739
3822819
3911465
3922545
3933626
3944707
3955787
3966868
3977948
3989030
4077674
4088755
4099836
4110916
4121997
4133077
4144158
4155239
4243884
4254965
4266045
4277126
4288206
4299287
4310368
4321448
4410093
4421174
4432255
4443335
4454416
4465497
4476577
4487658
4576303
4587384
4598464
4609545
4620625
4631706
4642787
4653867
4742512
4753593
4764674
4775754
4786835
4797916
4808996
4820077
4908722
4919803
4930883
4941964
4953044
4964125
4975205
4986286
5074931
5086012
5097093
5108173
5119254
5130335
5141415
5152496
5252222
5263302
5274383
5285463
5296544
5307625
5318705
5418431
5429512
5440592
5451673
5462754
5473834
5484915
5584641
5595721
5606802
5617882
5628963
5640044
5651124
5750850
5761931
5773011
5784092
5795172
5806253
5817334
5917060
5928140
5939221
5950302
5961382
5972463
5983543
6083269
6094350
6105430
6116511
6127592
6138672
6149753
6249479
6260559
6271640
6282720
6293801
6304882
6315962
6415688
6426769
6437850
6448930
6460011
6471091
6482172
6581898
6592978
6604059
6615140
6626220
6637301
6648381
6748107
6759188
6770268
6781349
6792430
6803510
6814591
6914317
6925398
6936478
6947558
6958639
6969720
6980800
6991881
7080526
7091607
7102687
7113768
7124849
7135929
7147010
7158091
7246736
7257816
7268897
7279978
7291058
7302139
7313219
7324300
7412945
7424026
7435107
7446187
7457268
7468348
7479429
7490510
7579155
7590235
7601316
7612397
7623477
7634558
7645639
7656719
7745365
7756445
7767525
7778606
7789687
7800767
7811848
7822931
7911574
7922654
7933735
7944816
7955897
7966977
7978057
7989138
8077783
8088864
8099944
8111025
8122106
8133186
8144267
8155348
8243993
8255073
8266154
8277235
8288315
8299396
8310477
8321558
8410202
8421283
8432364
8443444
8454525
8465606
8476686
8487767
8576412
8587492
8598573
8609653
8620734
8631815
8642895
8653976
8742621
8753702
8764782
8775863
8786944
8798024
8809105
8820187
8908831
8919911
8930992
8942073
8953153
8964234
8975314
8986396
9075040
9086121
9097201
9108282
9119363
9130443
9141524
9152605
9252331
9263411
9274492
9285572
9296653
9307734
9318814
9418540
9429620
9440701
9451782
9462862
9473943
9485024
9584749
9595830
9606911
9617991
9629072
9640152
9651234
9750959
9762039
9773120
9784201
9795282
9806362
9817445
9917169
9928249
9939330
9950410
9961491
9972571
9983653
10083378
10094458
10105539
10116620
10127701
10138781
10149862
10249588
10260668
10271749
10282829
10293910
10304991
10316072
10415797
10426878
10437958
10449039
10460119
10471200
10482281
10582007
10593087
10604168
10615248
10626329
10637410
10648490
10748216
10759296
10770378
10781458
10792538
10803619
10814701
10914425
10925506
10936587
10947668
10958748
10969829
10980910
10991990
11080635
11091716
11102796
11113877
11124957
11136038
11147119
11158199
11246845
11257925
11269006
11280086
11291167
11302248
11313328
11324409
11413054
11424135
11435215
11446296
11457377
11468457
11479538
11490618
11579264
11590344
11601425
11612506
11623586
11634667
11645748
11656828
11745473
11756554
11767634
11778715
11789795
11800876
11811958
11823038
11911683
11922763
11933844
11944924
11956005
11967086
11978167
11989247
12077892
12088973
12100053
12111134
12122215
12133295
12144376
12155456
12244101
12255182
12266263
12277344
12288424
12299505
12310586
12321666
12410311
12421392
12432473
12443553
12454633
12465714
12476795
12487876
12576520
12587601
12598682
12609763
12620843
12631924
12643006
12654085
12742730
12753810
12764891
12775972
12787052
12798133
12809215
12820294
12908939
12920020
12931101
12942181
12953262
12964343
12975423
12986504
13075149
13086229
13097310
13108391
13119471
13130552
13141633
13152713
13252439
13263520
13274600
13285681
13296762
13307843
13318923
13418649
13429730
13440810
13451891
13462971
13474052
13485132
13584858
13595939
13607019
13618100
13629181
13640261
13651342
13751068
13762148
13773229
13784309
13795390
13806472
13817551
13917277
13928358
13939438
13950519
13961600
13972681
13983761
14083487
14094567
14105648
14116728
14127809
14138892
14149970
14249696
14260777
14271858
14282938
14294019
14305099
14316180
14415906
14426986
14438067
14449147
14460228
14471309
14482389
14582115
14593196
14604276
14615358
14626438
14637519
14648599
14748325
14759405
14770486
14781566
14792647
14803730
14814809
14914534
14925615
14936695
14947776
14958857
14969937
14981018
14992099
15080744
15091824
15102905
15113985
15125066
15136147
15147227
15158308
15246953
15258034
15269115
15280195
15291276
15302356
15313437
15324517
15413163
15424243
15435324
15446404
15457485
15468566
15479646
15490727
15579372
15590453
15601534
15612615
15623695
15634775
15645856
15656937
15745581
15756662
15767743
15778824
15789904
15800986
15812065
15823146
15911791
15922872
15933952
15945033
15956114
15967195
15978275
15989356
16078000
16089081
16100162
16111243
16122323
16133404
16144484
16155565
16244210
16255291
16266372
16277452
16288533
16299615
16310694
16321775
16410420
16421500
16432581
16443661
16454742
16465823
16476903
16487984
16576629
16587710
16598791
16609871
16620952
16632033
16643113
16654194
16742839
16753919
16765000
16776080
16787161
16798243
16809322
16820403
16909048
16920129
16931210
16942290
16953371
16964451
16975532
16986613
17075257
17086338
17097419
17108499
17119580
17130661
17141741
17152822
17252548
17263628
17274709
17285790
17296870
17307951
17319031
17418757
17429838
17440918
17451999
17463080
17474160
17485241
17584967
17596047
17607128
17618209
17629290
17640370
17651451
17751176
17762257
17773338
17784418
17795500
17806580
17817660
17917386
17928466
17939547
17950628
17961708
17972789
17983870
18083595
18094676
18105756
18116837
18127918
18138998
18150079
18249805
18260885
18271966
18283046
18294127
18305208
18316289
18416014
18427095
18438175
18449256
18460339
18471417
18482498
18582224
18593304
18604385
18615466
18626547
18637627
18648707
18748433
18759514
18770594
18781675
18792757
18803836
18814917
18914643
18925723
18936804
18947885
18958965
18970046
18981127
18992207
19080852
19091933
19103013
19114094
19125175
19136255
19147336
19158417
19247062
19258142
19269223
19280304
19291384
19302465
19313545
19324626
19413271
19424352
19435433
19446513
19457594
19468674
19479755
19490836
19579481
19590563
19601643
19612722
19623803
19634884
19645965
19657045
19745690
19756771
19767851
19778932
19790013
19801094
19812174
19823255
