11080
22161
33242
44322
132967
144048
155129
166209
177290
188371
199451
210532
299177
310258
321338
332419
343500
354580
365661
376741
465386
476467
487548
498628
509709
520790
531870
542951
631596
642677
653757
664838
675919
686999
698080
709160
797805
808886
819967
831047
842128
853209
864289
875370
964015
975095
986176
997257
1008338
1019418
1030499
1041580
1130224
1141305
1152386
1163466
1174547
1185628
1196708
1207789
1296434
1307515
1318595
1329676
1340757
1351837
1362918
1373998
1473724
1484805
1495885
1506966
1518047
1529127
1540208
1639934
1651014
1662095
1673176
1684256
1695337
1706417
1806144
1817224
1828305
1839388
1850467
1861547
1872628
1972353
1983434
1994515
2005596
2016676
2027757
2038838
2138563
2149643
2160724
2171805
2182885
2193967
2205047
2304773
2315853
2326934
2338015
2349095
2360176
2371256
2470982
2482062
2493143
2504225
2515304
2526385
2537466
2637192
2648272
2659353
2670434
2681514
2692595
2703676
2803401
2814481
2825562
2836645
2847724
2858804
2869886
2969611
2980691
2991772
3002853
3013933
3025014
3036094
3047175
3135820
3146901
3157981
3169062
3180143
3191223
3202304
3213384
3302030
3313110
3324191
3335272
3346352
3357433
3368513
3379594
3468239
3479320
3490400
3501481
3512561
3523642
3534723
3545803
3634449
3645529
3656610
3667691
3678771
3689852
3700932
3712013
3800658
3811739
3822819
3833902
3844981
3856061
3867142
3878223
3966868
3977948
3989029
4000111
4011190
4022271
4033351
4044432
4133077
4144158
4155238
4166319
4177399
4188480
4199561
4210641
4299287
4310367
4321448
4332529
4343609
4354690
4365770
4376851
4465496
4476577
4487657
4498738
4509819
4520899
4531980
4543060
4631706
4642786
4653867
4664948
4676028
4687109
4698189
4709270
4797915
4808996
4820076
4831158
4842238
4853318
4864399
4875480
4964125
4975205
4986286
4997367
5008447
5019528
5030609
5041689
5130335
5141415
5152495
5163576
5174657
5185737
5196818
5207899
5296544
5307624
5318705
5329786
5340866
5351947
5363027
5374108
5473834
5484914
5495995
5507075
5518156
5529237
5540318
5640043
5651124
5662205
5673285
5684366
5695447
5706527
5806253
5817333
5828416
5839495
5850575
5861656
5872736
5972462
5983543
5994624
6005704
6016785
6027866
6038946
6138672
6149752
6160835
6171914
6182994
6194075
6205155
6304881
6315962
6327043
6338123
6349204
6360285
6371365
6471091
6482171
6493253
6504333
6515413
6526494
6537575
6637300
6648381
6659462
6670542
6681623
6692703
6703784
6803510
6814590
6825673
6836753
6847832
6858913
6869993
6969719
6980800
6991881
7002961
7014042
7025123
7036203
7135929
7147009
7158090
7169171
7180252
7191332
7202413
7213493
7302138
7313219
7324300
7335380
7346461
7357542
7368622
7379703
7468348
7479428
7490509
7501590
7512670
7523751
7534831
7545912
7634557
7645638
7656719
7667799
7678880
7689960
7701041
7712122
7800767
7811847
7822930
7834009
7845089
7856170
7867251
7878331
7966976
7978057
7989138
8000218
8011299
8022379
8033460
8044541
8133186
8144267
8155347
8166427
8177508
8188589
8199670
8210750
8299395
8310476
8321557
8332637
8343718
8354799
8365879
8376960
8465605
8476685
8487766
8498847
8509927
8521009
8532088
8543169
8631814
8642895
8653976
8665056
8676137
8687218
8698298
8709379
8798024
8809104
8820187
8831266
8842346
8853427
8864507
8875588
8964233
8975314
8986395
8997475
9008556
9019637
9030718
9041798
9130443
9141523
9152604
9163685
9174765
9185846
9196926
9208007
9296652
9307733
9318814
9329894
9340975
9352056
9363136
9374217
9473942
9485023
9496104
9507184
9518265
9529345
9540427
9640152
9651233
9662313
9673394
9684475
9695555
9706636
9806361
9817444
9828523
9839603
9850685
9861765
9872845
9972571
9983652
9994732
10005813
10016893
10027974
10039055
10138780
10149861
10160942
10172022
10183103
10194183
10205264
10304990
10316071
10327151
10338232
10349313
10360393
10371474
10471199
10482280
10493360
10504441
10515522
10526602
10537683
10637409
10648490
10659570
10670651
10681731
10692812
10703893
10803618
10814701
10825780
10836860
10847941
10859022
10870102
10969828
10980910
10991989
11003070
11014151
11025231
11036312
11136037
11147118
11158199
11169279
11180360
11191440
11202521
11213602
11302247
11313328
11324408
11335489
11346569
11357650
11368731
11379811
11468456
11479537
11490618
11501698
11512779
11523859
11534940
11546021
11634666
11645747
11656827
11667908
11678988
11690069
11701150
11712230
11800876
11811958
11823037
11834117
11845198
11856278
11867359
11878440
11967085
11978166
11989246
12000327
12011408
12022488
12033569
12044649
12133294
12144375
12155455
12166536
12177617
12188698
12199778
12210860
12299504
12310585
12321665
12332746
12343826
12354907
12365988
12377068
12465714
12476794
12487874
12498955
12510036
12521116
12532197
12543278
12631923
12643004
12654084
12665165
12676246
12687326
12698406
12709487
12798132
12809215
12820293
12831374
12842455
12853535
12864616
12875697
12964342
12975423
12986503
12997584
13008664
13019745
13030826
13041906
13130551
13141632
13152713
13163793
13174874
13185954
13197035
13208116
13296761
13307842
13318922
13330003
13341084
13352164
13363244
13374325
13474051
13485131
13496212
13507293
13518373
13529454
13540535
13640261
13651341
13662422
13673502
13684583
13695664
13706744
13806471
13817550
13828631
13839712
13850793
13861873
13872954
13972680
13983760
13994841
14005921
14017002
14028082
14039163
14138889
14149969
14161051
14172131
14183211
14194292
14205373
14305098
14316179
14327260
14338340
14349421
14360502
14371582
14471309
14482388
14493469
14504550
14515630
14526711
14537792
14637517
14648598
14659678
14670760
14681840
14692921
14704001
14803728
14814808
14825888
14836969
14848049
14859130
14870211
14969936
14981017
14992098
15003178
15014259
15025339
15036420
15136147
15147226
15158307
15169388
15180469
15191549
15202630
15213710
15302355
15313436
15324516
15335597
15346678
15357759
15368839
15379920
15468565
15479645
15490726
15501807
15512887
15523968
15535049
15546130
15634774
15645855
15656936
15668016
15679097
15690177
15701258
15712339
15800985
15812065
15823145
15834226
15845306
15856387
15867468
15878548
15967193
15978274
15989355
16000435
16011516
16022596
16033677
16044757
16133403
16144483
16155564
16166645
16177725
16188806
16199887
16210967
16299612
16310693
16321773
16332854
16343935
16355015
16366096
16377176
16465823
16476902
16487983
16499064
16510144
16521225
16532306
16543386
16632031
16643112
16654192
16665273
16676353
16687434
16698515
16709595
16798242
16809322
16820402
16831483
16842563
16853644
16864725
16875805
16964450
16975531
16986611
16997692
17008773
17019853
17030934
17042014
17130660
17141740
17152821
17163901
17174982
17186063
17197144
17208224
17296869
17307950
17319031
17330111
17341192
17352272
17363353
17374433
17474159
17485240
17496321
17507401
17518482
17529562
17540643
17640368
17651449
17662530
17673611
17684691
17695773
17706852
17806579
17817659
17828740
17839820
17850901
17861981
17873062
17972788
17983868
17994949
18006030
18017110
18028191
18039271
18138997
18150078
18161159
18172239
18183320
18194400
18205481
18305206
18316287
18327368
18338449
18349529
18360610
18371690
18471416
18482497
18493577
18504658
18515739
18526819
18537900
18637625
18648706
18659787
18670868
18681948
18693029
18704109
18803835
18814916
18825996
18837077
18848158
18859238
18870319
18970044
18981125
18992206
19003287
19014367
19025448
19036528
19136254
19147335
19158415
19169496
19180577
19191658
19202738
19213818
19302463
19313544
19324625
19335705
19346786
19357867
19368947
19380028
19468673
19479754
19490834
19501915
19512995
19524076
19535157
19546238
19634882
19645963
19657044
19668125
19679205
19690286
19701366
19712447
19801093
19812173
19823253
19834334
