66484
77564
88645
99726
110806
121887
132968
144048
232693
243774
254854
265935
277016
288096
299177
310258
398903
409983
421064
432145
443225
454306
465386
476467
565112
576193
587273
598354
609435
620515
631596
642677
731322
742402
753483
764564
775644
786725
797806
808886
897531
908613
919693
930773
941854
952934
964015
975096
1063741
1074821
1085902
1096983
1108063
1119144
1130225
1141305
1229950
1241031
1252112
1263192
1274273
1285353
1296434
1307515
1407240
1418321
1429402
1440483
1451563
1462644
1473724
1573450
1584530
1595611
1606692
1617772
1628853
1639934
1739659
1750740
1761821
1772901
1783982
1795063
1806143
1905869
1916949
1928030
1939111
1950191
1961272
1972353
2072078
2083159
2094240
2105320
2116401
2127482
2138562
2238288
2249369
2260449
2271530
2282610
2293691
2304772
2404497
2415578
2426659
2437740
2448820
2459901
2470981
2570707
2581788
2592868
2603949
2615030
2626110
2637191
2736916
2747997
2759078
2770158
2781239
2792320
2803400
2903126
2914206
2925287
2936368
2947448
2958529
2969610
3069336
3080416
3091497
3102577
3113658
3124739
3135819
3146900
3235545
3246626
3257706
3268787
3279868
3290948
3302029
3313109
3401755
3412835
3423916
3434997
3446077
3457158
3468238
3479319
3567964
3579045
3590125
3601206
3612286
3623367
3634448
3645529
3734174
3745254
3756335
3767415
3778496
3789577
3800658
3811738
3900384
3911465
3922545
3933626
3944706
3955787
3966868
3977948
4066593
4077674
4088755
4099836
4110916
4121997
4133077
4144158
4232803
4243883
4254964
4266045
4277125
4288206
4299287
4310367
4399013
4410093
4421174
4432254
4443335
4454416
4465496
4476577
4565222
4576302
4587383
4598464
4609545
4620625
4631706
4642787
4731432
4742512
4753593
4764673
4775754
4786835
4797915
4808996
4897641
4908721
4919802
4930883
4941964
4953044
4964125
4975205
5063851
5074931
5086012
5097092
5108173
5119254
5130335
5141415
5230061
5241141
5252221
5263302
5274382
5285463
5296544
5307624
5407350
5418431
5429512
5440592
5451673
5462753
5473834
5573560
5584640
5595721
5606801
5617882
5628963
5640043
5739769
5750850
5761930
5773011
5784092
5795172
5806253
5905978
5917059
5928140
5939220
5950302
5961382
5972463
6072188
6083269
6094349
6105430
6116511
6127591
6138672
6238398
6249478
6260560
6271639
6282720
6293801
6304881
6404607
6415688
6426768
6437850
6448930
6460011
6471091
6570817
6581897
6592978
6604058
6615139
6626220
6637301
6737026
6748107
6759187
6770268
6781349
6792429
6803510
6903236
6914316
6925397
6936477
6947558
6958639
6969719
7069445
7080526
7091606
7102687
7113768
7124848
7135929
7147009
7235655
7246735
7257816
7268896
7279977
7291058
7302138
7313219
7401864
7412945
7424025
7435106
7446187
7457267
7468348
7479429
7568073
7579154
7590235
7601315
7612396
7623477
7634558
7645638
7734283
7745364
7756444
7767525
7778606
7789686
7800767
7811847
7900493
7911573
7922654
7933734
7944815
7955896
7966976
7978057
8066702
8077783
8088863
8099944
8111025
8122105
8133186
8144267
8232911
8243992
8255073
8266153
8277234
8288315
8299395
8310476
8399121
8410202
8421283
8432363
8443443
8454524
8465605
8476685
8565330
8576411
8587492
8598572
8609653
8620735
8631814
8642895
8731540
8742621
8753701
8764782
8775863
8786943
8798024
8809104
8897749
8908830
8919911
8930991
8942072
8953153
8964233
8975314
9063959
9075040
9086120
9097201
9108282
9119362
9130443
9141523
9230168
9241249
9252330
9263410
9274491
9285572
9296652
9307733
9407459
9418539
9429620
9440701
9451781
9462862
9473942
9573668
9584749
9595829
9606910
9617991
9629072
9640152
9739878
9750959
9762039
9773119
9784200
9795281
9806362
9906087
9917168
9928248
9939329
9950410
9961490
9972571
10072297
10083377
10094458
10105539
10116619
10127700
10138780
10238506
10249587
10260668
10271748
10282829
10293909
10304990
10404715
10415796
10426877
10437958
10449038
10460119
10471200
10570925
10582006
10593086
10604167
10615248
10626328
10637409
10737135
10748215
10759296
10770377
10781458
10792538
10803618
10903344
10914425
10925505
10936586
10947667
10958747
10969828
11069554
11080634
11091715
11102796
11113876
11124957
11136038
11147118
11235763
11246844
11257924
11269005
11280086
11291166
11302247
11313328
11401972
11413053
11424134
11435214
11446295
11457376
11468456
11479537
11568182
11579263
11590343
11601424
11612505
11623586
11634666
11645747
11734391
11745472
11756553
11767633
11778714
11789795
11800876
11811958
11900601
11911682
11922762
11933843
11944924
11956004
11967085
11978166
12066811
12077891
12088972
12100052
12111134
12122214
12133294
12144375
12233020
12244101
12255181
12266262
12277343
12288423
12299504
12310585
12399230
12410311
12421391
12432472
12443552
12454632
12465713
12476794
12565439
12576520
12587600
12598681
12609762
12620842
12631923
12643004
12731649
12742729
12753810
12764890
12775971
12787051
12798132
12809215
12897858
12908939
12920019
12931100
12942181
12953261
12964342
12975423
13064067
13075148
13086229
13097309
13108390
13119470
13130551
13141633
13230277
13241358
13252438
13263519
13274600
13285680
13296761
13307841
13396486
13407567
13418648
13429728
13440809
13451890
13462970
13474051
13573777
13584857
13595938
13607019
13618099
13629180
13640261
13739986
13751067
13762148
13773228
13784309
13795389
13806471
13906195
13917276
13928357
13939438
13950518
13961599
13972680
14072405
14083486
14094566
14105647
14116727
14127808
14138889
14238615
14249695
14260776
14271857
14282937
14294018
14305099
14404824
14415905
14426986
14438066
14449146
14460227
14471308
14571034
14582114
14593195
14604276
14615356
14626437
14637518
14737243
14748324
14759404
14770485
14781566
14792646
14803729
14903453
14914533
14925614
14936695
14947775
14958856
14969936
15069662
15080743
15091824
15102904
15113984
15125065
15136146
15147226
15235871
15246952
15258033
15269113
15280194
15291275
15302357
15313436
15402082
15413162
15424242
15435323
15446404
15457484
15468565
15479645
15568291
15579371
15590452
15601533
15612613
15623694
15634775
15645855
15734500
15745580
15756661
15767742
15778822
15789903
15800985
15812065
15900709
15911791
15922871
15933951
15945032
15956113
15967194
15978274
16066919
16078000
16089080
16100161
16111241
16122322
16133403
16144483
16233128
16244209
16255290
16266370
16277451
16288531
16299612
16310693
16399338
16410419
16421499
16432580
16443660
16454741
16465822
16476903
16565547
16576628
16587709
16598789
16609870
16620951
16632032
16643112
16731757
16742837
16753918
16764999
16776080
16787160
16798243
16809321
16897966
16909047
16920128
16931208
16942289
16953369
16964450
16975531
17064176
17075256
17086337
17097418
17108498
17119579
17130660
17141740
17230385
17241466
17252546
17263627
17274708
17285789
17296870
17307950
17396595
17407676
17418756
17429837
17440917
17451998
17463079
17474159
17573885
17584966
17596046
17607127
17618207
17629288
17640369
17740094
17751175
17762256
17773336
17784417
17795499
17806578
17906304
17917384
17928465
17939546
17950627
17961708
17972787
18072513
18083594
18094675
18105755
18116836
18127917
18138997
18238723
18249804
18260884
18271965
18283045
18294126
18305206
18404932
18416013
18427094
18438174
18449255
18460336
18471416
18571142
18582223
18593303
18604384
18615464
18626545
18637625
18737351
18748432
18759513
18770593
18781674
18792756
18803836
18903561
18914641
18925722
18936803
18947883
18958964
18970045
19069770
19080851
19091932
19103012
19114093
19125174
19136254
19147335
19235980
19247060
19258141
19269221
19280302
19291383
19302464
19313544
19402189
19413270
19424351
19435431
19446512
19457593
19468673
19479754
19568399
19579479
19590560
19601641
19612721
19623802
19634883
19645963
19734608
19745689
19756770
19767850
19778931
19790013
19801092
19812173
