33239
44320
55401
66481
77562
88642
99723
110804
199448
210529
221610
232690
243771
254852
265932
277013
365658
376739
387819
398900
409980
421061
432142
443222
531868
542948
554029
565109
576190
587271
598351
609432
709157
720238
731319
742400
753480
764561
775641
875367
886448
897528
908609
919690
930772
941851
1041577
1052657
1063738
1074818
1085899
1096980
1108060
1207786
1218866
1229947
1241028
1252110
1263189
1274270
1373995
1385076
1396156
1407237
1418318
1429398
1440479
1540205
1551285
1562366
1573448
1584527
1595608
1606689
1706414
1717495
1728575
1739656
1750737
1761817
1772898
1872624
1883705
1894785
1905866
1916946
1928027
1939107
2038834
2049914
2060994
2072075
2083156
2094236
2105317
2205043
2216124
2227203
2238285
2249365
2260445
2271526
2371252
2382333
2393413
2404494
2415574
2426655
2437736
2448817
2537462
2548542
2559623
2570703
2581784
2592865
2603945
2615026
2703671
2714751
2725832
2736913
2747994
2759074
2770155
2781235
2869881
2880961
2892042
2903122
2914203
2925283
2936364
2947445
3036090
3047170
3058251
3069332
3080412
3091493
3102574
3113654
3202299
3213380
3224460
3235541
3246622
3257702
3268783
3279863
3368509
3379589
3390670
3401751
3412831
3423912
3434994
3446073
3534718
3545798
3556879
3567960
3579041
3590121
3601202
3612283
3700928
3712008
3723089
3734169
3745250
3756332
3767411
3778492
3867137
3878218
3889298
3900379
3911459
3922540
3933621
3944701
4033347
4044428
4055508
4066588
4077671
4088749
4099830
4110911
4199556
4210637
4221717
4232798
4243879
4254959
4266039
4277120
4365767
4376846
4387927
4399009
4410088
4421168
4432249
4443330
4531975
4543055
4554136
4565216
4576297
4587378
4598458
4609540
4709265
4720346
4731426
4742507
4753587
4764668
4775749
4875474
4886555
4897635
4908716
4919797
4930877
4941958
5041684
5052764
5063845
5074926
5086006
5097087
5108168
5207893
5218974
5230055
5241136
5252216
5263296
5274377
5374103
5385183
5396266
5407345
5418425
5429506
5440587
5540312
5551392
5562473
5573554
5584634
5595715
5606796
5706522
5717602
5728683
5739763
5750844
5761925
5773005
5872731
5883811
5894892
5905973
5917053
5928134
5939216
6038940
6050021
6061102
6072182
6083263
6094344
6105424
6205150
6216230
6227311
6238392
6249472
6260555
6271634
6371359
6382440
6393521
6404601
6415682
6426763
6437843
6448924
6537569
6548649
6559730
6570810
6581891
6592972
6604052
6615139
6703778
6714859
6725939
6737020
6748100
6759181
6770262
6781342
6869988
6881068
6892149
6903230
6914310
6925391
6936471
6947552
7036197
7047278
7058358
7069439
7080520
7091600
7102681
7113761
7202406
7213487
7224568
7235649
7246729
7257810
7268890
7279971
7368616
7379696
7390777
7401858
7412938
7424019
7435100
7446180
7534825
7545906
7556986
7568067
7579148
7590229
7601309
7612390
7701035
7712115
7723196
7734276
7745357
7756438
7767518
7778599
7867244
7878325
7889406
7900486
7911567
7922647
7933728
7944808
8033454
8044534
8055615
8066696
8077776
8088857
8099937
8111018
8199663
8210744
8221826
8232905
8243986
8255066
8266147
8277227
8365873
8376953
8388034
8399114
8410195
8421276
8432357
8443438
8532082
8543162
8554243
8565324
8576404
8587485
8598566
8609646
8709372
8720453
8731533
8742614
8753695
8764777
8775856
8875581
8886662
8897743
8908823
8919904
8930985
8942065
9041791
9052871
9063952
9075033
9086113
9097194
9108275
9208000
9219081
9230162
9241242
9252323
9263404
9274484
9374210
9385290
9396371
9407453
9418532
9429613
9440694
9540419
9551500
9562581
9573661
9584742
9595823
9606903
9706629
9717709
9728791
9739870
9750951
9762032
9773112
9872838
9883919
9895000
9906080
9917161
9928241
9939322
10039047
10050129
10061209
10072289
10083370
10094451
10105531
10205257
10216338
10227419
10238499
10249580
10260660
10271741
10371466
10382547
10393628
10404708
10415789
10426870
10437950
10449031
10537676
10548757
10559837
10570918
10581999
10593079
10604160
10615240
10703885
10714966
10726047
10737127
10748208
10759289
10770369
10781450
10870095
10881175
10892256
10903337
10914417
10925498
10936578
10947660
11036304
11047385
11058465
11069546
11080627
11091707
11102788
11113869
11202514
11213594
11224675
11235755
11246836
11257917
11268997
11280078
11368723
11379804
11390884
11401965
11413046
11424127
11435207
11446287
11534933
11546013
11557094
11568174
11579255
11590337
11601416
11612498
11701142
11712222
11723303
11734384
11745464
11756545
11767626
11778706
11867351
11878433
11889512
11900593
11911675
11922755
11933835
11944916
12033561
12044641
12055722
12066803
12077884
12088964
12100045
12111125
12199772
12210851
12221932
12233013
12244093
12255173
12266254
12277335
12365980
12377060
12388141
12399222
12410302
12421383
12432463
12443544
12532189
12543270
12554350
12565431
12576512
12587592
12598673
12609754
12709479
12720559
12731641
12742721
12753802
12764882
12775963
12875689
12886769
12897850
12908930
12920011
12931092
12942172
13041898
13052979
13064059
13075140
13086221
13097301
13108382
13208108
13219188
13230269
13241349
13252430
13263511
13274591
13374317
13385398
13396478
13407559
13418640
13429720
13440801
13540526
13551607
13562688
13573768
13584849
13595930
13607010
13706736
13717817
13728897
13739978
13751059
13762139
13773220
13872945
13884026
13895106
13906187
13917268
13928348
13939429
14039155
14050236
14061316
14072396
14083478
14094560
14105638
14205364
14216445
14227525
14238606
14249687
14260768
14271848
14371574
14382655
14393735
14404816
14415898
14426977
14438057
14449138
14537783
14548864
14559944
14571025
14582106
14593186
14604267
14615348
14703994
14715073
14726154
14737235
14748315
14759396
14770477
14781557
14870202
14881283
14892363
14903444
14914525
14925605
14936686
14947767
15036411
15047492
15058573
15069653
15080734
15091814
15102895
15113976
15202621
15213702
15224782
15235863
15246943
15258024
15269105
15280185
15368831
15379911
15390991
15402072
15413153
15424233
15435314
15446395
15535040
15546120
15557201
15568282
15579362
15590443
15601524
15612604
15701250
15712330
15723410
15734491
15745572
15756652
15767733
15778814
15867459
15878539
15889620
15900701
15911781
15922862
15933943
15945023
16033669
16044749
16055829
16066910
16077990
16089071
16100152
16111232
16199878
16210958
16222039
16233120
16244200
16255281
16266361
16277444
16366087
16377167
16388248
16399329
16410410
16421490
16432571
16443652
16532297
16543377
16554458
16565538
16576619
16587700
16598782
16609861
16709587
16720667
16731748
16742828
16753909
16764990
16776070
16875796
16886876
16897957
16909038
16920120
16931199
16942279
17042005
17053086
17064167
17075247
17086328
17097408
17108489
17208215
17219295
17230376
17241457
17252537
17263618
17274699
17374424
17385505
17396586
17407666
17418747
17429827
17440908
17540634
17551715
17562795
17573876
17584956
17596037
17607118
17706843
17717924
17729004
17740085
17751166
17762246
17773327
17873053
17884134
17895214
17906295
17917375
17928456
17939536
18039262
18050343
18061423
18072504
18083585
18094665
18105746
18205472
18216552
18227632
18238713
18249794
18260874
18271955
18371681
18382762
18393842
18404924
18416004
18427084
18438165
18449245
18537891
18548971
18560052
18571132
18582213
18593294
18604374
18615455
18704100
18715181
18726261
18737342
18748422
18759503
18770583
18781665
18870309
18881390
18892470
18903551
18914632
18925712
18936793
18947874
19036519
19047599
19058680
19069761
19080841
19091922
19103004
19114083
19202728
19213809
19224890
19235970
19247050
19258131
19269212
19280292
19368938
19380018
19391100
19402180
19413260
19424342
19435422
19446502
19535147
19546228
19557308
19568389
19579469
19590550
19601631
19612711
19701356
19712437
19723518
19734598
19745679
19756760
19767840
19778921
19867566
19878646
19889727
19900808
19911888
19922969
19934050
19945130
