22160
188370
365660
531870
698080
864290
1030499
1196709
1362918
1529129
1695337
1861547
2027756
2193965
2360175
2526384
2692594
2858803
3025013
3191222
3357432
3523642
3689851
3856061
4022270
4188479
4365769
4531979
4698189
4864398
5030608
5196818
5363026
5529236
5695445
5861655
6027865
6194074
6360284
6526493
6692703
6858913
7025122
7191331
7357541
7523750
7689960
7856169
8022379
8188588
8365878
8532087
8698297
8864507
9030716
9196926
9363136
9529344
9695554
9861764
10027973
10194182
10360392
10526602
10692811
10859020
11025230
11191441
11357649
11523858
11690068
11856277
12022487
12188696
12365987
12532196
12698405
12864615
13030824
13197034
13363244
13529453
13695664
13861872
14028082
14194291
14360500
14526710
14692919
14859129
15025338
15191548
15357757
15523967
15690176
15856385
16022595
16188804
16366095
16532304
16698514
16864723
17030933
17197142
17363352
17529561
17695771
17861980
18028189
18194399
18360609
18526818
18693027
18859237
19025446
19191657
19357865
19524075
19690284
