11079
166208
332417
498627
675918
842128
1008337
1174546
1340757
1506965
1673175
1839384
2005594
2171803
2338014
2504223
2670433
2836641
3002851
3169060
3335271
3501479
3667688
3833898
4000107
4166316
4332526
4498735
4664945
4842235
5008445
5174654
5340863
5507072
5673282
5839491
6005701
6171910
6338120
6504329
6670538
6836748
7002957
7169167
7335376
7501586
7667795
7834006
8000214
8166424
8332634
8498842
8665052
8842342
9008551
9174761
9340970
9507180
9673389
9839598
10005808
10172017
10338227
10504436
10670646
10836856
11003065
11169274
11335484
11501693
11667903
11834112
12000322
12166531
12332741
12498950
12665159
12842450
13008659
13174868
13341078
13507287
13673497
13839706
14005915
14172125
14338334
14504544
14670753
14836963
15003172
15169382
15335591
15501801
15668012
15834220
16000429
16166638
16332848
16499058
16665267
16842557
17008766
17174976
17341185
17507395
17673605
17839814
18006023
18172234
18338442
18504651
18670861
18837070
19003280
19169489
19335699
19501908
19668117
19834327
