11080
132967
299177
465386
631596
797805
964015
1130224
1296434
1473724
1639934
1806144
1972353
2138563
2304773
2470982
2637192
2803401
2969611
3135820
3302030
3468239
3634449
3800658
3966868
4133077
4299287
4465496
4631706
4797915
4964125
5130335
5296544
5473834
5640043
5806253
5972462
6138672
6304881
6471091
6637300
6803510
6969719
7135929
7302138
7468348
7634557
7800767
7966976
8133186
8299395
8465605
8631814
8798024
8964233
9130443
9296652
9473942
9640152
9806361
9972571
10138780
10304990
10471199
10637409
10803618
10969828
11136037
11302247
11468456
11634666
11800876
11967085
12133294
12299504
12465714
12631923
12798132
12964342
13130551
13296761
13474051
13640261
13806471
13972680
14138889
14305098
14471309
14637517
14803728
14969936
15136147
15302355
15468565
15634774
15800985
15967193
16133403
16299612
16465823
16632031
16798242
16964450
17130660
17296869
17474159
17640368
17806579
17972788
18138997
18305206
18471416
18637625
18803835
18970044
19136254
19302463
19468673
19634882
19801093
