11080
110805
277015
454305
620514
786723
952933
1119143
1285352
1451562
1617771
1783980
1950190
2116399
2282609
2448819
2615028
2781238
2947447
3113656
3279866
3446076
3612285
3778494
3944704
4110913
4277123
4443333
4620622
4786832
4953041
5119250
5285460
5451669
5617879
5784089
5950298
6116508
6282717
6448927
6615136
6781345
6947555
7113764
7279974
7446183
7612393
7778602
7944812
8111021
8277230
8443440
8620730
8786940
8953149
9119359
9285568
9451778
9617987
9784196
9950406
10116615
10282825
10449034
10615244
10781453
10947663
11113872
11280083
11446291
11612501
11778710
11944919
12111129
12277338
12443547
12620838
12787047
12953257
13119466
13285676
13451885
13618095
13784306
13950513
14116723
14282932
14449142
14615351
14781561
14947770
15113980
15280189
15446399
15612608
15778817
15945027
16111237
16277446
16443655
16620946
16787155
16953364
17119574
17285783
17451993
17618202
17784412
17950621
18116830
18283040
18449249
18615459
18781668
18947878
19114089
19280297
19446506
19612716
19778925
19945135
