132968
299177
465387
631596
797806
964015
1130225
1296434
1462644
1628853
1795063
1961273
2127482
2304772
2470982
2637192
2803402
2969611
3135821
3302031
3468240
3634450
3800659
3966869
4133078
4299288
4465497
4631707
4797916
4964126
5130335
5296545
5462754
5628964
5795173
5961383
6127592
6304882
6471092
6637302
6803511
6969721
7135930
7302140
7468349
7634559
7800769
7966978
8133187
8299397
8465606
8631817
8798025
8964235
9130445
9296654
9462864
9629073
9795283
9961492
10127702
10304992
10471201
10637411
10803620
10969830
11136040
11302249
11468459
11634668
11800878
11967087
12133297
12299506
12465716
12631925
12798135
12964344
13130554
13296763
13462973
13629183
13795392
13961601
14127811
14294020
14471311
14637521
14803730
14969940
15136149
15302359
15468568
15634777
15800989
15967197
16133408
16299615
16465825
16632035
16798245
16964454
17130663
17296873
17463082
17629292
17795502
17961711
18127920
18294130
18471420
18637629
18803839
18970048
19136258
19302467
19468677
19634886
19801096
19967305
20133515
20299724
20465934
20632143
20798354
20964562
21130772
21296981
21463191
21629400
21795610
21961819
22128029
22294238
22471528
22637738
22803947
22970157
23136367
23302576
23468786
23634995
23801205
23967414
24133624
24299833
24466043
24632252
24798462
24964671
25130881
25297090
25463300
25629509
25795719
25961928
26128138
26294347
26471637
26637847
26804057
26970266
27136476
27302685
27468895
27635104
27801313
27967523
28133733
28299942
28466151
28632361
28798571
28964780
29130990
29297199
29463409
29629618
29795827
29962037
30128247
30294456
30471746
30637956
30804165
30970375
31136584
31302794
31469003
31635213
31801422
31967632
32133841
32300051
32466260
32632470
32798679
32964889
33131098
33297307
33463517
33629727
33795936
33962146
34128355
34294565
34471855
34638064
34804274
34970483
35136693
35302902
35469112
35635321
35801531
35967740
36133950
36300159
36466369
36632578
36798788
36964997
37131207
37297416
37463626
37629835
37796045
37962254
38128464
38294673
38460883
38638173
38804382
38970592
39136802
39303011
39469221
39635430
39801639
39967849
40134058
40300268
40466477
40632687
40798896
40965106
41131315
41297524
41463734
41629944
41796153
41962363
42128572
42294781
42460992
42638281
42804491
42970700
43136910
43303119
43469329
43635538
43801748
43967957
44134167
44300376
44466585
44632795
44799004
44965214
45131423
45297633
45463843
45630052
45796261
45962471
46128681
46294890
46461099
46638390
46804599
46970809
47137018
47303229
47469437
47635646
47801856
47968065
48134275
48300485
48466694
48632904
48799113
48965323
49131532
49297741
49463951
49630161
49796370
49962579
50128789
50294999
50461208
50638498
50804708
50970917
51137126
51303336
51469545
51635756
51801964
51968174
52134383
52300593
52466802
52633012
52799221
52965431
53131640
53297850
53464058
53630268
53796477
53962687
54128896
54295106
54461315
54638605
54804815
54971024
55137234
55303443
55469653
55635862
55802072
55968281
56134491
56300700
56466910
56633119
56799329
56965538
57131748
57297957
57464166
57630377
57796586
57962796
58129005
58295215
58461424
58638714
58804924
58971133
59137343
59303552
59469762
59635971
59802181
59968390
60134600
60300809
60467018
60633229
60799438
60965647
61131856
61298066
61464275
61630485
61796694
61962904
62129113
62295323
62461532
62638823
62805032
62971241
63137451
63303660
63469870
63636079
63802289
63968498
64134707
64300918
64467127
64633336
64799545
64965755
65131964
65298174
65464384
65630593
65796802
65963012
66129221
66295431
66461641
66627849
66805139
66971349
67137559
67303768
67469978
67636187
67802397
67968606
68134815
68301025
68467234
68633444
68799653
68965863
69132073
69298282
69464491
69630701
69796910
69963119
70129329
70295539
70461748
70627957
70805248
70971457
71137667
71303876
71470085
71636295
71802505
71968714
72134923
72301133
72467342
72633552
72799761
72965971
73132180
73298390
73464599
73630809
73797018
73963228
74129437
74295646
74461856
74628065
74805357
74971566
75137775
75303984
75470194
75636405
75802613
75968822
76135031
76301241
76467451
76633662
76799869
76966080
77132288
77298498
77464707
77630917
77797126
77963336
78129545
78295755
78461964
78628175
78805463
78971673
79137882
79304092
79470301
79636511
79802720
79968930
80135139
80301349
80467558
80633768
80799977
80966187
81132396
81298605
81464815
81631025
81797234
81963443
82129653
82295863
82462072
82628281
82805571
82971781
83137990
83304200
83470409
83636619
83802828
83969038
84135247
84301457
84467666
84633876
84800085
84966294
85132504
85298713
85464923
85631132
85797342
85963551
86129761
86295970
86462180
86628389
86805679
86971889
87138098
87304308
87470518
87636727
87802936
87969146
88135355
88301565
88467774
88633984
88800193
88966403
89132612
89298822
89465031
89631241
89797450
89963659
90129869
90296078
90462288
90628497
90805787
90971996
91138206
91304416
91470625
91636834
91803044
91969253
92135463
92301673
92467882
92634091
92800301
92966510
93132719
93298929
93465139
93631348
93797558
93963767
94129977
94296186
94462395
94628605
94794814
94972105
95138314
95304523
95470733
95636943
95803152
95969361
96135571
96301780
96467990
96634199
96800409
96966618
97132828
97299037
97465247
97631457
97797665
97963875
98130084
98296294
98462504
98628713
98794922
98972213
99138422
99304631
99470841
99637050
99803260
99969469
100135679
100301888
100468098
100634307
100800517
100966726
101132936
101299145
101465355
101631564
101797773
101963983
102130192
102296403
102462611
102628821
102795030
102972321
103138530
103304739
103470949
103637158
103803368
103969577
104135787
104301996
104468206
104634415
104800624
104966834
105133043
105299253
105465462
105631672
105797881
105964091
106130300
106296510
106462719
106628929
106795138
106972429
107138638
107304847
107471057
107637266
107803476
107969685
108135895
108302104
108468314
108634523
108800732
108966942
109133152
109299361
109465570
109631780
109797989
109964199
110130408
110296618
110462827
110629037
110795246
110972536
111138746
111304955
111471165
111637374
111803584
111969793
112136003
112302212
112468422
112634631
112800841
112967050
113133260
113299469
113465678
113631888
113798097
113964307
114130516
114296726
114462935
114629145
114795354
114972644
115138854
115305063
115471273
115637482
115803692
115969901
116136111
116302320
116468530
116634739
116800948
116967158
117133368
117299577
117465786
117631996
117798205
117964415
118130624
118296834
118463043
118629253
118795462
118972752
119138962
119305171
119471381
119637590
119803800
119970009
120136218
120302428
120468638
120634847
120801057
120967266
121133475
121299685
121465894
121632104
121798313
121964524
122130732
122296942
122463151
122629360
122795570
122961780
123139070
123305280
123471489
123637698
123803908
123970117
124136326
124302536
124468745
124634955
124801164
124967374
125133583
125299793
125466002
125632212
125798421
125964631
126130840
126297050
126463259
126629469
126795678
126961888
127139177
127305387
127471596
127637806
127804015
127970225
128136434
128302644
128468853
128635063
128801272
128967482
129133691
129299901
129466110
129632320
129798529
129964738
130130948
130297158
130463367
130629576
130795786
130961996
131139286
131305495
131471705
131637914
131804123
131970333
132136542
132302752
132468961
132635171
132801380
132967590
133133799
133300009
133466219
133632428
133798637
133964846
134131056
134297266
134463475
134629684
134795894
134962104
135139394
135305603
135471814
135638022
135804231
135970441
136136651
136302861
136469071
136635279
136801489
136967698
137133907
137300117
137466326
137632536
137798745
137964955
138131164
138297374
138463585
138629793
138796002
138962212
139139501
139305711
139471921
139638130
139804339
139970549
140136758
140302968
140469177
140635386
140801596
140967806
141134015
141300224
141466434
141632643
141798853
141965062
142131272
142297481
142463691
142629900
142796110
142962319
143139610
143305819
143472028
143638238
143804447
143970657
144136866
144303076
144469285
144635495
144801704
144967914
145134123
145300333
145466542
145632752
145798961
145965170
146131380
146297589
146463799
146630008
146796218
146962428
147139718
147305927
147472137
147638346
147804555
147970765
148136974
148303184
148469393
148635603
148801812
148968022
149134231
149300441
149466650
149632860
149799069
149965278
150131488
150297697
150463907
150630116
150796326
150962535
151128745
151306035
151472244
151638454
151804663
151970873
152137082
152303291
152469501
152635711
152801920
152968130
153134339
153300549
153466758
153632968
153799177
153965387
154131596
154297805
154464015
154630224
154796434
154962643
155128853
155306143
155472352
155638562
155804771
155970981
156137190
156303400
156469609
156635819
156802028
156968237
157134447
157300657
157466866
157633075
157799285
157965494
158131704
158297913
158464123
158630332
158796542
158962751
159128961
159306251
159472460
159638670
159804879
159971089
160137298
160303508
160469717
160635926
160802136
160968345
161134555
161300764
161466974
161633183
161799393
161965602
162131812
162298021
162464231
162630440
162796650
162962859
163129068
163306359
163472568
163638778
163804987
163971196
164137406
164303615
164469825
164636034
164802244
164968454
165134663
165300872
165467082
165633291
165799501
165965710
166131920
166298129
166464339
166630548
166796758
166962967
167129177
167306467
167472676
167638886
167805095
167971305
168137514
168303724
168469933
168636143
168802352
168968561
169134771
169300981
169467190
169633399
169799609
169965818
170132028
170298237
170464447
170630657
170796866
170963075
171129285
171306575
171472784
171638994
171805203
171971413
172137622
172303832
172470041
172636250
172802460
172968670
173134879
173301088
173467298
173633507
173799717
173965926
174132136
174298345
174464555
174630764
174796974
174963184
175129393
175306683
175472892
175639102
175805311
175971521
176137730
176303940
176470149
176636358
176802568
176968778
177134987
177301196
177467406
177633616
177799825
177966035
178132244
178298453
178464663
178630872
178797081
178963291
179129500
179295710
179473000
179639210
179805419
179971629
180137838
180304048
180470257
180636467
180802676
180968885
181135095
181301305
181467514
181633723
181799933
181966142
182132352
182298561
182464771
182630980
182797190
182963399
183129609
183295819
183473108
183639318
183805527
183971737
184137947
184304156
184470365
184636575
184802784
184968993
185135203
185301413
185467622
185633832
185800041
185966250
186132460
186298669
186464879
186631088
186797298
186963507
187129717
187295926
187473217
187639426
187805635
187971845
188138055
188304264
188470473
188636682
188802892
188969101
189135311
189301520
189467730
189633939
189800149
189966359
190132569
190298777
190464987
190631196
190797406
190963615
191129825
191296034
191473324
191639534
191805743
191971953
192138162
192304372
192470581
192636791
192803000
192969209
193135419
193301629
193467838
193634048
193800257
193966467
194132676
194298885
194465095
194631304
194797514
194963723
195129933
195296142
195473433
195639642
195805852
195972061
196138271
196304482
196470690
196636899
196803108
196969318
197135527
197301737
197467948
197634156
197800365
197966575
198132784
198298995
198465203
198631413
198797624
198963832
199130041
199296251
199473540
199639750
199805959
199972169
200138378
200304588
200470797
200637007
200803216
200969426
201135635
201301845
201468054
201634264
201800473
201966683
202132892
202299102
202465311
202631521
202797730
202963939
203130149
203296359
203473649
203639858
203806067
203972277
204138486
204304696
204470905
204637115
204803324
204969534
205135743
205301953
205468162
205634372
205800581
205966791
206133000
206299210
206465419
206631629
206797838
206964047
207130257
207296467
207462676
207639966
207806176
207972385
208138594
208304804
208471014
208637223
208803432
208969642
209135851
209302061
209468270
209634480
209800689
209966899
210133108
210299317
210465527
210631737
210797946
210964156
211130365
211296575
211462785
211640074
211806284
211972493
212138702
212304912
212471121
212637331
212803540
212969750
213135959
213302169
213468378
213634588
213800797
213967007
214133216
214299425
214465635
214631844
214798054
214964263
215130473
215296682
215462892
215640182
215806392
215972601
216138811
216305020
216471230
216637439
216803649
216969858
217136067
217302277
217468486
217634696
217800905
217967115
218133324
218299534
218465743
218631953
218798162
218964372
219130581
219296791
219463000
219640290
219806500
219972709
220138919
220305128
220471338
220637547
220803757
220969966
221136175
221302385
221468594
221634804
221801013
221967223
222133432
222299642
222465851
222632061
222798270
222964480
223130689
223296899
223463108
223640398
223806608
223972817
224139027
224305236
224471446
224637655
224803864
224970074
225136283
225302493
225468702
225634912
225801121
225967331
226133540
226299750
226465959
226632169
226798378
226964588
227130797
227297007
227463216
227640506
227806716
227972925
228139135
228305344
228471554
228637763
228803972
228970182
229136392
229302601
229468810
229635020
229801230
229967439
230133648
230299858
230466067
230632277
230798486
230964696
231130905
231297115
231463324
231640614
231806824
231973033
232139243
232305452
232471662
232637871
232804081
232970290
233136500
233302709
233468919
233635128
233801338
233967547
234133756
234299966
234466176
234632385
234798595
234964804
235131013
235297223
235463433
235629642
235806932
235973141
236139351
236305560
236471770
236637979
236804189
236970398
237136608
237302817
237469027
237635236
237801446
237967655
238133865
238300074
238466283
238632493
238798703
238964912
239131121
239297331
239463541
239629750
239807040
239973250
240139459
240305668
240471878
240638088
240804297
240970506
241136716
241302925
241469135
241635344
241801554
241967763
242133973
242300182
242466392
242632601
242798811
242965020
243131229
243297439
243463648
243629858
243807148
243973357
244139567
244305777
244471986
244638196
244804405
244970615
245136824
245303033
245469243
245635452
245801662
245967871
246134081
246300290
246466500
246632709
246798919
246965128
247131338
247297547
247463757
247629966
247807256
247973466
248139675
248305884
248472094
248638304
248804513
248970723
249136932
249303142
249469351
249635560
249801770
249967979
250134189
250300398
250466608
250632817
250799027
250965236
251131446
251297655
251463865
251630074
251807364
251973574
252139783
252305993
252472202
252638412
252804621
252970831
253137040
253303249
253469459
253635669
253801878
253968087
254134297
254300506
254466716
254632926
254799135
254965344
255131554
255297763
255463973
255630182
255807473
255973682
256139893
256306101
256472312
256638520
256804729
256970940
257137149
257303358
257469567
257635777
257801987
257968196
258134407
258300615
258466824
258633034
258799243
258965453
259131664
259297872
259464081
259630291
259807581
259973790
260140000
260306209
260472418
260638628
260804837
260971047
261137257
261303466
261469675
261635885
261802094
261968304
262134513
262300723
262466932
262633142
262799351
262965561
263131771
263297979
263464189
263630398
263796608
263973898
264140108
264306317
264472527
264638736
264804946
264971155
265137364
265303574
265469783
265635993
265802203
265968412
266134622
266300831
266467040
266633250
266799459
266965669
267131878
267298088
267464297
267630507
267796716
267974007
268140216
268306425
268472635
268638845
268805054
268971263
269137473
269303682
269469892
269636101
269802311
269968520
270134729
270300939
270467148
270633358
270799567
270965777
271131987
271298196
271464405
271630615
271796824
271974114
272140324
272306534
272472743
272638952
272805162
272971372
273137581
273303790
273470000
273636210
273802419
273968628
274134838
274301047
274467257
274633466
274799675
274965885
275132094
275298304
275464513
275630723
275796933
275974223
276140432
276306642
276472851
276639060
276805270
276971480
277137689
277303899
277470108
277636318
277802527
277968736
278134946
278301155
278467365
278633574
278799784
278965993
279132203
279298412
279464622
279630831
279797041
279974331
280140540
280306750
280472959
280639169
280805378
280971588
281137797
281304007
281470216
281636426
281802635
281968845
282135054
282301264
282467473
282633683
282799892
282966101
283132311
283298520
283464730
283630939
283797149
283974439
284140648
284306858
284473067
284639277
284805486
284971696
285137905
285304115
285470324
285636534
285802743
285968952
286135162
286301371
286467581
286633790
286800000
286966209
287132419
287298628
287464838
287631047
287797257
287974547
288140757
288306966
288473176
288639385
288805595
288971804
289138013
289304223
289470433
289636642
289802851
289969061
290135270
290301480
290467689
290633899
290800108
290966318
291132527
291298737
291464946
291631156
291797365
291963575
292140865
292307074
292473284
292639493
292805703
292971912
293138122
293304331
293470541
293636750
293802960
293969169
294135379
294301588
294467797
294634007
294800217
294966426
295132635
295298845
295465054
295631264
295797473
295963683
296140973
296307182
296473392
296639602
296805810
296972020
297138229
297304439
297470649
297636858
297803068
297969277
298135486
298301696
298467905
298634115
298800325
298966534
299132743
299298953
299465162
299631372
299797581
299963791
300141081
300307291
300473500
300639709
300805919
300972128
301138338
301304547
301470757
301636966
301803176
301969385
302135595
302301804
302468013
302634223
302800433
302966642
303132852
303299061
303465271
303631480
303797690
303963899
304141190
304307399
304473608
304639818
304806027
304972237
305138446
305304656
305470865
305637074
305803284
305969493
306135703
306301912
306468122
306634331
306800541
306966751
307132960
307299169
307465379
307631588
307797798
307964007
308141297
308307507
308473716
308639925
308806135
308972345
309138554
309304764
309470973
309637182
309803392
309969601
310135811
310302020
310468230
310634439
310800649
310966858
311133068
311299277
311465487
311631696
311797906
311964115
312141406
312307615
312473824
312640034
312806244
312972453
313138662
313304872
313471081
313637291
313803500
313969710
314135919
314302129
314468338
314634548
314800757
314966967
315133177
315299385
315465595
315631804
315798014
315964223
316141514
316307723
316473933
316640142
316806352
316972561
317138771
317304980
317471190
317637399
317803609
317969820
318136028
318302237
318468447
318634656
318800865
318967076
319133286
319299494
319465703
319631913
319798123
319964334
320130541
320307831
320474041
320640250
320806460
320972670
321138878
321305088
321471297
321637507
321803716
321969926
322136135
322302345
322468555
322634764
322800973
322967183
323133392
323299602
323465811
323632021
323798230
323964440
324130649
324307939
324474149
324640358
324806568
324972778
325138987
325305196
325471406
325637615
325803825
325970034
326136244
326302453
326468664
326634872
326801082
326967291
327133501
327299710
327465919
327632129
327798338
327964548
328130757
328308047
328474258
328640467
328806676
328972886
329139095
329305305
329471514
329637723
329803933
329970142
330136352
330302561
330468771
330634980
330801190
330967399
331133609
331299818
331466028
331632237
331798447
331964656
332130867
332308156
332474365
332640575
332806785
332972993
333139203
333305413
333471622
333637831
333804041
333970251
334136461
334302669
334468879
334635088
334801298
334967507
335133717
335299926
335466136
335632345
335798555
335964765
336130974
336308264
336474473
336640683
336806893
336973102
337139311
337305521
337471730
337637940
337804149
337970359
338136568
338302778
338468987
338635197
338801406
338967616
339133825
339300035
339466244
339632454
339798663
339964873
340131082
340308372
340474582
340640791
340807001
340973210
341139420
341305629
341471839
341638048
341804257
341970467
342136677
342302886
342469095
342635305
342801514
342967724
343133934
343300143
343466352
343632562
343798771
343964981
344131190
344308481
344474690
344640900
344807109
344973318
345139528
345305737
345471947
345638156
345804366
345970575
346136785
346302994
346469204
346635413
346801622
346967832
347134041
347300251
347466460
347632670
347798879
347965089
348131298
348297508
348474798
348641008
348807217
348973426
349139636
349305845
349472055
349638264
349804474
349970683
350136893
350303103
350469312
350635521
350801731
350967941
351134150
351300359
351466569
351632779
351798988
351965197
352131407
352297616
352474906
352641116
352807325
352973535
353139744
353305954
353472163
353638373
353804582
353970792
354137001
354303211
354469420
354635630
354801839
354968049
355134258
355300468
355466677
355632887
355799096
355965306
356131515
356297725
356475014
356641224
356807434
356973643
357139852
357306062
357472271
357638481
357804690
357970900
358137109
358303319
358469529
358635738
358801947
358968157
359134366
359300575
359466785
359632996
359799204
359965414
360131623
360297833
360475123
360641332
360807542
360973751
361139961
361306170
361472379
361638589
361804799
361971008
362137218
362303427
362469636
362635846
362802055
362968265
363134474
363300684
363466893
363633103
363799312
363965522
364131731
364297941
364475231
364641440
364807650
364973860
365140069
365306278
365472488
365638698
365804907
365971116
366137326
366303535
366469745
366635954
366802164
366968373
367134583
367300792
367467001
367633211
367799421
367965630
368131840
368298049
368475339
368641549
368807758
368973968
369140177
369306386
369472596
369638806
369805015
369971224
370137434
370303643
370469853
370636063
370802272
370968481
371134691
371300900
371467110
371633319
371799528
371965738
372131947
372298157
372475447
372641657
372807866
372974076
373140285
373306495
373472704
373638914
373805123
373971333
374137542
374303752
374469961
374636171
374802380
374968589
375134799
375301008
375467218
375633428
375799637
375965846
376132056
376298265
376464475
376641766
376807975
376974184
377140394
377306603
377472813
377639022
377805233
377971441
378137650
378303860
378470069
378636279
378802490
378968698
379134907
379301117
379467327
379633536
379799747
379965955
380132165
380298374
380464583
380641873
380808083
380974292
381140502
381306711
381472921
381639130
381805340
381971549
382137758
382303968
382470177
382636387
382802597
382968806
383135015
383301225
383467435
383633644
383799854
383966063
384132273
384298482
384464691
384641982
384808191
384974400
385140610
385306819
385473029
385639238
385805448
385971657
386137867
386304076
386470286
386636495
386802705
386968914
387135124
387301333
387467543
387633752
387799961
387966171
388132381
388298590
388464799
388642090
388808299
388974509
389140718
389306927
389473137
389639346
389805556
389971766
390137975
390304185
390470394
390636603
390802814
390969023
391135232
391301442
391467651
391633860
391800070
391966279
392132489
392298698
392464908
392642198
392808407
392974617
393140826
393307036
393473245
393639455
393805664
393971874
394138083
394304293
394470502
394636712
394802921
394969131
395135340
395301550
395467759
395633968
395800178
395966388
396132597
396298806
396465016
396642306
396808516
396974725
397140934
397307144
397473354
397639563
397805773
397971982
398138192
398304401
398470610
398636820
398803030
398969239
399135448
399301658
399467867
399634077
399800286
399966496
400132705
400298915
400465124
400642414
400808624
400974833
401141043
401307252
401473462
401639671
401805881
401972090
402138300
402304510
402470718
402636928
402803138
402969347
403135557
403301766
403467976
403634185
403800394
403966604
404132814
404299023
404465232
404631442
404808732
404974941
405141151
405307360
405473570
405639779
405805989
405972198
406138408
406304617
406470827
406637036
406803246
406969455
407135665
407301874
407468084
407634293
407800503
407966712
408132922
408299131
408465341
408631550
408808840
408975050
409141259
409307469
409473678
409639888
409806097
409972307
410138516
410304726
410470935
410637145
410803354
410969563
411135773
411301982
411468192
411634402
411800611
411966820
412133030
412299239
412465449
412631658
412808948
412975158
413141368
413307577
413473787
413639996
413806206
413972415
414138624
414304834
414471044
414637253
414803462
414969673
415135881
415302091
415468300
415634510
415800719
415966929
416133138
416299348
416465557
416631767
416809057
416975266
417141476
417307685
417473895
417640105
417806314
417972523
418138732
418304942
418471152
418637361
418803570
418969780
419135989
419302199
419468408
419634618
419800827
419967037
420133246
420299456
420465665
420631875
420809165
420975375
421141584
421307793
421474003
421640212
421806422
421972632
422138841
422305051
422471260
422637469
422803679
422969888
423136098
423302307
423468517
423634726
423800936
423967145
424133355
424299564
424465774
424631983
424809273
424975483
425141692
425307902
425474111
425640321
425806530
425972740
426138949
426305159
426471368
426637578
426803787
426969997
427136206
427302416
427468625
427634835
427801044
427967254
428133463
428299672
428465883
428632092
428809382
428975591
429141801
429308010
429474219
429640429
429806638
429972848
430139058
430305267
430471477
430637686
430803896
430970105
431136314
431302524
431468734
431634943
431801152
431967362
432133571
432299781
432465990
432632200
432798409
432975699
433141909
433308118
433474328
433640537
433806747
433972957
434139166
434305375
434471585
434637794
434804004
434970213
435136423
435302632
435468842
435635051
435801261
435967470
436133680
436299889
436466098
436632308
436798517
436975808
437142017
437308228
437474436
437640648
437806855
437973065
438139274
438305484
438471693
438637903
438804112
438970322
439136531
439302741
439468950
439635161
439801369
439967578
440133788
440299998
440466207
440632418
440798627
440975916
441142125
441308335
441474544
441640754
441806963
441973173
442139382
442305591
442471801
442638011
442804220
442970429
443136639
443302849
443469058
443635268
443801477
443967687
444133896
444300105
444466315
444632525
444798734
444976024
445142233
445308443
445474652
445640862
445807071
445973281
446139491
446305700
446471910
446638119
446804329
446970538
447136747
447302957
447469166
447635376
447801585
447967795
448134004
448300214
448466423
448632633
448798842
448976132
449142342
449308552
449474761
449640970
449807180
449973390
450139599
450305808
450472018
450638228
450804437
450970646
451136856
451303065
451469274
451635484
451801694
451967903
452134112
452300322
452466532
452632741
452798951
452976240
453142450
453308660
453474869
453641078
453807288
453973497
454139707
454305916
454472126
454638335
454804545
454970754
455136964
455303173
455469383
455635592
455801802
455968011
456134221
456300430
456466640
456632849
456799059
456965268
457142558
457308768
457474977
457641187
457807396
457973606
458139815
458306025
458472234
458638444
458804653
458970863
459137072
459303281
459469491
459635701
459801910
459968119
460134329
460300538
460466748
460632958
460799167
460965376
461142667
461308876
461475085
461641295
461807505
461973714
462139923
462306133
462472343
462638552
462804761
462970971
463137180
463303390
463469599
463635809
463802018
463968228
464134437
464300647
464466856
464633066
464799276
464965485
465142775
465308984
465475194
465641403
465807613
465973822
466140032
466306241
466472450
466638660
466804869
466971079
467137289
467303498
467469707
467635917
467802126
467968336
468134545
468300755
468466964
468633174
468799383
468965593
469142883
469309093
469475302
469641511
469807721
469973931
470140140
470306349
470472559
470638768
470804978
470971188
471137397
471303606
471469816
471636025
471802235
471968444
472134654
472300863
472467073
472633282
472799492
472965701
473142992
473309201
473475410
473641620
473807829
473974039
474140248
474306458
474472667
474638877
474805086
474971296
475137506
475303715
475469924
475636134
475802344
475968553
476134762
476300971
476467181
476633391
476799600
476965810
477143100
477309309
477475519
477641728
477807937
477974147
478140357
478306566
478472775
478638985
478805195
478971404
479137613
479303823
479470033
479636242
479802451
479968661
480134870
480301080
480467289
480633499
480799708
480965918
481143208
481309417
481475627
481641836
481808046
481974255
482140465
482306674
482472884
482639093
482805303
482971512
483137722
483303931
483470141
483636350
483802560
483968769
484134979
484301189
484467398
484633607
484799817
484966026
485132236
485309526
485475735
485641945
485808154
485974364
486140573
486306783
486472992
486639201
486805411
486971621
487137831
487304040
487470249
487636458
487802668
487968877
488135087
488301296
488467506
488633715
488799925
488966134
489132344
489309634
489475843
489642053
489808262
489974472
490140681
490306891
490473100
490639310
490805519
490971728
491137938
491304148
491470357
491636566
491802776
491968986
492135195
492301404
492467614
492633823
492800033
492966242
493132452
493309742
493475951
493642161
493808370
493974580
494140790
494306999
494473208
494639418
494805628
494971837
495138046
495304256
495470465
495636675
495802884
495969094
496135303
496301513
496467722
496633932
496800141
496966351
497132560
497309850
497476062
497642270
497808479
497974688
498140898
498307108
498473318
498639526
498805736
498971945
499138155
499304365
499470575
499636783
499802993
499969202
500135412
500301621
500467832
500634040
500800250
500966459
501132669
501309958
501476168
501642377
501808587
501974796
502141006
502307215
502473425
502639634
502805844
502972053
503138263
503304473
503470683
503636891
503803101
503969310
504135519
504301729
504467939
504634148
504800357
504966567
505132777
505310067
505476276
505642486
505808695
505974905
506141114
506307323
506473533
506639743
506805952
506972161
507138371
507304581
507470790
507636999
507803209
507969418
508135628
508301838
508468047
508634256
508800466
508966676
509132885
509310175
509476384
509642594
509808803
509975013
510141223
510307432
510473641
510639851
510806060
510972270
511138479
511304689
511470898
511637108
511803318
511969527
512135736
512301946
512468155
512634365
512800574
512966784
513132993
513299203
513476493
513642702
513808912
513975121
514141331
514307540
514473749
514639960
514806169
514972378
515138587
515304797
515471007
515637216
515803425
515969635
516135844
516302054
516468263
516634473
516800682
516966892
517133101
517299311
517476601
517642811
517809020
517975229
518141439
518307648
518473858
518640068
518806277
518972486
519138696
519304905
519471115
519637324
519803534
519969743
520135953
520302162
520468372
520634581
520800791
520967000
521133210
521299419
521476709
521642919
521809128
521975338
522141547
522307757
522473966
522640176
522806385
522972595
523138804
523305014
523471223
523637433
523803642
523969852
524136061
524302271
524468480
524634690
524800899
524967109
525133318
525299528
525476818
525643027
525809237
525975446
526141656
526307865
526474075
526640284
526806494
526972703
527138912
527305122
527471332
527637541
527803750
527969960
528136170
528302379
528468588
528634798
528801008
528967217
529133426
529299636
529476926
529643135
529809345
529975554
530141764
530307973
530474183
530640392
530806602
530972811
531139021
531305230
531471440
531637649
531803859
531970068
532136278
532302488
532468697
532634906
532801116
532967325
533133535
533299744
533477034
533643244
533809453
533975663
534141872
534308082
534474291
534640501
534806710
534972920
535139130
535305339
535471548
535637758
535803967
535970177
536136386
536302596
536468805
536635015
536801224
536967434
537133643
537299853
537477142
537643352
537809562
537975771
538141980
538308190
538474399
538640609
538806818
538973028
539139237
539305447
539471656
539637866
539804075
539970285
540136494
540302704
540468913
540635123
540801332
540967542
541133751
541299961
541466170
541643460
541809670
541975879
542142089
542308298
542474508
542640717
542806927
542973136
543139346
543305555
543471765
543637974
543804184
543970393
544136603
544302812
544469022
544635231
544801440
544967650
545133860
545300069
545466278
545643569
545809778
545975988
546142197
546308407
546474616
546640826
546807035
546973244
547139454
547305664
547471873
547638082
547804293
547970502
548136711
548302921
548469130
548635339
548801549
548967758
549133968
549300177
549466387
549643677
549809887
549976096
550142305
550308515
550474725
550640934
550807143
550973353
551139563
551305772
551471981
551638191
551804400
551970610
552136819
552303029
552469238
552635448
552801657
552967866
553134076
553300286
553466495
553643785
553809995
553976204
554142414
554308623
554474833
554641042
554807252
554973461
555139671
555305880
555472090
555638299
555804509
555970718
556136928
556303137
556469347
556635556
556801765
556967975
557134185
557300394
557466603
557643894
557810104
557976313
558142522
558308732
558474941
558641151
558807360
558973570
559139779
559305990
559472198
559638408
559804617
559970827
560137036
560303247
560469455
560635666
560801874
560968084
561134293
561300503
561466712
561644002
561810211
561976421
562142630
562308840
562475049
562641259
562807468
562973678
563139887
563306097
563472306
563638516
563804725
563970935
564137144
564303355
564469563
564635773
564801982
564968192
565134401
565300611
565466820
565644110
565810320
565976529
566142739
566308948
566475158
566641367
566807576
566973786
567139996
567306205
567472415
567638624
567804834
567971043
568137252
568303462
568469671
568635881
568802090
568968300
569134509
569300719
569466928
569633138
569810428
569976638
570142847
570309056
570475266
570641476
570807685
570973894
571140104
571306314
571472523
571638732
571804942
571971151
572137361
572303570
572469780
572635990
572802199
572968408
573134618
573300827
573467037
573633246
573810536
573976745
574142955
574309165
574475374
574641584
574807793
574974003
575140212
575306422
575472631
575638841
575805050
575971260
576137469
576303679
576469888
576636098
576802307
576968516
577134726
577300935
577467146
577633354
577810645
577976854
578143064
578309273
578475483
578641692
578807901
578974111
579140320
579306530
579472739
579638949
579805158
579971368
580137578
580303787
580469997
580636206
580802415
580968625
581134834
581301044
581467253
581633463
581810753
581976962
582143172
582309381
582475591
582641800
582808010
582974219
583140429
583306638
583472848
583639058
583805267
583971476
584137686
584303896
584470105
584636314
584802524
584968733
585134943
585301152
585467362
585633571
585810861
585977071
586143280
586309490
586475699
586641909
586808118
586974327
587140537
587306747
587472956
587639166
587805375
587971585
588137794
588304003
588470213
588636423
588802632
588968841
589135051
589301261
589467470
589633680
589810970
589977179
590143389
590309598
590475808
590642017
590808226
590974436
591140646
591306855
591473064
591639274
591805484
591971693
592137902
592304112
592470322
592636531
592802740
592968950
593135159
593301369
593467578
593633788
593811079
593977288
594143497
594309706
594475916
594642125
594808335
594974544
595140755
595306963
595473173
595639382
595805592
595971801
596138011
596304220
596470430
596636639
596802849
596969058
597135268
597301477
597467687
597633896
597800106
597977396
598143605
598309815
598476025
598642234
598808443
598974653
599140863
599307071
599473281
599639491
599805700
599971909
600138119
600304328
600470538
600636748
600802957
600969166
601135376
601301585
601467795
601634004
601800214
601977504
602143713
602309923
602476133
602642342
602808551
602974761
603140971
603307180
603473390
603639599
603805809
603972018
604138227
604304437
604470647
604636856
604803066
604969275
605135485
605301694
605467903
605634113
605800322
605977613
606143822
606310031
606476241
606642451
606808660
606974870
607141080
607307289
607473498
607639707
607805917
607972127
608138336
608304545
608470755
608636964
608803174
608969384
609135593
609301802
609468012
609634221
609800431
609977721
610143930
610310140
610476349
610642559
610808768
610974978
611141187
611307397
611473606
611639816
611806025
611972235
612138444
612304654
612470863
612637072
612803282
612969492
613135701
613301910
613468120
613634330
613800539
613977829
614144039
614310248
614476458
614642667
614808876
614975086
615141296
615307505
615473715
615639924
615806134
615972343
616138553
616304762
616470972
616637181
616803390
616969600
617135810
617302019
617468228
617634438
617800648
617977938
618144149
618310357
618476566
618642776
618808985
618975195
619141405
619307614
619473823
619640033
619806243
619972452
620138663
620304871
620471080
620637290
620803499
620969709
621135918
621302129
621468337
621634547
621800756
621978046
622144256
622310465
622476674
622642884
622809094
622975303
623141513
623307722
623473931
623640141
623806350
623972560
624138770
624304979
624471188
624637398
624803607
624969817
625136027
625302236
625468446
625634655
625800864
625967074
626144364
626310573
626476783
626642992
626809202
626975411
627141621
627307830
627474040
627640249
627806459
627972668
628138878
628305087
628471297
628637506
628803716
628969925
629136135
629302344
629468554
629634763
629800973
629967182
630144472
630310682
630476891
630643101
630809310
630975520
631141729
631307939
631474148
631640358
631806567
631972777
632138986
632305196
632471405
632637615
632803824
632970034
633136243
633302453
633468662
633634872
633801081
633967291
634144581
634310790
634477000
634643209
634809419
634975628
635141837
635308047
635474256
635640466
635806675
635972885
636139094
636305304
636471513
636637723
636803932
636970142
637136351
637302561
637468771
637634980
637801189
637967399
638144689
638310899
638477108
638643317
638809527
638975736
639141946
639308155
639474365
639640575
639806784
639972994
640139203
640305413
640471622
640637831
640804041
640970250
641136460
641302670
641468879
641635089
641801298
641967507
642144798
642311007
642477217
642643426
642809635
642975845
643142055
643308264
643474474
643640683
643806892
643973102
644139311
644305521
644471730
644637940
644804149
644970359
645136568
645302778
645468988
645635197
645801406
645967616
646144906
646311116
646477325
646643534
646809744
646975953
647142163
647308372
647474582
647640791
647807001
647973210
648139420
648305629
648471839
648638048
648804258
648970467
649136677
649302886
649469096
649635305
649801515
649967724
650133933
650311224
650477433
650643643
650809852
650976062
651142271
651308481
651474690
651640900
651807109
651973319
652139528
652305738
652471947
652638157
652804366
652970576
653136785
653302994
653469204
653635414
653801623
653967832
654134042
654311332
654477542
654643751
654809961
654976170
655142380
655308589
655474799
655641009
655807218
655973427
656139637
656305846
656472055
656638265
656804474
656970684
657136894
657303103
657469312
657635522
657801731
657967941
658134150
658311441
658477650
658643860
658810069
658976279
659142488
659308697
659474907
659641117
659807326
659973535
660139745
660305954
660472164
660638373
660804583
660970793
661137002
661303211
661469421
661635630
661801840
661968049
662134259
662311549
662477759
662643968
662810177
662976387
663142597
663308806
663475015
663641225
663807434
663973644
664139853
664306063
664472272
664638482
664804691
664970901
665137110
665303320
665469529
665635739
665801948
665968158
666134367
666311657
666477867
666644076
666810286
666976495
667142705
667308914
667475124
667641333
667807543
667973752
668139962
668306171
668472381
668638590
668804800
668971010
669137219
669303428
669469638
669635847
669802057
669968266
670134476
670311766
670477975
670644185
670810394
670976604
671142813
671309022
671475232
671641442
671807651
671973861
672140070
672306279
672472489
672638698
672804908
672971117
673137327
673303536
673469746
673635956
673802165
673968374
674134584
674311874
674478084
674644293
674810503
674976712
675142921
675309131
675475340
675641550
675807759
675973969
676140179
676306388
676472598
676638807
676805016
676971226
677137435
677303645
677469855
677636064
677802273
677968483
678134692
678300902
678478192
678644402
678810611
678976823
679143030
679309239
679475449
679641661
679807868
679974079
680140287
680306497
680472706
680638916
680805125
680971335
681137544
681303754
681469963
681636173
681802382
681968593
682134801
682301011
682478300
682644510
682810719
682976930
683143138
683309348
683475557
683641767
683807976
683974187
684140395
684306605
684472813
684639023
684805232
684971442
685137651
685303861
685470070
685636280
685802489
685968699
686134908
686301118
686478408
686644617
686810827
686977037
687143246
687309455
687475665
687641875
687808085
687974294
688140504
688306714
688472923
688639132
688805342
688971551
689137761
689303970
689470180
689636389
689802598
689968808
690135017
690301227
690478517
690644727
690810936
690977146
691143355
691309565
691475774
691641984
691808193
691974402
692140612
692306822
692473031
692639240
692805450
692971660
693137869
693304078
693470288
693636498
693802707
693968916
694135126
694301336
694478625
694644835
694811044
694977254
695143464
695309673
695475882
695642092
695808301
695974511
696140720
696306930
696473139
696639349
696805558
696971768
697137977
697304187
697470396
697636606
697802815
697969025
698135234
698301444
698478733
698644943
698811153
698977362
699143571
699309781
699475991
699642200
699808410
699974619
700140828
700307038
700473247
700639457
700805667
700971876
701138085
701304295
701470504
701636714
701802923
701969133
702135342
702301552
702478842
702645052
702811261
702977471
703143680
703309889
703476099
703642308
703808518
703974727
704140937
704307147
704473356
704639565
704805775
704971984
705138194
705304404
705470613
705636822
705803032
705969241
706135451
706301661
706467870
706645159
706811369
706977579
707143788
707309998
707476207
707642417
707808626
707974836
708141045
708307255
708473464
708639673
708805883
708972093
709138302
709304512
709470721
709636931
709803140
709969349
710135559
710301769
710467978
710645268
710811478
710977687
711143896
711310106
711476316
711642525
711808734
711974944
712141153
712307363
712473572
712639782
712805992
712972201
713138410
713304620
713470829
713637039
713803248
713969458
714135667
714301877
714468086
714645376
714811586
714977795
715144005
715310214
715476424
715642634
715808843
715975052
716141262
716307471
716473681
716639890
716806100
716972309
717138519
717304728
717470938
717637147
717803357
717969566
718135776
718301985
718468195
718645485
718811694
718977903
719144113
719310323
719476532
719642742
719808951
719975160
720141370
720307579
720473789
720639998
720806208
720972417
721138627
721304837
721471046
721637255
721803465
721969674
722135884
722302093
722468303
722645593
722811802
722978012
723144221
723310431
723476641
723642850
723809059
723975269
724141479
724307688
724473897
724640107
724806316
724972526
725138735
725304945
725471154
725637364
725803573
725969783
726135992
726302202
726468411
726645702
726811911
726978120
727144330
727310539
727476749
727642958
727809168
727975378
728141587
728307796
728474006
728640215
728806425
728972634
729138844
729305054
729471263
729637472
729803682
729969891
730136101
730302310
730468520
730645810
730812019
730978229
731144438
731310648
731476857
731643067
731809276
731975486
732141695
732307905
732474114
732640324
732806533
732972742
733138952
733305162
733471371
733637581
733803790
733970000
734136209
734302418
734468628
734634838
734812128
734978337
735144547
735310756
735476966
735643175
735809384
735975594
736141803
736308013
736474223
736640432
736806641
736972851
737139060
737305270
737471479
737637689
737803898
737970108
738136317
738302527
738468736
738634946
738812238
738978446
739144655
739310865
739477074
739643284
739809495
739975703
740141912
740308122
740474331
740640541
740806752
740972960
741139169
741305379
741471588
741637798
741804009
741970217
742136427
742302636
742468845
742635054
742812345
742978553
743144763
743310973
743477182
743643392
743809601
743975811
744142020
744308230
744474439
744640649
744806859
744973068
745139277
745305487
745471696
745637905
745804116
745970325
746136534
746302743
746468953
746635162
746812453
746978662
747144872
747311081
747477291
747643500
747809710
747975920
748142129
748308338
748474548
748640757
748806966
748973176
749139386
749305595
749471805
749638014
749804224
749970433
750136643
750302852
750469061
750635271
750812561
750978771
751144980
751311190
751477399
751643609
751809818
751976028
752142237
752308447
752474656
752640865
752807075
752973285
753139494
753305704
753471913
753638123
753804332
753970541
754136751
754302960
754469170
754635379
754812669
754978879
755145088
755311298
755477507
755643717
755809926
755976136
756142345
756308555
756474764
756640974
756807183
756973393
757139602
757305812
757472021
757638231
757804440
757970650
758136859
758303069
758469278
758635488
758812778
758978987
759145197
759311406
759477616
759643825
759810035
759976244
760142454
760308663
760474873
760641082
760807292
760973501
761139711
761305920
761472130
761638339
761804549
761970758
762136968
762303177
762469387
762635596
762801806
762979096
763145305
763311515
763477724
763643934
763810143
763976353
764142563
764308772
764474981
764641191
764807400
764973610
765139819
765306029
765472238
765638448
765804657
765970866
766137076
766303286
766469495
766635705
766801914
766979204
767145414
767311623
767477833
767644042
767810251
767976461
768142671
768308880
768475090
768641299
768807509
768973718
769139928
769306137
769472346
769638556
769804766
769970975
770137185
770303394
770469603
770635813
770802022
770979312
771145522
771311732
771477941
771644150
771810360
771976570
772142779
772308989
772475198
772641407
772807617
772973826
773140036
773306245
773472455
773638664
773804874
773971083
774137293
774303502
774469712
774635921
774802131
774979421
775145630
775311840
775478050
775644259
775810468
775976678
776142887
776309097
776475306
776641516
776807725
776973935
777140144
777306354
777472563
777638773
777804982
777971192
778137401
778303611
778469821
778636030
778802239
778979529
779145739
779311949
779478158
779644367
779810577
779976786
780142995
780309205
780475415
780641624
780807833
780974043
781140253
781306462
781472671
781638881
781805090
781971300
782137509
782303719
782469928
782636138
782802348
782979638
783145847
783312057
783478266
783644476
783810685
783976895
784143104
784309314
784475523
784641733
784807942
784974151
785140361
785306571
785472780
785638989
785805199
785971408
786137618
786303827
786470037
786636247
786802456
786979746
787145956
787312165
787478374
787644584
787810794
787977003
788143212
788309422
788475632
788641841
788808051
788974261
789140469
789306679
789472889
789639098
789805307
789971517
790137726
790303936
790470145
790636355
790802564
790968774
791146064
791312273
791478483
791644692
791810902
791977111
792143321
792309530
792475740
792641949
792808159
792974368
793140578
793306787
793472997
793639206
793805416
793971625
794137835
794304044
794470254
794636463
794802672
794968882
795146172
795312382
795478591
795644801
795811010
795977220
796143429
796309639
796475848
796642058
796808267
796974477
797140686
797306896
797473105
797639315
797805524
797971734
798137943
798304153
798470362
798636572
798802781
798968991
799146281
799312491
799478700
799644911
799811119
799977328
800143539
800309747
800475957
800642168
800808377
800974585
801140795
801307005
801473214
801639425
801805633
801971842
802138052
802304261
802470471
802636682
802802889
802969098
803146388
803312598
803478807
803645017
803811226
803977436
804143645
804309855
804476064
804642274
804808483
804974693
805140902
805307111
805473321
805639531
805805740
805971949
806138159
806304368
806470578
806636788
806802997
806969206
807146497
807312706
807478916
807645126
807811335
807977545
808143755
808309964
808476174
808642383
808808592
808974802
809141011
809307221
809473430
809639640
809805849
809972059
810138268
810304478
810470687
810636897
810803106
810969315
811146606
811312815
811479025
811645234
811811444
811977653
812143863
812310072
812476282
812642491
812808701
812974910
813141120
813307329
813473539
813639748
813805957
813972168
814138376
814304586
814470795
814637005
814803215
814969424
815146714
815312923
815479133
815645342
815811552
815977761
816143971
816310180
816476390
816642599
816808809
816975018
817141228
817307437
817473647
817639856
817806066
817972275
818138485
818304694
818470903
818637113
818803323
818969532
819135741
819313032
819479241
819645450
819811660
819977870
820144079
820310288
820476498
820642708
820808917
820975126
821141336
821307546
821473755
821639964
821806174
821972384
822138593
822304802
822471012
822637221
822803431
822969640
823135850
823313140
823479349
823645559
823811768
823977978
824144187
824310397
824476606
824642816
824809025
824975235
825141444
825307654
825473863
825640073
825806282
825972492
826138701
826304911
826471120
826637330
826803539
826969750
827135958
827313248
827479457
827645667
827811876
827978086
828144296
828310505
828476714
828642924
828809134
828975343
829141552
829307762
829473971
829640181
829806390
829972600
830138809
830305019
830471228
830637438
830803647
830969857
831136066
831313357
831479566
831645776
831811985
831978195
832144404
832310614
832476823
832643032
832809242
832975451
833141661
833307871
833474080
833640289
833806499
833972708
834138918
834305127
834471337
834637546
834803756
834969965
835136175
835313465
835479674
835645884
835812093
835978303
836144513
836310722
836476932
836643141
836809350
836975560
837141769
837307979
837474188
837640398
837806607
837972817
838139026
838305236
838471445
838637655
838803864
838970074
839136283
839313573
839479782
839645992
839812202
839978411
840144621
840310830
840477040
840643249
840809458
840975668
841141878
841308087
841474296
841640506
841806716
841972925
842139135
842305344
842471553
842637763
842803972
842970182
843136392
843302601
843479891
843646100
843812310
843978520
844144729
844310938
844477148
844643357
844809567
844975776
845141986
845308196
845474405
845640614
845806824
845973034
846139243
846305452
846471662
846637872
846804081
846970290
847136500
847302709
847480000
847646209
847812418
847978628
848144837
848311047
848477256
848643466
848809675
848975885
849142094
849308305
849474513
849640723
849806932
849973142
850139351
850305561
850471770
850637980
850804189
850970399
851136608
851302818
851480108
851646317
851812527
851978736
852144946
852311156
852477365
852643574
852809784
852975993
853142203
853308412
853474622
853640831
853807040
853973250
854139460
854305669
854471879
854638088
854804297
854970507
855136716
855302926
855480216
855646426
855812635
855978845
856145054
856311264
856477473
856643683
856809892
856976102
857142311
857308521
857474730
857640940
857807149
857973358
858139568
858305777
858471987
858638197
858804406
858970616
859136825
859303034
859480326
859646534
859812744
859978953
860145163
860311372
860477583
860643791
860810001
860976210
861142420
861308629
861474840
861641050
861807258
861973467
862139677
862305887
862472097
862638306
862804515
862970725
863136934
863303143
863480433
863646642
863812852
863979061
864145271
864311480
864477690
864643899
864810109
864976318
865142528
865308737
865474947
865641156
865807366
865973575
866139785
866305994
866472204
866638413
866804623
866970832
867137042
867303251
867480541
867646751
867812960
867979170
868145379
868311589
868477798
868644008
868810217
868976427
869142636
869308846
869475055
869641265
869807474
869973684
870139893
870306103
870472312
870638521
870804731
870970941
871137150
871303359
871469569
871646859
871813069
871979278
872145488
872311697
872477907
872644116
872810325
872976535
873142745
873308954
873475164
873641373
873807583
873973792
874140002
874306211
874472420
874638630
874804840
874971049
875137258
875303468
875469677
875646968
875813177
875979387
876145596
876311806
876478015
876644224
876810434
876976644
877142853
877309063
877475272
877641482
877807691
877973900
878140110
878306319
878472529
878638738
878804948
878971157
879137367
879303576
879469786
879647076
879813285
879979495
880145704
880311914
880478124
880644333
880810542
880976752
881142962
881309171
881475380
881641590
881807799
881974009
882140218
882306428
882472637
882638847
882805056
882971266
883137475
883303685
883469894
883647184
883813394
883979603
884145813
884312022
884478232
884644441
884810651
884976860
885143070
885309279
885475490
885641698
885807908
885974117
886140327
886306536
886472746
886638955
886805165
886971374
887137584
887303793
887470003
887647292
887813502
887979711
888145921
888312131
888478340
888644549
888810759
888976969
889143178
889309387
889475597
889641806
889808016
889974225
890140435
890306644
890472854
890639063
890805273
890971482
891137692
891303901
891470111
891647401
891813610
891979820
892146029
892312239
892478449
892644658
892810867
892977077
893143286
893309496
893475705
893641915
893808124
893974334
894140543
894306753
894472962
894639172
894805381
894971591
895137800
895304010
895470219
895647510
895813719
895979928
896146138
896312348
896478557
896644767
896810976
896977186
897143395
897309604
897475814
897642023
897808233
897974443
898140652
898306861
898473071
898639280
898805490
898971699
899137909
899304118
899470328
899636537
899813827
899980037
900146246
900312456
900478665
900644875
900811084
900977294
901143503
901309713
901475922
901642132
901808341
901974551
902140760
902306970
902473179
902639389
902805598
902971808
903138017
903304227
903470436
903636646
903813936
903980145
904146355
904312564
904478774
904644983
904811193
904977402
905143612
905309821
905476030
905642240
905808450
905974659
906140869
906307078
906473287
906639497
906805707
906971916
907138126
907304335
907470544
907636754
907814044
907980253
908146463
908312673
908478882
908645091
908811301
908977511
909143720
909309930
909476139
909642349
909808558
909974767
910140977
910307187
910473396
910639605
910805815
910972024
911138234
911304443
911470653
911636862
911814152
911980362
912146572
912312781
912478990
912645200
912811410
912977619
913143829
913310038
913476247
913642457
913808666
913974876
914141085
914307295
914473504
914639714
914805923
914972133
915138342
915304552
915470761
915636971
915814261
915980470
916146680
916312889
916479099
916645308
916811518
916977727
917143937
917310146
917476356
917642565
917808775
917974984
918141194
918307403
918473613
918639822
918806032
918972241
919138451
919304661
919470870
919637079
919814369
919980580
920146789
920312999
920479207
920645417
920811626
920977836
921144045
921310255
921476465
921642674
921808883
921975093
922141303
922307514
922473722
922639931
922806141
922972350
923138559
923304770
923470978
923637188
923814477
923980687
924146897
924313107
924479315
924645525
924811735
924977944
925144154
925310364
925476572
925642782
925808991
925975201
926141410
926307620
926473829
926640039
926806248
926972458
927138667
927304878
927471086
927637296
927803505
927980795
928147005
928313215
928479424
928645633
928811843
928978052
929144262
929310471
929476681
929642891
929809100
929975310
930141519
930307729
930473938
930640147
930806357
930972566
931138776
931304985
931471195
931637404
931803614
931980904
932147114
932313323
932479532
932645742
932811951
932978161
933144371
933310580
933476790
933642999
933809208
933975418
934141627
934307837
934474047
934640256
934806465
934972675
935138884
935305094
935471303
935637513
935803722
935981012
936147222
936313432
936479641
936645851
936812060
936978269
937144479
937310688
937476898
937643107
937809317
937975526
938141736
938307945
938474155
938640364
938806574
938972783
939138993
939305202
939471412
939637621
939803831
939981121
940147330
940313540
940479750
940645959
940812168
940978378
941144587
941310797
941477007
941643216
941809425
941975635
942141844
942308054
942474263
942640473
942806682
942972892
943139101
943305311
943471520
943637730
943803939
943981229
944147439
944313648
944479858
944646067
944812277
944978486
945144696
945310905
945477115
945643324
945809534
945975743
946141953
946308162
946474372
946640581
946806791
946973000
947139210
947305419
947471629
947637839
947804047
947981338
948147547
948313757
948479966
948646176
948812385
948978595
949144804
949311013
949477223
949643433
949809642
949975851
950142061
950308270
950474480
950640690
950806899
950973109
951139318
951305527
951471737
951637946
951804156
951981446
952147656
952313865
952480075
952646284
952812494
952978703
953144913
953311122
953477332
953643541
953809751
953975960
954142169
954308379
954474588
954640798
954807008
954973217
955139427
955305636
955471845
955638055
955804264
955970474
956147765
956313974
956480183
956646392
956812602
956978812
957145021
957311230
957477440
957643650
957809859
957976069
958142278
958308487
958474697
958640906
958807116
958973325
959139535
959305745
959471954
959638164
959804373
959970582
960147873
960314082
960480291
960646501
960812711
960978920
961145129
961311339
961477549
961643758
961809967
961976177
962142386
962308596
962474805
962641015
962807225
962973434
963139643
963305853
963472062
963638272
963804481
963970691
964147981
964314190
964480400
964646609
964812819
964979028
965145238
965311447
965477657
965643866
965810076
965976285
966142495
966308704
966474914
966641123
966807333
966973542
967139752
967305961
967472171
967638380
967804590
967970799
968148090
968314299
968480508
968646718
968812927
968979138
969145346
969311556
969477765
969643975
969810184
969976394
970142603
970308813
970475022
970641232
970807441
970973651
971139860
971306070
971472279
971638489
971804698
971970908
972148198
972314407
972480617
972646826
972813036
972979245
973145455
973311664
973477874
973644083
973810293
973976502
974142712
974308921
974475131
974641340
974807550
974973760
975139968
975306178
975472388
975638597
975804807
975971016
976148306
976314516
976480725
976646935
976813144
976979355
977145563
977311773
977477982
977644192
977810401
977976611
978142820
978309030
978475239
978641449
978807658
978973868
979140077
979306287
979472496
979638706
979804915
979971125
980148417
980314625
980480834
980647044
980813253
980979462
981145674
981311883
981478091
981644300
981810510
981976720
982142930
982309139
982475348
982641558
982807767
982973976
983140188
983306395
983472605
983638815
983805024
983971233
984137444
984314733
984480942
984647152
984813361
984979570
985145781
985311990
985478199
985644408
985810618
985976828
986143038
986309246
986475456
986641666
986807875
986974084
987140295
987306503
987472713
987638922
987805132
987971341
988137552
988314841
988481050
988647260
988813470
988979679
989145888
989312098
989478307
989644517
989810726
989976936
990143146
990309355
990475564
990641774
990807984
990974193
991140402
991306612
991472821
991639031
991805240
991971450
992137659
992314950
992481159
992647369
992813578
992979788
993145997
993312207
993478416
993644625
993810835
993977044
994143254
994309464
994475673
994641883
994808092
994974301
995140511
995306721
995472930
995639139
995805349
995971558
996137768
996315058
996481267
996647477
996813686
996979896
997146105
997312315
997478524
997644734
997810943
997977153
998143363
998309572
998475781
998641991
998808201
998974410
999140619
999306829
999473038
999639248
999805457
999971667
1000137876
1000315166
1000481376
1000647586
1000813795
1000980004
1001146214
1001312423
1001478633
1001644842
1001811052
1001977261
1002143471
1002309681
1002475890
1002642099
1002808309
1002974518
1003140728
1003306937
1003473147
1003639357
1003805566
1003971775
1004137985
1004315275
1004481484
1004647694
1004813903
1004980113
1005146323
1005312532
1005478741
1005644951
1005811160
1005977370
1006143579
1006309789
1006475998
1006642208
1006808417
1006974627
1007140836
1007307046
1007473255
1007639465
1007805674
1007971884
1008138093
1008304303
1008481593
1008647803
1008814012
1008980221
1009146431
1009312640
1009478850
1009645059
1009811269
1009977478
1010143688
1010309897
1010476107
1010642316
1010808526
1010974735
1011140944
1011307154
1011473364
1011639573
1011805782
1011971992
1012138202
1012304411
1012481701
1012647911
1012814120
1012980330
1013146539
1013312749
1013478958
1013645168
1013811377
1013977587
1014143796
1014310006
1014476215
1014642425
1014808634
1014974844
1015141053
1015307263
1015473472
1015639682
1015805891
1015972101
1016138310
1016304520
1016481810
1016648019
1016814229
1016980438
1017146648
1017312857
1017479067
1017645276
1017811486
1017977695
1018143905
1018310114
1018476324
1018642534
1018808743
1018974952
1019141162
1019307372
1019473581
1019639790
1019806000
1019972209
1020138419
1020304628
1020481918
1020648128
1020814337
1020980547
1021146756
1021312966
1021479175
1021645385
1021811594
1021977804
1022144013
1022310223
1022476432
1022642642
1022808851
1022975061
1023141270
1023307480
1023473689
1023639899
1023806108
1023972318
1024138527
1024304737
1024482027
1024648236
1024814446
1024980655
1025146865
1025313074
1025479284
1025645493
1025811703
1025977912
1026144122
1026310331
1026476541
1026642750
1026808960
1026975169
1027141379
1027307588
1027473798
1027640007
1027806217
1027972426
1028138636
1028304845
1028482135
1028648345
1028814554
1028980764
1029146974
1029313183
1029479392
1029645602
1029811811
1029978021
1030144230
1030310440
1030476649
1030642859
1030809068
1030975278
1031141487
1031307697
1031473906
1031640116
1031806325
1031972535
1032138744
1032304954
1032482244
1032648454
1032814663
1032980872
1033147082
1033313291
1033479501
1033645710
1033811920
1033978129
1034144339
1034310548
1034476758
1034642967
1034809177
1034975386
1035141596
1035307805
1035474014
1035640224
1035806434
1035972643
1036138853
1036305062
1036471272
1036648562
1036814771
1036980981
1037147190
1037313400
1037479609
1037645819
1037812028
1037978238
1038144447
1038310657
1038476866
1038643076
1038809285
1038975495
1039141704
1039307914
1039474123
1039640333
1039806542
1039972752
1040138961
1040305171
1040471380
1040648670
1040814880
1040981091
1041147299
1041313509
1041479718
1041645928
1041812137
1041978348
1042144556
1042310766
1042476975
1042643185
1042809394
1042975605
1043141813
1043308022
1043474232
1043640442
1043806651
1043972861
1044139070
1044305279
1044471489
1044648778
1044814988
1044981198
1045147407
1045313616
1045479826
1045646036
1045812245
1045978455
1046144664
1046310873
1046477083
1046643293
1046809502
1046975712
1047141921
1047308130
1047474340
1047640549
1047806759
1047972969
1048139178
1048305388
1048471597
1048648887
1048815097
1048981306
1049147516
1049313725
1049479935
1049646144
1049812354
1049978563
1050144773
1050310982
1050477192
1050643401
1050809611
1050975820
1051142030
1051308239
1051474449
1051640658
1051806867
1051973077
1052139286
1052305496
1052471705
1052648996
1052815205
1052981415
1053147624
1053313834
1053480043
1053646253
1053812463
1053978671
1054144881
1054311091
1054477300
1054643510
1054809719
1054975929
1055142138
1055308348
1055474557
1055640766
1055806976
1055973186
1056139395
1056305605
1056471814
1056649104
1056815314
1056981523
1057147733
1057313942
1057480152
1057646361
1057812570
1057978780
1058144990
1058311199
1058477409
1058643618
1058809828
1058976037
1059142247
1059308456
1059474666
1059640875
1059807084
1059973294
1060139504
1060305713
1060471922
1060649213
1060815422
1060981632
1061147841
1061314051
1061480260
1061646470
1061812679
1061978889
1062145098
1062311307
1062477517
1062643727
1062809936
1062976146
1063142355
1063308565
1063474774
1063640983
1063807193
1063973402
1064139612
1064305822
1064472031
1064638241
1064815531
1064981740
1065147950
1065314159
1065480369
1065646578
1065812787
1065978997
1066145207
1066311416
1066477626
1066643835
1066810045
1066976254
1067142463
1067308674
1067474883
1067641092
1067807301
1067973511
1068139721
1068305930
1068472140
1068638349
1068815639
1068981848
1069148058
1069314268
1069480477
1069646686
1069812896
1069979106
1070145315
1070311525
1070477734
1070643944
1070810153
1070976362
1071142572
1071308782
1071474991
1071641200
1071807410
1071973620
1072139829
1072306039
1072472248
1072638458
1072815748
1072981957
1073148167
1073314376
1073480586
1073646795
1073813005
1073979214
1074145424
1074311633
1074477843
1074644052
1074810262
1074976471
1075142680
1075308890
1075475100
1075641309
1075807518
1075973728
1076139937
1076306147
1076472356
1076638566
1076815857
1076982066
1077148275
1077314485
1077480694
1077646904
1077813113
1077979323
1078145532
1078311742
1078477951
1078644160
1078810370
1078976580
1079142789
1079308999
1079475208
1079641417
1079807627
1079973837
1080140046
1080306256
1080472465
1080638675
1080815965
1080982174
1081148384
1081314593
1081480803
1081647012
1081813222
1081979431
1082145640
1082311850
1082478060
1082644269
1082810479
1082976688
1083142897
1083309107
1083475317
1083641526
1083807736
1083973945
1084140155
1084306364
1084472573
1084638783
1084816073
1084982283
1085148492
1085314701
1085480911
1085647121
1085813330
1085979540
1086145749
1086311958
1086478168
1086644378
1086810587
1086976797
1087143006
1087309216
1087475425
1087641634
1087807844
1087974054
1088140263
1088306473
1088472682
1088638891
1088816182
1088982391
1089148603
1089314810
1089481020
1089647229
1089813439
1089979648
1090145858
1090312067
1090478277
1090644486
1090810696
1090976905
1091143114
1091309324
1091475533
1091641743
1091807953
1091974162
1092140372
1092306581
1092472790
1092639001
1092805210
1092982500
1093148709
1093314919
1093481128
1093647337
1093813547
1093979756
1094145966
1094312176
1094478385
1094644595
1094810804
1094977014
1095143223
1095309432
1095475642
1095641851
1095808061
1095974270
1096140480
1096306690
1096472899
1096639108
1096805318
1096982608
1097148818
1097315027
1097481237
1097647446
1097813656
1097979865
1098146074
1098312284
1098478494
1098644703
1098810913
1098977122
1099143331
1099309541
1099475750
1099641960
1099808169
1099974379
1100140589
1100306798
1100473007
1100639217
1100805426
1100982717
1101148927
1101315136
1101481345
1101647555
1101813766
1101979974
1102146183
1102312393
1102478602
1102644812
1102811023
1102977231
1103143440
1103309651
1103475860
1103642069
1103808280
1103974488
1104140697
1104306907
1104473116
1104639327
1104805537
1104982825
1105149035
1105315244
1105481454
1105647663
1105813873
1105980082
1106146291
1106312501
1106478710
1106644920
1106811130
1106977339
1107143548
1107309758
1107475968
1107642177
1107808387
1107974596
1108140805
1108307015
1108473224
1108639434
1108805644
1108982934
1109149143
1109315353
1109481562
1109647771
1109813981
1109980190
1110146400
1110312610
1110478819
1110645029
1110811238
1110977447
1111143657
1111309866
1111476076
1111642285
1111808495
1111974705
1112140914
1112307124
1112473333
1112639542
1112805752
1112983042
1113149252
1113315461
1113481671
1113647880
1113814089
1113980300
1114146509
1114312718
1114478928
1114645137
1114811347
1114977556
1115143766
1115309976
1115476184
1115642394
1115808604
1115974813
1116141022
1116307232
1116473441
1116639651
1116805860
1116983151
1117149360
1117315570
1117481779
1117647988
1117814198
1117980408
1118146617
1118312827
1118479036
1118645246
1118811455
1118977665
1119143874
1119310084
1119476293
1119642503
1119808712
1119974922
1120141131
1120307340
1120473550
1120639760
1120805969
1120972179
1121149469
1121315678
1121481888
1121648097
1121814306
1121980516
1122146725
1122312935
1122479145
1122645354
1122811563
1122977773
1123143983
1123310192
1123476401
1123642611
1123808821
1123975030
1124141240
1124307449
1124473659
1124639868
1124806077
1124972287
1125149578
1125315787
1125481996
1125648206
1125814416
1125980625
1126146834
1126313043
1126479253
1126645462
1126811672
1126977882
1127144091
1127310301
1127476510
1127642720
1127808929
1127975138
1128141349
1128307557
1128473767
1128639977
1128806186
1128972396
1129149686
1129315895
1129482104
1129648314
1129814524
1129980733
1130146943
1130313152
1130479362
1130645571
1130811780
1130977990
1131144200
1131310409
1131476619
1131642828
1131809038
1131975247
1132141457
1132307666
1132473875
1132640085
1132806294
1132972504
1133149794
1133316004
1133482213
1133648423
1133814632
1133980841
1134147051
1134313261
1134479470
1134645680
1134811889
1134978099
1135144308
1135310518
1135476727
1135642937
1135809146
1135975356
1136141565
1136307775
1136473984
1136640194
1136806403
1136972612
1137149903
1137316112
1137482322
1137648532
1137814741
1137980950
1138147160
1138313369
1138479579
1138645788
1138811997
1138978207
1139144417
1139310626
1139476836
1139643045
1139809255
1139975464
1140141674
1140307883
1140474093
1140640302
1140806512
1140972721
1141150011
1141316221
1141482430
1141648640
1141814849
1141981058
1142147268
1142313478
1142479687
1142645896
1142812106
1142978316
1143144525
1143310735
1143476944
1143643154
1143809363
1143975572
1144141782
1144307992
1144474201
1144640410
1144806620
1144972830
1145139039
1145316329
1145482539
1145648748
1145814957
1145981167
1146147377
1146313586
1146479795
1146646005
1146812215
1146978424
1147144633
1147310843
1147477052
1147643262
1147809472
1147975681
1148141891
1148308100
1148474310
1148640519
1148806728
1148972938
1149139148
1149316438
1149482647
1149648857
1149815066
1149981275
1150147485
1150313695
1150479904
1150646114
1150812323
1150978533
1151144742
1151310952
1151477161
1151643371
1151809580
1151975790
1152141999
1152308209
1152474418
1152640628
1152806837
1152973046
1153139256
1153316546
1153482755
1153648965
1153815175
1153981384
1154147594
1154313804
1154480013
1154646222
1154812431
1154978641
1155144850
1155311060
1155477270
1155643479
1155809688
1155975898
1156142108
1156308317
1156474527
1156640736
1156806946
1156973155
1157139364
1157316655
1157482864
1157649074
1157815283
1157981492
1158147702
1158313912
1158480121
1158646331
1158812540
1158978750
1159144959
1159311169
1159477378
1159643588
1159809797
1159976007
1160142216
1160308426
1160474635
1160640845
1160807054
1160973263
1161139473
1161316763
1161482973
1161649184
1161815392
1161981602
1162147811
1162314020
1162480231
1162646441
1162812649
1162978859
1163145068
1163311278
1163477487
1163643697
1163809906
1163976115
1164142325
1164308534
1164474744
1164640954
1164807163
1164973372
1165139582
1165316872
1165483081
1165649291
1165815500
1165981710
1166147919
1166314129
1166480338
1166646548
1166812757
1166978966
1167145176
1167311386
1167477595
1167643805
1167810014
1167976224
1168142433
1168308642
1168474852
1168641062
1168807271
1168973481
1169139690
1169316980
1169483190
1169649399
1169815609
1169981818
1170148028
1170314237
1170480447
1170646656
1170812866
1170979075
1171145285
1171311494
1171477704
1171643913
1171810123
1171976332
1172142542
1172308751
1172474961
1172641170
1172807380
1172973589
1173139799
1173306008
1173483298
1173649508
1173815717
1173981927
1174148136
1174314346
1174480555
1174646765
1174812975
1174979184
1175145394
1175311603
1175477812
1175644022
1175810231
1175976441
1176142650
1176308860
1176475069
1176641279
1176807488
1176973698
1177139907
1177306117
1177483407
1177649616
1177815826
1177982035
1178148245
1178314454
1178480664
1178646873
1178813083
1178979292
1179145502
1179311711
1179477921
1179644130
1179810340
1179976549
1180142759
1180308968
1180475178
1180641387
1180807597
1180973806
1181140016
1181306225
1181483515
1181649725
1181815934
1181982144
1182148353
1182314563
1182480772
1182646982
1182813191
1182979401
1183145610
1183311820
1183478030
1183644239
1183810448
1183976658
1184142867
1184309077
1184475286
1184641496
1184807706
1184973915
1185140124
1185306334
1185483624
1185649833
1185816043
1185982252
1186148462
1186314671
1186480881
1186647090
1186813300
1186979509
1187145719
1187311929
1187478138
1187644347
1187810557
1187976766
1188142976
1188309185
1188475395
1188641604
1188807814
1188974023
1189140233
1189306442
1189483732
1189649942
1189816151
1189982361
1190148570
1190314780
1190480989
1190647199
1190813408
1190979618
1191145827
1191312037
1191478247
1191644456
1191810665
1191976875
1192143084
1192309294
1192475503
1192641713
1192807922
1192974132
1193140341
1193306551
1193483841
1193650050
1193816260
1193982470
1194148679
1194314888
1194481097
1194647307
1194813516
1194979725
1195145935
1195312145
1195478354
1195644563
1195810773
1195976982
1196143192
1196309401
1196475611
1196641820
1196808030
1196974239
1197140449
1197306658
1197483949
1197650159
1197816368
1197982578
1198148788
1198314997
1198481206
1198647416
1198813625
1198979835
1199146044
1199312254
1199478463
1199644673
1199810882
