132968
299177
465387
631596
797806
964015
1130225
1296434
1462644
1628853
1795063
1961272
2127482
2293691
2459902
2626111
2792321
2958530
3124740
3290949
3457159
3634449
3800658
3966868
4133077
4299287
4465496
4631706
4797916
4964125
5130335
5296544
5462754
5628963
5795173
5961382
6127592
6293801
6460011
6626220
6792430
6958639
7124849
7291059
7457268
7634558
7800768
7966977
8133186
8299396
8465605
8631816
8798024
8964234
9130443
9296653
9462862
9629072
9795281
9961491
10127700
10293910
10460120
10626329
10792538
10958748
11124957
11291167
11457376
11634667
11800876
11967086
12133295
12299504
12465714
12631923
12798133
12964342
13130552
13296761
13462971
13629181
13795390
13961599
14127809
14294018
14460228
14626437
14792647
14958856
15125066
15291275
15457485
15634776
15800986
15967194
16133404
16299613
16465823
16632032
16798243
16964451
17130661
17296870
17463080
17629289
17795499
17961708
18127918
18294127
18460337
18626546
18792757
18958965
19125175
19291384
19457594
19634883
19801093
19967302
20133512
20299721
20465931
20632140
20798350
20964559
21130769
21296978
21463188
21629397
21795607
21961816
22128026
22294235
22460445
22626654
22792864
22959073
23125283
23291492
23457702
23623911
23801201
23967411
24133620
24299830
24466039
24632249
24798458
24964668
25130877
25297087
25463296
25629506
25795715
25961925
26128134
26294344
26460553
26626763
26792972
26959182
27125391
27291601
27457810
27624019
27801310
27967520
28133729
28299938
28466147
28632357
28798567
28964776
29130986
29297195
29463404
29629614
29795823
29962033
30128243
30294452
30460661
30626871
30793080
30959291
31125499
31291709
31457918
31624128
31801418
31967627
32133836
32300046
32466255
32632465
32798674
32964884
33131093
33297303
33463512
33629722
33795931
33962141
34128350
34294560
34460769
34626979
34793188
34959398
35125607
35291816
35458026
35624235
35801526
35967735
36133945
36300154
36466364
36632573
36798783
36964992
37131201
37297411
37463620
37629830
37796039
37962249
38128458
38294668
38460877
38627087
38793296
38959506
39125715
39291924
39458134
39624343
39801634
39967843
40134053
40300262
40466471
40632681
40798890
40965100
41131309
41297519
41463728
41629938
41796147
41962357
42128566
42294776
42460985
42627194
42793404
42959614
43125823
43292033
43458242
43624451
43801742
43967951
44134161
44300370
44466579
44632789
44798998
44965208
45131417
45297627
45463836
45630046
45796255
45962464
46128674
46294883
46461093
46627302
46793512
46959721
47125931
47292140
47458350
47624559
47801849
47968059
48134268
48300478
48466687
48632897
48799106
48965315
49131525
49297734
49463944
49630153
49796363
49962572
50128782
50294992
50461201
50627410
50793620
50959829
51126038
51292248
51458457
51624667
51790876
51968167
52134376
52300586
52466795
52633004
52799214
52965423
53131633
53297842
53464052
53630261
53796471
53962680
54128889
54295100
54461309
54627518
54793727
54959937
55126146
55292356
55458565
55624775
55790984
55968274
56134484
56300693
56466902
56633112
56799321
56965531
57131740
57297950
57464159
57630369
57796578
57962788
58128997
58295207
58461416
58627625
58793835
58960044
59126254
59292463
59458673
59624882
59791092
59968382
60134591
60300801
60467010
60633220
60799429
60965639
61131848
61298058
61464267
61630477
61796686
61962895
62129105
62295314
62461524
62627733
62793942
62960152
63126362
63292571
63458780
63624990
63791199
63968489
64134699
64300908
64467119
64633327
64799537
64965746
65131956
65298165
65464375
65630584
65796793
65963003
66129212
66295422
66461631
66627841
66794050
66960260
67126469
67292679
67458888
67625097
67791307
67968597
68134806
68301016
68467225
68633435
68799644
68965853
69132063
69298272
69464482
69630691
69796901
69963110
70129320
70295529
70461739
70627948
70794158
70960367
71126576
71292786
71458995
71625205
71791414
71968705
72134914
72301123
72467333
72633542
72799752
72965961
73132171
73298380
73464590
73630799
73797008
73963218
74129427
74295637
74461846
74628056
74794265
74960475
75126684
75292894
75459103
75625312
75791522
75968812
76135022
76301232
76467441
76633651
76799859
76966069
77132279
77298488
77464697
77630907
77797116
77963326
78129535
78295744
78461954
78628165
78794373
78960583
79126792
79293001
79459211
79625421
79791630
79957840
80135129
80301338
80467548
80633757
80799966
80966176
81132386
81298595
81464804
81631014
81797223
81963433
82129642
82295851
82462061
82628271
82794480
82960689
83126899
83293108
83459318
83625528
83791736
83957946
84135236
84301446
84467655
84633865
84800074
84966284
85132493
85298702
85464912
85631121
85797331
85963540
86129750
86295959
86462168
86628378
86794588
86960797
87127006
87293216
87459425
87625635
87791844
87958054
88135344
88301553
88467763
88633972
88800181
88966391
89132601
89298810
89465020
89631229
89797438
89963648
90129857
90296067
90462276
90628486
90794695
90960904
91127114
91293323
91459533
91625743
91791952
91958161
92135451
92301660
92467870
92634079
92800289
92966498
93132708
93298917
93465127
93631336
93797546
93963755
94129964
94296174
94462383
94628593
94794802
94961012
95127221
95293430
95459640
95625850
95792059
95958269
96135559
96301768
96467977
96634187
96800396
96966606
97132815
97299025
97465234
97631444
97797653
97963862
98130072
98296281
98462491
98628700
98794910
98961119
99127329
99293538
99459747
99625957
99792166
99958376
100135666
100301875
100468085
100634294
100800504
100966713
101132923
101299132
101465341
101631551
101797761
101963970
102130179
102296389
102462598
102628808
102795017
102961227
103127436
103293645
103459855
103626064
103792274
103958483
104135773
104301983
104468192
104634402
104800611
104966821
105133030
105299239
105465449
105631658
105797868
105964078
106130287
106296496
106462706
106628915
106795124
106961334
107127543
107293753
107459962
107626172
107792381
107958591
108124800
108302090
108468300
108634509
108800719
108966928
109133137
109299347
109465556
109631766
109797975
109964185
110130395
110296603
110462813
110629023
110795232
110961442
111127651
111293860
111460070
111626279
111792489
111958698
112124907
112302198
112468407
112634616
112800826
112967035
113133245
113299454
113465664
113631874
113798083
113964292
114130502
114296711
114462920
114629130
114795339
114961549
115127758
115293968
115460177
115626386
115792596
115958806
116125015
116302305
116468514
116634724
116800933
116967143
117133352
117299561
117465771
117631983
117798190
117964399
118130609
118296818
118463028
118629237
118795447
118961656
119127866
119294075
119460284
119626494
119792703
119958913
120125123
120302412
120468622
120634831
120801041
120967250
121133460
121299669
121465878
121632088
121798297
121964507
122130717
122296926
122463135
122629345
122795554
122961764
123127973
123294183
123460392
123626601
123792811
123959020
124125230
124302520
124468729
124634939
124801148
124967358
125133567
125299777
125465986
125632195
125798405
125964614
126130824
126297033
126463243
126629452
126795662
126961871
127128081
127294290
127460499
127626709
127792918
127959128
128125337
128302628
128468837
128635046
128801256
128967465
129133674
129299884
129466093
129632303
129798512
129964722
130130931
130297141
130463350
130629559
130795769
130961978
131128188
131294397
131460607
131626816
131793026
131959235
132125444
132302735
132468944
132635153
132801363
132967573
133133782
133299991
133466201
133632410
133798620
133964829
134131039
134297248
134463457
134629667
134795876
134962086
135128296
135294505
135460714
135626924
135793133
135959343
136125552
136291762
136469054
136635261
136801471
136967680
137133890
137300100
137466309
137632518
137798727
137964937
138131146
138297356
138463567
138629776
138795984
138962193
139128403
139294613
139460823
139627031
139793241
139959450
140125660
140291869
140469159
140635368
140801578
140967787
141133997
141300206
141466416
141632625
141798834
141965044
142131253
142297463
142463672
142629882
142796091
142962301
143128510
143294719
143460930
143627138
143793348
143959557
144125767
144291976
144469267
144635476
144801685
144967895
145134104
145300314
145466523
145632733
145798942
145965151
146131361
146297571
146463780
146629989
146796199
146962408
147128618
147294827
147461037
147627246
147793456
147959665
148125874
148292084
148469374
148635583
148801794
148968002
149134212
149300421
149466631
149632841
149799050
149965259
150131468
150297678
150463887
150630097
150796306
150962516
151128725
151294934
151461144
151627354
151793563
151959772
152125982
152292191
152469481
152635691
152801900
152968110
153134319
153300528
153466738
153632948
153799157
153965366
154131576
154297785
154463995
154630205
154796413
154962623
155128832
155295042
155461251
155627461
155793670
155959880
156126089
156292299
156469589
156635798
156802008
156968217
157134427
157300636
157466845
157633055
157799264
157965474
158131683
158297893
158464102
158630312
158796521
158962731
159128940
159295150
159461359
159627568
159793778
159959987
160126197
160292406
160469696
160635906
160802115
160968325
161134534
161300744
161466953
161633163
161799372
161965581
162131791
162298000
162464210
162630419
162796630
162962838
163129047
163295257
163461467
163627676
163793886
163960095
164126305
164292514
164458723
164636013
164802223
164968432
165134642
165300851
165467061
165633270
165799480
165965689
166131898
166298108
166464317
166630527
166796736
166962945
167129155
167295364
167461574
167627783
167793993
167960202
168126412
168292621
168458831
168636121
168802330
168968540
169134749
169300959
169467168
169633378
169799587
169965796
170132006
170298215
170464425
170630634
170796844
170963053
171129263
171295472
171461681
171627891
171794101
171960310
172126519
172292729
172458939
172636228
172802438
172968647
173134857
173301066
173467276
173633485
173799695
173965904
174132113
174298323
174464532
174630742
174796951
174963161
175129370
175295580
175461789
175627998
175794208
175960418
176126627
176292836
176459046
176636336
176802545
176968755
177134964
177301174
177467383
177633592
177799802
177966012
178132221
178298430
178464640
178630849
178797059
178963268
179129477
179295687
179461897
179628106
179794315
179960525
180126734
180292944
180459153
180636443
180802653
180968862
181135072
181301281
181467491
181633700
181799910
181966119
182132329
182298538
182464747
182630957
182797166
182963376
183129585
183295795
183462004
183628214
183794423
183960633
184126842
184293052
184459261
184636551
184802761
184968970
185135179
185301389
185467598
185633808
185800017
185966227
186132436
186298645
186464856
186631064
186797274
186963483
187129693
187295902
187462112
187628321
187794531
187960740
188126950
188293159
188459369
188636658
188802868
188969077
189135287
189301496
189467706
189633915
189800125
189966334
190132544
190298753
190464962
190631172
190797381
190963591
191129800
191296010
191462219
191628429
191794638
191960848
192127057
192293267
192459476
192625685
192802976
192969185
193135394
193301604
193467814
193634023
193800232
193966442
194132652
194298861
194465070
194631280
194797489
194963699
195129908
195296117
195462327
195628536
195794746
195960955
196127165
196293375
196459584
196625793
196803083
196969293
197135502
197301712
197467921
197634131
197800340
197966550
198132759
198298970
198465178
198631388
198797597
198963806
199130017
199296226
199462435
199628645
199794854
199961063
200127273
200293484
200459692
200625901
200803191
200969400
201135610
201301820
201468028
201634238
201800448
201966657
202132866
202299076
202465285
202631495
202797704
202963914
203130123
203296333
203462542
203628752
203794961
203961170
204127380
204293590
204459799
204626008
204803298
204969508
205135718
205301927
205468136
205634346
205800555
205966765
206132974
206299184
206465393
206631603
206797812
206964021
207130231
207296440
207462650
207628859
207795069
207961279
208127488
208293697
208459907
208626116
208803406
208969616
209135825
209302035
209468244
209634454
209800663
209966872
210133082
210299291
210465501
210631711
210797920
210964129
211130338
211296548
211462759
211628967
211795177
211961386
212127596
212293805
212460014
212626224
212803514
212969723
213135933
213302142
213468352
213634561
213800771
213966980
214133189
214299399
214465609
214631818
214798027
214964237
215130446
215296656
215462865
215629075
215795284
215961494
216127703
216293912
216460122
216626331
216803622
216969831
217136041
217302250
217468459
217634669
217800878
217967088
218133297
218299507
218465716
218631926
218798135
218964345
219130554
219296763
219462973
219629182
219795392
219961601
220127811
220294020
220460230
220626439
220792649
220969939
221136148
221302358
221468567
221634777
221800986
221967196
222133405
222299615
222465824
222632033
222798243
222964452
223130662
223296871
223463081
223629290
223795500
223961709
224127919
224294128
224460337
224626547
224792756
224970046
225136256
225302465
225468675
225634884
225801095
225967303
226133513
226299722
226465931
226632141
226798350
226964560
227130769
227296979
227463188
227629398
227795607
227961817
228128026
228294236
228460445
228626654
228792864
228970154
229136364
229302573
229468782
229634992
229801202
229967411
230133620
230299830
230466039
230632249
230798459
230964667
231130877
231297086
231463296
231629505
231795715
231961924
232128134
232294343
232460553
232626762
232792972
232970262
233136471
233302681
233468890
233635100
233801309
233967519
234133728
234299938
234466147
234632356
234798566
234964775
235130985
235297194
235463404
235629613
235795823
235962032
236128242
236294451
236460660
236626870
236793079
236970369
237136579
237302788
237468998
237635207
237801417
237967626
238133836
238300045
238466255
238632464
238798674
238964883
239131092
239297302
239463511
239629721
239795930
239962140
240128349
240294558
240460768
240626977
240793187
240970477
241136687
241302896
241469105
241635315
241801525
241967734
242133943
242300153
242466362
242632572
242798781
242964991
243131200
243297410
243463619
243629829
243796038
243962247
244128457
244294667
244460876
244627085
244793295
244970585
245136794
245303004
245469213
245635423
245801632
245967842
246134051
246300261
246466470
246632680
246798889
246965099
247131308
247297517
247463727
247629936
247796146
247962356
248128565
248294774
248460984
248627193
248793403
248959612
249136902
249303111
249469321
249635530
249801740
249967949
250134159
250300368
250466578
250632787
250798997
250965206
251131415
251297625
251463834
251630044
251796253
251962463
252128672
252294882
252461091
252627301
252793511
252959720
253137010
253303219
253469429
253635638
253801848
253968057
254134267
254300476
254466686
254632895
254799105
254965314
255131523
255297733
255463942
255630152
255796361
255962571
256128780
256294990
256461199
256627408
256793618
256959828
257137118
257303327
257469537
257635747
257801956
257968165
258134376
258300585
258466793
258633003
258799212
258965422
259131633
259297841
259464051
259630259
259796470
259962679
260128890
260295098
260461308
260627517
260793726
260959935
261137226
261303435
261469644
261635854
261802063
261968273
262134482
262300692
262466901
262633110
262799320
262965529
263131739
263297948
263464158
263630367
263796577
263962786
264128996
264295205
264461414
264627624
264793833
264960043
265137333
265303543
265469752
265635962
265802171
265968381
266134590
266300799
266467009
266633218
266799428
266965637
267131847
267298056
267464266
267630475
267796685
267962894
268129104
268295313
268461522
268627732
268793941
268960151
269137441
269303651
269469860
269636069
269802279
269968488
270134698
270300907
270467117
270633326
270799536
270965745
271131955
271298165
271464374
271630583
271796792
271963002
272129211
272295421
272461630
272627840
272794049
272960259
273137549
273303759
273469967
273636177
273802386
273968596
274134805
274301015
274467224
274633434
274799643
274965853
275132062
275298272
275464481
275630690
275796900
275963109
276129319
276295529
276461738
276627947
276794157
276960366
277126576
277303866
277470076
277636285
277802494
277968704
278134913
278301123
278467332
278633542
278799751
278965961
279132170
279298380
279464589
279630799
279797008
279963217
280129427
280295636
280461846
280628055
280794265
280960474
281126684
281303974
281470183
281636393
281802602
281968812
282135021
282301231
282467440
282633650
282799859
282966068
283132278
283298487
283464697
283630906
283797116
283963325
284129535
284295744
284461954
284628163
284794373
284960582
285126791
285304081
285470291
285636500
285802710
285968919
286135129
286301338
286467548
286633757
286799967
286966176
287132386
287298595
287464805
287631014
287797223
287963433
288129642
288295852
288462061
288628271
288794480
288960690
289126899
289304190
289470399
289636608
289802818
289969027
290135237
290301446
290467656
290633865
290800075
290966284
291132493
291298703
291464913
291631122
291797331
291963541
292129750
292295960
292462169
292628378
292794588
292960798
293127007
293304297
293470507
293636717
293802926
293969135
294135345
294301554
294467763
294633973
294800182
294966392
295132601
295298811
295465020
295631230
295797439
295963649
296129858
296296068
296462277
296628487
296794696
296960905
297127115
297304405
297470614
297636824
297803033
297969243
298135452
298301662
298467871
298634081
298800290
298966500
299132709
299298918
299465128
299631337
299797547
299963756
300129966
300296175
300462384
300628595
300794803
300961013
301127222
301304513
301470722
301636932
301803141
301969351
302135560
302301770
302467979
302634189
302800398
302966607
303132817
303299026
303465236
303631445
303797655
303963864
304130074
304296283
304462493
304628702
304794911
304961121
305127330
305293540
305470830
305637039
305803249
305969458
306135668
306301877
306468087
306634296
306800506
306966715
307132925
307299134
307465344
307631553
307797763
307963972
308130181
308296391
308462600
308628810
308795020
308961229
309127438
309293648
309470938
309637147
309803357
309969566
310135775
310301985
310468194
310634404
310800614
310966823
311133032
311299242
311465451
311631661
311797870
311964080
312130289
312296498
312462708
312628917
312795127
312961337
313127546
313293755
313471045
313637255
313803465
313969674
314135883
314302093
314468302
314634512
314800721
314966931
315133140
315299350
315465559
315631768
315797978
315964188
316130397
316296607
316462816
316629026
316795235
316961444
317127654
317293863
317471154
317637363
317803573
317969783
318135992
318302201
318468411
318634620
318800829
318967040
319133248
319299458
319465667
319631877
319798086
319964297
320130505
320296714
320462924
320629134
320795343
320961554
321127761
321293971
321471261
321637470
321803680
321969890
322136099
322302308
322468518
322634727
322800937
322967147
323133356
323299565
323465775
323631984
323798194
323964404
324130613
324296822
324463031
324629241
324795450
324961661
325127869
325294079
325471369
325637578
325803788
325969997
326136207
326302416
326468626
326634835
326801045
326967254
327133464
327299673
327465883
327632092
327798301
327964511
328130721
328296930
328463140
328629349
328795558
328961768
329127977
329294187
329471477
329637686
329803896
329970105
330136316
330302524
330468734
330634943
330801152
330967362
331133572
331299781
331465991
331632200
331798409
331964619
332130829
332297038
332463247
332629457
332795666
332961876
333128085
333294295
333460504
333637794
333804004
333970213
334136423
334302632
334468841
334635051
334801260
334967470
335133679
335299889
335466098
335632308
335798517
335964727
336130936
336297145
336463355
336629564
336795774
336961984
337128193
337294402
337460612
337637902
337804111
337970321
338136530
338302740
338468949
338635159
338801368
338967578
339133787
339299997
339466206
339632415
339798625
339964834
340131044
340297253
340463463
340629672
340795882
340962092
341128301
341294510
341460720
341638010
341804219
341970429
342136638
342302848
342469057
342635266
342801476
342967685
343133895
343300105
343466314
343632524
343798733
343964942
344131152
344297362
344463571
344629780
344795990
344962199
345128409
345294618
345460827
345638118
345804327
345970536
346136746
346302955
346469165
346635374
346801584
346967793
347134003
347300212
347466422
347632631
347798841
347965050
348131259
348297469
348463678
348629888
348796098
348962307
349128516
349294726
349460935
349638226
349804435
349970645
350136854
350303063
350469273
350635482
350801692
350967901
351134111
351300320
351466530
351632739
351798949
351965158
352131368
352297577
352463787
352629996
352796206
352962415
353128624
353294834
353461043
353638333
353804543
353970752
354136962
354303171
354469381
354635590
354801800
354968009
355134219
355300428
355466638
355632847
355799056
355965266
356131475
356297685
356463894
356630104
356796313
356962523
357128732
357294942
357461151
357638441
357804651
357970860
358137070
358303279
358469489
358635698
358801907
358968117
359134327
359300536
359466746
359632955
359799164
359965374
360131583
360297792
360464003
360630211
360796421
360962631
361128840
361295050
361461259
361627468
361804759
361970968
362137178
362303387
362469596
362635806
362802016
362968225
363134434
363300644
363466853
363633063
363799272
363965482
364131691
364297900
364464110
364630320
364796529
364962738
365128948
365295157
365461367
365627576
365804866
365971076
366137286
366303495
366469704
366635914
366802123
366968333
367134542
367300752
367466961
367633171
367799380
367965589
368131799
368298008
368464218
368630427
368796637
368962846
369129056
369295265
369461475
369627685
369804974
369971183
370137393
370303603
370469812
370636022
370802231
370968440
371134650
371300859
371467069
371633279
371799488
371965697
372131907
372298116
372464326
372630535
372796745
372962954
373129163
373295373
373461582
373627792
373805082
373971292
374137501
374303711
374469920
374636129
374802339
374968548
375134758
375300967
375467177
375633386
375799596
375965805
376132015
376298224
376464434
376630643
376796852
376963062
377129271
377295481
377461690
377627900
377805192
377971400
378137609
378303819
378470028
378636237
378802449
378968657
379134866
379301075
379467285
379633494
379799705
379965913
380132123
380298334
380464542
380630751
380796962
380963170
381129379
381295589
381461799
381628009
381805298
381971507
382137717
382303926
382470135
382636345
382802555
382968764
383134973
383301183
383467392
383633602
383799812
383966021
384132230
384298440
384464649
384630859
384797068
384963277
385129487
385295696
385461906
385628116
385794326
385971615
386137825
386304034
386470243
386636453
386802662
386968872
387135081
387301291
387467500
387633710
387799919
387966129
388132338
388298548
388464757
388630967
388797176
388963386
389129595
389295804
389462014
389628223
389794433
389971723
390137933
390304142
390470351
390636561
390802770
390968980
391135189
391301399
391467608
391633818
391800027
391966237
392132446
392298655
392464865
392631074
392797284
392963494
393129703
393295912
393462122
393628332
393794541
393971831
394138040
394304250
394470459
394636668
394802878
394969088
395135297
395301506
395467716
395633925
395800135
395966344
396132554
396298763
396464973
396631182
396797392
396963601
397129810
397296020
397462229
397628439
397794648
397971938
398138148
398304358
398470567
398636776
398802986
398969195
399135405
399301614
399467824
399634033
399800243
399966452
400132662
400298871
400465081
400631290
400797499
400963709
401129918
401296128
401462338
401628547
401794756
401972046
402138257
402304465
402470675
402636884
402803094
402969303
403135513
403301722
403467932
403634141
403800351
403966560
404132770
404298979
404465188
404631398
404797607
404963817
405130026
405296236
405462445
405628655
405794864
405972154
406138364
406304573
406470782
406636992
406803202
406969411
407135620
407301830
407468039
407634249
407800458
407966668
408132877
408299087
408465296
408631506
408797715
408963925
409130134
409296343
409462553
409628762
409794972
409972262
410138472
410304681
410470890
410637100
410803310
410969519
411135728
411301938
411468148
411634357
411800566
411966776
412132985
412299195
412465404
412631613
412797823
412964032
413130242
413296451
413462661
413628870
413795080
413961289
414138580
414304789
414470998
414637208
414803417
414969627
415135836
415302046
415468255
415634465
415800674
415966884
416133093
416299303
416465512
416631721
416797931
416964140
417130350
417296559
417462769
417628978
417795188
417961397
418138687
418304897
418471106
418637315
418803525
418969734
419135944
419302153
419468363
419634572
419800782
419966991
420133201
420299411
420465620
420631829
420798039
420964248
421130458
421296667
421462876
421629086
421795295
421961505
422138795
422305005
422471214
422637424
422803633
422969843
423136052
423302262
423468471
423634681
423800890
423967099
424133309
424299518
424465728
424631937
424798147
424964356
425130566
425296775
425462985
425629194
425795404
425961613
426138904
426305113
426471322
426637531
426803741
426969950
427136160
427302369
427468579
427634788
427800998
427967207
428133417
428299626
428465836
428632045
428798255
428964464
429130674
429296883
429463093
429629302
429795512
429961721
430139011
430305220
430471430
430637639
430803849
430970058
431136268
431302477
431468688
431634896
431801106
431967315
432133525
432299734
432465944
432632153
432798362
432964572
433130781
433296991
433463201
433629410
433795619
433961829
434139119
434305328
434471538
434637747
434803957
434970166
435136376
435302585
435468795
435635004
435801214
435967423
436133633
436299842
436466051
436632261
436798470
436964680
437130889
437297099
437463308
437629518
437795727
437961937
438139229
438305436
438471646
438637856
438804065
438970274
439136484
439302693
439468903
439635114
439801322
439967531
440133741
440299950
440466160
440632371
440798579
440964788
441130998
441297207
441463417
441629626
441795835
441962045
442128254
442305544
442471754
442637963
442804172
442970382
443136591
443302801
443469011
443635220
443801429
443967639
444133848
444300058
444466267
444632477
444798686
444964895
445131105
445297314
445463524
445629735
445795943
445962153
446128362
446305652
446471862
446638071
446804281
446970490
447136699
447302909
447469119
447635328
447801538
447967747
448133957
448300166
448466375
448632585
448798794
448965004
449131213
449297423
449463632
449629842
449796051
449962260
450128470
450305760
450471969
450638179
450804389
450970598
451136808
451303017
451469227
451635436
451801645
451967855
452134064
452300274
452466483
452632693
452798902
452965111
453131321
453297530
453463740
453629950
453796159
453962369
454128578
454305868
454472077
454638287
454804497
454970706
455136915
455303125
455469334
455635544
455801753
455967963
456134172
456300382
456466591
456632800
456799010
456965220
457131429
457297638
457463848
457630057
457796267
457962476
458128686
458305976
458472185
458638395
458804605
458970814
459137023
459303233
459469443
459635652
459801861
459968071
460134281
460300490
460466699
460632909
460799118
460965327
461131537
461297747
461463956
461630165
461796375
461962584
462128794
462306084
462472293
462638503
462804712
462970922
463137131
463303341
463469550
463635760
463801969
463968179
464134388
464300598
464466807
464633017
464799226
464965436
465131645
465297854
465464064
465630273
465796483
465962693
466128902
466306192
466472401
466638611
466804820
466971030
467137239
467303449
467469658
467635868
467802077
467968287
468134496
468300705
468466915
468633124
468799334
468965544
469131753
469297962
469464172
469630381
469796591
469962800
470129010
470295219
470472509
470638720
470804928
470971138
471137347
471303557
471469766
471635976
471802185
471968394
472134604
472300814
472467023
472633233
472799442
472965651
473131861
473298070
473464280
473630489
473796699
473962908
474129118
474295327
474472617
474638827
474805036
474971246
475137455
475303665
475469874
475636084
475802293
475968503
476134712
476300922
476467131
476633341
476799550
476965760
477131969
477298178
477464388
477630597
477796807
477963016
478129227
478295435
478472725
478638935
478805144
478971354
479137563
479303773
479469982
479636191
479802401
479968611
480134820
480301029
480467239
480633449
480799658
480965867
481132077
481298286
481464496
481630705
481796915
481963124
482129334
482295543
482472833
482639043
482805252
482971462
483137671
483303881
483470090
483636299
483802509
483968719
484134928
484301138
484467347
484633556
484799766
484965975
485132185
485298395
485464604
485630813
485797023
485963232
486129442
486295651
486472941
486639151
486805360
486971570
487137779
487303989
487470198
487636408
487802617
487968827
488135036
488301246
488467455
488633665
488799874
488966083
489132293
489298503
489464712
489630921
489797131
489963340
490129550
490295759
490473049
490639258
490805468
490971677
491137887
491304097
491470306
491636515
491802725
491968935
492135144
492301354
492467563
492633772
492799982
492966191
493132401
493298610
493464819
493631029
493797239
493963448
494129657
494295867
494473157
494639367
494805576
494971786
495137995
495304204
495470414
495636623
495802833
495969043
496135252
496301461
496467671
496633880
496800090
496966299
497132509
497298718
497464928
497631137
497797347
497963556
498129766
498295975
498462184
498639477
498805685
498971894
499138103
499304313
499470524
499636732
499802941
499969153
500135360
500301570
500467780
500633988
500800198
500966408
501132617
501298827
501465036
501631245
501797455
501963665
502129874
502296083
502462295
502639582
502805792
502972001
503138211
503304420
503470631
503636840
503803049
503969258
504135468
504301678
504467887
504634096
504800306
504966515
505132724
505298934
505465144
505631353
505797562
505963772
506129982
506296191
506462401
506639691
506805900
506972109
507138319
507304529
507470738
507636948
507803157
507969367
508135576
508301785
508467995
508634204
508800414
508966623
509132833
509299043
509465252
509631461
509797671
509963880
510130090
510296299
510462509
510639800
510806008
510972218
511138427
511304637
511470846
511637056
511803265
511969475
512135684
512301893
512468103
512634312
512800522
512966731
513132941
513299151
513465360
513631569
513797779
513963988
514130198
514296407
514462616
514639907
514806116
514972325
515138535
515304744
515470954
515637164
515803373
515969582
516135792
516302001
516468211
516634420
516800630
516966839
517133049
517299258
517465468
517631677
517797886
517964096
518130306
518296515
518462725
518640015
518806224
518972434
519138643
519304853
519471062
519637271
519803481
519969690
520135900
520302109
520468319
520634528
520800738
520966947
521133157
521299366
521465576
521631785
521797995
521964204
522130414
522296623
522462833
522640123
522806332
522972541
523138751
523304961
523471170
523637380
523803589
523969798
524136008
524302217
524468427
524634636
524800846
524967055
525133265
525299474
525465684
525631893
525798103
525964312
526130522
526296731
526462941
526629151
526806440
526972649
527138859
527305069
527471278
527637487
527803697
527969906
528136116
528302325
528468535
528634745
528800954
528967163
529133373
529299582
529465792
529632001
529798211
529964420
530130629
530296839
530463048
530629258
530806548
530972758
531138967
531305176
531471386
531637596
531803805
531970014
532136224
532302433
532468643
532634852
532801062
532967271
533133481
533299690
533465900
533632109
533798319
533964528
534130738
534296947
534463157
534629366
534806656
534972866
535139075
535305285
535471494
535637704
535803913
535970123
536136332
536302542
536468751
536634961
536801170
536967379
537133589
537299798
537466008
537632217
537798427
537964637
538130846
538297055
538463265
538629475
538806764
538972974
539139184
539305392
539471602
539637811
539804021
539970231
540136440
540302649
540468859
540635068
540801278
540967487
541133697
541299906
541466116
541632325
541798535
541964745
542130954
542297163
542463373
542629582
542806872
542973082
543139292
543305501
543471710
543637920
543804129
543970339
544136548
544302758
544468967
544635177
544801386
544967595
545133805
545300015
545466224
545632433
545798643
545964852
546131062
546297271
546463481
546629690
546806980
546973190
547139399
547305609
547471818
547638028
547804237
547970447
548136656
548302866
548469075
548635285
548801494
548967703
549133913
549300122
549466332
549632541
549798751
549964960
550131170
550297379
550463589
550629799
550807088
550973298
551139508
551305717
551471926
551638136
551804345
551970555
552136764
552302974
552469183
552635392
552801602
552967811
553134021
553300230
553466440
553632649
553798859
553965068
554131278
554297487
554463697
554629906
554796116
554973406
555139616
555305825
555472034
555638244
555804454
555970663
556136872
556303082
556469291
556635501
556801710
556967919
557134129
557300339
557466548
557632758
557798967
557965176
558131386
558297595
558463805
558630014
558796224
558973514
559139725
559305935
559472143
559638352
559804562
559970771
560136980
560303191
560469400
560635609
560801818
560968028
561134238
561300447
561466656
561632866
561799076
561965285
562131494
562297704
562463913
562630123
562796332
562973622
563139831
563306041
563472250
563638460
563804669
563970879
564137088
564303298
564469507
564635716
564801926
564968136
565134345
565300555
565466764
565632973
565799183
565965392
566131602
566297811
566464021
566630230
566796440
566973730
567139940
567306149
567472358
567638568
567804777
567970987
568137196
568303406
568469615
568635825
568802034
568968244
569134454
569300663
569466872
569633082
569799291
569965501
570131710
570297919
570464129
570630339
570796548
570973838
571140048
571306257
571472467
571638676
571804885
571971095
572137305
572303514
572469725
572635933
572802142
572968352
573134561
573300771
573466981
573633190
573799400
573965609
574131818
574298028
574464237
574630447
574796656
574973946
575140156
575306365
575472575
575638784
575804994
575971203
576137412
576303622
576469832
576636041
576802250
576968460
577134669
577300879
577467088
577633297
577799507
577965717
578131926
578298135
578464345
578630555
578796764
578974054
579140264
579306473
579472683
579638892
579805102
579971311
580137520
580303730
580469940
580636149
580802358
580968568
581134778
581300987
581467196
581633406
581799616
581965825
582132034
582298244
582464453
582630663
582796872
582963082
583140372
583306581
583472791
583639000
583805210
583971419
584137629
584303838
584470048
584636257
584802466
584968676
585134886
585301095
585467304
585633514
585799724
585965933
586132142
586298352
586464562
586630771
586796980
586963190
587140480
587306689
587472899
587639109
587805318
587971527
588137737
588303946
588470156
588636365
588802574
588968784
589134994
589301203
589467412
589633622
589799832
589966041
590132250
590298460
590464669
590630879
590797088
590963298
591140588
591306797
591473007
591639217
591805426
591971635
592137845
592304054
592470264
592636473
592802682
592968892
593135102
593301311
593467521
593633730
593799940
593966149
594132358
594298568
594464777
594630987
594797196
594963406
595140696
595306905
595473115
595639325
595805534
595971743
596137953
596304162
596470372
596636581
596802791
596969000
597135210
597301419
597467629
597633838
597800048
597966257
598132466
598298676
598464886
598631095
598797305
598963514
599140804
599307013
599473223
599639433
599805642
599971851
600138061
600304271
600470480
600636689
600802899
600969109
601135318
601301527
601467737
601633946
601800156
601966365
602132574
602298784
602464994
602631203
602797413
602963622
603140912
603307122
603473331
603639541
603805750
603971960
604138169
604304379
604470588
604636797
604803007
604969217
605135426
605301635
605467845
605634054
605800264
605966473
606132683
606298892
606465102
606631311
606797521
606963730
607141020
607307230
607473439
607639649
607805858
607972068
608138277
608304487
608470696
608636906
608803115
608969325
609135534
609301743
609467953
609634163
609800372
609966582
610132791
610299000
610465210
610631419
610797629
610963838
611130048
611307338
611473547
611639757
611805966
611972176
612138385
612304595
612470804
612637013
612803223
612969433
613135642
613301851
613468061
613634270
613800480
613966689
614132899
614299108
614465318
614631527
614797737
614963946
615130156
615307446
615473656
615639865
615806074
615972284
616138493
616304703
616470912
616637122
616803331
616969541
617135750
617301959
617468169
617634379
617800588
617966798
618133007
618299216
618465426
618631635
618797845
618964054
619130264
619307554
619473763
619639975
619806183
619972392
620138603
620304811
620471021
620637230
620803440
620969649
621135859
621302068
621468277
621634487
621800696
621966906
622133117
622299325
622465534
622631744
622797953
622964163
623130373
623307662
623473872
623640081
623806290
623972500
624138710
624304919
624471128
624637338
624803547
624969757
625135967
625302176
625468385
625634595
625800804
625967014
626133223
626299432
626465642
626631852
626798061
626964270
627130481
627307770
627473980
627640189
627806398
627972608
628138817
628305027
628471237
628637446
628803656
628969865
629136074
629302284
629468493
629634703
629800912
629967122
630133331
630299541
630465750
630631960
630798169
630964379
631130588
631307878
631474088
631640297
631806507
631972716
632138926
632305136
632471345
632637554
632803764
632969974
633136183
633302392
633468601
633634811
633801020
633967230
634133439
634299649
634465859
634632068
634798277
634964487
635130696
635296906
635474196
635640405
635806615
635972824
636139034
636305243
636471453
636637662
636803872
636970081
637136291
637302500
637468709
637634919
637801129
637967338
638133548
638299757
638465967
638632176
638798385
638964595
639130804
639297014
639474304
639640513
639806723
639972933
640139142
640305351
640471561
640637770
640803980
640970189
641136399
641302608
641468818
641635027
641801237
641967446
642133656
642299866
642466075
642632284
642798493
642964703
643130913
643297122
643474412
643640622
643806831
643973040
644139250
644305459
644471669
644637879
644804088
644970298
645136507
645302716
645468926
645635135
645801345
645967554
646133764
646299974
646466183
646632392
646798602
646964811
647131021
647297230
647474520
647640730
647806939
647973149
648139358
648305568
648471777
648637987
648804196
648970406
649136615
649302824
649469034
649635244
649801453
649967662
650133872
650300081
650466291
650632500
650798710
650964919
651131129
651297338
651474628
651640838
651807047
651973257
652139466
652305676
652471885
652638095
652804304
652970514
653136723
653302933
653469142
653635352
653801561
653967770
654133980
654300190
654466399
654632609
654798818
654965028
655131237
655297446
655474737
655640946
655807156
655973365
656139575
656305784
656471993
656638203
656804412
656970622
657136831
657303041
657469250
657635461
657801669
657967879
658134088
658300298
658466507
658632717
658798926
658965136
659131345
659297555
659474845
659641055
659807264
659973473
660139683
660305892
660472101
660638311
660804521
660970730
661136939
661303149
661469359
661635568
661801777
661967987
662134197
662300406
662466615
662632825
662799034
662965244
663131453
663297662
663463872
663641162
663807372
663973581
664139791
664306000
664472210
664638419
664804629
664970838
665137048
665303257
665469467
665635676
665801885
665968095
666134305
666300514
666466723
666632933
666799143
666965352
667131561
667297771
667463980
667641270
667807480
667973690
668139899
668306108
668472318
668638527
668804737
668970946
669137156
669303365
669469575
669635784
669801994
669968203
670134413
670300622
670466832
670633041
670799251
670965460
671131670
671297879
671464089
671641378
671807588
671973798
672140007
672306216
672472426
672638636
672804845
672971054
673137264
673303473
673469683
673635892
673802102
673968311
674134521
674300730
674466940
674633149
674799359
674965568
675131777
675297987
675464196
675641487
675807696
675973906
676140115
676306325
676472534
676638744
676804953
676971163
677137372
677303582
677469791
677636001
677802210
677968419
678134629
678300839
678467048
678633257
678799467
678965677
679131886
679298095
679464305
679641595
679807804
679974016
680140224
680306433
680472643
680638852
680805061
680971271
681137481
681303690
681469899
681636109
681802318
681968529
682134737
682300949
682467156
682633365
682799575
682965786
683131994
683298203
683464413
683641703
683807913
683974123
684140332
684306541
684472750
684638960
684805169
684971379
685137588
685303798
685470007
685636216
685802426
685968636
686134845
686301055
686467264
686633473
686799683
686965893
687132102
687298311
687464521
687641811
687808021
687974230
688140440
688306649
688472858
688639068
688805278
688971487
689137697
689303906
689470116
689636325
689802534
689968744
690134953
690301163
690467372
690633582
690799791
690966001
691132210
691298420
691464629
691630839
691808129
691974338
692140549
692306757
692472967
692639176
692805386
692971595
693137805
693304014
693470224
693636433
693802643
693968852
694135062
694301271
694467481
694633690
694799900
694966109
695132318
695298528
695464737
695630947
695808237
695974446
696140656
696306865
696473075
696639284
696805495
696971703
697137913
697304122
697470332
697636541
697802751
697968960
698135170
698301379
698467589
698633798
698800008
698966217
699132427
699298636
699464845
699631055
699808345
699974555
700140764
700306973
700473183
700639393
700805602
700971812
701138021
701304231
701470440
701636649
701802859
701969068
702135278
702301487
702467697
702633906
702800116
702966325
703132535
703298744
703464954
703631163
703808453
703974663
704140872
704307082
704473291
704639501
704805710
704971920
705138129
705304339
705470549
705636758
705802967
705969176
706135386
706301596
706467805
706634014
706800224
706966433
707132643
707298853
707465062
707631271
707808561
707974771
708140980
708307190
708473399
708639609
708805818
708972028
709138237
709304447
709470656
709636866
709803075
709969285
710135494
710301704
710467913
710634122
710800332
710966542
711132751
711298961
711465170
711631379
711808670
711974879
712141089
712307298
712473507
712639717
712805927
712972136
713138346
713304555
713470764
713636974
713803183
713969393
714135602
714301812
714468021
714634231
714800440
714966650
715132859
715299069
715465278
715631488
715808778
715974988
716141197
716307406
716473616
716639825
716806035
716972244
717138454
717304663
717470873
717637082
717803292
717969501
718135711
718301920
718468131
718634339
718800549
718966758
719132968
719299177
719465386
719631596
719797805
719975096
720141305
720307514
720473724
720639934
720806143
720972352
721138562
721304772
721470981
721637190
721803400
721969609
722135819
722302028
722468238
722634447
722800656
722966866
723133076
723299285
723465495
723631704
723797913
723975204
724141413
724307623
724473832
724640042
724806251
724972460
725138670
725304880
725471089
725637299
725803508
725969717
726135927
726302137
726468346
726634556
726800765
726966974
727133184
727299393
727465603
727631812
727798022
727975312
728141521
728307731
728473940
728640150
728806359
728972569
729138778
729304988
729471197
729637407
729803616
729969826
730136035
730302245
730468454
730634664
730800873
730967083
731133292
731299501
731465711
731631921
731798130
731975420
732141629
732307839
732474049
732640258
732806467
732972677
733138887
733305096
733471305
733637515
733803724
733969934
734136143
734302353
734468562
734634772
734800981
734967191
735133400
735299610
735465819
735632029
735798238
735975528
736141738
736307947
736474157
736640367
736806576
736972785
737138995
737305204
737471414
737637623
737803833
737970042
738136251
738302461
738468670
738634880
738801089
738967299
739133508
739299718
739465927
739632137
739798346
739975637
740141846
740308056
740474265
740640476
740806684
740972894
741139103
741305313
741471522
741637732
741803943
741970150
742136360
742302569
742468779
742634988
742801200
742967407
743133617
743299826
743466036
743632245
743798456
743975744
744141954
744308164
744474373
744640583
744806793
744973001
745139211
745305421
745471630
745637839
745804049
745970259
746136468
746302677
746468887
746635096
746801307
746967515
747133725
747299934
747466143
747632353
747798563
747964772
748142062
748308272
748474481
748640691
748806900
748973110
749139319
749305529
749471738
749637948
749804157
749970367
750136576
750302786
750468995
750635205
750801414
750967624
751133833
751300043
751466252
751632461
751798671
751964880
752142170
752308380
752474589
752640799
752807009
752973218
753139427
753305637
753471846
753638056
753804265
753970476
754136684
754302894
754469103
754635313
754801522
754967732
755133941
755300151
755466360
755632570
755798779
755964989
756142279
756308488
756474697
756640907
756807117
756973326
757139535
757305745
757471954
757638164
757804373
757970584
758136792
758303002
758469211
758635421
758801630
758967840
759134049
759300259
759466468
759632678
759798887
759965097
760142387
760308596
760474806
760641015
760807225
760973434
761139644
761305853
761472063
761638272
761804482
761970692
762136901
762303110
762469320
762635529
762801738
762967948
763134157
763300367
763466576
763632786
763798996
763965205
764142495
764308705
764474914
764641124
764807333
764973542
765139752
765305962
765472171
765638380
765804590
765970800
766137009
766303218
766469428
766635638
766801847
766968056
767134266
767300476
767466685
767632894
767799104
767965313
768142603
768308813
768475022
768641232
768807441
768973650
769139860
769306070
769472279
769638488
769804698
769970908
770137117
770303326
770469536
770635746
770801955
770968164
771134374
771300584
771466793
771633002
771799212
771965422
772142711
772308921
772475130
772641340
772807549
772973759
773139968
773306178
773472387
773638597
773804806
773971016
774137225
774303435
774469644
774635854
774802063
774968273
775134482
775300692
775466901
775633111
775799320
775965530
776131739
776309029
776475239
776641448
776807658
776973867
777140077
777306286
777472496
777638705
777804914
777971124
778137334
778303543
778469752
778635962
778802171
778968381
779134590
779300801
779467009
779633219
779799428
779965639
780131847
780309137
780475347
780641556
780807766
780973975
781140185
781306395
781472604
781638813
781805023
781971232
782137442
782303651
782469861
782636070
782802280
782968489
783134699
783300908
783467118
783633327
783799537
783965746
784131955
784309246
784475455
784641665
784807874
784974083
785140293
785306502
785472712
785638921
785805131
785971340
786137550
786303760
786469969
786636178
786802388
786968597
787134807
787301017
787467226
787633435
787799645
787965854
788132064
788309354
788475563
788641773
788807982
788974192
789140402
789306611
789472822
789639030
789805239
789971449
790137658
790303868
790470077
790636287
790802496
790968706
791134915
791301125
791467334
791633544
791799753
791965963
792132172
792309462
792475672
792641881
792808090
792974300
793140509
793306719
793472929
793639138
793805347
793971557
794137766
794303976
794470185
794636395
794802604
794968814
795135023
795301233
795467442
795633652
795799861
795966071
796132280
796309570
796475780
796641989
796808199
796974408
797140618
797306827
797473037
797639246
797805455
797971665
798137875
798304084
798470293
798636503
798802712
798968922
799135132
799301341
799467550
799633760
799799970
799966179
800132388
800309679
800475888
800642098
800808307
800974517
801140726
801306936
801473145
801639355
801805564
801971776
802137983
802304192
802470402
802636613
802802821
802969031
803135240
803301451
803467659
803633870
803800078
803966287
804132497
804298706
804475996
804642206
804808415
804974624
805140834
805307043
805473253
805639463
805805672
805971881
806138091
806304300
806470510
806636720
806802929
806969138
807135348
807301557
807467767
807633977
807800186
807966395
808132605
808298814
808476105
808642314
808808524
808974733
809140943
809307152
809473361
809639571
809805780
809971990
810138199
810304409
810470618
810636828
810803037
810969247
811135456
811301666
811467875
811634085
811800294
811966504
812132713
812298923
812476213
812642422
812808632
812974841
813141051
813307260
813473470
813639679
813805889
813972098
814138308
814304517
814470726
814636936
814803146
814969355
815135565
815301774
815467984
815634193
815800403
815966612
816132821
816299031
816476321
816642531
816808740
816974949
817141159
817307368
817473578
817639787
817805997
817972206
818138416
818304625
818470835
818637044
818803254
818969463
819135673
819301882
819468092
819634301
819800511
819966720
820132930
820299139
820476429
820642639
820808848
820975058
821141267
821307477
821473686
821639896
821806105
821972315
822138524
822304734
822470943
822637153
822803362
822969571
823135781
823301990
823468200
823634409
823800619
823966829
824133038
824299247
824476538
824642747
824808957
824975166
825141375
825307585
825473794
825640004
825806213
825972423
826138632
826304842
826471051
826637261
826803471
826969680
827135889
827302099
827468308
827634518
827800727
827966937
828133147
828299356
828465565
828642855
828809065
828975274
829141484
829307693
829473903
829640112
829806322
829972531
830138741
830304950
830471160
830637369
830803579
830969788
831135998
831302207
831468416
831634626
831800836
831967045
832133254
832299464
832465673
832642963
832809173
832975383
833141592
833307802
833474011
833640220
833806430
833972640
834138849
834305058
834471268
834637477
834803687
834969896
835136106
835302315
835468525
835634734
835800944
835967153
836133363
836299572
836465782
836643072
836809281
836975491
837141700
837307910
837474119
837640329
837806538
837972748
838138957
838305167
838471376
838637586
838803795
838970005
839136214
839302424
839468633
839634843
839801052
839967262
840133472
840299681
840465890
840643180
840809390
840975599
841141809
841308018
841474228
841640437
841806646
841972856
842139066
842305275
842471484
842637694
842803904
842970113
843136323
843302532
843468741
843634951
843801160
843967370
844133579
844299789
844465998
844643288
844809498
844975707
845141917
845308126
845474336
845640545
845806755
845972964
846139174
846305383
846471593
846637802
846804012
846970221
847136431
847302640
847468850
847635059
847801268
847967478
848133687
848299897
848466107
848643397
848809606
848975816
849142025
849308235
849474444
849640654
849806863
849973073
850139282
850305492
850471701
850637911
850804120
850970330
851136539
851302748
851468958
851635168
851801377
851967586
852133796
852300005
852466215
852643505
852809715
852975924
853142133
853308343
853474552
853640762
853806971
853973181
854139390
854305600
854471809
854638019
854804228
854970437
855136647
855302857
855469066
855635276
855801485
855967695
856133904
856300114
856466323
856632532
856809823
856976032
857142242
857308451
857474660
857640870
857807080
857973289
858139498
858305708
858471917
858638127
858804337
858970546
859136756
859302965
859469174
859635384
859801594
859967803
860134012
860300222
860466431
860632641
860809931
860976141
861142350
861308560
861474771
861640979
861807189
861973397
862139607
862305816
862472026
862638235
862804445
862970654
863136864
863303073
863469283
863635492
863801702
863967911
864134121
864300330
864466540
864632749
864810039
864976249
865142458
865308668
865474877
865641086
865807296
865973506
866139715
866305924
866472134
866638344
866804553
866970762
867136972
867303182
867469391
867635600
867801810
867968019
868134229
868300438
868466648
868632857
868810148
868976357
869142567
869308776
869474985
869641195
869807404
869973614
870139823
870306033
870472242
870638452
870804661
870970871
871137080
871303290
871469499
871635709
871801918
871968128
872134337
872300547
872466756
872632966
872810256
872976465
873142675
873308885
873475094
873641305
873807513
873973723
874139932
874306141
874472351
874638561
874804770
874970979
875137189
875303398
875469608
875635819
875802027
875968236
876134446
876300655
876466865
876633076
876810364
876976573
877142783
877308992
877475202
877641412
877807621
877973830
878140040
878306249
878472459
878638669
878804878
878971087
879137297
879303506
879469716
879635926
879802135
879968344
880134554
880300763
880466973
880633182
880810472
880976682
881142891
881309101
881475310
881641520
881807729
881973939
882140148
882306358
882472567
882638777
882804987
882971196
883137405
883303615
883469824
883636034
883802243
883968453
884134662
884300872
884467081
884633291
884799500
884976790
885143000
885309209
885475419
885641628
885807838
885974047
886140257
886306466
886472675
886638885
886805094
886971304
887137514
887303723
887469933
887636142
887802352
887968561
888134770
888300980
888467189
888633399
888799608
888976899
889143108
889309317
889475527
889641737
889807946
889974155
890140365
890306574
890472784
890638993
890805203
890971412
891137622
891303831
891470041
891636250
891802460
891968669
892134879
892301088
892467298
892633507
892799717
892977007
893143216
893309426
893475635
893641845
893808054
893974264
894140473
894306683
894472892
894639102
894805311
894971520
895137730
895303940
895470149
895636359
895802568
895968777
896134987
896301196
896467406
896633615
896799825
896977115
897143325
897309534
897475744
897641953
897808163
897974372
898140581
898306791
898473001
898639210
898805420
898971629
899137838
899304048
899470258
899636467
899802676
899968886
900135095
900301305
900467514
900633724
900799934
900977223
901143433
901309642
901475852
901642061
901808271
901974480
902140690
902306899
902473109
902639318
902805528
902971737
903137947
903304156
903470366
903636575
903802785
903968994
904135203
904301413
904467623
904633832
904800042
904977332
905143541
905309751
905475960
905642170
905808379
905974588
906140798
906307007
906473217
906639427
906805636
906971846
907138055
907304265
907470474
907636684
907802893
907969102
908135312
908301522
908467731
908633940
908800150
908977440
909143650
909309859
909476069
909642278
909808488
909974697
910140907
910307116
910473325
910639535
910805744
910971954
911138163
911304373
911470582
911636792
911803001
911969211
912135420
912301630
912467839
912634049
912800258
912966468
913143758
913309967
913476177
913642386
913808596
913974805
914141015
914307224
914473434
914639643
914805852
914972062
915138272
915304481
915470691
915636900
915803109
915969318
916135528
916301737
916467947
916634156
916800366
916966575
917143865
917310075
917476285
917642495
917808704
917974913
918141123
918307333
918473542
918639751
918805961
918972171
919138380
919304589
919470799
919637008
919803218
919969427
920135637
920301846
920468056
920634265
920800475
920966685
921143974
921310184
921476393
921642603
921808812
921975022
922141232
922307441
922473650
922639860
922806069
922972279
923138488
923304698
923470907
923637116
923803326
923969536
924135745
924301955
924468164
924634374
924800583
924966793
925144083
925310292
925476502
925642711
925808921
925975130
926141340
926307549
926473759
926639968
926806177
926972387
927138597
927304806
927471015
927637225
927803434
927969644
928135853
928302063
928468272
928634482
928800691
928966901
929144191
929310400
929476610
929642819
929809029
929975238
930141448
930307657
930473867
930640076
930806285
930972495
931138705
931304914
931471124
931637333
931803543
931969752
932135962
932302171
932468380
932634590
932800800
932967009
933144299
933310509
933476720
933642928
933809137
933975347
934141556
934307766
934473977
934640185
934806394
934972604
935138813
935305023
935471234
935637441
935803651
935969860
936136070
936302281
936468491
936634699
936800908
936967118
937144407
937310617
937476827
937643036
937809245
937975455
938141664
938307874
938474084
938640293
938806502
938972712
939138921
939305131
939471340
939637550
939803759
939969968
940136178
940302388
940468597
940634806
940801016
940967226
941133435
941310725
941476935
941643144
941809354
941975563
942141773
942307982
942474192
942640401
942806611
942972820
943139029
943305239
943471448
943637658
943803867
943970077
944136286
944302496
944468705
944634915
944801124
944967334
945133543
945310833
945477043
945643253
945809462
945975671
946141881
946308090
946474300
946640509
946806719
946972928
947139138
947305347
947471557
947637766
947803976
947970185
948136395
948302604
948468814
948635023
948801232
948967442
949133652
949310942
949477151
949643361
949809570
949975780
950141989
950308199
950474408
950640618
950806827
950973036
951139246
951305455
951471665
951637875
951804084
951970293
952136503
952302712
952468922
952635132
952801341
952967551
953133760
953311050
953477259
953643469
953809678
953975888
954142097
954308307
954474517
954640726
954806935
954973145
955139354
955305564
955471773
955637983
955804192
955970402
956136611
956302821
956469030
956635240
956801449
956967659
957133868
957311158
957477368
957643577
957809787
957975996
958142206
958308415
958474625
958640834
958807044
958973253
959139463
959305672
959471882
959638091
959804301
959970510
960136720
960302929
960469139
960635348
960801558
960967767
961133977
961311267
961477476
961643686
961809895
961976105
962142314
962308524
962474733
962640943
962807152
962973361
963139571
963305781
963471990
963638200
963804409
963970619
964136828
964303037
964469247
964635457
964801666
964967876
965134085
965311375
965477585
965643794
965810004
965976213
966142422
966308632
966474841
966641051
966807261
966973470
967139680
967305889
967472098
967638308
967804517
967970726
968136936
968303145
968469355
968635564
968801774
968967983
969134193
969300402
969477692
969643902
969810111
969976321
970142530
970308740
970474949
970641159
970807368
970973578
971139787
971305997
971472206
971638415
971804625
971970834
972137044
972303253
972469464
972635673
972801883
972968092
973134302
973300511
973477801
973644011
973810220
973976430
974142639
974308848
974475058
974641268
974807477
974973687
975139896
975306106
975472315
975638524
975804734
975970943
976137153
976303362
976469572
976635781
976801991
976968200
977134410
977300619
977477910
977644119
977810328
977976538
978142747
978308957
978475166
978641376
978807585
978973795
979140004
979306214
979472423
979638633
979804842
979971052
980137261
980303471
980469680
980635890
980802099
980968309
981134518
981300728
981478018
981644227
981810437
981976647
982142856
982309065
982475274
982641484
982807693
982973903
983140113
983306322
983472532
983638741
983804950
983971160
984137370
984303579
984469789
984635998
984802207
984968417
985134626
985300836
985478126
985644335
985810545
985976755
986142964
986309173
986475383
986641592
986807802
986974011
987140221
987306430
987472640
987638849
987805059
987971268
988137478
988303687
988469897
988636106
988802316
988968525
989134735
989300944
989478234
989644444
989810653
989976863
990143072
990309281
990475491
990641701
990807911
990974120
991140329
991306539
991472748
991638958
991805167
991971377
992137586
992303795
992470005
992636215
992802424
992968634
993134843
993301053
993478343
993644552
993810762
993976971
994143181
994309390
994475600
994641809
994808019
994974228
995140437
995306647
995472856
995639066
995805275
995971485
996137695
996303904
996470113
996636323
996802532
996968742
997134951
997301161
997467370
997644660
997810870
997977079
998143289
998309499
998475708
998641917
998808127
998974336
999140546
999306755
999472965
999639175
999805384
999971593
1000137803
1000304012
1000470222
1000636431
1000802641
1000968850
1001135059
1001301269
1001467479
1001644769
1001810978
1001977188
1002143398
1002309607
1002475816
1002642026
1002808235
1002974445
1003140654
1003306864
1003473073
1003639283
1003805492
1003971702
1004137911
1004304121
1004470330
1004636540
1004802749
1004968959
1005135168
1005301378
1005467587
1005644878
1005811087
1005977296
1006143506
1006309715
1006475927
1006642135
1006808344
1006974554
1007140764
1007306972
1007473184
1007639391
1007805602
1007971811
1008138020
1008304229
1008470440
1008636648
1008802858
1008969067
1009135277
1009301486
1009467698
1009644985
1009811195
1009977405
1010143614
1010309824
1010476034
1010642243
1010808452
1010974661
1011140871
1011307081
1011473291
1011639499
1011805709
1011971919
1012138128
1012304337
1012470548
1012636757
1012802966
1012969175
1013135385
1013301594
1013467805
1013645094
1013811304
1013977513
1014143723
1014309932
1014476142
1014642351
1014808561
1014974770
1015140980
1015307189
1015473398
1015639608
1015805818
1015972027
1016138237
1016304446
1016470656
1016636865
1016803074
1016969284
1017135494
1017301703
1017467913
1017645203
1017811412
1017977622
1018143831
1018310041
1018476250
1018642460
1018808669
1018974878
1019141088
1019307298
1019473507
1019639717
1019805926
1019972136
1020138345
1020304555
1020470764
1020636974
1020803183
1020969393
1021135602
1021301811
1021468021
1021634231
1021811521
1021977730
1022143939
1022310149
1022476359
1022642568
1022808777
1022974987
1023141197
1023307406
1023473615
1023639825
1023806035
1023972244
1024138453
1024304663
1024470873
1024637082
1024803291
1024969501
1025135710
1025301920
1025468129
1025634339
1025811629
1025977839
1026144048
1026310257
1026476467
1026642676
1026808886
1026975095
1027141305
1027307514
1027473724
1027639933
1027806143
1027972352
1028138562
1028304771
1028470981
1028637190
1028803400
1028969609
1029135819
1029302028
1029468238
1029634447
1029811739
1029977947
1030144156
1030310366
1030476575
1030642785
1030808994
1030975204
1031141414
1031307623
1031473832
1031640042
1031806252
1031972461
1032138670
1032304880
1032471089
1032637299
1032803509
1032969718
1033135928
1033302137
1033468346
1033634556
1033811846
1033978055
1034144265
1034310474
1034476684
1034642893
1034809103
1034975312
1035141522
1035307731
1035473941
1035640150
1035806360
1035972569
1036138779
1036304988
1036471198
1036637407
1036803617
1036969826
1037136036
1037302245
1037468454
1037634664
1037811954
1037978164
1038144373
1038310583
1038476792
1038643002
1038809211
1038975421
1039141630
1039307840
1039474049
1039640259
1039806468
1039972678
1040138887
1040305097
1040471306
1040637516
1040803725
1040969935
1041136144
1041302354
1041468563
1041634773
1041812063
1041978272
1042144482
1042310691
1042476901
1042643110
1042809320
1042975529
1043141739
1043307948
1043474158
1043640367
1043806576
1043972786
1044138996
1044305205
1044471415
1044637624
1044803833
1044970043
1045136253
1045302462
1045468671
1045634881
1045812171
1045978381
1046144590
1046310799
1046477009
1046643218
1046809428
1046975637
1047141847
1047308056
1047474266
1047640476
1047806685
1047972895
1048139104
1048305313
1048471523
1048637732
1048803942
1048970151
1049136361
1049302570
1049468780
1049634989
1049801199
1049978489
1050144698
1050310908
1050477118
1050643327
1050809536
1050975746
1051141956
1051308165
1051474374
1051640584
1051806793
1051973003
1052139212
1052305422
1052471631
1052637841
1052804050
1052970260
1053136469
1053302679
1053468888
1053635098
1053801307
1053978597
1054144807
1054311016
1054477226
1054643435
1054809645
1054975854
1055142064
1055308273
1055474483
1055640692
1055806902
1055973111
1056139321
1056305530
1056471740
1056637949
1056804159
1056970368
1057136578
1057302787
1057468997
1057635206
1057801416
1057978706
1058144915
1058311124
1058477334
1058643544
1058809753
1058975962
1059142172
1059308382
1059474591
1059640800
1059807010
1059973220
1060139429
1060305638
1060471848
1060638057
1060804267
1060970476
1061136686
1061302896
1061469105
1061635314
1061801524
1061978814
1062145024
1062311233
1062477443
1062643652
1062809862
1062976071
1063142281
1063308490
1063474700
1063640909
1063807119
1063973328
1064139537
1064305747
1064471956
1064638166
1064804376
1064970585
1065136795
1065303004
1065469213
1065635423
1065801632
1065978923
1066145132
1066311343
1066477552
1066643761
1066809970
1066976180
1067142389
1067308600
1067474808
1067641018
1067807227
1067973437
1068139646
1068305857
1068472065
1068638275
1068804484
1068970694
1069136903
1069303114
1069469322
1069635531
1069801741
1069979031
1070145240
1070311450
1070477659
1070643869
1070810078
1070976288
1071142497
1071308708
1071474916
1071641126
1071807335
1071973545
1072139754
1072305964
1072472173
1072638383
1072804592
1072970802
1073137011
1073303221
1073469430
1073635640
1073801849
1073979139
1074145349
1074311558
1074477768
1074643977
1074810187
1074976396
1075142606
1075308815
1075475025
1075641234
1075807444
1075973653
1076139863
1076306072
1076472282
1076638491
1076804701
1076970910
1077137120
1077303329
1077469538
1077635748
1077801958
1077968167
1078145457
1078311667
1078477876
1078644086
1078810295
1078976505
1079142714
1079308924
1079475133
1079641343
1079807552
1079973762
1080139971
1080306181
1080472390
1080638600
1080804809
1080971018
1081137228
1081303437
1081469647
1081635856
1081802066
1081968276
1082145565
1082311775
1082477985
1082644194
1082810403
1082976613
1083142822
1083309032
1083475242
1083641451
1083807660
1083973870
1084140079
1084306289
1084472498
1084638708
1084804917
1084971127
1085137336
1085303546
1085469755
1085635965
1085802174
1085968384
1086145674
1086311883
1086478093
1086644303
1086810512
1086976721
1087142931
1087309141
1087475350
1087641559
1087807769
1087973979
1088140188
1088306398
1088472607
1088638816
1088805026
1088971235
1089137445
1089303654
1089469864
1089636073
1089802283
1089968492
1090145782
1090311992
1090478201
1090644412
1090810620
1090976830
1091143039
1091309249
1091475458
1091641668
1091807877
1091974087
1092140296
1092306506
1092472715
1092638925
1092805134
1092971344
1093137553
1093303763
1093469972
1093636182
1093802391
1093968601
1094145891
1094312100
1094478310
1094644520
1094810729
1094976938
1095143148
1095309357
1095475567
1095641776
1095807986
1095974195
1096140405
1096306614
1096472823
1096639033
1096805243
1096971452
1097137662
1097303871
1097470081
1097636290
1097802499
1097968709
1098145999
1098312209
1098478418
1098644628
1098810837
1098977047
1099143256
1099309466
1099475675
1099641885
1099808094
1099974304
1100140513
1100306722
1100472932
1100639141
1100805351
1100971561
1101137770
1101303979
1101470189
1101636398
1101802608
1101968818
1102146107
1102312317
1102478527
1102644736
1102810946
1102977155
1103143365
1103309574
1103475783
1103641993
1103808203
1103974412
1104140621
1104306831
1104473040
1104639250
1104805459
1104971669
1105137879
1105304088
1105470297
1105636507
1105802716
1105968926
1106135135
1106312425
1106478635
1106644845
1106811054
1106977263
1107143473
1107309683
1107475892
1107642101
1107808311
1107974521
1108140730
1108306939
1108473149
1108639358
1108805569
1108971777
1109137987
1109304197
1109470406
1109636615
1109802825
1109969035
1110135244
1110312534
1110478743
1110644953
1110811162
1110977372
1111143581
1111309791
1111476000
1111642210
1111808419
1111974629
1112140838
1112307048
1112473257
1112639467
1112805676
1112971886
1113138095
1113304305
1113470514
1113636724
1113802933
1113969143
1114135352
1114312642
1114478852
1114645061
1114811271
1114977480
1115143690
1115309899
1115476109
1115642318
1115808528
1115974738
1116140947
1116307156
1116473366
1116639575
1116805785
1116971994
1117138204
1117304413
1117470623
1117636832
1117803042
1117969251
1118135461
1118312751
1118478960
1118645170
1118811379
1118977589
1119143798
1119310007
1119476217
1119642426
1119808636
1119974846
1120141055
1120307264
1120473474
1120639683
1120805893
1120972103
1121138312
1121304521
1121470731
1121636940
1121803150
1121969360
1122135569
1122312859
1122479069
1122645278
1122811487
1122977697
1123143907
1123310116
1123476326
1123642535
1123808744
1123974954
1124141163
1124307373
1124473582
1124639792
1124806001
1124972211
1125138420
1125304630
1125470839
1125637049
1125803258
1125969468
1126135678
1126312967
1126479177
1126645387
1126811596
1126977805
1127144015
1127310224
1127476434
1127642643
1127808853
1127975062
1128141272
1128307481
1128473691
1128639900
1128806110
1128972319
1129138529
1129304738
1129470948
1129637157
1129803367
1129969576
1130135787
1130313076
1130479285
1130645495
1130811704
1130977914
1131144123
1131310333
1131476542
1131642752
1131808961
1131975171
1132141380
1132307590
1132473799
1132640009
1132806218
1132972428
1133138637
1133304846
1133471056
1133637266
1133803475
1133969685
1134135894
1134302104
1134479394
1134645603
1134811813
1134978022
1135144232
1135310441
1135476651
1135642860
1135809070
1135975279
1136141489
1136307698
1136473908
1136640117
1136806327
1136972536
1137138746
1137304955
1137471164
1137637374
1137803583
1137969793
1138136002
1138302212
1138479502
1138645712
1138811921
1138978131
1139144340
1139310551
1139476759
1139642969
1139809178
1139975388
1140141597
1140307807
1140474016
1140640226
1140806435
1140972645
1141138854
1141305065
1141471273
1141637484
1141803692
1141969901
1142136111
1142302322
1142479610
1142645820
1142812030
1142978239
1143144448
1143310658
1143476868
1143643077
1143809286
1143975496
1144141705
1144307915
1144474124
1144640334
1144806543
1144972753
1145138962
1145305172
1145471381
1145637591
1145803800
1145970010
1146136219
1146302429
1146479719
1146645929
1146812138
1146978347
1147144557
1147310766
1147476976
1147643185
1147809395
1147975604
1148141814
1148308023
1148474233
1148640442
1148806652
1148972861
1149139071
1149305280
1149471490
1149637700
1149803909
1149970118
1150136328
1150302537
1150479828
1150646037
1150812246
1150978457
1151144665
1151310875
1151477084
1151643294
1151809503
1151975713
1152141922
1152308132
1152474341
1152640551
1152806760
1152972970
1153139179
1153305389
1153471598
1153637808
1153804017
1153970227
1154136436
1154302646
1154479936
1154646145
1154812355
1154978564
1155144773
1155310983
1155477193
1155643402
1155809612
1155975821
1156142031
1156308240
1156474450
1156640659
1156806869
1156973078
1157139287
1157305497
1157471707
1157637916
1157804126
1157970335
1158136544
1158302754
1158480044
1158646254
1158812463
1158978673
1159144882
1159311092
1159477301
1159643511
1159809720
1159975930
1160142139
1160308348
1160474558
1160640768
1160806977
1160973187
1161139396
1161305605
1161471815
1161638025
1161804234
1161970443
1162136653
1162302862
1162469072
1162646362
1162812571
1162978781
1163144991
1163311200
1163477409
1163643619
1163809828
1163976038
1164142247
1164308457
1164474666
1164640876
1164807086
1164973295
1165139504
1165305714
1165471923
1165638134
1165804342
1165970552
1166136761
1166302971
1166469180
1166646471
1166812680
1166978889
1167145099
1167311308
1167477518
1167643728
1167809937
1167976146
1168142356
1168308565
1168474775
1168640984
1168807194
1168973403
1169139613
1169305822
1169472032
1169638242
1169804451
1169970660
1170136869
1170303079
1170469289
1170646579
1170812788
1170978998
1171145207
1171311417
1171477626
1171643836
1171810045
1171976255
1172142464
1172308674
1172474883
1172641093
1172807302
1172973512
1173139721
1173305931
1173472140
1173638350
1173804559
1173970768
1174136978
1174303188
1174469397
1174646687
1174812897
1174979106
1175145316
1175311525
1175477735
1175643944
1175810154
1175976363
1176142573
1176308783
1176474992
1176641201
1176807411
1176973620
1177139829
1177306039
1177472248
1177638458
1177804668
1177970877
1178137087
1178303296
1178469506
1178646795
1178813005
1178979215
1179145424
1179311633
1179477843
1179644053
1179810263
1179976471
1180142681
1180308891
1180475100
1180641309
1180807519
1180973728
1181139938
1181306147
1181472357
1181638566
1181804776
1181970985
1182137195
1182303404
1182469614
1182646904
1182813113
1182979323
1183145532
1183311742
1183477951
1183644161
1183810370
1183976580
1184142789
1184308999
1184475208
1184641418
1184807627
1184973837
1185140047
1185306256
1185472465
1185638675
1185804884
1185971094
1186137303
1186303513
1186469722
1186635932
1186813222
1186979431
1187145641
1187311850
1187478060
1187644269
1187810479
1187976688
1188142898
1188309107
1188475317
1188641526
1188807736
1188973945
1189140155
1189306364
1189472574
1189638783
1189804993
1189971202
1190137412
1190303621
1190469831
1190636040
1190813330
1190979540
1191145749
1191311959
1191478168
1191644378
1191810587
1191976797
1192143006
1192309216
1192475425
1192641634
1192807844
1192974054
1193140263
1193306473
1193472682
1193638891
1193805101
1193971311
1194137520
1194303729
1194469939
1194636149
1194813438
1194979648
1195145858
1195312067
1195478276
1195644486
1195810696
1195976905
1196143114
1196309324
1196475534
1196641743
1196807953
1196974162
1197140371
1197306581
1197472791
1197639000
1197805209
1197971419
1198137628
1198303838
1198470047
1198636257
1198813548
1198979757
1199145968
1199312175
1199478385
1199644595
1199810804
