66483
232692
398902
565112
731321
897531
1063740
1229950
1396159
1562369
1728578
1894788
2060997
2227207
2393416
2559626
2725835
2892045
3058255
3224464
3390674
3556884
3723094
3889303
4066593
4232803
4399012
4565222
4731431
4897641
5063850
5230060
5396270
5562479
5728689
5894898
6061107
6227317
6393527
6559736
6725946
6892155
7058365
7224575
7390784
7556993
7723203
7889413
8066702
8232912
8399122
8565331
8731540
8897750
9063959
9230169
9396379
9562588
9728798
9895007
10061217
10227426
10393636
10559846
10726055
10892264
11058474
11224684
11390893
11557102
11723312
11889521
12055731
12233021
12399231
12565441
12731650
12897859
13064069
13230278
13396488
13562697
13728907
13895117
14061326
14227536
14393745
14559955
14726164
14892373
15058583
15224793
15391002
15557212
15723421
15889631
16055840
16233130
16399340
16565549
16731759
16897969
17064178
17230387
17396597
17562806
17729016
17895225
18061435
18227644
18393854
18560064
18726273
18892483
19058693
19224901
19391111
19557321
19723530
19889739
20055949
20233239
20399449
20565658
20731868
20898077
21064287
21230496
21396706
21562915
21729125
21895334
22061544
22227753
22393963
22560172
22726382
22892591
23058801
23225010
23391220
23557429
23723639
23889849
24056058
24233348
24399558
24565767
24731977
24898186
25064396
25230605
25396815
25563024
25729234
25895443
26061653
26227862
26394072
26560281
26726491
26892700
27058910
27225119
27391329
27557538
27723748
27889957
28056167
28233457
28399666
28565876
28732086
28898295
29064505
29230714
29396923
29563133
29729343
29895552
30061761
30227971
30394181
30560390
30726600
30892809
31059019
31225228
31391438
31557647
31723857
31890066
32056275
32233566
32399775
32565985
32732194
32898404
33064613
33230823
33397032
33563242
33729451
33895661
34061870
34228079
34394289
34560500
34726708
34892918
35059127
35225337
35391546
35557756
35723965
35890175
36056384
36233674
36399884
36566093
36732303
36898512
37064722
37230931
37397141
37563350
37729560
37895769
38061979
38228188
38394398
38560607
38726817
38893026
39059236
39225445
39391655
39557865
39724074
39890283
40056493
40222702
40399993
40566202
40732412
40898622
41064831
41231040
41397250
41563459
41729669
41895878
42062088
42228297
42394507
42560716
42726927
42893135
43059345
43225555
43391764
43557973
43724184
43890393
44056602
44222811
44400101
44566310
44732520
44898729
45064939
45231148
45397358
45563567
45729778
45895986
46062196
46228405
46394615
46560824
46727034
46893243
47059453
47225662
47391872
47558081
47724291
47890500
48056710
48222919
48400210
48566419
48732629
48898838
49065048
49231257
49397466
49563676
49729885
49896095
50062304
50228515
50394723
50560933
50727142
50893352
51059561
51225771
51391980
51558190
51724399
51890609
52056818
52223028
52400318
52566527
52732737
52898946
53065156
53231365
53397575
53563785
53729994
53896203
54062413
54228622
54394832
54561041
54727251
54893460
55059670
55225879
55392089
55558298
55724508
55890719
56056927
56223136
56400426
56566635
56732845
56899055
57065264
57231474
57397683
57563893
57730102
57896312
58062521
58228731
58394940
58561150
58727359
58893569
59059778
59225987
59392197
59558407
59724616
59890825
60057035
60223244
60400534
60566744
60732954
60899163
61065372
61231582
61397791
61564001
61730211
61896420
62062629
62228839
62395048
62561258
62727467
62893677
63059886
63226096
63392305
63558515
63724724
63890934
64057143
64223353
64400643
64566853
64733062
64899271
65065481
65231690
65397900
65564109
65730319
65896528
66062738
66228947
66395157
66561366
66727576
66893785
67059995
67226204
67392415
67558623
67724833
67891042
68057252
68223461
68389670
68566961
68733171
68899380
69065589
69231798
69398008
69564217
69730427
69896637
70062846
70229055
70395265
70561474
70727684
70893893
71060103
71226312
71392522
71558732
71724941
71891150
72057360
72223569
72389779
72567069
72733278
72899488
73065697
73231907
73398117
73564326
73730535
73896745
74062954
74229164
74395374
74561583
74727792
74894002
75060211
75226421
75392630
75558840
75725049
75891259
76057468
76223678
76389887
76567177
76733387
76899596
77065806
77232015
77398225
77564434
77730644
77896854
78063063
78229272
78395481
78561691
78727901
78894110
79060320
79226529
79392738
79558948
79725157
79891367
80057576
80223786
80389995
80567285
80733495
80899704
81065914
81232123
81398333
81564542
81730752
81896961
82063171
82229380
82395590
82561799
82728009
82894218
83060428
83226637
83392847
83559056
83725266
83891475
84057684
84223894
84390103
84567394
84733603
84899813
85066022
85232232
85398441
85564651
85730860
85897070
86063279
86229489
86395698
86561908
86728117
86894326
87060536
87226746
87392955
87559165
87725374
87891584
88057793
88224002
88390212
88567502
88733712
88899921
89066130
89232341
89398550
89564759
89730968
89897178
90063387
90229597
90395807
90562016
90728225
90894435
91060644
91226854
91393063
91559273
91725482
91891692
92057901
92224111
92390320
92567610
92733820
92900029
93066238
93232448
93398658
93564867
93731077
93897286
94063496
94229705
94395915
94562124
94728333
94894543
95060752
95226962
95393171
95559381
95725590
95891800
96058009
96224219
96390428
96556637
96733928
96900137
97066347
97232556
97398766
97564975
97731185
97897394
98063604
98229813
98396023
98562232
98728442
98894651
99060861
99227070
99393280
99559489
99725698
99891908
100058117
100224327
100390536
100556746
100734036
100900246
101066455
101232665
101398874
101565085
101731293
101897503
102063712
102229922
102396131
102562342
102728551
102894759
103060969
103227179
103393388
103559599
103725807
103892016
104058226
104224436
104390645
104556856
104734144
104900353
105066563
105232772
105398982
105565192
105731401
105897610
106063820
106230030
106396239
106562449
106728658
106894867
107061076
107227286
107393496
107559706
107725914
107892124
108058333
108224543
108390753
108556963
108734252
108900462
109066671
109232881
109399090
109565300
109731509
109897718
110063928
110230138
110396347
110562557
110728766
110894975
111061185
111227395
111393604
111559813
111726023
111892233
112058442
112224651
112390861
112557070
112734360
112900570
113066779
113232989
113399198
113565408
113731617
113897827
114064036
114230246
114396455
114562665
114728875
114895083
115061293
115227502
115393712
115559922
115726131
115892340
116058550
116224759
116390969
116557178
116734469
116900678
117066887
117233097
117399306
117565516
117731725
117897935
118064145
118230354
118396563
118562773
118728982
118895192
119061401
119227611
119393820
119560030
119726239
119892448
120058658
120224867
120391077
120557286
120734577
120900786
121066995
121233205
121399415
121565624
121731833
121898043
122064252
122230462
122396672
122562881
122729090
122895300
123061509
123227719
123393928
123560138
123726347
123892557
124058766
124224976
124391185
124557395
124723604
124900895
125067104
125233313
125399523
125565732
125731941
125898151
126064361
126230570
126396780
126562989
126729199
126895408
127061617
127227827
127394036
127560246
127726455
127892665
128058874
128225084
128391293
128557503
128723712
128901002
129067212
129233421
129399631
129565840
129732050
129898259
130064468
130230678
130396887
130563097
130729306
130895516
131061726
131227935
131394144
131560354
131726563
131892773
132058982
132225192
132391401
132557611
132723820
132901110
133067320
133233529
133399739
133565948
133732158
133898367
134064577
134230786
134396996
134563205
134729415
134895624
135061834
135228043
135394253
135560462
135726672
135892881
136059091
136225300
136391509
136557719
136723928
136901219
137067428
137233637
137399847
137566056
137732266
137898475
138064685
138230894
138397104
138563313
138729523
138895733
139061942
139228151
139394361
139560570
139726780
139892989
140059199
140225408
140391617
140557827
140724036
140901327
141067536
141233745
141399955
141566165
141732374
141898583
142064793
142231002
142397212
142563421
142729631
142895840
143062050
143228259
143394468
143560678
143726887
143893097
144059307
144225516
144391725
144557935
144724144
144901435
145067644
145233854
145400063
145566272
145732482
145898692
146064901
146231111
146397320
146563529
146729739
146895948
147062158
147228367
147394577
147560786
147726996
147893205
148059416
148225624
148391834
148558043
148724253
148901543
149067752
149233962
149400172
149566381
149732590
149898800
150065009
150231219
150397428
150563637
150729847
150896056
151062266
151228475
151394685
151560894
151727104
151893313
152059523
152225732
152391942
152558151
152724361
152890570
153067860
153234070
153400279
153566489
153732698
153898907
154065117
154231327
154397536
154563746
154729955
154896164
155062374
155228584
155394793
155561002
155727212
155893421
156059631
156225840
156392050
156558259
156724469
156890678
157067968
157234178
157400387
157566597
157732806
157899016
158065225
158231435
158397644
158563854
158730063
158896273
159062482
159228692
159394901
159561111
159727320
159893529
160059739
160225948
160392158
160558367
160724577
160890786
161068077
161234286
161400497
161566705
161732915
161899124
162065334
162231543
162397754
162563962
162730172
162896381
163062590
163228800
163395011
163561219
163727429
163893638
164059847
164226057
164392268
164558476
164724685
164890895
165068184
165234394
165400604
165566813
165733022
165899232
166065441
166231651
166397861
166564070
166730279
166896489
167062698
167228908
167395117
167561326
167727536
167893746
168059955
168226164
168392375
168558584
168724793
168891002
169068292
169234502
169400712
169566921
169733130
169899340
170065549
170231759
170397968
170564178
170730387
170896597
171062806
171229016
171395225
171561435
171727644
171893854
172060063
172226273
172392482
172558692
172724901
172891111
173068401
173234610
173400820
173567030
173733239
173899448
174065658
174231867
174398077
174564286
174730496
174896705
175062915
175229124
175395333
175561543
175727753
175893962
176060171
176226381
176392590
176558801
176725009
176891219
177068509
177234718
177400928
177567137
177733347
177899556
178065766
178231975
178398185
178564395
178730603
178896813
179063022
179229232
179395441
179561651
179727861
179894070
180060279
180226489
180392698
180558908
180725118
180891327
181057536
181234827
181401036
181567245
181733455
181899664
182065874
182232083
182398293
182564502
182730712
182896921
183063131
183229340
183395549
183561759
183727969
183894178
184060388
184226597
184392806
184559016
184725225
184891435
185057645
185234934
185401144
185567353
185733563
185899773
186065982
186232191
186398401
186564610
186730820
186897029
187063239
187229448
187395658
187561867
187728077
187894286
188060496
188226705
188392915
188559124
188725334
188891543
189057753
189235042
189401252
189567461
189733671
189899880
190066090
190232299
190398509
190564718
190730928
190897137
191063347
191229556
191395766
191561975
191728185
191894394
192060604
192226813
192393023
192559232
192725442
192891651
193057860
193235151
193401360
193567570
193733779
193899989
194066198
194232408
194398617
194564826
194731036
194897246
195063455
195229664
195395874
195562083
195728293
195894502
196060712
196226921
196393131
196559340
196725550
196891759
197057969
197235259
197401468
197567678
197733887
197900097
198066306
198232516
198398725
198564935
198731144
198897354
199063563
199229773
199395982
199562192
199728401
199894611
200060820
200227029
200393239
200559448
200725658
200891867
201058077
201235367
201401576
201567786
201733995
201900205
202066414
202232624
202398833
202565043
202731252
202897462
203063671
203229880
203396090
203562299
203728509
203894719
204060928
204227137
204393347
204559556
204725767
204891975
205058185
205235475
205401684
205567894
205734103
205900313
206066522
206232732
206398941
206565151
206731360
206897570
207063779
207229989
207396198
207562408
207728617
207894826
208061036
208227246
208393455
208559665
208725874
208892083
209058293
209224502
209401793
209568002
209734211
209900421
210066631
210232840
210399049
210565259
210731468
210897678
211063887
211230097
211396306
211562516
211728725
211894935
212061144
212227353
212393563
212559773
212725982
212892192
213058401
213224611
213401900
213568110
213734319
213900529
214066739
214232948
214399157
214565367
214731576
214897786
215063995
215230205
215396414
215562624
215728833
215895043
216061253
216227462
216393671
216559881
216726090
216892299
217058509
217224719
217402009
217568218
217734427
217900637
218066847
218233056
218399265
218565475
218731684
218897894
219064103
219230313
219396522
219562732
219728941
219895151
220061360
220227570
220393779
220559989
220726198
220892408
221058617
221224827
221402117
221568327
221734536
221900746
222066955
222233164
222399374
222565583
222731793
222898002
223064213
223230423
223396631
223562840
223729050
223895259
224061469
224227680
224393888
224560097
224726307
224892516
225058725
225224936
225402225
225568434
225734644
225900853
226067062
226233273
226399481
226565691
226731900
226898110
227064320
227230529
227396738
227562948
227729157
227895367
228061576
228227787
228393995
228560205
228726414
228892624
229058833
229225043
229402333
229568542
229734752
229900961
230067171
230233380
230399590
230565799
230732009
230898218
231064428
231230637
231396847
231563056
231729266
231895475
232061685
232227894
232394103
232560313
232726522
232892732
233058941
233225151
233391361
233568650
233734860
233901070
234067279
234233489
234399698
234565907
234732117
234898326
235064536
235230745
235396955
235563164
235729374
235895583
236061793
236228002
236394212
236560421
236726631
236892840
237059050
237225259
237391469
237568758
237734968
237901177
238067387
238233596
238399806
238566015
238732225
238898434
239064644
239230853
239397063
239563272
239729482
239895691
240061901
240228110
240394320
240560529
240726739
240892948
241059157
241225367
241391577
241568867
241735076
241901286
242067496
242233705
242399914
242566124
242732333
242898543
243064752
243230961
243397171
243563381
243729590
243895799
244062009
244228218
244394428
244560638
244726847
244893056
245059266
245225475
245391685
245568975
245735184
245901394
246067604
246233813
246400022
246566232
246732441
246898651
247064860
247231070
247397279
247563489
247729698
247895907
248062117
248228327
248394536
248560746
248726955
248893165
249059374
249225584
249391793
249569083
249735292
249901502
250067711
250233921
250400130
250566340
250732549
250898759
251064968
251231178
251397387
251563597
251729806
251896016
252062225
252228435
252394644
252560854
252727063
252893272
253059482
253225691
253391901
253569191
253735401
253901610
254067820
254234029
254400239
254566448
254732658
254898867
255065076
255231286
255397496
255563705
255729914
255896124
256062333
256228543
256394752
256560962
256727171
256893381
257059590
257225800
257392009
257569299
257735509
257901718
258067928
258234137
258400346
258566556
258732766
258898975
259065184
259231394
259397604
259563813
259730023
259896232
260062441
260228651
260394860
260561070
260727279
260893489
261059698
261225908
261392117
261558327
261735617
261901826
262068036
262234245
262400455
262566664
262732874
262899083
263065293
263231502
263397711
263563921
263730131
263896340
264062549
264228759
264394968
264561178
264727387
264893597
265059806
265226016
265392225
265558435
265735725
265901934
266068144
266234353
266400563
266566772
266732982
266899191
267065401
267231610
267397820
267564029
267730239
267896448
268062657
268228867
268395077
268561286
268727495
268893705
269059915
269226124
269392333
269558543
269735833
269902043
270068252
270234462
270400671
270566880
270733090
270899299
271065509
271231718
271397928
271564137
271730347
271896556
272062766
272228975
272395185
272561394
272727604
272893813
273060023
273226233
273392442
273558651
273735941
273902151
274068360
274234569
274400779
274566988
274733198
274899407
275065617
275231826
275398036
275564245
275730455
275896664
276062874
276229083
276395293
276561502
276727712
276893921
277060131
277226340
277392550
277558759
277736049
277902259
278068468
278234678
278400887
278567097
278733306
278899516
279065725
279231935
279398144
279564354
279730563
279896772
280062982
280229192
280395401
280561610
280727820
280894029
281060239
281226448
281392658
281558867
281736158
281902367
282068578
282234786
282400995
282567205
282733414
282899624
283065835
283232043
283398252
283564462
283730673
283896881
284063092
284229300
284395509
284561719
284727928
284894138
285060349
285226557
285392766
285558976
285736265
285902475
286068685
286234894
286401103
286567313
286733522
286899732
287065941
287232151
287398360
287564570
287730779
287896988
288063199
288229407
288395617
288561826
288728036
288894245
289060456
289226664
289392874
289559083
289725293
289902583
290068793
290235002
290401212
290567421
290733630
290899840
291066049
291232259
291398468
291564678
291730887
291897097
292063306
292229516
292395725
292561935
292728144
292894354
293060563
293226773
293392982
293559192
293725401
293902691
294068901
294235111
294401320
294567529
294733739
294899948
295066157
295232367
295398577
295564786
295730996
295897205
296063415
296229624
296395834
296562043
296728252
296894462
297060671
297226881
297393090
297559300
297725509
297902799
298069009
298235218
298401428
298567637
298733847
298900056
299066266
299232475
299398684
299564894
299731103
299897313
300063522
300229732
300395941
300562151
300728360
300894570
301060779
301226989
301393198
301559408
301725617
301902907
302069117
302235326
302401536
302567745
302733955
302900164
303066374
303232583
303398793
303565002
303731212
303897421
304063631
304229840
304396050
304562259
304728469
304894678
305060888
305227097
305393307
305559516
305725726
305903016
306069225
306235435
306401644
306567854
306734063
306900273
307066482
307232692
307398901
307565110
307731320
307897530
308063739
308229948
308396158
308562367
308728577
308894786
309060996
309227205
309393415
309559624
309725834
309903124
310069333
310235543
310401752
310567962
310734171
310900381
311066590
311232799
311399009
311565218
311731428
311897637
312063847
312230056
312396266
312562475
312728685
312894894
313061104
313227313
313393523
313559732
313725942
313903232
314069441
314235651
314401860
314568070
314734279
314900489
315066698
315232908
315399117
315565327
315731536
315897746
316063955
316230165
316396374
316562584
316728793
316895003
317061212
317227422
317393631
317559841
317726050
317892259
318069550
318235759
318401969
318568178
318734387
318900597
319066807
319233016
319399225
319565435
319731645
319897854
320064063
320230273
320396482
320562692
320728901
320895111
321061320
321227530
321393739
321559949
321726158
321892368
322069657
322235867
322402077
322568286
322734496
322900705
323066915
323233124
323399333
323565543
323731752
323897962
324064172
324230381
324396590
324562800
324729009
324895219
325061428
325227638
325393847
325560057
325726266
325892476
326069766
326235976
326402185
326568394
326734604
326900814
327067023
327233232
327399442
327565651
327731861
327898070
328064280
328230489
328396699
328562908
328729117
328895327
329061537
329227746
329393956
329560165
329726375
329892584
330069874
330236084
330402293
330568503
330734712
330900921
331067131
331233340
331399550
331565759
331731969
331898178
332064388
332230597
332396807
332563016
332729226
332895435
333061645
333227854
333394064
333560273
333726483
333892692
334069982
334236192
334402401
334568610
334734820
334901030
335067239
335233449
335399658
335565867
335732077
335898286
336064496
336230705
336396915
336563124
336729334
336895543
337061753
337227962
337394172
337560381
337726591
337892800
338070090
338247380
338402509
338568719
338734928
338901138
339067347
339233557
339399766
339565976
339732185
339898395
340064604
340230814
340397023
340563232
340729442
340895652
341061861
341228071
341394280
341560490
341726699
341892908
342070199
342236408
342402618
342568827
342735037
342901246
343067455
343233665
343399874
343566084
343732293
343898503
344064712
344230922
344397131
344563341
344729551
344895760
345061969
345228179
345394388
345560598
345726807
345893017
346059226
346236516
346402726
346568935
346735145
346901354
347067564
347233773
347399983
347566192
347732402
347898611
348064820
348231030
348397239
348563449
348729658
348895868
349062077
349228287
349394496
349560706
349726915
349893124
350059334
350236624
350402834
350569043
350735253
350901462
351067672
351233881
351400091
351566300
351732510
351898719
352064929
352231138
352397347
352563557
352729766
352895976
353062185
353228395
353394604
353560814
353727023
353893233
354059442
354236733
354402942
354569152
354735362
354901572
355067780
355233990
355400201
355566409
355732618
355898829
356065037
356231246
356397456
356563665
356729875
356896085
357062294
357228504
357394713
357560922
357727133
357893343
358059551
358236841
358403050
358569259
358735469
358901679
359067888
359234097
359400307
359566517
359732726
359898936
360065145
360231354
360397564
360563773
360729983
360896193
361062402
361228611
361394821
361561030
361727240
361893449
362059658
362236949
362403159
362569368
362735577
362901787
363067996
363234206
363400415
363566625
363732834
363899044
364065253
364231463
364397672
364563881
364730091
364896300
365062510
365228719
365394929
365561138
365727348
365893557
366059767
366237057
366403266
366569476
366735685
366901895
367068105
367234314
367400524
367566733
367732942
367899152
368065361
368231572
368397780
368563990
368730199
368896409
369062618
369228827
369395037
369561247
369727456
369893666
370059875
370237165
370403375
370569584
370735794
370902003
371068213
371234422
371400632
371566841
371733050
371899260
372065470
372231679
372397888
372564098
372730307
372896517
373062726
373228936
373395145
373561355
373727564
373893773
374059983
374226192
374403483
374569692
374735902
374902111
375068321
375234530
375400740
375566949
375733158
375899368
376065578
376231787
376397997
376564206
376730415
376896625
377062834
377229044
377395253
377561463
377727672
377893882
378060091
378226301
378403591
378569800
378736010
378902220
379068429
379234638
379400848
379567058
379733267
379899476
380065686
380231895
380398105
380564314
380730524
380896733
381062943
381229152
381395361
381561571
381727781
381893990
382060200
382226409
382403699
382569909
382736118
382902327
383068537
383234747
383400956
383567165
383733375
383899584
384065794
384232003
384398213
384564422
384730631
384896841
385063051
385229260
385395470
385561679
385727888
385894098
386060307
386226517
386403807
386570017
386736226
386902436
387068645
387234855
387401064
387567273
387733483
387899692
388065902
388232112
388398321
388564530
388730740
388896949
389063159
389229368
389395578
389561787
389727997
389894206
390060416
390226625
390403915
390570125
390736334
390902544
391068753
391234963
391401172
391567382
391733591
391899801
392066010
392232220
392398429
392564639
392730848
392897057
393063267
393229476
393395686
393561896
393728105
393894315
394060524
394226734
394404024
394570233
394736442
394902652
395068862
395235071
395401280
395567490
395733700
395899909
396066118
396232328
396398537
396564747
396730956
396897166
397063375
397229584
397395795
397562004
397728213
397894422
398060632
398226841
398404132
398570341
398736551
398902760
399068970
399235179
399401389
399567598
399733807
399900017
400066227
400232436
400398645
400564855
400731065
400897274
401063483
401229693
401395902
401562112
401728321
401894531
402060740
402226950
402393159
402570449
402736659
402902868
403069078
403235287
403401497
403567706
403733916
403900125
404066335
404232544
404398754
404564963
404731173
404897382
405063592
405229801
405396011
405562220
405728430
405894639
406060849
406227058
406393268
406570558
406736767
406902977
407069186
407235395
407401605
407567814
407734024
407900233
408066443
408232652
408398862
408565072
408731281
408897490
409063700
409229909
409396119
409562328
409728538
409894747
410060956
410227166
410393376
410570666
410736875
410903085
411069294
411235504
411401713
411567923
411734132
411900342
412066551
412232760
412398970
412565179
412731389
412897599
413063808
413230017
413396227
413562437
413728646
413894855
414061065
414227274
414393484
414570774
414736985
414903194
415069403
415235612
415401821
415568031
415734242
415900450
416066659
416232869
416399079
416565288
416731499
416897707
417063916
417230126
417396335
417562545
417728756
417894965
418061173
418227383
418393592
418570882
418737092
418903301
419069510
419235720
419401929
419568139
419734349
419900558
420066768
420232977
420399186
420565396
420731606
420897815
421064024
421230234
421396443
421562652
421728863
421895071
422061281
422227490
422393700
422570990
422737200
422903409
423069619
423235828
423402038
423568247
423734457
423900666
424066876
424233085
424399294
424565504
424731713
424897923
425064132
425230342
425396551
425562761
425728971
425895180
426061389
426227599
426393808
426571098
426737308
426903517
427069727
427235936
427402146
427568355
427734565
427900774
428066984
428233193
428399403
428565612
428731822
428898031
429064241
429230450
429396660
429562869
429729079
429895288
430061498
430227707
430393917
430560126
430737416
430903626
431069835
431236045
431402254
431568463
431734673
431900883
432067092
432233302
432399511
432565720
432731930
432898140
433064349
433230558
433396768
433562977
433729187
433895396
434061606
434227815
434394024
434560234
434737524
434903734
435069943
435236153
435402362
435568572
435734781
435900991
436067200
436233410
436399619
436565829
436732038
436898248
437064457
437230667
437396876
437563086
437729295
437895505
438061714
438227923
438394133
438560343
438737633
438903842
439070052
439236261
439402471
439568680
439734890
439901099
440067309
440233518
440399727
440565937
440732146
440898356
441064566
441230775
441396984
441563194
441729403
441895613
442061822
442228032
442394241
442560451
442737741
442903950
443070160
443236369
443402579
443568788
443734998
443901207
444067417
444233626
444399836
444566045
444732254
444898464
445064673
445230883
445397093
445563302
445729512
445895721
446061931
446228140
446394350
446560559
446737849
446904058
447070268
447236478
447402687
447568897
447735106
447901315
448067525
448233734
448399944
448566153
448732363
448898572
449064782
449230991
449397201
449563410
449729620
449895829
450062039
450228248
450394458
450560667
450737957
450904167
451070376
451236586
451402795
451569005
451735214
451901424
452067633
452233843
452400052
452566261
452732471
452898681
453064890
453231100
453397309
453563519
453729728
453895937
454062147
454228357
454394566
454560775
454738065
454904275
455070484
455236694
455402903
455569113
455735322
455901532
456067742
456233951
456400160
456566370
456732579
456898789
457064998
457231208
457397417
457563627
457729836
457896045
458062255
458228465
458394674
458560884
458727093
458904383
459070593
459236802
459403012
459569221
459735431
459901640
460067850
460234059
460400269
460566478
460732688
460898897
461065107
461231316
461397526
461563735
461729945
461896154
462062363
462228573
462394782
462560992
462727201
462904492
463070701
463236910
463403120
463569330
463735539
463901749
464067958
464234167
464400377
464566587
464732796
464899005
465065215
465231424
465397634
465563843
465730053
465896262
466062472
466228681
466394891
466561100
466727310
466904600
467070809
467237019
467403228
467569438
467735647
467901856
468068067
468234275
468400485
468566695
468732904
468899113
469065323
469231532
469397742
469563951
469730161
469896370
470062580
470228790
470394999
470561208
470727418
470904708
471070918
471237127
471403337
471569546
471735755
471901965
472068174
472234384
472400593
472566803
472733012
472899222
473065431
473231641
473397850
473564060
473730269
473896479
474062688
474228898
474395107
474561317
474727526
474904816
475071026
475237235
475403445
475569654
475735864
475902074
476068283
476234492
476400702
476566911
476733121
476899330
477065540
477231749
477397958
477564168
477730377
477896587
478062797
478229006
478395216
478561425
478727634
478904924
479071134
479237344
479403553
479569762
479735972
479902182
480068392
480234600
480400810
480567019
480733229
480899438
481065648
481231858
481398067
481564277
481730485
481896695
482062905
482229114
482395324
482561533
482727742
482893952
483071242
483237452
483403661
483569871
483736080
483902290
484068499
484234708
484400918
484567128
484733337
484899547
485065756
485231966
485398175
485564385
485730594
485896803
486063013
486229222
486395432
486561641
486727851
486894060
487071351
487237560
487403770
487569979
487736189
487902398
488068608
488234817
488401027
488567237
488733447
488899655
489065864
489232075
489398283
489564493
489730702
489896912
490063121
490229331
490395540
490561750
490727960
490894169
491071459
491237668
491403877
491570087
491736297
491902506
492068716
492234925
492401135
492567344
492733554
492899763
493065973
493232182
493398391
493564601
493730811
493897020
494063229
494229439
494395648
494561858
494728067
494894277
495071567
495237776
495403986
495570196
495736405
495902614
496068824
496235034
496401243
496567452
496733662
496899871
497066081
497232290
497398500
497564709
497730918
497897128
498063338
498229547
498395757
498561966
498728175
498894385
499071675
499237885
499404094
499570304
499736513
499902723
500068932
500235141
500401351
500567561
500733770
500899980
501066189
501232399
501398608
501564817
501731027
501897237
502063446
502229656
502395865
502562074
502728284
502894493
503071783
503237993
503404203
503570412
503736621
503902831
504069040
504235250
504401459
504567669
504733878
504900088
505066297
505232507
505398716
505564926
505731135
505897345
506063554
506229764
506395973
506562183
506728392
506894602
507071892
507238101
507404311
507570521
507736730
507902939
508069149
508235358
508401568
508567777
508733987
508900196
509066406
509232615
509398825
509565034
509731244
509897453
510063662
510229872
510396082
510562291
510728500
510894710
511060919
511238209
511404419
511570628
511736838
511903047
512069257
512235467
512401676
512567886
512734095
512900304
513066514
513232723
513398933
513565142
513731352
513897561
514063771
514229980
514396190
514562399
514728609
514894818
515061028
515238318
515404527
515570737
515736946
515903156
516069366
516235575
516401784
516567994
516734203
516900412
517066622
517232831
517399041
517565250
517731460
517897669
518063879
518230088
518396298
518562507
518728717
518894926
519061136
519238426
519404635
519570845
519737054
519903264
520069473
520235683
520401892
520568102
520734311
520900521
521066731
521232940
521399149
521565359
521731569
521897778
522063987
522230197
522396406
522562616
522728825
522895035
523061244
523238535
523404744
523570953
523737163
523903372
524069582
524235791
524402001
524568210
524734420
524900629
525066839
525233049
525399258
525565467
525731677
525897886
526064096
526230305
526396515
526562724
526728934
526895144
527061353
527238643
527404852
527571061
527737271
527903481
528069690
528235899
528402109
528568319
528734528
528900737
529066947
529233156
529399366
529565575
529731785
529897994
530064204
530230413
530396623
530562832
530729042
530895251
531061461
531238751
531404960
531571170
531737380
531903589
532069798
532236008
532402217
532568427
532734636
532900846
533067056
533233265
533399474
533565684
533731893
533898103
534064312
534230522
534396731
534562941
534729150
534895359
535061569
535238859
535405069
535571278
535737488
535903697
536069907
536236116
536402326
536568535
536734744
536900954
537067163
537233373
537399583
537565792
537732002
537898211
538064421
538230630
538396839
538563049
538729259
538895468
539061677
539227887
539405177
539571386
539737596
539903805
540070015
540236224
540402434
540568643
540734853
540901062
541067272
541233481
541399691
541565900
541732110
541898319
542064529
542230738
542396948
542563157
542729367
542895576
543061786
543227995
543405285
543571495
543737704
543903914
544070123
544236333
544402542
544568752
544734961
544901170
545067380
545233589
545399799
545566008
545732218
545898428
546064637
546230846
546397056
546563265
546729475
546895684
547061894
547228103
547405394
547571605
547737813
547904022
548070232
548236441
548402651
548568862
548735070
548901279
549067489
549233698
549399908
549566117
549732326
549898536
550064745
550230955
550397164
550563376
550729584
550895794
551062002
551228212
551405502
551571712
551737921
551904130
552070339
552236549
552402758
552568969
552735178
552901387
553067597
553233806
553400015
553566226
553732434
553898644
554064853
554231063
554397272
554563482
554729691
554895901
555062110
555228320
555405610
555571820
555738029
555904238
556070448
556236658
556402867
556569077
556735286
556901496
557067705
557233914
557400124
557566333
557732543
557898752
558064962
558231171
558397381
558563590
558729800
558896009
559062219
559228428
559405718
559571928
559738138
559904347
560070556
560236766
560402975
560569185
560735394
560901604
561067813
561234023
561400232
561566442
561732651
561898861
562065070
562231280
562397489
562563699
562729909
562896118
563062327
563228536
563405827
563572036
563738246
563904455
564070664
564236874
564403083
564569293
564735502
564901712
565067921
565234131
565400341
565566550
565732759
565898969
566065178
566231388
566397597
566563807
566730016
566896226
567062435
567228645
567394854
567572144
567738354
567904563
568070773
568236982
568403192
568569401
568735611
568901821
569068030
569234239
569400449
569566658
569732868
569899077
570065287
570231496
570397706
570563915
570730124
570896334
571062544
571228753
571394962
571572253
571738462
571904672
572070881
572237091
572403300
572569510
572735719
572901929
573068138
573234348
573400557
573566766
573732976
573899186
574065395
574231604
574397814
574564023
574730233
574896442
575062652
575228861
575395071
575572361
575738570
575904780
576070989
576237199
576403408
576569618
576735827
576902037
577068246
577234456
577400665
577566875
577733084
577899294
578065503
578231713
578397922
578564132
578730341
578896551
579062760
579228970
579395179
579572470
579738679
579904888
580071098
580237308
580403517
580569726
580735936
580902145
581068355
581234564
581400774
581566983
581733192
581899402
582065611
582231821
582398031
582564240
582730450
582896659
583062869
583229078
583395287
583572578
583738787
583904996
584071206
584237415
584403625
584569835
584736044
584902253
585068463
585234672
585400882
585567091
585733301
585899510
586065720
586231929
586398139
586564348
586730558
586896767
587062977
587229186
587395396
587572686
587738895
587905105
588071314
588237524
588403733
588569943
588736152
588902362
589068571
589234781
589400990
589567199
589733409
589899618
590065828
590232038
590398247
590564456
590730666
590896875
591063085
591229294
591395504
591572794
591739004
591905213
592071422
592237632
592403842
592570051
592736261
592902470
593068680
593234889
593401098
593567308
593733518
593899727
594065936
594232146
594398355
594564565
594730774
594896984
595063193
595229403
595395612
595561822
595739112
595905322
596071531
596237740
596403950
596570159
596736369
596902579
597068788
597234997
597401207
597567416
597733626
597899835
598066045
598232254
598398464
598564673
598730883
598897092
599063302
599229511
599395721
599561930
599739220
