121887
288096
454306
620515
786725
952934
1119144
1285353
1451563
1617772
1783982
1950191
2116401
2282610
2448821
2626111
2792320
2958530
3124739
3290949
3457158
3623368
3789577
3955786
4121996
4288206
4454415
4620625
4786834
4953043
5119253
5285463
5451672
5617882
5784091
5950300
6116510
6282719
6448929
6626219
6792428
6958638
7124847
7291057
7457267
7623476
7789685
7955895
8122104
8288314
8454523
8620733
8786942
8953152
9119361
9285570
9451780
9617990
9784199
9950409
10116618
10282827
10449037
10615247
10792536
10958746
11124955
11291165
11457374
11623584
11789793
11956003
12122212
12288422
12454631
12620841
12787050
12953259
13119469
13285678
13451888
13618098
13784307
13950517
14116726
14282935
14449145
14615354
14792644
14958854
15125063
15291273
15457482
15623692
15789901
15956111
16122320
16288530
16454739
16620948
16787158
16953367
17119577
17285786
17451996
17618205
17784415
17950624
18116834
18283043
18449253
18615462
18792753
18958962
19125171
19291381
19457590
19623800
19790010
19956219
20122428
20288638
20454847
20621057
20787267
20953475
21119685
21285894
21452104
21618314
21784524
21950732
22116943
22283151
22449361
22615570
22792861
22959069
23125278
23291488
23457698
23623907
23790117
23956326
24122535
24288745
24454954
24621164
24787374
24953582
25119792
25286001
25452211
25618420
25784631
25950839
26117049
26283258
26449467
26615677
26792967
26959177
27125386
27291596
27457805
27624015
27790224
27956433
28122643
28288852
28455062
28621271
28787481
28953690
29119900
29286109
29452318
29618528
29784737
29950947
30117156
30283366
30449575
30615785
30793075
30959284
31125493
31291703
31457913
31624122
31790331
31956542
32122750
32288960
32455169
32621379
32787588
32953797
33120007
33286216
33452426
33618636
33784845
33951054
34117263
34283473
34449682
34615892
34793182
34959392
35125601
35291810
35458020
35624229
35790439
35956648
36122857
36289067
36455276
36621486
36787695
36953905
37120114
37286323
37452533
37618743
37784952
37951162
38117371
38283580
38449790
38615999
38782209
38959499
39125708
39291918
39458127
39624336
39790546
39956755
40122965
40289174
40455383
40621593
40787802
40954012
41120221
41286431
41452640
41618850
41785059
41951269
42117478
42283687
42449897
42616106
42782316
42959606
43125815
43292025
43458234
43624444
43790653
43956862
44123072
44289281
44455491
44621700
44787910
44954119
45120328
45286538
45452747
45618957
45785166
45951376
46117585
46283795
46450004
46616213
46782423
46959713
47125922
47292131
47458341
47624550
47790760
47956969
48123179
48289388
48455598
48621807
48788016
48954226
49120436
49286645
49452854
49619064
49785273
49951483
50117692
50283901
50450111
50616320
50782530
50959820
51126029
51292239
51458448
51624658
51790867
51957077
52123286
52289495
52455705
52621914
52788124
52954333
53120542
53286752
53452961
53619171
53785380
53951589
54117799
54284009
54450218
54616427
54782637
54959927
55126136
55292346
55458555
55624764
55790974
55957183
56123393
56289603
56455811
56622021
56788231
56954440
57120650
57286859
57453068
57619278
57785487
57951697
58117906
58284115
58450325
58616534
58782744
58960033
59126243
59292453
59458662
59624871
59791081
59957290
60123500
60289709
60455918
60622128
60788337
60954547
61120756
61286966
61453175
61619384
61785594
61951803
62118013
62284222
62450431
62616641
62782850
62960140
63126350
63292559
63458769
63624978
63791188
63957397
64123606
64289816
64456025
64622235
64788444
64954654
65120863
65287072
65453282
65619492
65785701
65951910
66118120
66284329
66450539
66616748
66782957
66949167
67126457
67292666
67458876
67625085
67791295
67957504
68123713
68289923
68456132
68622342
68788551
68954760
69120970
69287179
69453389
69619598
69785808
69952017
70118227
70284436
70450646
70616855
70783064
70949274
71126563
71292773
71458983
71625192
71791401
71957611
72123820
72290030
72456239
72622449
72788658
72954867
73121077
73287286
73453496
73619705
73785914
73952124
74118333
74284543
74450753
74616962
74783171
74949381
75126670
75292880
75459089
75625299
75791508
75957718
76123927
76290136
76456346
76622555
76788765
76954974
77121183
77287393
77453603
77619812
77786021
77952231
78118440
78284650
78450859
78617068
78783278
78949487
79126778
79292987
79459198
79625407
79791615
79957825
80124034
80290243
80456453
80622664
80788872
80955081
81121291
81287500
81453709
81619920
81786128
81952338
82118547
82284757
82450966
82617177
82783385
82949595
83126884
83293093
83459303
83625513
83791721
83957931
84124141
84290350
84456559
84622769
84788978
84955188
85121397
85287606
85453816
85620025
85786235
85952444
86118653
86284863
86451072
86617283
86783491
86949701
87126991
87293200
87459410
87625619
87791828
87958038
88124247
88290457
88456666
88622876
88789086
88955295
89121504
89287713
89453923
89620132
89786342
89952551
90118760
90284970
90451179
90617389
90783598
90949808
91127098
91293307
91459517
91625726
91791935
91958145
92124354
92290563
92456773
92622983
92789192
92955401
93121611
93287820
93454030
93620239
93786449
93952658
94118867
94285077
94451286
94617495
94783705
94949915
95116124
95293414
95459623
95625833
95792042
95958251
96124461
96290670
96456880
96623089
96789299
96955508
97121718
97287927
97454136
97620346
97786555
97952765
98118974
98285183
98451393
98617602
98783812
98950021
99116230
99293521
99459730
99625939
99792149
99958358
100124568
100290777
100456987
100623196
100789406
100955615
101121824
101288034
101454243
101620453
101786662
101952872
102119081
102285290
102451500
102617709
102783919
102950128
103116337
103293627
103459837
103626046
103792256
103958465
104124675
104290884
104457094
104623303
104789513
104955722
105121931
105288141
105454350
105620559
105786769
105952978
106119188
106285397
106451607
106617816
106784025
106950235
107116444
107293734
107459944
107626153
107792362
107958572
108124781
108290991
108457200
108623410
108789619
108955829
109122038
109288247
109454457
109620666
109786876
109953085
110119295
110285504
110451713
110617923
110784132
110950342
111116551
111293841
111460051
111626260
111792469
111958679
112124888
112291098
112457307
112623516
112789726
112955935
113122145
113288354
113454564
113620773
113786982
113953192
114119401
114285611
114451820
114618030
114784239
114950449
115116658
115293948
115460157
115626367
115792576
115958786
116124995
116291204
116457414
116623623
116789833
116956042
117122252
117288461
117454670
117620880
117787089
117953299
118119508
118285718
118451927
118618136
118784346
118950556
119116765
119294055
119460264
119626474
119792683
119958892
120125102
120291311
120457521
120623730
120789940
120956149
121122359
121288568
121454777
121620987
121787196
121953405
122119615
122285824
122452034
122618243
122784453
122950662
123116872
123283081
123460371
123626581
123792790
123958999
124125209
124291418
124457628
124623837
124790047
124956256
125122465
125288675
125454884
125621094
125787303
125953513
126119722
126285931
126452141
126618350
126784560
126950769
127116978
127283188
127460478
127626687
127792897
127959106
128125315
128291525
128457735
128623944
128790154
128956363
129122572
129288782
129454991
129621201
129787410
129953620
130119829
130286038
130452248
130618457
130784666
130950876
131117085
131283295
131460585
131626794
131793004
131959213
132125422
132291632
132457841
132624051
132790260
132956470
133122679
133288889
133455098
133621307
133787517
133953726
134119936
134286146
134452355
134618564
134784773
134950983
135117192
135283402
135460692
135626901
135793111
135959320
136125529
136291739
136457948
136624158
136790367
136956577
137122786
137288995
137455205
137621414
137787624
137953833
138120043
138286252
138452461
138618671
138784880
138951090
139117299
139283509
139460800
139627008
139793218
139959427
140125637
140291846
140458057
140624265
140790475
140956684
141122893
141289103
141455314
141621522
141787731
141953941
142120150
142286360
142452570
142618778
142784988
142951198
143117407
143283616
143460906
143627115
143793324
143959534
144125743
144291953
144458163
144624371
144790581
144956790
145123000
145289209
145455419
145621628
145787838
145954047
146120256
146286466
146452676
146618885
146785094
146951303
147117513
147283722
147461013
147627222
147793431
147959641
148125850
148292060
148458269
148624479
148790688
148956898
149123107
149289317
149455526
149621735
149787945
149954154
150120364
150286573
150452783
150618992
150785201
150951411
151117620
151283830
151450039
151627329
151793539
151959748
152125957
152292167
152458377
152624586
152790795
152957005
153123215
153289424
153455633
153621842
153788052
153954261
154120471
154286680
154452890
154619099
154785308
154951518
155117727
155283937
155450146
155627436
155793646
155959855
156126065
156292274
156458483
156624693
156790902
156957112
157123321
157289531
157455740
157621949
157788159
157954368
158120578
158286787
158452997
158619206
158785415
158951625
159117834
159284043
159450253
159627543
159793753
159959962
160126172
160292381
160458591
160624800
160791009
160957219
161123428
161289638
161455847
161622056
161788266
161954475
162120685
162286894
162453104
162619313
162785522
162951732
163117941
163284151
163450360
163627650
163793861
163960069
164126279
164292488
164458698
164624907
164791116
164957326
165123536
165289745
165455954
165622164
165788373
165954582
166120792
166287001
166453212
166619420
166785630
166951839
167118048
167284258
167450467
167627757
167793967
167960176
168126385
168292595
168458804
168625014
168791224
168957433
169123642
169289851
169456061
169622270
169788480
169954689
170120899
170287108
170453318
170619527
170785737
170951946
171118155
171284365
171450574
171627864
171794074
171960283
172126493
172292702
172458912
172625121
172791330
172957540
173123749
173289959
173456168
173622377
173788587
173954797
174121006
174287215
174453425
174619634
174785844
174952053
175118262
175284472
175450681
175627971
175794181
175960391
176126600
176292809
176459019
176625228
176791438
176957647
177123857
177290066
177456275
177622485
177788694
177954904
178121113
178287322
178453532
178619741
178785951
178952160
179118370
179284579
179450788
179616998
179794288
179960498
180126707
180292916
180459126
180625335
180791545
180957754
181123963
181290173
181456382
181622592
181788801
181955011
182121220
182287430
182453639
182619848
182786058
182952267
183118477
183284686
183450895
183617105
183794395
183960605
184126814
184293023
184459233
184625442
184791652
184957861
185124071
185290280
185456489
185622699
185788909
185955118
186121327
186287537
186453746
186619955
186786165
186952374
187118584
187284793
187451003
187617212
187794502
187960712
188126921
188293131
188459340
188625549
188791759
188957968
189124178
189290387
189456597
189622806
189789016
189955225
190121435
190287644
190453853
190620063
190786272
190952482
191118691
191284900
191451110
191617319
191794609
191960819
192127028
192293238
192459447
192625656
192791866
192958075
193124285
193290494
193456704
193622913
193789122
193955332
194121542
194287751
194453960
194620170
194786379
194952588
195118799
195285007
195451217
195617426
195794717
195960926
196127135
196293345
196459554
196625764
196791973
196958183
197124392
197290602
197456811
197623020
197789230
197955439
198121649
198287858
198454067
198620277
198786487
198952696
199118906
199285115
199451324
199617534
199794824
199961033
200127243
200293454
200459662
200625871
200792081
200958290
201124500
201290710
201456918
201623128
201789338
201955547
202121756
202287967
202454176
202620384
202786594
202952803
203119013
203285224
203451432
203617641
203794931
203961140
204127350
204293560
204459769
204625978
204792187
204958397
205124606
205290816
205457025
205623234
205789444
205955654
206121863
206288073
206454282
206620491
206786700
206952910
207119120
207285329
207451538
207617748
207783957
207961248
208127457
208293666
208459876
208626085
208792295
208958504
209124714
209290923
209457132
209623342
209789551
209955761
210121970
210288180
210454389
210620598
210786808
210953017
211119227
211285436
211451646
211617855
211784065
211961355
212127564
212293773
212459983
212626193
212792402
212958611
213124821
213291030
213457240
213623449
213789659
213955868
214122077
214288287
214454496
214620706
214786915
214953125
215119334
215285544
215451753
215617962
215784172
215961462
216127671
216293881
216460090
216626299
216792509
216958718
217124928
217291137
217457347
217623556
217789765
217955975
218122185
218288394
218454604
218620813
218787022
218953232
219119441
219285650
219451860
219618069
219784279
219961569
220127778
220293988
220460197
220626407
220792616
220958826
221125035
221291245
221457454
221623663
221789873
221956083
222122292
222288501
222454711
222620920
222787130
222953339
223119549
223285758
223451967
223618177
223784386
223961676
224127886
224294095
224460305
224626515
224792724
224958933
225125142
225291352
225457561
225623771
225789980
225956190
226122399
226288609
226454818
226621027
226787237
226953446
227119656
227285865
227452074
227618284
227784493
227961783
228127993
228294202
228460412
228626621
228792830
228959040
229125249
229291459
229457668
229623878
229790087
229956297
230122506
230288716
230454925
230621135
230787344
230953553
231119763
231285972
231452182
231618391
231784600
231961891
232128100
232294310
232460519
232626729
232792938
232959147
233125357
233291566
233457776
233623985
233790195
233956404
234122613
234288823
234455032
234621242
234787451
234953661
235119870
235286080
235452289
235618498
235784708
235950918
236128208
236294417
236460626
236626836
236793045
236959255
237125464
237291674
237457883
237624092
237790302
237956512
238122721
238288930
238455139
238621349
238787559
238953768
239119977
239286187
239452396
239618606
239784815
239951025
240128314
240294524
240460734
240626943
240793152
240959361
241125571
241291781
241457990
241624199
241790409
241956618
242122828
242289037
242455247
242621456
242787666
242953875
243120084
243286294
243452503
243618713
243784922
243951132
244128422
244294631
244460841
244627051
244793259
244959469
245125679
245291888
245458097
245624307
245790516
245956726
246122935
246289145
246455354
246621563
246787773
246953982
247120192
247286401
247452611
247618820
247785029
247951239
248128529
248294738
248460948
248627157
248793367
248959576
249125786
249291995
249458205
249624414
249790624
249956833
250123042
250289252
250455461
250621671
250787880
250954090
251120299
251286508
251452718
251618927
251785137
251951346
252128636
252294846
252461055
252627265
252793474
252959684
253125893
253292102
253458312
253624521
253790731
253956940
254123149
254289359
254455568
254621778
254787987
254954197
255120407
255286616
255452825
255619034
255785245
255951454
256128743
256294953
256461163
256627372
256793581
256959791
257126000
257292210
257458419
257624628
257790838
257957047
258123257
258289467
258455676
258621885
258788095
258954304
259120514
259286723
259452933
259619142
259785351
259951561
260128853
260295060
260461271
260627479
260793689
260959898
261126109
261292317
261458527
261624736
261790946
261957155
262123366
262289574
262455784
262621994
262788202
262954412
263120623
263286830
263453040
263619249
263785459
263951668
264117879
264295167
264461377
264627586
264793796
264960005
265126215
265292424
265458633
265624843
265791052
265957262
266123471
266289681
266455890
266622100
266788309
266954519
267120728
267286937
267453147
267619356
267785566
267951775
268117985
268295275
268461484
268627694
268793903
268960113
269126322
269292532
269458741
269624951
269791160
269957369
270123579
270289788
270455998
270622207
270788417
270954626
271120836
271287045
271453254
271619464
271785673
271951883
272118092
272295382
272461592
272627801
272794011
272960220
273126430
273292639
273458848
273625058
273791267
273957477
274123686
274289896
274456105
274622315
274788524
274954734
275120943
275287153
275453362
275619571
275785781
275951990
276118200
276295490
276461699
276627908
276794118
276960327
277126537
277292746
277458956
277625165
277791375
277957584
278123793
278290003
278456213
278622422
278788631
278954841
279121050
279287260
279453469
279619678
279785888
279952097
280118307
280295597
280461806
280628016
280794225
280960435
281126644
281292853
281459062
281625272
281791481
281957691
282123900
282290109
282456320
282622529
282788739
282954948
283121157
283287367
283453576
283619786
283785995
283952205
284118414
284295704
284461914
284628124
284794333
284960542
285126751
285292961
285459170
285625380
285791589
285957799
286124008
286290218
286456427
286622636
286788847
286955055
287121265
287287474
287453684
287619893
287786102
287952312
288118522
288295811
288462021
288628230
288794440
288960649
289126859
289293068
289459277
289625487
289791696
289957906
290124115
290290325
290456534
290622743
290788953
290955162
291121372
291287581
291453791
291620001
291786210
291952419
292118629
292284838
292462128
292628337
292794547
292960757
293126966
293293175
293459385
293625594
293791804
293958013
294124223
294290432
294456641
294622851
294789060
294955270
295121479
295287689
295453898
295620108
295786317
295952527
296118736
296284945
296462236
296628445
296794654
296960864
297127073
297293283
297459492
297625701
297791911
297958121
298124330
298290540
298456749
298622958
298789168
298955377
299121586
299287796
299454006
299620215
299786424
299952634
300118843
300285053
300462343
300628552
300794762
300960971
301127180
301293390
301459599
301625809
301792018
301958228
302124437
302290647
302456856
302623066
302789275
302955484
303121694
303287903
303454113
303620322
303786531
303952741
304118950
304285160
304462450
304628659
304794869
304961079
305127288
305293497
305459707
305625916
305792126
305958335
306124545
306290754
306456963
306623173
306789382
306955592
307121801
307288011
307454220
307620430
307786639
307952849
308119058
308285267
308462558
308628767
308794976
308961186
309127395
309293605
309459814
309626024
309792233
309958443
310124652
310290861
310457071
310623280
310789490
310955699
311121909
311288118
311454328
311620537
311786747
311952956
312119166
312285375
312462665
312628874
312795084
312961293
313127502
313293712
313459921
313626131
313792340
313958550
314124759
314290968
314457178
314623387
314789597
314955807
315122016
315288225
315454435
315620644
315786854
315953063
316119273
316285482
316462772
316628982
316795191
316961400
317127610
317293819
317460029
317626238
317792448
317958657
318124866
318291076
318457286
318623495
318789704
318955914
319122123
319288333
319454542
319620752
319786961
319953170
320119380
320285590
320451799
320629090
320795299
320961510
321127718
321293927
321460137
321626347
321792555
321958766
322124974
322291184
322457393
322623603
322789812
322956022
323122231
323288440
323454650
323620860
323787069
323953280
324119488
324285697
324451907
324629196
324795406
324961616
325127824
325294034
325460243
325626453
325792662
325958873
326125081
326291291
326457500
326623710
326789919
326956128
327122338
327288547
327454757
327620966
327787176
327953386
328119595
328285804
328452013
328629304
328795513
328961723
329127932
329294141
329460351
329626561
329792770
329958979
330125189
330291398
330457608
330623817
330790027
330956236
331122445
331288655
331454864
331621074
331787283
331953493
332119702
332285912
332452121
332629411
332795621
332961830
333128040
333294249
333460459
333626668
333792877
333959087
334125296
334291506
334457715
334623925
334790134
334956343
335122553
335288762
335454972
335621181
335787391
335953600
336119810
336286019
336452229
336629518
336795728
336961938
337128147
337294356
337460566
337626775
337792985
337959194
338125404
338291613
338457822
338624032
338790241
338956451
339122661
339288870
339455079
339621289
339787498
339953707
340119917
340286127
340452336
340629626
340795835
340962045
341128254
341294464
341460673
341626883
341793092
341959301
342125511
342291721
342457930
342624139
342790349
342956559
343122768
343288977
343455187
343621396
343787605
343953815
344120024
344286234
344452443
344629733
344795943
344962152
345128362
345294571
345460781
345626991
345793200
345959409
346125618
346291828
346458037
346624247
346790456
346956666
347122875
347289085
347455294
347621503
347787714
347953922
348120132
348286341
348452551
348618760
348796050
348962260
349128469
349294679
349460888
349627097
349793307
349959516
350125726
350291935
350458145
350624354
350790564
350956773
351122982
351289193
351455401
351621611
351787820
351954030
352120239
352286449
352452658
352618867
352796158
352962367
353128577
353294786
353460995
353627205
353793415
353959624
354125833
354292043
354458252
354624462
354790671
354956881
355123090
355289300
355455509
355621718
355787928
355954137
356120347
356286556
356452766
356618975
356796265
356962475
357128684
357294893
357461103
357627312
357793522
357959731
358125941
358292150
358458360
358624569
358790779
358956988
359123197
359289407
359455616
359621826
359788036
359954245
360120454
360286664
360452873
360619083
360796372
360962582
361128791
361295001
361461211
361627420
361793629
361959839
362126048
362292258
362458467
362624677
362790886
362957095
363123305
363289514
363455724
363621933
363788143
363954352
364120562
364286771
364452981
364619190
364796480
364962690
365128899
365295108
365461318
365627527
365793737
365959946
366126156
366292365
366458575
366624784
366790993
366957203
367123413
367289622
367455831
367622041
367788250
367954460
368120669
368286879
368453088
368619297
368796588
368962797
369129006
369295216
369461425
369627635
369793844
369960054
370126263
370292473
370458682
370624892
370791101
370957310
371123520
371289729
371455939
371622148
371788358
371954567
372120777
372286986
372453196
372619405
372796695
372962904
373129114
373295323
373461533
373627743
373793952
373960161
374126371
374292580
374458789
374624999
374791209
374957418
375123627
375289837
375456046
375622256
375788465
375954675
376120884
376287093
376453303
376619513
376785722
376963012
377129221
377295431
377461640
377627850
377794059
377960269
378126478
378292688
378458897
378625107
378791316
378957526
379123735
379289944
379456154
379622363
379788573
379954782
380120992
380287201
380453410
380619620
380785829
380963120
381129329
381295538
381461748
381627958
381794169
381960376
382126586
382292795
382459006
382625214
382791425
382957633
383123843
383290052
383456261
383622471
383788682
383954890
384121099
384287309
384453518
384619728
384785938
384963227
385129436
385295646
385461855
385628065
385794275
385960484
386126693
386292902
386459112
386625321
386791531
386957740
387123950
387290159
387456369
387622578
387788788
387954997
388121207
388287416
388453625
388619835
388786044
388963334
389129544
389295753
389461963
389628172
389794382
389960591
390126801
390293010
390459220
390625429
390791638
390957848
391124057
391290267
391456476
391622686
391788895
391955104
392121314
392287524
392453733
392619942
392786152
392963442
393129651
393295861
393462070
393628280
393794489
393960699
394126908
394293118
394459327
394625536
394791746
394957955
395124165
395290374
395456584
395622793
395789003
395955212
396121422
396287631
396453840
396620050
396786260
396963550
397129759
397295968
397462178
397628387
397794597
397960806
398127015
398293225
398459434
398625644
398791854
398958063
399124272
399290482
399456691
399622901
399789110
399955319
400121529
400287738
400453948
400620157
400786367
400963657
401129866
401296076
401462285
401628495
401794704
401960914
402127123
402293333
402459542
402625751
402791961
402958170
403124380
403290589
403456799
403623008
403789218
403955427
404121637
404287846
404454056
404620265
404786474
404952684
405129974
405296183
405462393
405628602
405794812
405961021
406127231
406293440
406459650
406625859
406792069
406958278
407124488
407290697
407456906
407623116
407789325
407955535
408121744
408287953
408454163
408620373
408786582
408952792
409130082
409296291
409462500
409628710
409794919
409961128
410127338
410293547
410459757
410625966
410792176
410958385
411124595
411290805
411457014
411623223
411789433
411955642
412121852
412288061
412454270
412620480
412786690
412952899
413130189
413296399
413462608
413628818
413795027
413961236
414127446
414293655
414459865
414626074
414792284
414958493
415124702
415290912
415457121
415623331
415789540
415955750
416121959
416288168
416454378
416620587
416786797
416953007
417130296
417296506
417462715
417628925
417795134
417961344
418127553
418293763
418459972
418626181
418792391
418958601
419124810
419291019
419457229
419623438
419789648
419955857
420122067
420288276
420454486
420620695
420786904
420953114
421130404
421296614
421462823
421629032
421795242
421961451
422127661
422293870
422460079
422626289
422792499
422958708
423124917
423291127
423457336
423623546
423789755
423955964
424122174
424288384
424454593
424620802
424787012
424953222
425130511
425296721
425462931
425629140
425795349
425961559
426127768
426293978
426460187
426626397
426792606
426958815
427125025
427291234
427457444
427623653
427789863
427956072
428122282
428288491
428454700
428620910
428787120
428953329
429130619
429296829
429463038
429629248
429795457
429961666
430127876
430294085
430460295
430626504
430792714
430958923
431125132
431291342
431457551
431623761
431789970
431956180
432122389
432288599
432454808
432621018
432787227
432953436
433119646
433296936
433463146
433629355
433795564
433961774
434127983
434294193
434460402
434626612
434792821
434959031
435125240
435291450
435457659
435623868
435790078
435956287
436122497
436288706
436454916
436621125
436787335
436953544
437119753
437297044
437463253
437629463
437795672
437961881
438128091
438294300
438460510
438626719
438792929
438959138
439125348
439291557
439457766
439623976
439790185
439956395
440122604
440288814
440455023
440621233
440787442
440953652
441119861
441297152
441463361
441629572
441795781
441961989
442128199
442294408
442460618
442626828
442793036
442959246
443125456
443291665
443457874
443624085
443790293
443956503
444122712
444288921
444455131
444621342
444787550
444953759
445119969
445297259
445463468
445629678
445795887
445962096
446128306
446294515
446460725
446626934
446793143
446959353
447125562
447291772
447457981
447624192
447790400
447956610
448122819
448289029
448455238
448621448
448787657
448953866
449120076
449297366
449463576
449629785
449795995
449962204
450128414
450294623
450460832
450627042
450793251
450959461
451125670
451291880
451458089
451624298
451790508
451956717
452122927
452289136
452455346
452621555
452787765
452953974
453120184
453297474
453463683
453629893
453796102
453962312
454128521
454294730
454460940
454627150
454793359
454959569
455125778
455291987
455458197
455624406
455790616
455956825
456123035
456289244
456455453
456621663
456787872
456954082
457120291
457297581
457463791
457630000
457796210
457962419
458128629
458294838
458461047
458627257
458793466
458959676
459125885
459292095
459458304
459624514
459790724
459956932
460123142
460289351
460455561
460621770
460787980
460954189
461120398
461286608
461463898
461630108
461796317
461962527
462128736
462294946
462461155
462627364
462793574
462959783
463125993
463292202
463458412
463624621
463790831
463957040
464123250
464289459
464455669
464621878
464788087
464954297
465120506
465286716
465464006
465630215
465796425
465962634
466128844
466295054
466461263
466627472
466793681
466959891
467126100
467292310
467458519
467624729
467790938
467957148
468123357
468289567
468455776
468621986
468788195
468954405
469120614
469286823
469464113
469630323
469796532
469962742
470128951
470295161
470461370
470627579
470793789
470959998
471126208
471292417
471458627
471624836
471791046
471957255
472123465
472289674
472455883
472622093
472788303
472954512
473120721
473286931
473464221
473630430
473796640
473962850
474129059
474295268
474461478
474627687
474793897
474960106
475126316
475292525
475458734
475624944
475791153
475957363
476123572
476289782
476455991
476622201
476788410
476954620
477120829
477287039
477464329
477630538
477796747
477962957
478129167
478295376
478461585
478627795
478794005
478960214
479126423
479292633
479458842
479625052
479791261
479957471
480123680
480289889
480456099
480622308
480788518
480954727
481120937
481287146
481464436
481630645
481796855
481963065
482129274
482295483
482461693
482627902
482794112
482960321
483126531
483292740
483458950
483625159
483791369
483957578
484123788
484289997
484456207
484622416
484788626
484954835
485121044
485287254
485464544
485630753
485796963
485963172
486129382
486295591
486461801
486628010
486794219
486960429
487126639
487292848
487459057
487625267
487791476
487957686
488123895
488290105
488456314
488622524
488788733
488954943
489121152
489287361
489453571
489630861
489797071
489963280
490129489
490295699
490461908
490628118
490794327
490960537
491126746
491292956
491459165
491625375
491791584
491957794
492124003
492290212
492456422
492622631
492788841
492955050
493121260
493287469
493453679
493630968
493797178
493963387
494129597
494295807
494462016
494628225
494794435
494960644
495126854
495293063
495459273
495625482
495791692
495957901
496124111
496290320
496456529
496622739
496788948
496955158
497121367
497287577
497453786
497631076
497797286
497963495
498129705
498295914
498462123
498628333
498794542
498960752
499126961
499293171
499459380
499625590
499791799
499958009
500124218
500290428
500456637
500622847
500789056
500955265
501121475
501287684
501453894
501631186
501797394
501963603
502129812
502296022
502462233
502628441
502794650
502960860
503127069
503293279
503459489
503625698
503791909
503958117
504124326
504290535
504456746
504622955
504789164
504955373
505121584
505287792
505454003
505631292
505797501
505963710
506129920
506296129
506462339
506628548
506794757
506960967
507127177
507293386
507459596
507625805
507792015
507958224
508124433
508290643
508456853
508623062
508789271
508955480
509121690
509287899
509454110
509631399
509797609
509963818
510130027
510296237
510462446
510628656
510794865
510961075
511127284
511293494
511459703
511625913
511792122
511958332
512124541
512290750
512456960
512623170
512789379
512955588
513121798
513288007
513454217
513631507
513797716
513963926
514130135
514296344
514462554
514628764
514794973
514961182
515127392
515293601
515459811
515626020
515792230
515958439
516124649
516290858
516457067
516623277
516789487
516955696
517121905
517288115
517454325
517620534
517797824
517964033
518130243
518296452
518462662
518628871
518795080
518961290
519127499
519293709
519459918
519626128
519792337
519958547
520124756
520290966
520457175
520623385
520789594
520955803
521122013
521288222
521454432
521620641
521797931
521964141
522130350
522296560
522462769
522628979
522795188
522961398
523127607
523293817
523460026
523626236
523792445
523958655
524124864
524291074
524457283
524623492
524789702
524955912
525122121
525288330
525454539
525620749
525798039
525964249
526130458
526296668
526462877
526629087
526795296
526961505
527127715
527293924
527460134
527626343
527792553
527958762
528124972
528291181
528457391
528623600
528789809
528956019
529122229
529288438
529454647
529620857
529798147
529964356
530130566
530296775
530462984
530629194
530795404
530961613
531127823
531294032
531460241
531626451
531792660
531958870
532125079
532291289
532457498
532623707
532789917
532956126
533122336
533288545
533454755
533620964
533798255
533964464
534130673
534296883
534463093
534629302
534795511
534961721
535127930
535294140
535460349
535626558
535792768
535958978
536125187
536291396
536457606
536623816
536790025
536956234
537122444
537288653
537454863
537621072
537798362
537964572
538130781
538296991
538463200
538629409
538795619
538961828
539128038
539294247
539460457
539626666
539792876
539959085
540125294
540291504
540457713
540623923
540790132
540956342
541122551
541288761
541454970
541621180
541798470
541964679
542130889
542297098
542463308
542629517
542795726
542961936
543128145
543294355
543460564
543626774
543792983
543959193
544125402
544291612
544457821
544624031
544790240
544956450
545122659
545288868
545455078
545621287
545787497
545964787
546130996
546297206
546463415
546629625
546795834
546962044
547128253
547294462
547460672
547626882
547793091
547959300
548125510
548291720
548457929
548624138
548790348
548956557
549122767
549288976
549455185
549621395
549787605
549964894
550131104
550297313
550463523
550629732
550795942
550962152
551128361
551294570
551460780
551626989
551793200
551959408
552125618
552291827
552458037
552624246
552790455
552956665
553122875
553289084
553455293
553621503
553787712
553965002
554131212
554297421
554463631
554629840
554796049
554962259
555128469
555294678
555460887
555627097
555793306
555959515
556125725
556291935
556458144
556624354
556790563
556956772
557122982
557289192
557455401
557621610
557787820
557965110
558131319
558297529
558463738
558629948
558796157
558962367
559128576
559294786
559460995
559627205
559793414
559959623
560125833
560292042
560458252
560624461
560790671
560956880
561123090
561289299
561455508
561621718
561787928
561965218
562131428
562297638
562463846
562630056
562796265
562962475
563128684
563294895
563461103
563627313
563793522
563959731
564125941
564292152
564458360
564624569
564790779
564956988
565123198
565289409
565455616
565621826
565788036
565965325
566131534
566297744
566463953
566630163
566796372
566962582
567128791
567295001
567461210
567627420
567793629
567959839
568126048
568292258
568458467
568624676
568790886
568957095
569123305
569289515
569455724
569621933
569788143
569965433
570131642
570297852
570464061
570630271
570796480
570962689
571128899
571295109
571461318
571627527
571793737
571959946
572126156
572292365
572458575
572624784
572790994
572957203
573123413
573289622
573455831
573622041
573788250
573954460
574131750
574297959
574464169
574630378
574796588
574962797
575129007
575295216
575461426
575627635
575793845
575960054
576126263
576292473
576458683
576624892
576791101
576957311
577123520
577289730
577455939
577622150
577788358
577954568
578131858
578298067
578464277
578630486
578796695
578962905
579129114
579295324
579461533
579627743
579793952
579960162
580126371
580292581
580458791
580624999
580791209
580957419
581123628
581289837
581456047
581622256
581788466
581954675
582131965
582298175
582464384
582630594
582796803
582963013
583129222
583295432
583461641
583627850
583794060
583960270
584126479
584292688
584458898
584625108
584791317
584957526
585123736
585289945
585456155
585622364
585788573
585954783
586132073
586298283
586464492
586630702
586796911
586963120
587129330
587295539
587461749
587627958
587794168
587960377
588126587
588292796
588459005
588625215
588791425
588957634
589123843
589290053
589456262
589622472
589788681
589954891
590132181
590298390
590464599
590630809
590797018
590963228
591129437
591295647
591461856
591628066
591794275
591960485
592126694
592292904
592459113
592625323
592791532
592957741
593123951
593290160
593456370
593622579
593788789
593954998
594132288
594298498
594464707
594630917
594797126
594963336
595129545
595295754
595461964
595628173
595794383
595960592
596126802
596293012
596459221
596625430
596791640
596957849
597124059
597290268
597456477
597622687
597788897
597955106
598121316
598298606
598464815
598631025
598797234
598963444
599129653
599295863
599462072
599628281
599794492
