33242.0
232694.0
432145.0
631597.0
831049.0
1030501.0
1229953.0
1429405.0
1628856.0
1828308.0
2027760.0
2227212.0
2437745.0
2626115.0
2836648.0
3036100.0
3235552.0
3435004.0
3634455.0
3833908.0
4033359.0
4232811.0
4432262.0
4631714.0
4831167.0
5030618.0
5230070.0
5429521.0
5628973.0
5828426.0
6027877.0
6238409.0
6437861.0
6637313.0
6836765.0
7036217.0
7235669.0
7435120.0
7634571.0
7834024.0
8033475.0
8232928.0
8432379.0
8631831.0
8831284.0
9030734.0
9230186.0
9429638.0
9640170.0
9839622.0
10039073.0
10238526.0
10437977.0
10626349.0
10836881.0
11036333.0
11235785.0
11435236.0
11634688.0
11834140.0
12033592.0
12233043.0
12432495.0
12643046.0
12842480.0
13041931.0
13241383.0
13440835.0
13640287.0
13839739.0
14039190.0
14238643.0
14438094.0
14637546.0
14836997.0
15036449.0
15235901.0
15435353.0
15634805.0
15834257.0
16033709.0
16244241.0
16443692.0
16643146.0
16842596.0
17042048.0
17241500.0
17440955.0
17640404.0
17839855.0
18039308.0
18238759.0
18438211.0
18637663.0
18837114.0
19036566.0
19247099.0
19446551.0
19646002.0
19845454.0
20044906.0
20244358.0
20443809.0
20643261.0
20842714.0
21042165.0
21241617.0
21441068.0
21640520.0
21839972.0
22039424.0
22238875.0
22438327.0
22648860.0
22848312.0
23047764.0
23247215.0
23446667.0
23646119.0
23845571.0
24045023.0
24244475.0
24443927.0
24643378.0
24842830.0
25042281.0
25241733.0
25441185.0
25651718.0
25840089.0
26039541.0
26250074.0
26449525.0
26648977.0
26848429.0
27047881.0
27247332.0
27446784.0
27646236.0
27845688.0
28045139.0
28244591.0
28432963.0
28643495.0
28842946.0
29053479.0
29241850.0
29452383.0
29640754.0
29840206.0
30050738.0
30250190.0
30449642.0
30649094.0
30848546.0
31047997.0
31225288.0
31446901.0
31646353.0
31845805.0
32045257.0
32244709.0
32444160.0
32643612.0
32854145.0
33053596.0
33253048.0
33452500.0
33651952.0
33851404.0
34050855.0
34250307.0
34449759.0
34649211.0
34848663.0
35048115.0
35247567.0
35458099.0
35646470.0
35857002.0
36045374.0
36255906.0
36455358.0
36654809.0
36854262.0
37053713.0
37253165.0
37452617.0
37652069.0
37851521.0
38050973.0
38250425.0
38449876.0
38649328.0
38859861.0
39048232.0
39258764.0
39458216.0
39657668.0
39857119.0
40056571.0
40256023.0
40455475.0
40654927.0
40854379.0
41053831.0
41253282.0
41452734.0
41641105.0
41851638.0
42051090.0
42250542.0
42461074.0
42649445.0
42859978.0
43059430.0
43258881.0
43458333.0
43657785.0
43857237.0
44056689.0
44256141.0
44455592.0
44655044.0
44854497.0
45053948.0
45253400.0
45452852.0
45652303.0
45862836.0
46062288.0
46261739.0
46461191.0
46660643.0
46860095.0
47059547.0
47258999.0
47458450.0
47657903.0
47857354.0
48056806.0
48256259.0
48455710.0
48655162.0
48854613.0
49065146.0
49264597.0
49464049.0
49663501.0
49851873.0
50062405.0
50261857.0
50461309.0
50660761.0
50860213.0
51059664.0
51259116.0
51458568.0
51658020.0
51868553.0
52056923.0
52256375.0
52455827.0
52666360.0
52865812.0
53065263.0
53264715.0
53464167.0
53663619.0
53863071.0
54062522.0
54261974.0
54461426.0
54660878.0
54860330.0
55059782.0
55259234.0
55458685.0
55669218.0
55868669.0
56068122.0
56267573.0
56467025.0
56666477.0
56865929.0
57065381.0
57264833.0
57464285.0
57663736.0
57863189.0
58062640.0
58262092.0
58461544.0
58660996.0
58871528.0
59059900.0
59270432.0
59469883.0
59669335.0
59868787.0
60068239.0
60267691.0
60467142.0
60666594.0
60866046.0
61065499.0
61264950.0
61464402.0
61663854.0
61863306.0
62062757.0
62262210.0
62472742.0
62672195.0
62871646.0
63071098.0
63270550.0
63470002.0
63669454.0
63868905.0
64068357.0
64267810.0
64467260.0
64666714.0
64866165.0
65065616.0
65265068.0
65464520.0
65675052.0
65874504.0
66073956.0
66273408.0
66472860.0
66672312.0
66871763.0
67071215.0
67270667.0
67470119.0
67669570.0
67869022.0
68068474.0
68267926.0
68467378.0
68666830.0
68877362.0
69076814.0
69276266.0
69475718.0
69675169.0
69874621.0
70074073.0
70273525.0
70484058.0
70672429.0
70871880.0
71071332.0
71270784.0
71470236.0
71680769.0
71869140.0
72079672.0
72279124.0
72478576.0
72678028.0
72877480.0
73076931.0
73276383.0
73475835.0
73675287.0
73874739.0
74074191.0
74273642.0
74473094.0
74672546.0
74871998.0
75071450.0
75281982.0
75481434.0
75680886.0
75880338.0
76079790.0
76279242.0
76478695.0
76678145.0
76877597.0
77077049.0
77276501.0
77475954.0
77675405.0
77874857.0
78074309.0
78273760.0
78484293.0
78683745.0
78883196.0
79082649.0
79282100.0
79481552.0
79681003.0
79880455.0
80079907.0
80279359.0
80478811.0
80678263.0
80877715.0
81077167.0
81276619.0
81476071.0
81686603.0
81874975.0
82085508.0
82284959.0
82484411.0
82683862.0
82883314.0
83082766.0
83282218.0
83481669.0
83681122.0
83880574.0
84080025.0
84279477.0
84478929.0
84678381.0
84877833.0
85077285.0
85287818.0
85487269.0
85686722.0
85886173.0
86085624.0
86285076.0
86484528.0
86683980.0
86883432.0
87082884.0
87282335.0
87481787.0
87681239.0
87880691.0
88080143.0
88279595.0
88490128.0
88689579.0
88889031.0
89077402.0
89287935.0
89487387.0
89686839.0
89886290.0
90085742.0
90285194.0
90484647.0
90684098.0
90883550.0
91094082.0
91282453.0
91481905.0
91692438.0
91880809.0
92091341.0
92290798.0
92490245.0
92689697.0
92889149.0
93088601.0
93288053.0
93487504.0
93686956.0
93886408.0
94085860.0
94285312.0
94484764.0
94684216.0
94883667.0
95083120.0
95293652.0
95493103.0
95692556.0
95892007.0
96091459.0
96290911.0
96490363.0
96689815.0
96889267.0
97088718.0
97288170.0
97487623.0
97687074.0
97886526.0
98085978.0
98285430.0
98495962.0
98695414.0
98894866.0
99094318.0
99293770.0
99493221.0
99692673.0
99892125.0
100091577.0
100291029.0
100490481.0
100689933.0
100889384.0
101088836.0
101288288.0
101487740.0
101687192.0
101886644.0
102097176.0
102296628.0
102496080.0
102695532.0
102894985.0
103094436.0
103293887.0
103493340.0
103692791.0
103892244.0
104091695.0
104291147.0
104490598.0
104690051.0
104889502.0
105088954.0
105299487.0
105498939.0
105698390.0
105897842.0
106097294.0
106296746.0
106496198.0
106695650.0
106895102.0
107094554.0
107294005.0
107493457.0
107692909.0
107892361.0
108091812.0
108291264.0
108490716.0
108701249.0
108900701.0
109100154.0
109299604.0
109499056.0
109687428.0
109897960.0
110097412.0
110296864.0
110496316.0
110695768.0
110895220.0
111094671.0
111294123.0
111493575.0
111704108.0
111903559.0
112103012.0
112302464.0
112501915.0
112701367.0
112900819.0
113100271.0
113299723.0
113499174.0
113698626.0
113898078.0
114097530.0
114296982.0
114496434.0
114695886.0
114906418.0
115094789.0
115305322.0
115504773.0
115704226.0
115903677.0
116103129.0
116302581.0
116502033.0
116701485.0
116900937.0
117100388.0
117299840.0
117499292.0
117698745.0
117898197.0
118108728.0
118297100.0
118507632.0
118707084.0
118906536.0
119105988.0
119305440.0
119504891.0
119704343.0
119903795.0
120103247.0
120302699.0
120502151.0
120701602.0
120901055.0
121100506.0
121299958.0
121510491.0
121709943.0
121909395.0
122108847.0
122308299.0
122507752.0
122707203.0
122906654.0
123106106.0
123305558.0
123505010.0
123704462.0
123903914.0
124103365.0
124302817.0
124502270.0
124701721.0
124912253.0
125111706.0
125311158.0
125510610.0
125710061.0
125909512.0
126108964.0
126308416.0
126507868.0
126707320.0
126906772.0
127106224.0
127305676.0
127505128.0
127704579.0
127904031.0
128114564.0
128302935.0
128513467.0
128712919.0
128912371.0
129111823.0
129311274.0
129510726.0
129710179.0
129909630.0
130109082.0
130297453.0
130507986.0
130707438.0
130906889.0
131106341.0
131316874.0
131516326.0
131715778.0
131915229.0
132114681.0
132314134.0
132513585.0
132713038.0
132912489.0
133111941.0
133311393.0
133510845.0
133710296.0
133909748.0
134109200.0
134308652.0
134519184.0
134707556.0
134918088.0
135117540.0
135316991.0
135516443.0
135715896.0
135915347.0
136114799.0
136314251.0
136513703.0
136713155.0
136912607.0
137112059.0
137311511.0
137510962.0
137710414.0
137909866.0
138120398.0
138319850.0
138519302.0
138718754.0
138918206.0
139117659.0
139317110.0
139516562.0
139716014.0
139915465.0
140114917.0
140314369.0
140513821.0
140713273.0
140912725.0
141112177.0
141311628.0
141522161.0
141721613.0
141921064.0
142120517.0
142319969.0
142519420.0
142718873.0
142918324.0
143117776.0
143317228.0
143516680.0
143716131.0
143915585.0
144115036.0
144314487.0
144525020.0
144713391.0
144923923.0
145123375.0
145322827.0
145522279.0
145721731.0
145921183.0
146120634.0
146320086.0
146519538.0
146718990.0
146918442.0
147117894.0
147317346.0
147516797.0
147716249.0
147915701.0
148126234.0
148325686.0
148525138.0
148724589.0
148912961.0
149123493.0
149322945.0
149522397.0
149721848.0
149921300.0
150120752.0
150320204.0
150519656.0
150719108.0
150929641.0
151118012.0
151317463.0
151527996.0
151727448.0
151926900.0
152126352.0
152325804.0
152525255.0
152724707.0
152924159.0
153123611.0
153323063.0
153522515.0
153721967.0
153921419.0
154131951.0
154320323.0
154519774.0
154719226.0
154929760.0
155129210.0
155328662.0
155528114.0
155727566.0
155927018.0
156126470.0
156325922.0
156525373.0
156724825.0
156924278.0
157123729.0
157323181.0
157522632.0
157722084.0
157921537.0
158132069.0
158331521.0
158530973.0
158730425.0
158929877.0
159129328.0
159328780.0
159528232.0
159727684.0
159927136.0
160126588.0
160326039.0
160525491.0
160724943.0
160924395.0
161123847.0
161334379.0
161533832.0
161733284.0
161932735.0
162132187.0
162331639.0
162531091.0
162730543.0
162929994.0
163129446.0
163328898.0
163528350.0
163727802.0
163927254.0
164126706.0
164326158.0
164536690.0
164736142.0
164935594.0
165135046.0
165334498.0
165533949.0
165733401.0
165932853.0
166132305.0
166331757.0
166531209.0
166730661.0
166930113.0
167129565.0
167329016.0
167528468.0
167739001.0
167938452.0
168137904.0
168337356.0
168536808.0
168736260.0
168935711.0
169135164.0
169334620.0
169522987.0
169733520.0
169932971.0
170132423.0
170331875.0
170531326.0
170730779.0
170930231.0
171129682.0
171340215.0
171539667.0
171739119.0
171938570.0
172138022.0
172337474.0
172536926.0
172736378.0
172935830.0
173135282.0
173334733.0
173534186.0
173733638.0
173933089.0
174132541.0
174331993.0
174542525.0
174741977.0
174941429.0
175140881.0
175340332.0
175539785.0
175739237.0
175938688.0
176138140.0
176337592.0
176537044.0
176736496.0
176935948.0
177135399.0
177334851.0
177534316.0
177744836.0
177944287.0
178143739.0
178343191.0
178542643.0
178742095.0
178941547.0
179140999.0
179340451.0
179539903.0
179739355.0
179938807.0
180138258.0
180337710.0
180537162.0
180736614.0
180947147.0
181146599.0
181346051.0
181545503.0
181744955.0
181944406.0
182143858.0
182343312.0
182542762.0
182742214.0
182941666.0
183141118.0
183340570.0
183540021.0
183739473.0
183938925.0
184149459.0
184337830.0
184548361.0
184747813.0
184947265.0
185146717.0
185346170.0
185545620.0
185745073.0
185944524.0
186143976.0
186343428.0
186542880.0
186742333.0
186941783.0
187141235.0
187351767.0
187540139.0
187750671.0
187950123.0
188138494.0
188349027.0
188548479.0
188747930.0
188947382.0
189146835.0
189346286.0
189545738.0
189745190.0
189944642.0
190155174.0
190343545.0
190554078.0
190742449.0
190952982.0
191141353.0
191351885.0
191551337.0
191750789.0
191950242.0
192149693.0
192349145.0
192548597.0
192748049.0
192947500.0
193146953.0
193346404.0
193545856.0
193745308.0
193944760.0
194155292.0
194343664.0
194554196.0
194753648.0
194953100.0
195152552.0
195352004.0
195551455.0
195750907.0
195950359.0
196149811.0
196349263.0
196548715.0
196748167.0
196947618.0
197147070.0
197346522.0
197545974.0
197756506.0
197955958.0
198155410.0
198354862.0
198554314.0
198753766.0
198953217.0
199152669.0
199352121.0
199551573.0
199751025.0
199950478.0
200149929.0
200349381.0
200559913.0
200748284.0
200958817.0
201158269.0
201357721.0
201557173.0
201756625.0
201956077.0
202155528.0
202354980.0
202554432.0
202753884.0
202953337.0
203152787.0
203352239.0
203551691.0
203751143.0
203950595.0
204161127.0
204360580.0
204560031.0
204759483.0
204958935.0
205158387.0
205357839.0
205557291.0
205756742.0
205956194.0
206155646.0
206355098.0
206554550.0
206754002.0
206953454.0
207152905.0
207352357.0
207562890.0
207762342.0
207961794.0
208161246.0
208360698.0
208560149.0
208748520.0
208959053.0
209158505.0
209357956.0
209557408.0
209756861.0
209956313.0
210155764.0
210355216.0
210554668.0
210765200.0
210964652.0
211164104.0
211363556.0
211563008.0
211762460.0
211961912.0
212161363.0
212360815.0
212560267.0
212759720.0
212959172.0
213158623.0
213358075.0
213557527.0
213756979.0
213956430.0
214155882.0
214366414.0
214565866.0
214765320.0
214964770.0
215164222.0
215363674.0
215563126.0
215762578.0
215962030.0
216161481.0
216360934.0
216560385.0
216759839.0
216959289.0
217158741.0
217369273.0
217568725.0
217768177.0
217967629.0
218167081.0
218366532.0
218565985.0
218765437.0
218964888.0
219164341.0
219363792.0
219563244.0
219762696.0
219962148.0
220161599.0
220361051.0
220571585.0
220771036.0
220970487.0
221169939.0
221369391.0
221568844.0
221768295.0
221967747.0
222167199.0
222366651.0
222566103.0
222765554.0
222965006.0
223164458.0
223363910.0
223563363.0
223762814.0
223973346.0
224172798.0
224372250.0
224571702.0
224771154.0
224970606.0
225170058.0
225369509.0
225568961.0
225768413.0
225967865.0
226167317.0
226366769.0
226566221.0
226765672.0
226976205.0
227164576.0
227364028.0
227574561.0
227774013.0
227973464.0
228172916.0
228372368.0
228571820.0
228771272.0
228970724.0
229170176.0
229380708.0
229569079.0
229768532.0
229967983.0
230178515.0
230366887.0
230577419.0
230765791.0
230976323.0
231175775.0
231375228.0
231574679.0
231774131.0
231973583.0
232173034.0
232372487.0
232571938.0
232771390.0
232970842.0
233170294.0
233369745.0
233569197.0
233768649.0
233968101.0
234178634.0
234378086.0
234577537.0
234776990.0
234976441.0
235175893.0
235375345.0
235574797.0
235774249.0
235973701.0
236173152.0
236372605.0
236572056.0
236771508.0
236970960.0
237170411.0
237380944.0
237580396.0
237779848.0
237979300.0
238178752.0
238378204.0
238577656.0
238777108.0
238976559.0
239176011.0
239375464.0
239574915.0
239774367.0
239973818.0
240173270.0
240372722.0
240583255.0
240771626.0
240982159.0
241181612.0
241381063.0
241580515.0
241779967.0
241979418.0
242178872.0
242378322.0
242577774.0
242777226.0
242976678.0
243176130.0
243375581.0
243575033.0
243785566.0
243985018.0
244184472.0
244383921.0
244583373.0
244782825.0
244982277.0
245181730.0
245381181.0
245580633.0
245780084.0
245979537.0
246178988.0
246378440.0
246577891.0
246777344.0
246976795.0
247176248.0
247386780.0
247586232.0
247785684.0
247974055.0
248184587.0
248384039.0
248583491.0
248782943.0
248982394.0
249181847.0
249381298.0
249580750.0
249780202.0
249990735.0
250179106.0
250378558.0
250589091.0
250788542.0
250987994.0
251187446.0
251386898.0
251586350.0
251785801.0
251985254.0
252184705.0
252384157.0
252583609.0
252783061.0
252982513.0
253181965.0
253381417.0
253580868.0
253791401.0
253990853.0
254190305.0
254389756.0
254589208.0
254788660.0
254988112.0
255187564.0
255387016.0
255586468.0
255785920.0
255985373.0
256184824.0
256384275.0
256561566.0
256783179.0
256982631.0
257193163.0
257392615.0
257592067.0
257791519.0
257990971.0
258190422.0
258389875.0
258589326.0
258788778.0
258988230.0
259187682.0
259387134.0
259586586.0
259786038.0
259985490.0
260184941.0
260395474.0
260594925.0
260794378.0
260993829.0
261193289.0
261392733.0
261592185.0
261791638.0
261991089.0
262190541.0
262389993.0
262589445.0
262788897.0
262988348.0
263187800.0
263387252.0
263586704.0
263786156.0
263996688.0
264196140.0
264395592.0
264595044.0
264794496.0
264993947.0
265193399.0
265392851.0
265592303.0
265791755.0
265991207.0
266190659.0
266390110.0
266589563.0
266789014.0
266999547.0
267198998.0
267398451.0
267597902.0
267797354.0
267996806.0
268196258.0
268395710.0
268584081.0
268794614.0
268994066.0
269193518.0
269392970.0
269592421.0
269791873.0
269991325.0
270201857.0
270401309.0
270600761.0
270800213.0
270999665.0
271199117.0
271398568.0
271598021.0
271797472.0
271996924.0
272196376.0
272395828.0
272595280.0
272794732.0
272994184.0
273193635.0
273393087.0
273603620.0
273803072.0
274002523.0
274201976.0
274401428.0
274600881.0
274800331.0
274999783.0
275199235.0
275398686.0
275598138.0
275797590.0
275997042.0
276196494.0
276395946.0
276595399.0
276794849.0
277005382.0
277204834.0
277404286.0
277603738.0
277803189.0
278002642.0
278202093.0
278401545.0
278600997.0
278800449.0
278999901.0
279199353.0
279398804.0
279598256.0
279808789.0
279997160.0
280207693.0
280396064.0
280606596.0
280806049.0
281005500.0
281204952.0
281404404.0
281603856.0
281803308.0
282002759.0
282202211.0
282401663.0
282601115.0
282800567.0
283000019.0
283199470.0
283410003.0
283609455.0
283808907.0
284008359.0
284207815.0
284407262.0
284606714.0
284806166.0
285005618.0
285205070.0
285404522.0
285603973.0
285803425.0
286002877.0
286202329.0
286401781.0
286612313.0
286800685.0
287011217.0
287199588.0
287410121.0
287609573.0
287809025.0
288008477.0
288207929.0
288407380.0
288606832.0
288806284.0
289005736.0
289216269.0
289404639.0
289604091.0
289803543.0
290002995.0
290213528.0
290412980.0
290612432.0
290811885.0
291011335.0
291210787.0
291410239.0
291609691.0
291809142.0
292008594.0
292208047.0
292407498.0
292606951.0
292806402.0
293005854.0
293205306.0
293404758.0
293615290.0
293814742.0
294014194.0
294213645.0
294413098.0
294612550.0
294812002.0
295011453.0
295210907.0
295410357.0
295609809.0
295809261.0
296008713.0
296208164.0
296407617.0
296618149.0
296817601.0
297005972.0
297216504.0
297415956.0
297615409.0
297814860.0
298014312.0
298213764.0
298413215.0
298612668.0
298812119.0
299011571.0
299211023.0
299410475.0
299609927.0
299809379.0
300019913.0
300219364.0
300418815.0
300618267.0
300817719.0
301017171.0
301216623.0
301416074.0
301615527.0
301814979.0
302014431.0
302213882.0
302413334.0
302612786.0
302812238.0
302989528.0
303211142.0
303421674.0
303621125.0
303820579.0
304020029.0
304219482.0
304418933.0
304618385.0
304817837.0
305017289.0
305216741.0
305416193.0
305615645.0
305815096.0
306014550.0
306214000.0
306413452.0
306623984.0
306823436.0
307022888.0
307222339.0
307421792.0
307621244.0
307842857.0
308020148.0
308219599.0
308419051.0
308618503.0
308817955.0
309017407.0
309216858.0
309427391.0
309615762.0
309826295.0
310025746.0
310225199.0
310424650.0
310624103.0
310823555.0
311023006.0
311222458.0
311421910.0
311621362.0
311820814.0
312020266.0
312219718.0
312419170.0
312618621.0
312818073.0
313028606.0
313228057.0
313427509.0
313626962.0
313826413.0
314025865.0
314225317.0
314424769.0
314624221.0
314823672.0
315023124.0
315222576.0
315422028.0
315621480.0
315820932.0
316020384.0
316230916.0
316419288.0
316629820.0
316829272.0
317028724.0
317228176.0
317427628.0
317627079.0
317826531.0
318025983.0
318225435.0
318424887.0
318624339.0
318823791.0
319023243.0
319222695.0
319422146.0
319621598.0
319832131.0
320031583.0
320231034.0
320430486.0
320629938.0
320829390.0
321028842.0
321228294.0
321427745.0
321627198.0
321826650.0
322026101.0
322225553.0
322425005.0
322624457.0
322823908.0
323034441.0
323233893.0
323433345.0
323632797.0
323832249.0
324031700.0
324231152.0
324430604.0
324630057.0
324829508.0
325028960.0
325228412.0
325427864.0
325627315.0
325826767.0
326026219.0
326236752.0
326425123.0
326635655.0
326835107.0
327034559.0
327234011.0
327433463.0
327632915.0
327832366.0
328031818.0
328231270.0
328419642.0
328630176.0
328829626.0
329029078.0
329228529.0
329427981.0
329627433.0
329837966.0
330037418.0
330236869.0
330436322.0
330635773.0
330835225.0
331034678.0
331234129.0
331433581.0
331633033.0
331832485.0
332031936.0
332231388.0
332430840.0
332630292.0
332829744.0
333040276.0
333239728.0
333439180.0
333638632.0
333838084.0
334037536.0
334236987.0
334436440.0
334635891.0
334835343.0
335034795.0
335234247.0
335433699.0
335633151.0
335832603.0
336032054.0
336242587.0
336442039.0
336641491.0
336840943.0
337040394.0
337239847.0
337439298.0
337638750.0
337838202.0
338037653.0
338237105.0
338436558.0
338636009.0
338835461.0
339045994.0
339234365.0
339444897.0
339644349.0
339843801.0
340043253.0
340242706.0
340442157.0
340641608.0
340841060.0
341040512.0
341239964.0
341439416.0
341638868.0
341838320.0
342037772.0
342237224.0
342436676.0
342647208.0
342835579.0
343046112.0
343245564.0
343445015.0
343644467.0
343843919.0
344043371.0
344242823.0
344442275.0
344641727.0
344841178.0
345040630.0
345240082.0
345439534.0
345638986.0
345849519.0
346048970.0
346248422.0
346447874.0
346647326.0
346846778.0
347035149.0
347245681.0
347445134.0
347644585.0
347844037.0
348043489.0
348242941.0
348442393.0
348641845.0
348841296.0
349051831.0
349251281.0
349450733.0
349650184.0
349849636.0
350049088.0
350248540.0
350447992.0
350647444.0
350846896.0
351046348.0
351245800.0
351445252.0
351644704.0
351844155.0
352043608.0
352243059.0
352442511.0
352653043.0
352852495.0
353051955.0
353251399.0
353450851.0
353639222.0
353849755.0
354049206.0
354248658.0
354448110.0
354647562.0
354847014.0
355046466.0
355245918.0
355445370.0
355644821.0
355855354.0
356054805.0
356254257.0
356453710.0
356653161.0
356852613.0
357052065.0
357251517.0
357450969.0
357661502.0
357849873.0
358049325.0
358248776.0
358448228.0
358647681.0
358847132.0
359057665.0
359246035.0
359456569.0
359644940.0
359855472.0
360054924.0
360254376.0
360453828.0
360653280.0
360852732.0
361052184.0
361251635.0
361451087.0
361650540.0
361849992.0
362049443.0
362259975.0
362448347.0
362658879.0
362858332.0
363057783.0
363257234.0
363456687.0
363656139.0
363855591.0
364055042.0
364254494.0
364453946.0
364653398.0
364852850.0
365052302.0
365251754.0
365451205.0
365650657.0
365861190.0
366060641.0
366260093.0
366459545.0
366658997.0
366858449.0
367057901.0
367257353.0
367456805.0
367645176.0
367855708.0
368055160.0
368254612.0
368454064.0
368653515.0
368852967.0
369052419.0
369262952.0
369462404.0
369661855.0
369861307.0
370060759.0
370260211.0
370459664.0
370659115.0
370858567.0
371058019.0
371257471.0
371456923.0
371656374.0
371855826.0
372055278.0
372265811.0
372465262.0
372664714.0
372864166.0
373063618.0
373263070.0
373462522.0
373661974.0
373861426.0
374060877.0
374260329.0
374459781.0
374659234.0
374858685.0
375058136.0
375257588.0
375457040.0
375667573.0
375855944.0
376055396.0
376265929.0
376465381.0
376664832.0
376864284.0
377063736.0
377263188.0
377462640.0
377662092.0
377861543.0
378060996.0
378249367.0
378459899.0
378659351.0
378858803.0
379069336.0
379268788.0
379468240.0
379656611.0
379867143.0
380066595.0
380266047.0
380465499.0
380664950.0
380864402.0
381063855.0
381263306.0
381462758.0
381662210.0
381839501.0
382050033.0
382238404.0
382460018.0
382670550.0
382870002.0
383069454.0
383268906.0
383468358.0
383656729.0
383867261.0
384066713.0
384266165.0
384465617.0
384665069.0
384864521.0
385063973.0
385263425.0
385473957.0
385673409.0
385872861.0
386072313.0
386293926.0
386471217.0
386670668.0
386870120.0
387069572.0
387269024.0
387468476.0
387667928.0
387867380.0
388066832.0
388277365.0
388465735.0
388676268.0
388875720.0
389075172.0
389274624.0
389474076.0
389673527.0
389872980.0
390072431.0
390271883.0
390471335.0
390670787.0
390870239.0
391069691.0
391269143.0
391468595.0
391668046.0
391867498.0
392066950.0
392277483.0
392476934.0
392676386.0
392875838.0
393075290.0
393274742.0
393474195.0
393673646.0
393873098.0
394072550.0
394272004.0
394482534.0
394670905.0
394870357.0
395069809.0
395269261.0
395479793.0
395679245.0
395878697.0
396078149.0
396277601.0
396477053.0
396676505.0
396875957.0
397075409.0
397274861.0
397474312.0
397684845.0
397873216.0
398072668.0
398272120.0
398471572.0
398682104.0
398881556.0
399081008.0
399280460.0
399479912.0
399679364.0
399878816.0
400078268.0
400277720.0
400477171.0
400676623.0
400876075.0
401075527.0
401274979.0
401474431.0
401673883.0
401884415.0
402083867.0
402283319.0
402482771.0
402682223.0
402881675.0
403081127.0
403280580.0
403480030.0
403679482.0
403878934.0
404078386.0
404277838.0
404477290.0
404676742.0
404876193.0
405086726.0
405275097.0
405485630.0
405685082.0
405884534.0
406083986.0
406283437.0
406482889.0
406682342.0
406870713.0
407081245.0
407280697.0
407480149.0
407679601.0
407879053.0
408078505.0
408277957.0
408477408.0
408687941.0
408887393.0
409086845.0
409286296.0
409485749.0
409685200.0
409884653.0
410084104.0
410283556.0
410483008.0
410682460.0
410881913.0
411081363.0
411280815.0
411480267.0
411679719.0
411890252.0
412089704.0
412289155.0
412488607.0
412688059.0
412887511.0
413086964.0
413286415.0
413485867.0
413685319.0
413884771.0
414084223.0
414283674.0
414483127.0
414682583.0
414882031.0
415059321.0
415269853.0
415480385.0
415690919.0
415890370.0
416089822.0
416289274.0
416488726.0
416688178.0
416887630.0
417087081.0
417286533.0
417485985.0
417685437.0
417884889.0
418084341.0
418283793.0
418483244.0
418693779.0
418893230.0
419092682.0
419292133.0
419491585.0
419691038.0
419890489.0
420089941.0
420289393.0
420488845.0
420688297.0
420887748.0
421087200.0
421286652.0
421486104.0
421685557.0
421896088.0
422084460.0
422294992.0
422494444.0
422693897.0
422893348.0
423092800.0
423292253.0
423491704.0
423691156.0
423890607.0
424090059.0
424289511.0
424488963.0
424688415.0
424887868.0
425087319.0
425286771.0
425475142.0
425696755.0
425896207.0
426095659.0
426295111.0
426494562.0
426694015.0
426893466.0
427092918.0
427292370.0
427469661.0
427691274.0
427890726.0
428090178.0
428300710.0
428489081.0
428699614.0
428899066.0
429098518.0
429297970.0
429497421.0
429696873.0
429896326.0
430095783.0
430295229.0
430494681.0
430694133.0
430893585.0
431093036.0
431292489.0
431503021.0
431702473.0
431901925.0
432101377.0
432300828.0
432500280.0
432699732.0
432899184.0
433098636.0
433298088.0
433497540.0
433696992.0
433896443.0
434095895.0
434295347.0
434494799.0
434694251.0
434893703.0
435104235.0
435303687.0
435503139.0
435702591.0
435902043.0
436101495.0
436300947.0
436500399.0
436699851.0
436899302.0
437098755.0
437298206.0
437497659.0
437697110.0
437896563.0
438096014.0
438306547.0
438505998.0
438705450.0
438904902.0
439104354.0
439303806.0
439503258.0
439702710.0
439902162.0
440101613.0
440301066.0
440500517.0
440699969.0
440899421.0
441098873.0
441298325.0
441508857.0
441708309.0
441907761.0
442107213.0
442306665.0
442506117.0
442705568.0
442893940.0
443104473.0
443303924.0
443503376.0
443702828.0
443902281.0
444101732.0
444301184.0
444500636.0
444711168.0
444899540.0
445076830.0
445287363.0
445508976.0
445708427.0
445907880.0
446096250.0
446306784.0
446506235.0
446705687.0
446905139.0
447104591.0
447304043.0
447503495.0
447702947.0
447913479.0
448112931.0
448312383.0
448511834.0
448711287.0
448910739.0
449110190.0
449309642.0
449509095.0
449708546.0
449907998.0
450107450.0
450306902.0
450506354.0
450705806.0
450905258.0
451104711.0
451304161.0
451514694.0
451714145.0
451913597.0
452113063.0
452312501.0
452511953.0
452711405.0
452910857.0
453110309.0
453309761.0
453509213.0
453708665.0
453908116.0
454107571.0
454307020.0
454506472.0
454705924.0
454916457.0
455115908.0
455315360.0
455514812.0
455714264.0
455913716.0
456113168.0
456312620.0
456512071.0
456711524.0
456910976.0
457110428.0
457309879.0
457509331.0
457708783.0
457908235.0
458107686.0
458318220.0
458517671.0
458717123.0
458916575.0
459116027.0
459315480.0
459514931.0
459714383.0
459913835.0
460113286.0
460312738.0
460512190.0
460711642.0
460911094.0
461110546.0
461309997.0
461520530.0
461719982.0
461919434.0
462118886.0
462318338.0
462517791.0
462717242.0
462916693.0
463116145.0
463315597.0
463515049.0
463714501.0
463913953.0
464113405.0
464312856.0
464512309.0
464711761.0
464911212.0
465121745.0
465321197.0
465520649.0
465720101.0
465919553.0
466119004.0
466318456.0
466517908.0
466728441.0
466916812.0
467116264.0
467315715.0
467515168.0
467714620.0
467914071.0
468113523.0
468324056.0
468523508.0
468722960.0
468922411.0
469121863.0
469321315.0
469520768.0
469720219.0
469919671.0
470119122.0
470318574.0
470518027.0
470717478.0
470916930.0
471116382.0
471326915.0
471526367.0
471725819.0
471925270.0
472124722.0
472324174.0
472523626.0
472723078.0
472922530.0
473121982.0
473321434.0
473520886.0
473720337.0
473919789.0
474119241.0
474318693.0
474518145.0
474728678.0
474928129.0
475127581.0
475327033.0
475526485.0
475725937.0
475925388.0
476124840.0
476324293.0
476523745.0
476723197.0
476922648.0
477122100.0
477321552.0
477521004.0
477720456.0
477919908.0
478130441.0
478329893.0
478529345.0
478728796.0
478928248.0
479127700.0
479327152.0
479526605.0
479726055.0
479925508.0
480124959.0
480324412.0
480523865.0
480723316.0
480922767.0
481133300.0
481332751.0
481532203.0
481731655.0
481931107.0
482130559.0
482330011.0
482529463.0
482728915.0
482928366.0
483127819.0
483327270.0
483526724.0
483726174.0
483925626.0
484125078.0
484324530.0
484535062.0
484734514.0
484933966.0
485133417.0
485321789.0
485532321.0
485731774.0
485931225.0
486130678.0
486330129.0
486529582.0
486740113.0
486928485.0
487139018.0
487338469.0
487526840.0
487726292.0
487936824.0
488136282.0
488335729.0
488535180.0
488734633.0
488934084.0
489133536.0
489332988.0
489532440.0
489731892.0
489931344.0
490130796.0
490330248.0
490529699.0
490740232.0
490939683.0
491128055.0
491338589.0
491526959.0
491737491.0
491936943.0
492136395.0
492335847.0
492535299.0
492734751.0
492934203.0
493133655.0
493333106.0
493532558.0
493732010.0
493931462.0
494130914.0
494330366.0
494540899.0
494740351.0
494939802.0
495139254.0
495338706.0
495538158.0
495737610.0
495937062.0
496136514.0
496335965.0
496535417.0
496734869.0
496934321.0
497133773.0
497333225.0
497543758.0
497732128.0
497942661.0
498142113.0
498341565.0
498541017.0
498740469.0
498939921.0
499139373.0
499338824.0
499538276.0
499737729.0
499937180.0
500136632.0
500336084.0
500535536.0
500734987.0
500934440.0
501144972.0
501344424.0
501543876.0
501743328.0
501942780.0
502142232.0
502341684.0
502541136.0
502740587.0
502940039.0
503139491.0
503338943.0
503538394.0
503737846.0
503937298.0
504136750.0
504336202.0
504546735.0
504746187.0
504945639.0
505145091.0
505344542.0
505543994.0
505743446.0
505931817.0
506142350.0
506341802.0
506541254.0
506740705.0
506940157.0
507139613.0
507339061.0
507538513.0
507737965.0
507948499.0
508147950.0
508347401.0
508546853.0
508746305.0
508945758.0
509145209.0
509344661.0
509544113.0
509743564.0
509943017.0
510142468.0
510341920.0
510541372.0
510740824.0
510951357.0
511139728.0
511350261.0
511549712.0
511749164.0
511948616.0
512148068.0
512347520.0
512546971.0
512746424.0
512945875.0
513145327.0
513344779.0
513544231.0
513743683.0
513943135.0
514142587.0
514353119.0
514552571.0
514752023.0
514951475.0
515150927.0
515350379.0
515549830.0
515749282.0
515937654.0
516148186.0
516347638.0
516547091.0
516746542.0
516945994.0
517145446.0
517344898.0
517555431.0
517743802.0
517954335.0
518153786.0
518353238.0
518552690.0
518752142.0
518951593.0
519151045.0
519350497.0
519549950.0
519749402.0
519948853.0
520148305.0
520347757.0
520547209.0
520746667.0
520946112.0
521156645.0
521356097.0
521555549.0
521755000.0
521954453.0
522153904.0
522353356.0
522552808.0
522752260.0
522951712.0
523151164.0
523350616.0
523550068.0
523749520.0
523948971.0
524159504.0
524347875.0
524547327.0
524757859.0
524957311.0
525156763.0
525356215.0
525555667.0
525755119.0
525954571.0
526154023.0
526353475.0
526564007.0
526752379.0
526951830.0
527151282.0
527350735.0
527561267.0
527760718.0
527960170.0
528159622.0
528359074.0
528558526.0
528757978.0
528957430.0
529156882.0
529356334.0
529555786.0
529755237.0
529954689.0
530154141.0
530353593.0
530553045.0
530752497.0
530951949.0
531162482.0
531361933.0
531561385.0
531760837.0
531960289.0
532159741.0
532359193.0
532558646.0
532758097.0
532957548.0
533157001.0
533356452.0
533555904.0
533755356.0
533965888.0
534165340.0
534364792.0
534564244.0
534763696.0
534963148.0
535162600.0
535362052.0
535561503.0
535760955.0
535960407.0
536159860.0
536359311.0
536558763.0
536758215.0
536957667.0
537157118.0
537367653.0
537567104.0
537766555.0
537966007.0
538165459.0
538364911.0
538564363.0
538763815.0
538963267.0
539162719.0
539362172.0
539561623.0
539761074.0
539960527.0
540159978.0
540359431.0
540558882.0
540769414.0
540968866.0
541168318.0
541367770.0
541567222.0
541766674.0
541966125.0
542165578.0
542365030.0
542564481.0
542763933.0
542963385.0
543162837.0
543362289.0
543561740.0
543761192.0
543971725.0
544171177.0
544370629.0
544570081.0
544769532.0
544968984.0
545157356.0
545367888.0
545567340.0
545766792.0
545966244.0
546165696.0
546365147.0
546564599.0
546764051.0
546963503.0
547174036.0
547362407.0
547572939.0
547772391.0
547971843.0
548171295.0
548370747.0
548570199.0
548769651.0
548969103.0
549168556.0
549368006.0
549567458.0
549766910.0
549966362.0
550165821.0
550376347.0
550564718.0
550775250.0
550974703.0
551174155.0
551373606.0
551573058.0
551772510.0
551971962.0
552171414.0
552370866.0
552570317.0
552769769.0
552969221.0
553168675.0
553368125.0
553567577.0
553767029.0
553977561.0
554177013.0
554376465.0
554575917.0
554775369.0
554974820.0
555174273.0
555373724.0
555573176.0
555772628.0
555972080.0
556171532.0
556370984.0
556570436.0
556780968.0
556969340.0
557168791.0
557368243.0
557578777.0
557778228.0
557977680.0
558177131.0
558376583.0
558576035.0
558775487.0
558974939.0
559174391.0
559373843.0
559573295.0
559772747.0
559972207.0
560171651.0
560371102.0
560581635.0
560781087.0
560980539.0
561179990.0
561379442.0
561578894.0
561778346.0
561977798.0
562177249.0
562376703.0
562576154.0
562775606.0
562975057.0
563174509.0
563373961.0
563584494.0
563772865.0
563983398.0
564182849.0
564382301.0
564581753.0
564781205.0
564980657.0
565180109.0
565379561.0
565579013.0
565767384.0
565977916.0
566177368.0
566376820.0
566576272.0
566786805.0
566975176.0
567185708.0
567385161.0
567584612.0
567784064.0
567983516.0
568182968.0
568382420.0
568581872.0
568781324.0
568980775.0
569180227.0
569379679.0
569579131.0
569778583.0
569978035.0
570177487.0
570388019.0
570587471.0
570786923.0
570986374.0
571185827.0
571385279.0
571584730.0
571784191.0
571983634.0
572183086.0
572382539.0
572581991.0
572781442.0
572980894.0
573180346.0
573379797.0
573590330.0
573778702.0
573989234.0
574188686.0
574388137.0
574587590.0
574787042.0
574986493.0
575185945.0
575385397.0
575584849.0
575784301.0
575983753.0
576183205.0
576382656.0
576582108.0
576781560.0
576992093.0
577191545.0
577390997.0
577590449.0
577789901.0
577989352.0
578188805.0
578388256.0
578587708.0
578787160.0
578986612.0
579186064.0
579385515.0
579584968.0
579784419.0
579983871.0
580183323.0
580393856.0
580593307.0
580792759.0
580992211.0
581191663.0
581391115.0
581590567.0
581790019.0
581989470.0
582188923.0
582388374.0
582587826.0
582787278.0
582986730.0
583186182.0
583385634.0
583596167.0
583795619.0
583995070.0
584194522.0
584382893.0
584593426.0
584792878.0
584992330.0
585191782.0
585391233.0
585590685.0
585790137.0
585989589.0
586189041.0
586399573.0
586587945.0
586798477.0
586997929.0
587197382.0
587396833.0
587596285.0
587795737.0
587995189.0
588194640.0
588394092.0
588593544.0
588792996.0
588992448.0
589191900.0
589391352.0
589590804.0
589790256.0
589989707.0
590200240.0
590399692.0
590599144.0
590798596.0
590998048.0
591197499.0
591396954.0
591596403.0
591795855.0
591995307.0
592194759.0
592394212.0
592593663.0
592793114.0
592992566.0
593192018.0
593391470.0
593590922.0
593801455.0
594000906.0
594200358.0
594399810.0
594599262.0
594798715.0
594998166.0
595197617.0
595397069.0
595596521.0
595795973.0
595995425.0
596194877.0
596394329.0
596593781.0
596804314.0
597003766.0
597203219.0
597402670.0
597602121.0
597801579.0
598001025.0
598200478.0
598399929.0
598599381.0
598798833.0
598998285.0
599197736.0
599397188.0
599596641.0
