144047.0
343506.0
542951.0
753483.0
952935.0
1152387.0
1351839.0
1551291.0
1750743.0
1950194.0
2149646.0
2349098.0
2548550.0
2748001.0
2947453.0
3146905.0
3346357.0
3545808.0
3745260.0
3944712.0
4144164.0
4343616.0
4543067.0
4742519.0
4953052.0
5152503.0
5340880.0
5551407.0
5750859.0
5950311.0
6138682.0
6349214.0
6548666.0
6748118.0
6947569.0
7147021.0
7346473.0
7545925.0
7745377.0
7944829.0
8144280.0
8343732.0
8543184.0
8742636.0
8942088.0
9141540.0
9340992.0
9540443.0
9750976.0
9939347.0
10149879.0
10349331.0
10548782.0
10748235.0
10947686.0
11147138.0
11346590.0
11546042.0
11745494.0
11944945.0
12144398.0
12343849.0
12543301.0
12742753.0
12942204.0
13141657.0
13341108.0
13540560.0
13740012.0
13939463.0
14138916.0
14338367.0
14548901.0
14748351.0
14947803.0
15147255.0
15346707.0
15546159.0
15745610.0
15945062.0
16144514.0
16343966.0
16543417.0
16742869.0
16942321.0
17141773.0
17341225.0
17540677.0
17740129.0
17939580.0
18139032.0
18338484.0
18537936.0
18748468.0
18947920.0
19147372.0
19346824.0
19546276.0
19745727.0
19934099.0
20144631.0
20344083.0
20543534.0
20742986.0
20942438.0
21141891.0
21341342.0
21540794.0
21740246.0
21950778.0
22139149.0
22338601.0
22538053.0
22737505.0
22948037.0
23147489.0
23346941.0
23546392.0
23745844.0
23945296.0
24144748.0
24344200.0
24543652.0
24743103.0
24942555.0
25142007.0
25341459.0
25540911.0
25740363.0
25939814.0
26139266.0
26338718.0
26538170.0
26737622.0
26937074.0
27136525.0
27335977.0
27546511.0
27745961.0
27945414.0
28144865.0
28344317.0
28543769.0
28743220.0
28942672.0
29142124.0
29341576.0
29541028.0
29740480.0
29939931.0
30139383.0
30338836.0
30538287.0
30737738.0
30937190.0
31136642.0
31336094.0
31535546.0
31734998.0
31945530.0
32144982.0
32344434.0
32543886.0
32743338.0
32942789.0
33142242.0
33341693.0
33541145.0
33740597.0
33940048.0
34139501.0
34338952.0
34538404.0
34737856.0
34937308.0
35136760.0
35336212.0
35535663.0
35746197.0
35934567.0
36134019.0
36344552.0
36544003.0
36743455.0
36942907.0
37142358.0
37341810.0
37541263.0
37740716.0
37940170.0
38139618.0
38339070.0
38538522.0
38737974.0
38937426.0
39136877.0
39336329.0
39535781.0
39735234.0
39934685.0
40134137.0
40344668.0
40533040.0
40743574.0
40943025.0
41142476.0
41341928.0
41541380.0
41740831.0
41940283.0
42139735.0
42339187.0
42538640.0
42738092.0
42937543.0
43136994.0
43336446.0
43535898.0
43735351.0
43934803.0
44134253.0
44333705.0
44533157.0
44743690.0
44943142.0
45142594.0
45330966.0
45541497.0
45740949.0
45940401.0
46139853.0
46339305.0
46527676.0
46738208.0
46937660.0
47137112.0
47336563.0
47536015.0
47735467.0
47934919.0
48134371.0
48333823.0
48544355.0
48732727.0
48932179.0
49131630.0
49331082.0
49541615.0
49741067.0
49940518.0
50139970.0
50339422.0
50538874.0
50738326.0
50937778.0
51137229.0
51336681.0
51536133.0
51735585.0
51935037.0
52134489.0
52333941.0
52533392.0
52732844.0
52932296.0
53131748.0
53331200.0
53541732.0
53730104.0
53940636.0
54140088.0
54339539.0
54539005.0
54738447.0
54937895.0
55137347.0
55336799.0
55536251.0
55735703.0
55935154.0
56134607.0
56334058.0
56533510.0
56732962.0
56932413.0
57131866.0
57331317.0
57530769.0
57730221.0
57940754.0
58129125.0
58339657.0
58539109.0
58738561.0
58938013.0
59137465.0
59336916.0
59536369.0
59735820.0
59935272.0
60134724.0
60334176.0
60533628.0
60733079.0
60932531.0
61131983.0
61331435.0
61530887.0
61730339.0
61929790.0
62129243.0
62328694.0
62539227.0
62738679.0
62938132.0
63137582.0
63337035.0
63536486.0
63735938.0
63935390.0
64134842.0
64334294.0
64533746.0
64733197.0
64932649.0
65132101.0
65331553.0
65531005.0
65730457.0
65929908.0
66129360.0
66328812.0
66528264.0
66727716.0
66938248.0
67137700.0
67337152.0
67536604.0
67736056.0
67935508.0
68134959.0
68334411.0
68533863.0
68733315.0
68932767.0
69132219.0
69331671.0
69531122.0
69730574.0
69930026.0
70129478.0
70328930.0
70528381.0
70727833.0
70927285.0
71126737.0
71337270.0
71536721.0
71736174.0
71935625.0
72135078.0
72334529.0
72533981.0
72733433.0
72932885.0
73121256.0
73331788.0
73531240.0
73730692.0
73930144.0
74129595.0
74329047.0
74528500.0
74727951.0
74927403.0
75137936.0
75326307.0
75536840.0
75736291.0
75935743.0
76135196.0
76334647.0
76534099.0
76733550.0
76933002.0
77132454.0
77331906.0
77531358.0
77730810.0
77930262.0
78129714.0
78329165.0
78528617.0
78728069.0
78927521.0
79126973.0
79326425.0
79525877.0
79725328.0
79924780.0
80135313.0
80334764.0
80534217.0
80733668.0
80933120.0
81132573.0
81332024.0
81531476.0
81730928.0
81930380.0
82129831.0
82329283.0
82528735.0
82728187.0
82927639.0
83127091.0
83326543.0
83525994.0
83725446.0
83935979.0
84124350.0
84334882.0
84534335.0
84733786.0
84933238.0
85132690.0
85332142.0
85531594.0
85731046.0
85930498.0
86129950.0
86329401.0
86528853.0
86728305.0
86927756.0
87127208.0
87326660.0
87526112.0
87725564.0
87925016.0
88124468.0
88323920.0
88523372.0
88733904.0
88922276.0
89132808.0
89332260.0
89531713.0
89731163.0
89930616.0
90130067.0
90329519.0
90528971.0
90728423.0
90927875.0
91127326.0
91326778.0
91526230.0
91725682.0
91925134.0
92124586.0
92324038.0
92523489.0
92734023.0
92922393.0
93132926.0
93321297.0
93531830.0
93731287.0
93930733.0
94130185.0
94329637.0
94529089.0
94728541.0
94927992.0
95127444.0
95326896.0
95526348.0
95725800.0
95925252.0
96124704.0
96324155.0
96523607.0
96723059.0
96922511.0
97121963.0
97321415.0
97520866.0
97720318.0
97930851.0
98130303.0
98329755.0
98529207.0
98728659.0
98928110.0
99127563.0
99327015.0
99526466.0
99714837.0
99925370.0
100124821.0
100324273.0
100523725.0
100723177.0
100922629.0
101122081.0
101321533.0
101520985.0
101731518.0
101930969.0
102119340.0
102329873.0
102529325.0
102728777.0
102928229.0
103127680.0
103327132.0
103526584.0
103726036.0
103925488.0
104124940.0
104324392.0
104523844.0
104723296.0
104922747.0
105122199.0
105321651.0
105521102.0
105720554.0
105931087.0
106119459.0
106329991.0
106529442.0
106728894.0
106928346.0
107127798.0
107327250.0
107526702.0
107726154.0
107925606.0
108125057.0
108324510.0
108523961.0
108723413.0
108922865.0
109122317.0
109321769.0
109521221.0
109720673.0
109920125.0
110119576.0
110319028.0
110518480.0
110729013.0
110917383.0
111127916.0
111327368.0
111526820.0
111726272.0
111925724.0
112125176.0
112324628.0
112524079.0
112723531.0
112922983.0
113122435.0
113321887.0
113521339.0
113720790.0
113920242.0
114119694.0
114319146.0
114518598.0
114718050.0
114917502.0
115128035.0
115327487.0
115526939.0
115726390.0
115925842.0
116125294.0
116324746.0
116524198.0
116723650.0
116923102.0
117122553.0
117322005.0
117521459.0
117720909.0
117920361.0
118119814.0
118319265.0
118518717.0
118718169.0
118917620.0
119117073.0
119316524.0
119527057.0
119715428.0
119925960.0
120125412.0
120324864.0
120524317.0
120723768.0
120923219.0
121122671.0
121322124.0
121521576.0
121721027.0
121920479.0
122119931.0
122319382.0
122518835.0
122718286.0
122917738.0
123117190.0
123316642.0
123516094.0
123715546.0
123926078.0
124114450.0
124313902.0
124524433.0
124723886.0
124923337.0
125122789.0
125322241.0
125521693.0
125721145.0
125920597.0
126120048.0
126330582.0
126518952.0
126718404.0
126917856.0
127117309.0
127316759.0
127516211.0
127715664.0
127926196.0
128125648.0
128325099.0
128524552.0
128724003.0
128923455.0
129122907.0
129322360.0
129521811.0
129721263.0
129920714.0
130120167.0
130319622.0
130519070.0
130718522.0
130917974.0
131117426.0
131316878.0
131516330.0
131715782.0
131926314.0
132114685.0
132325218.0
132513589.0
132724121.0
132923573.0
133123025.0
133322477.0
133521929.0
133721381.0
133920833.0
134120284.0
134319738.0
134519188.0
134718640.0
134918092.0
135117544.0
135316996.0
135516448.0
135715900.0
135915351.0
136114803.0
136325336.0
136513707.0
136724240.0
136923692.0
137123144.0
137322596.0
137522048.0
137721499.0
137920951.0
138120403.0
138319855.0
138519307.0
138718759.0
138918211.0
139117662.0
139317114.0
139516566.0
139716018.0
139915470.0
140114922.0
140314373.0
140524907.0
140713277.0
140912729.0
141123262.0
141311633.0
141522165.0
141721617.0
141921069.0
142120522.0
142319973.0
142519425.0
142718877.0
142918329.0
143117781.0
143317232.0
143516684.0
143716136.0
143915588.0
144115040.0
144325572.0
144513944.0
144713396.0
144912847.0
145112300.0
145311751.0
145511203.0
145710655.0
145921187.0
146109560.0
146320091.0
146519543.0
146718994.0
146918447.0
147117898.0
147306270.0
147516802.0
147716254.0
147915706.0
148115158.0
148314610.0
148514062.0
148713513.0
148912965.0
149112418.0
149311869.0
149522401.0
149710773.0
149921305.0
150120758.0
150320210.0
150508580.0
150719113.0
150907484.0
151118017.0
151306388.0
151516920.0
151716372.0
151915824.0
152115276.0
152314728.0
152514180.0
152713632.0
152902003.0
153112535.0
153311988.0
153522520.0
153710891.0
153910343.0
154109794.0
154320327.0
154508699.0
154719231.0
154918683.0
155118135.0
155317587.0
155517038.0
155716490.0
155915943.0
156115394.0
156314846.0
156514299.0
156713750.0
156913201.0
157112653.0
157312105.0
157511557.0
157711009.0
157910461.0
158109913.0
158309365.0
158508819.0
158719349.0
158907720.0
159118253.0
159317704.0
159517156.0
159716608.0
159916060.0
160115512.0
160314964.0
160514416.0
160713868.0
160913336.0
161112772.0
161312223.0
161511675.0
161711127.0
161910580.0
162110031.0
162309483.0
162508935.0
162708387.0
162907839.0
163118371.0
163306742.0
163517275.0
163716727.0
163916179.0
164115630.0
164315082.0
164514535.0
164713986.0
164913438.0
165112890.0
165312341.0
165511793.0
165711245.0
165910697.0
166110149.0
166309601.0
166509053.0
166708504.0
166907956.0
167107408.0
167306860.0
167517393.0
167705764.0
167916297.0
168115749.0
168315200.0
168514652.0
168714104.0
168913556.0
169113008.0
169312459.0
169511911.0
169711364.0
169910815.0
170110267.0
170309719.0
170509170.0
170708623.0
170908075.0
171107527.0
171306978.0
171506430.0
171705882.0
171905334.0
172104786.0
172315318.0
172514770.0
172714222.0
172913674.0
173113125.0
173312577.0
173512029.0
173711481.0
173910933.0
174110385.0
174309837.0
174509289.0
174708740.0
174908193.0
175107644.0
175307096.0
175506548.0
175706000.0
175905452.0
176104904.0
176304355.0
176503808.0
176714340.0
176913792.0
177113244.0
177312695.0
177501066.0
177711600.0
177911051.0
178110503.0
178309955.0
178509407.0
178708859.0
178908311.0
179107762.0
179307214.0
179517747.0
179706118.0
179905570.0
180105022.0
180304473.0
180503925.0
180703377.0
180902829.0
181113362.0
181312814.0
181512266.0
181711718.0
181911169.0
182110621.0
182310073.0
182509525.0
182708977.0
182908429.0
183107881.0
183307332.0
183506784.0
183706236.0
183905688.0
184105140.0
184304592.0
184504044.0
184703495.0
184902947.0
185113480.0
185301851.0
185512384.0
185711836.0
185911287.0
186110739.0
186310191.0
186509643.0
186709094.0
186908546.0
187107998.0
187307450.0
187506903.0
187706354.0
187905806.0
188105258.0
188304710.0
188504162.0
188703613.0
188903065.0
189102517.0
189301969.0
189501421.0
189700873.0
189900325.0
190110858.0
190310309.0
190509761.0
190709213.0
190908665.0
191108116.0
191307568.0
191507020.0
191706472.0
191905924.0
192105376.0
192304828.0
192504280.0
192703731.0
192903183.0
193102636.0
193302087.0
193501539.0
193700991.0
193911524.0
194099895.0
194310429.0
194509880.0
194709331.0
194908783.0
195108235.0
195307687.0
195507139.0
195706591.0
195906044.0
196105495.0
196304948.0
196504398.0
196703850.0
196903302.0
197102753.0
197302206.0
197501657.0
197701109.0
197900561.0
198100013.0
198299465.0
198498917.0
198709449.0
198908901.0
199108352.0
199307807.0
199507257.0
199706708.0
199906160.0
200105611.0
200305064.0
200504516.0
200703968.0
200903420.0
201102872.0
201302324.0
201501775.0
201701227.0
201900679.0
202100132.0
202299584.0
202499035.0
202698486.0
202909019.0
203108471.0
203307922.0
203507374.0
203706826.0
203906278.0
204094649.0
204305182.0
204504634.0
204704086.0
204903537.0
205102989.0
205302441.0
205501893.0
205701345.0
205900797.0
206078088.0
206299701.0
206499152.0
206698605.0
206898056.0
207097508.0
207296960.0
207507492.0
207706945.0
207906396.0
208105848.0
208305300.0
208504752.0
208704204.0
208903655.0
209103108.0
209302559.0
209502011.0
209701463.0
209900915.0
210100367.0
210299818.0
210499270.0
210698722.0
210898174.0
211097626.0
211297078.0
211507610.0
211695982.0
211906514.0
212105967.0
212305418.0
212504870.0
212704322.0
212903774.0
213103225.0
213302677.0
213502129.0
213701581.0
213901033.0
214100486.0
214299936.0
214499388.0
214698840.0
214898292.0
215097745.0
215297197.0
215496648.0
215696100.0
215895551.0
216106084.0
216305535.0
216504987.0
216704440.0
216903891.0
217103343.0
217302795.0
217502247.0
217701699.0
217901151.0
218100603.0
218300055.0
218499507.0
218698958.0
218898410.0
219097862.0
219297314.0
219496766.0
219696218.0
219895670.0
220095121.0
220294573.0
220505106.0
220693477.0
220904010.0
221103461.0
221302913.0
221502365.0
221701817.0
221901270.0
222100720.0
222300173.0
222499624.0
222699076.0
222898528.0
223097980.0
223297432.0
223496884.0
223696335.0
223906868.0
224095239.0
224294691.0
224494143.0
224693595.0
224893047.0
225103580.0
225303031.0
225502483.0
225701935.0
225901387.0
226100838.0
226300290.0
226499742.0
226699194.0
226898646.0
227098098.0
227297550.0
227497002.0
227696453.0
227895906.0
228095357.0
228294809.0
228494261.0
228693713.0
228893165.0
229092617.0
229292068.0
229502601.0
229702052.0
229901504.0
230100957.0
230300408.0
230499860.0
230688231.0
230898764.0
231098216.0
231297668.0
231497120.0
231696572.0
231896024.0
232095475.0
232294927.0
232494379.0
232704911.0
232893283.0
233092734.0
233292186.0
233502719.0
233691090.0
233901623.0
234101075.0
234300529.0
234499978.0
234699431.0
234898882.0
235098334.0
235297786.0
235497238.0
235696690.0
235896142.0
236095593.0
236295045.0
236494497.0
236693949.0
236893401.0
237092853.0
237292304.0
237491756.0
237691224.0
237890660.0
238090112.0
238300644.0
238500096.0
238699548.0
238899000.0
239098452.0
239297903.0
239497356.0
239696807.0
239896259.0
240095711.0
240295164.0
240494615.0
240694068.0
240893519.0
241092971.0
241292422.0
241491874.0
241691326.0
241890779.0
242090230.0
242289682.0
242489134.0
242688587.0
242888038.0
243098570.0
243298022.0
243497474.0
243696926.0
243896377.0
244095829.0
244295281.0
244494733.0
244694185.0
244893637.0
245093089.0
245292541.0
245491993.0
245691444.0
245890896.0
246090348.0
246289800.0
246489252.0
246688703.0
246888155.0
247098688.0
247298140.0
247497592.0
247697044.0
247896496.0
248095948.0
248295400.0
248494852.0
248694303.0
248893755.0
249093207.0
249292658.0
249492110.0
249691562.0
249891014.0
250090466.0
250289917.0
250489369.0
250688821.0
250888273.0
251087725.0
251287177.0
251486629.0
251697162.0
251896613.0
252096065.0
252295517.0
252494969.0
252694421.0
252893872.0
253093324.0
253292776.0
253492228.0
253691680.0
253891132.0
254090584.0
254290036.0
254489489.0
254688940.0
254888392.0
255087843.0
255287295.0
255486747.0
255686199.0
255896731.0
256096183.0
256295635.0
256495087.0
256694538.0
256893990.0
257093442.0
257281814.0
257492346.0
257691798.0
257891250.0
258090702.0
258290154.0
258489605.0
258689057.0
258888509.0
259087961.0
259298498.0
259486865.0
259686317.0
259896849.0
260085220.0
260295753.0
260495205.0
260694657.0
260894108.0
261093561.0
261293013.0
261492464.0
261691916.0
261891368.0
262090820.0
262290272.0
262489723.0
262689175.0
262888627.0
263088079.0
263287531.0
263486982.0
263686434.0
263885886.0
264085338.0
264295871.0
264484242.0
264694775.0
264894226.0
265093678.0
265293131.0
265492582.0
265692034.0
265891486.0
266090937.0
266290389.0
266489841.0
266689293.0
266888745.0
267088197.0
267287649.0
267487100.0
267686552.0
267886005.0
268085456.0
268284908.0
268484360.0
268694892.0
268883264.0
269093796.0
269293248.0
269492699.0
269692151.0
269891603.0
270091056.0
270290507.0
270489959.0
270689411.0
270888864.0
271088315.0
271287767.0
271487219.0
271686670.0
271886122.0
272085574.0
272285026.0
272484478.0
272683930.0
272883382.0
273082833.0
273282285.0
273481737.0
273692270.0
273891722.0
274091175.0
274290626.0
274490077.0
274689529.0
274888981.0
275088433.0
275287885.0
275487337.0
275686789.0
275886240.0
276085693.0
276285144.0
276484596.0
276684048.0
276883500.0
277082952.0
277282403.0
277481855.0
277681307.0
277891840.0
278091292.0
278290743.0
278490195.0
278689647.0
278889099.0
279088553.0
279288003.0
279487454.0
279686906.0
279886358.0
280085810.0
280285262.0
280484714.0
280684166.0
280883618.0
281083071.0
281282521.0
281481973.0
281681425.0
281880877.0
282080329.0
282290861.0
282479232.0
282689765.0
282889216.0
283088668.0
283288120.0
283487572.0
283687024.0
283875396.0
284085929.0
284285380.0
284484832.0
284684284.0
284883735.0
285083188.0
285282639.0
285482091.0
285681543.0
285892076.0
286080447.0
286290979.0
286479350.0
286689883.0
286889335.0
287088787.0
287288239.0
287487690.0
287687142.0
287886594.0
288086046.0
288285498.0
288484950.0
288684402.0
288883854.0
289083305.0
289282757.0
289482209.0
289681661.0
289881113.0
290080565.0
290280016.0
290479468.0
290678920.0
290878372.0
291088905.0
291288356.0
291487808.0
291687260.0
291886712.0
292086164.0
292285616.0
292485068.0
292684519.0
292883972.0
293083423.0
293282875.0
293482332.0
293681778.0
293881231.0
294080682.0
294280134.0
294479586.0
294679038.0
294878490.0
295089023.0
295277393.0
295487927.0
295687378.0
295886830.0
296086282.0
296285734.0
296485185.0
296684637.0
296884090.0
297083541.0
297282993.0
297482445.0
297681897.0
297881349.0
298080801.0
298280252.0
298479704.0
298679156.0
298878608.0
299078060.0
299277512.0
299476964.0
299676415.0
299886948.0
300086401.0
300285852.0
300485303.0
300684756.0
300884207.0
301083659.0
301283111.0
301482563.0
301682017.0
301881467.0
302080918.0
302280371.0
302479822.0
302679274.0
302878726.0
303078178.0
303277630.0
303477081.0
303676534.0
303887066.0
304086518.0
304285970.0
304485422.0
304684874.0
304884326.0
305083777.0
305283230.0
305482681.0
305682133.0
305881584.0
306081036.0
306280488.0
306479940.0
306679392.0
306878844.0
307078296.0
307277748.0
307477200.0
307676651.0
307876103.0
308075556.0
308275007.0
308474459.0
308684991.0
308884443.0
309083895.0
309283347.0
309482799.0
309682251.0
309881702.0
310081155.0
310280607.0
310468977.0
310679510.0
310878962.0
311078414.0
311277866.0
311477318.0
311676770.0
311876221.0
312075673.0
312275125.0
312485657.0
312674029.0
312873480.0
313084013.0
313283465.0
313482917.0
313682369.0
313881821.0
314081273.0
314280724.0
314480177.0
314679628.0
314879080.0
315078532.0
315277984.0
315477436.0
315676888.0
315876339.0
316075791.0
316275243.0
316474695.0
316674147.0
316873598.0
317073050.0
317272502.0
317483035.0
317682487.0
317881939.0
318081390.0
318280842.0
318480294.0
318679746.0
318879198.0
319078650.0
319278101.0
319477554.0
319677006.0
319876457.0
320075909.0
320275361.0
320474813.0
320674265.0
320873716.0
321073169.0
321272620.0
321483153.0
321671524.0
321882057.0
322081508.0
322280960.0
322480412.0
322679864.0
322879315.0
323078767.0
323278219.0
323477672.0
323677123.0
323876575.0
324076027.0
324275479.0
324474931.0
324674383.0
324873834.0
325073286.0
325272738.0
325472191.0
325671642.0
325871094.0
326070546.0
326281078.0
326480530.0
326679982.0
326879434.0
327078885.0
327278341.0
327477790.0
327677241.0
327876693.0
328076145.0
328275597.0
328475049.0
328674501.0
328873952.0
329073404.0
329272857.0
329472308.0
329671760.0
329871212.0
330070664.0
330270116.0
330469567.0
330680100.0
330879552.0
331079004.0
331278456.0
331477907.0
331677359.0
331876811.0
332076263.0
332275715.0
332475167.0
332674619.0
332874071.0
333073522.0
333272974.0
333472426.0
333671878.0
333871330.0
334070782.0
334270234.0
334469686.0
334669137.0
334868589.0
335068041.0
335278573.0
335478026.0
335677477.0
335876929.0
336076381.0
336275833.0
336475286.0
336674736.0
336874189.0
337062560.0
337273092.0
337472544.0
337671996.0
337871448.0
338070900.0
338270351.0
338469803.0
338669255.0
338868707.0
339079240.0
339267611.0
339478143.0
339677595.0
339877047.0
340076500.0
340275951.0
340475403.0
340674855.0
340874307.0
341073758.0
341273210.0
341472662.0
341672114.0
341871566.0
342071018.0
342270470.0
342469922.0
342669373.0
342868825.0
343068277.0
343267729.0
343467181.0
343666632.0
343877165.0
344076617.0
344276069.0
344475521.0
344674973.0
344874424.0
345073877.0
345273328.0
345472780.0
345672232.0
345871684.0
346071136.0
346270587.0
346470039.0
346669491.0
346868943.0
347068396.0
347267847.0
347467299.0
347666751.0
347877283.0
348065654.0
348276187.0
348464558.0
348675090.0
348874542.0
349073994.0
349273446.0
349472898.0
349672350.0
349871801.0
350071254.0
350270706.0
350470157.0
350669609.0
350869061.0
351068513.0
351267966.0
351467416.0
351666869.0
351877402.0
352076853.0
352276306.0
352475757.0
352675209.0
352874661.0
353074112.0
353273565.0
353473016.0
353672469.0
353871922.0
354071373.0
354270824.0
354470275.0
354669728.0
354869181.0
355068632.0
355268083.0
355467535.0
355666987.0
355866440.0
356065890.0
356265343.0
356475875.0
356675327.0
356874779.0
357074230.0
357273682.0
357473134.0
357672587.0
357872039.0
358071490.0
358270942.0
358470394.0
358669845.0
358869298.0
359068749.0
359268201.0
359467653.0
359667105.0
359866556.0
360066009.0
360265460.0
360475993.0
360675445.0
360863817.0
361074348.0
361273800.0
361473252.0
361661623.0
361872157.0
362071607.0
362271060.0
362470511.0
362669963.0
362869415.0
363068867.0
363268318.0
363467771.0
363678303.0
363866675.0
364066127.0
364265578.0
364465030.0
364664483.0
364863934.0
365074466.0
365262838.0
365473370.0
365672823.0
365872274.0
366071731.0
366271177.0
366470629.0
366670082.0
366869533.0
367068985.0
367268437.0
367467889.0
367667340.0
367866793.0
368066244.0
368265696.0
368465148.0
368664600.0
368864052.0
369063504.0
369262956.0
369462407.0
369661859.0
369872392.0
370071844.0
370271296.0
370470747.0
370670199.0
370869651.0
371069103.0
371268555.0
371468007.0
371667459.0
371866910.0
372066362.0
372265814.0
372465266.0
372664718.0
372864170.0
373063623.0
373263073.0
373462525.0
373661998.0
373861429.0
374060881.0
374260333.0
374470865.0
374670317.0
374869769.0
375069221.0
375268673.0
375468125.0
375667577.0
375867029.0
376066495.0
376265932.0
376465384.0
376664836.0
376864288.0
377063740.0
377263192.0
377462644.0
377662095.0
377861547.0
378060999.0
378260451.0
378459903.0
378670435.0
378869887.0
379069339.0
379268791.0
379468243.0
379667696.0
379867147.0
380066599.0
380266050.0
380465503.0
380664954.0
380864406.0
381063858.0
381263310.0
381462762.0
381662214.0
381861665.0
382061117.0
382260569.0
382460021.0
382659473.0
382858925.0
383069457.0
383268910.0
383468361.0
383667813.0
383867265.0
384066717.0
384266168.0
384465620.0
384665072.0
384864524.0
385063976.0
385263428.0
385462880.0
385662331.0
385861783.0
386061235.0
386260687.0
386460139.0
386659590.0
386859043.0
387058494.0
387257947.0
387457398.0
387667931.0
387867383.0
388066835.0
388255206.0
388465739.0
388665190.0
388864642.0
389064094.0
389263546.0
389462998.0
389662450.0
389861901.0
390061353.0
390271886.0
390460257.0
390659709.0
390859161.0
391069694.0
391258064.0
391468597.0
391656968.0
391867501.0
392066953.0
392266405.0
392465856.0
392665308.0
392864760.0
393064212.0
393263665.0
393463116.0
393662568.0
393862019.0
394061472.0
394260925.0
394460375.0
394659827.0
394859279.0
395058730.0
395258183.0
395457634.0
395668166.0
395867619.0
396067071.0
396266524.0
396465975.0
396665426.0
396864878.0
397064330.0
397263782.0
397463234.0
397662686.0
397862137.0
398061590.0
398261042.0
398460493.0
398659945.0
398859397.0
399058849.0
399258301.0
399457752.0
399657204.0
399856656.0
400067188.0
400266641.0
400466092.0
400665544.0
400864996.0
401064448.0
401263900.0
401463352.0
401662804.0
401862256.0
402061707.0
402261159.0
402460611.0
402660063.0
402859514.0
403058966.0
403258420.0
403457871.0
403657322.0
403856774.0
404056227.0
404266759.0
404466211.0
404665662.0
404854033.0
405064566.0
405264018.0
405463470.0
405662921.0
405862373.0
406061825.0
406261277.0
406460729.0
406660181.0
406859633.0
407059085.0
407258537.0
407457988.0
407657440.0
407856892.0
408056344.0
408255796.0
408455248.0
408654700.0
408854151.0
409064684.0
409253055.0
409452507.0
409651959.0
409862491.0
410061944.0
410261395.0
410460848.0
410660299.0
410859751.0
411059203.0
411258655.0
411458106.0
411657558.0
411857010.0
412056462.0
412255914.0
412455366.0
412654817.0
412854269.0
413053721.0
413253173.0
413452625.0
413652077.0
413862611.0
414062061.0
414261513.0
414460965.0
414660417.0
414848788.0
415059321.0
415258773.0
415458224.0
415657676.0
415857128.0
416056581.0
416256031.0
416455483.0
416654935.0
416865468.0
417053839.0
417253291.0
417452743.0
417652195.0
417851647.0
418051098.0
418261631.0
418461083.0
418660535.0
418859987.0
419059438.0
419258891.0
419458342.0
419657794.0
419857247.0
420056698.0
420256150.0
420455602.0
420655053.0
420854505.0
421053958.0
421253409.0
421463942.0
421652313.0
421851765.0
422051217.0
422261749.0
422450120.0
422660653.0
422860105.0
423059557.0
423259008.0
423458461.0
423657912.0
423857364.0
424056816.0
424256268.0
424455720.0
424655172.0
424854630.0
425054075.0
425253527.0
425452979.0
425652431.0
425851884.0
426051334.0
426250787.0
426450238.0
426660772.0
426860223.0
427059675.0
427259127.0
427458578.0
427658030.0
427857482.0
428056934.0
428256386.0
428455838.0
428655290.0
428854742.0
429054193.0
429253645.0
429453097.0
429652550.0
429852001.0
430051453.0
430250904.0
430450357.0
430649808.0
430849260.0
431059793.0
431248164.0
431458697.0
431658150.0
431857601.0
432057053.0
432256504.0
432455957.0
432655408.0
432854860.0
433054312.0
433253764.0
433453216.0
433652668.0
433852119.0
434051571.0
434251024.0
434450475.0
434649927.0
434849378.0
435048831.0
435248283.0
435458814.0
435658267.0
435857718.0
436057170.0
436256622.0
436456075.0
436655528.0
436854978.0
437054430.0
437253882.0
437453333.0
437652786.0
437852237.0
438051689.0
438251141.0
438450593.0
438650045.0
438849497.0
439048948.0
439248400.0
439447852.0
439647304.0
439857836.0
440057289.0
440256740.0
440456192.0
440655644.0
440855096.0
441054547.0
441253999.0
441431290.0
441652903.0
441852356.0
442051807.0
442251258.0
442450711.0
442650162.0
442849614.0
443049066.0
443248518.0
443425809.0
443647421.0
443846874.0
444057406.0
444256858.0
444456310.0
444655762.0
444855214.0
445054666.0
445254117.0
445453569.0
445653021.0
445852473.0
446051925.0
446251376.0
446450829.0
446650280.0
446849733.0
447049184.0
447248636.0
447448089.0
447647540.0
447846992.0
448046443.0
448256976.0
448456428.0
448655879.0
448855331.0
449054783.0
449254235.0
449453690.0
449653139.0
449852591.0
450052043.0
450251495.0
450450947.0
450650399.0
450849850.0
451049302.0
451248754.0
451448206.0
451647658.0
451847110.0
452046561.0
452257094.0
452445465.0
452644917.0
452855450.0
453054901.0
453254353.0
453453805.0
453653257.0
453852709.0
454052161.0
454251613.0
454451065.0
454650516.0
454849968.0
455049420.0
455248872.0
455448324.0
455647776.0
455847227.0
456046679.0
456246131.0
456445583.0
456645035.0
456844487.0
457043939.0
457243391.0
457453923.0
457653375.0
457852827.0
458052279.0
458251731.0
458451183.0
458650634.0
458850086.0
459049538.0
459248990.0
459448442.0
459647893.0
459847346.0
460046797.0
460246250.0
460445702.0
460645153.0
460844605.0
461044057.0
461243509.0
461454041.0
461642412.0
461852945.0
462052396.0
462251848.0
462451300.0
462650753.0
462850204.0
463049656.0
463249108.0
463448560.0
463648013.0
463847464.0
464046916.0
464246367.0
464445819.0
464645271.0
464844723.0
465044175.0
465243627.0
465443078.0
465642531.0
465853063.0
466041434.0
466251967.0
466451418.0
466650870.0
466850322.0
467049774.0
467249226.0
467448678.0
467648130.0
467847582.0
468035953.0
468246485.0
468445937.0
468645389.0
468844841.0
469044293.0
469243745.0
469443196.0
469642648.0
469842100.0
470052633.0
470241004.0
470440456.0
470650988.0
470850440.0
471049892.0
471249344.0
471448796.0
471648248.0
471847699.0
472047151.0
472246603.0
472446055.0
472645507.0
472844959.0
473044412.0
473243862.0
473443315.0
473642767.0
473842218.0
474041670.0
474241122.0
474440574.0
474640025.0
474839477.0
475050010.0
475249462.0
475448914.0
475648365.0
475847817.0
476047270.0
476246721.0
476446174.0
476645625.0
476845077.0
477044529.0
477243981.0
477443432.0
477642884.0
477842337.0
478041789.0
478241240.0
478440692.0
478640143.0
478839595.0
479039047.0
479238499.0
479449031.0
479648483.0
479847935.0
480047387.0
480246839.0
480446291.0
480645743.0
480845195.0
481044647.0
481244099.0
481443551.0
481643002.0
481842454.0
482041906.0
482241357.0
482440810.0
482640261.0
482850796.0
483039165.0
483238617.0
483449150.0
483637521.0
483848054.0
484047505.0
484246957.0
484446409.0
484645861.0
484845313.0
485044765.0
485244217.0
485443668.0
485643120.0
485842573.0
486042024.0
486241476.0
486440928.0
486640380.0
486839833.0
487039283.0
487238735.0
487449268.0
487637639.0
487848171.0
488036543.0
488247075.0
488446527.0
488645978.0
488845431.0
489044882.0
489244334.0
489443786.0
489643239.0
489842690.0
490042142.0
490241594.0
490441046.0
490640498.0
490839949.0
491039401.0
491238853.0
491438305.0
491637757.0
491837209.0
492036661.0
492247193.0
492435564.0
492635016.0
492845549.0
493045001.0
493244453.0
493443905.0
493643356.0
493842808.0
494042260.0
494241712.0
494441164.0
494629535.0
494840067.0
495039519.0
495238971.0
495438423.0
495637875.0
495837327.0
496036778.0
496236230.0
496435682.0
496646215.0
496834586.0
497045119.0
497244571.0
497444022.0
497643475.0
497842926.0
498042378.0
498241830.0
498441282.0
498640733.0
498840185.0
499039637.0
499239090.0
499438541.0
499637993.0
499837445.0
500036896.0
500236348.0
500435800.0
500635252.0
500834704.0
501045237.0
501233608.0
501444140.0
501643592.0
501843044.0
502042496.0
502241948.0
502441399.0
502640851.0
502840303.0
503039755.0
503239207.0
503438659.0
503638111.0
503837563.0
504037015.0
504236466.0
504435918.0
504635370.0
504834822.0
505034274.0
505233726.0
505433178.0
505632630.0
505832081.0
506042614.0
506242066.0
506441518.0
506640970.0
506840421.0
507039873.0
507239325.0
507438777.0
507638229.0
507837680.0
508037132.0
508236584.0
508436036.0
508635488.0
508834940.0
509034392.0
509233844.0
509433296.0
509632747.0
509843281.0
510031651.0
510242185.0
510441637.0
510641088.0
510840540.0
511039992.0
511239444.0
511438896.0
511638348.0
511837799.0
512037251.0
512236703.0
512436155.0
512635606.0
512835058.0
513034511.0
513233963.0
513433414.0
513632866.0
513832318.0
514031770.0
514231222.0
514430675.0
514641206.0
514829577.0
515040109.0
515239561.0
515439013.0
515638465.0
515837917.0
516037369.0
516236821.0
516436273.0
516635724.0
516835176.0
517034628.0
517234080.0
517433533.0
517632984.0
517832435.0
518031887.0
518231340.0
518430791.0
518641323.0
518840775.0
519040228.0
519228599.0
519439131.0
519638583.0
519838035.0
520037487.0
520236939.0
520436391.0
520635843.0
520835294.0
521034746.0
521223118.0
521433650.0
521633102.0
521832554.0
522032005.0
522231457.0
522430909.0
522630361.0
522829812.0
523029264.0
523239797.0
523439249.0
523627620.0
523838153.0
524037605.0
524237057.0
524436508.0
524635961.0
524835412.0
525034865.0
525234316.0
525433768.0
525633220.0
525832671.0
526032123.0
526231575.0
526431027.0
526630479.0
526829931.0
527029382.0
527228834.0
527439367.0
527627738.0
527838272.0
528037723.0
528237174.0
528436626.0
528636078.0
528835530.0
529034982.0
529234434.0
529433886.0
529633338.0
529832790.0
530032241.0
530231693.0
530431145.0
530630597.0
530830049.0
531029501.0
531228953.0
531428405.0
531627857.0
531838389.0
532037840.0
532237292.0
532436745.0
532636196.0
532835648.0
533035100.0
533234552.0
533434004.0
533633455.0
533832908.0
534032360.0
534231812.0
534431264.0
534630716.0
534830167.0
535029619.0
535229071.0
535428522.0
535627974.0
535827426.0
536026878.0
536226330.0
536425781.0
536636314.0
536835766.0
537035219.0
537234670.0
537434122.0
537633574.0
537833026.0
538032478.0
538231929.0
538431381.0
538630833.0
538830285.0
539029737.0
539229190.0
539428641.0
539628092.0
539827544.0
540026996.0
540226448.0
540436981.0
540636433.0
540835884.0
541035336.0
541234789.0
541434240.0
541633691.0
541833144.0
542032595.0
542232047.0
542431499.0
542630951.0
542830403.0
543029855.0
543229307.0
543428759.0
543628210.0
543827662.0
544027114.0
544226566.0
544426018.0
544625470.0
544824921.0
545024373.0
545223825.0
545434358.0
545633810.0
545822181.0
546032713.0
546232165.0
546431617.0
546631069.0
546830521.0
547029973.0
547229425.0
547428877.0
547628328.0
547838862.0
548027232.0
548226684.0
548426136.0
548625588.0
548825040.0
549035572.0
549223943.0
549434476.0
549622847.0
549833379.0
550032832.0
550232283.0
550431735.0
550631187.0
550830640.0
551030091.0
551229544.0
551428995.0
551628446.0
551827899.0
552027350.0
552226802.0
552426254.0
552625705.0
552825158.0
553024610.0
553224061.0
553423513.0
553622965.0
553833498.0
554021869.0
554232401.0
554431853.0
554631305.0
554830757.0
555030208.0
555229660.0
555429112.0
555628564.0
555828017.0
556027468.0
556226920.0
556426372.0
556625824.0
556825276.0
557024727.0
557224179.0
557423631.0
557623083.0
557822536.0
558021987.0
558221439.0
558420891.0
558620342.0
558819794.0
559019246.0
559229778.0
559429230.0
559628682.0
559828134.0
560027587.0
560227038.0
560426490.0
560614861.0
560825394.0
561024845.0
561224297.0
561423749.0
561623201.0
561822653.0
562022105.0
562221557.0
562421008.0
562631542.0
562819912.0
563030445.0
563229897.0
563429349.0
563617720.0
563828252.0
564027704.0
564227156.0
564426608.0
564626060.0
564825512.0
565024964.0
565224415.0
565423867.0
565623319.0
565822771.0
566022223.0
566232755.0
566421127.0
566620579.0
566820030.0
567030563.0
567218934.0
567429467.0
567617838.0
567828370.0
568027822.0
568227274.0
568426726.0
568626178.0
568825630.0
569025081.0
569224533.0
569423985.0
569623438.0
569822889.0
570022341.0
570221793.0
570421245.0
570620698.0
570820149.0
571019601.0
571219052.0
571429586.0
571617956.0
571828488.0
572027940.0
572227392.0
572415763.0
572626296.0
572825748.0
573025200.0
573224652.0
573424103.0
573623555.0
573823007.0
574022459.0
574221911.0
574432450.0
574620815.0
574820267.0
575019718.0
575219170.0
575418622.0
575618074.0
575828607.0
576028059.0
576227511.0
576426962.0
576626414.0
576825866.0
577025318.0
577224770.0
577424222.0
577623674.0
577823125.0
578022577.0
578222029.0
578421481.0
578620933.0
578820384.0
579019836.0
579219288.0
579418741.0
579618192.0
579817644.0
580017096.0
580216548.0
580427081.0
580626532.0
580825984.0
581025436.0
581224888.0
581424340.0
581623791.0
581823243.0
582022695.0
582222147.0
582421599.0
582621051.0
582820503.0
583019955.0
583219406.0
583418858.0
583618310.0
583817762.0
584017214.0
584216666.0
584427199.0
584626650.0
584815022.0
585025554.0
585213925.0
585424458.0
585623910.0
585823361.0
586022814.0
586222265.0
586421717.0
586621169.0
586820621.0
587020072.0
587219524.0
587418976.0
587618428.0
587817880.0
588017332.0
588216784.0
588416236.0
588626769.0
588815140.0
589014591.0
589225125.0
589424576.0
589624028.0
589823480.0
590022931.0
590222383.0
590421836.0
590621287.0
590820739.0
591020191.0
591219644.0
591419095.0
591618547.0
591817998.0
592017451.0
592216903.0
592416354.0
592615806.0
592815258.0
593014709.0
593214162.0
593413614.0
593624146.0
593823598.0
594023050.0
594222502.0
594421953.0
594621405.0
594820857.0
595020309.0
595219761.0
595419212.0
595618683.0
595818116.0
596017568.0
596217022.0
596416472.0
596615924.0
596815376.0
597014827.0
597214280.0
597413731.0
597613183.0
597823715.0
598023167.0
598222619.0
598422071.0
598621523.0
598820975.0
599009346.0
599219879.0
599419330.0
599618782.0
