77564
243774
409984
576193
753483
919693
1085902
1252112
1418321
1584531
1750740
1916950
2083160
2249369
2415579
2581788
2747998
2914207
3080417
3246626
3412837
3579046
3745256
3911465
4077675
4243885
4410094
4576304
4742513
4919804
5086013
5252222
5418432
5584642
5750851
5917061
6083270
6249480
6415689
6581899
6748109
6914318
7080528
7246737
7412947
7579156
7745366
7911575
8077785
8243995
8410204
8576414
8742623
8919914
9086123
9252332
9418542
9584752
9750961
9917171
10083380
10249590
10415799
10582009
10748219
10914428
11080638
11246847
11413057
11579267
11745476
11911685
12077895
12244104
12410314
12576524
12742733
12920023
13086233
13252442
13418652
13584862
13751071
13917281
14083490
14249700
14415909
14582119
14748328
14914538
15080748
15246957
15413167
15579376
15745586
15911796
16078005
16244214
16410424
16576634
16742843
16920133
17086343
17252553
17418762
17584972
17751181
17917391
18083600
18249810
18416019
18582229
18748439
18914648
19080857
19247067
19413277
19579486
19745696
19911905
20078115
20244324
20410534
20576744
20742953
20920243
21086453
21252662
21418872
21585082
21751291
21917501
22083710
22249920
22416130
22582339
22748549
22914758
23080968
23247177
23413387
23579596
23745806
23912015
24078225
24244435
24410644
24576854
24743063
24920353
25086563
25252773
25418982
25585192
25751401
25917611
26083821
26250030
26416239
26582449
26748659
26914868
27081078
27247287
27413497
27579706
27745916
27912125
28078335
28244545
28410754
28576964
28743173
28920464
29086673
29252883
29419092
29585302
29751511
29917721
30083930
30250140
30416350
30582559
30748769
30914978
31081188
31247397
31413607
31579816
31746026
31912236
32078445
32244655
32410864
32577074
32743284
32909493
33086783
33252993
33419204
33585412
33751622
33917833
34084041
34250250
34416460
34582669
34748879
34915090
35081298
35247508
35413717
35579928
35746137
35912347
36078556
36244765
36410975
36577184
36743394
36909605
37086893
37253103
37419313
37585522
37751731
37917942
38084150
38250360
38416569
38582779
38748989
38915199
39081408
39247617
39413827
39580036
39746246
39912456
40078665
40244875
40411084
40577294
40743503
40909715
41087003
41253213
41419423
41585632
41751841
41918051
42084261
42250470
42416680
42582889
42749099
42915308
43081518
43247728
43413937
43580147
43746356
43912566
44078776
44244985
44411195
44577404
44743614
44909823
45087114
45253323
45419533
45585742
45751952
45918161
46084371
46250581
46416790
46583000
46749209
46915419
47081629
47247838
47414047
47580257
47746466
47912676
48078886
48245095
48411305
48577514
48743724
48909933
49087224
49253433
49419643
49585852
49752062
49918271
50084481
50250691
50416900
50583110
50749319
50915529
51081739
51247948
51414157
51580367
51746576
51912786
52078996
52245205
52411415
52577624
52743834
52910043
53087334
53253543
53419753
53585962
53752172
53918381
54084591
54250801
54417010
54583220
54749429
54915639
55081849
55248058
55414267
55580477
55746687
55912896
56079106
56245315
56411525
56577734
56743944
56910154
57087444
57253653
57419863
57586073
57752282
57918492
58084701
58250911
58417120
58583330
58749539
58915749
59081959
59248169
59414378
59580587
59746797
59913007
60079216
60245426
60411635
60577845
60744054
60910264
61076473
61253763
61419973
61586182
61752392
61918602
62084811
62251021
62417230
62583440
62749650
62915859
63082068
63248278
63414488
63580697
63746907
63913116
64079326
64245536
64411745
64577954
64744164
64910374
65076583
65253874
65420083
65586293
65752502
65918712
66084921
66251131
66417340
66583550
66749760
66915969
67082179
67248388
67414598
67580807
67747017
67913226
68079436
68245646
68411855
68578065
68744274
68910484
69076694
69253984
69420193
69586403
69752612
69918822
70085031
70251241
70417451
70583660
70749870
70916079
71082289
71248499
71414708
71580918
71747127
71913338
72079546
72245756
72411965
72578175
72744384
72910594
73076804
73254094
73420303
73586513
73752723
73918932
74085141
74251351
74417561
74583770
74749980
74916189
75082399
75248608
75414818
75581028
75747237
75913447
76079656
76245866
76412076
76578285
76744494
76910704
77076914
77254204
77420413
77586623
77752832
77919042
78085252
78251461
78417671
78583880
78750090
78916300
79082509
79248718
79414928
79581138
79747347
79913557
80079766
80245976
80412185
80578395
80744605
80910814
81077024
81254314
81420524
81586733
81752943
81919152
82085362
82251571
82417781
82583991
82750200
82916409
83082619
83248829
83415038
83581248
83747457
83913667
84079877
84246086
84412296
84578505
84744715
84910924
85077134
85254424
85420634
85586843
85753052
85919262
86085472
86251681
86417891
86584101
86750310
86916520
87082729
87248939
87415148
87581358
87747567
87913777
88079986
88246196
88412405
88578615
88744825
88911034
89077244
89243453
89420744
89586953
89753163
89919372
90085582
90251791
90418001
90584211
90750420
90916630
91082839
91249049
91415259
91581468
91747678
91913887
92080097
92246306
92412516
92578725
92744935
92911145
93077354
93243564
93420854
93587064
93753275
93919483
94085692
94251902
94418111
94584321
94750532
94916740
95082950
95249159
95415369
95581578
95747789
95913997
96080207
96246417
96412626
96578836
96745047
96911255
97077465
97243674
97420964
97587173
97753384
97919592
98085802
98252011
98418221
98584431
98750641
98916850
99083059
99249269
99415479
99581688
99747898
99914107
100080317
100246526
100412736
100578945
100745156
100911365
101077574
101243784
101421074
101587284
101753493
101919703
102085912
102252122
102418331
102584541
102750751
102916960
103083170
103249379
103415589
103581798
103748008
103914217
104080428
104246637
104412846
104579056
104745266
104911475
105077684
105243894
105421184
105587394
105753603
105919813
106086023
106252232
106418441
106584651
106750861
106917070
107083280
107249489
107415699
107581908
107748118
107914328
108080538
108246747
108412956
108579166
108745376
108911585
109077795
109244004
109421294
109587504
109753713
109919923
110086132
110252342
110418551
110584761
110750971
110917180
111083390
111249599
111415809
111582018
111748228
111914438
112080647
112246857
112413066
112579276
112745485
112911695
113077904
113244114
113421404
113587614
113753823
113920033
114086243
114252452
114418662
114584871
114751081
114917290
115083500
115249710
115415919
115582128
115748338
115914548
116080758
116246967
116413176
116579386
116745596
116911805
117078015
117244224
117410434
117587724
117753934
117920143
118086353
118252562
118418772
118584981
118751191
118917401
119083610
119249820
119416030
119582239
119748448
119914658
120080868
120247077
120413287
120579496
120745706
120911915
121078125
121244334
121410544
121587834
121754044
121920253
122086463
122252672
122418882
122585091
122751301
122917511
123083720
123249930
123416139
123582349
123748558
123914768
124080978
124247187
124413396
124579606
124745816
124912025
125078235
125244444
125410654
125587944
125754154
125920363
126086573
126252782
126418992
126585202
126751411
126917621
127083830
127250040
127416249
127582459
127748668
127914878
128081088
128247297
128413507
128579716
128745926
128912136
129078345
129244555
129410764
129588054
129754264
129920474
130086683
130252893
130419102
130585312
130751521
130917731
131083940
131250150
131416359
131582569
131748778
131914988
132081198
132247408
132413617
132579827
132746036
132912246
133078455
133244665
133410874
133588164
133754374
133920583
134086793
134253003
134419212
134585422
134751631
134917841
135084050
135250260
135416469
135582679
135748889
135915098
136081308
136247517
136413727
136579936
136746146
136912356
137078565
137244775
137410984
137588275
137754484
137920694
138086903
138253113
138419322
138585532
138751741
138917951
139084161
139250370
139416580
139582789
139748999
139915208
140081418
140247627
140413837
140580047
140746256
140912466
141078675
141244885
141411094
141577304
141754594
141920804
142087013
142253223
142419433
142585642
142751852
142918061
143084271
143250480
143416690
143582899
143749109
143915318
144081528
144247738
144413948
144580157
144746366
144912576
145078785
145244995
145411205
145577414
145754704
145920914
146087123
146253333
146419543
146585752
146751961
146918171
147084381
147250590
147416800
147583009
147749219
147915429
148081638
148247848
148414057
148580267
148746476
148912686
149078896
149245105
149411315
149577524
149754814
149921024
150087233
150253443
150419653
150585862
150752072
150918281
151084491
151250700
151416910
151583119
151749329
151915539
152081748
152247958
152414167
152580377
152746587
152912796
153079006
153245215
153411425
153577634
153754925
153921134
154087344
154253553
154419763
154585974
154752182
154918392
155084602
155250811
155417020
155583230
155749440
155915649
156081859
156248068
156414279
156580489
156746697
156912906
157079118
157245326
157411535
157577746
157755034
157921244
158087454
158253663
158419873
158586083
158752292
158918501
159084711
159250920
159417130
159583340
159749549
159915759
160081968
160248178
160414387
160580598
160746807
160913016
161079226
161245435
161411645
161577855
161755145
161921354
162087564
162253773
162419983
162586193
162752402
162918612
163084821
163251031
163417240
163583450
163749659
163915869
164082079
164248288
164414498
164580707
164746917
164913126
165079336
165245545
165411755
165577964
165755255
165921464
166087674
166253883
166420093
166586303
166752512
166918722
167084932
167251141
167417350
167583560
167749770
167915979
168082189
168248398
168414608
168580817
168747027
168913236
169079446
169245656
169411865
169578075
169744284
169921575
170087784
170253993
170420203
170586413
170752622
170918832
171085041
171251251
171417460
171583670
171749880
171916089
172082299
172248508
172414718
172580927
172747137
172913346
173079556
173245766
173411975
173578185
173744394
173921684
174087894
174254104
174420313
174586523
174752732
174918942
175085152
175251361
175417571
175583780
175749990
175916199
176082409
176248619
176414828
176581037
176747247
176913457
177079666
177245875
177412084
177578294
177744504
177921794
178088003
178254213
178420423
178586633
178752843
178919052
179085262
179251471
179417681
179583890
179750100
179916309
180082519
180248728
180414938
180581148
180747357
180913567
181079776
181245986
181412196
181578405
181744615
181921905
182088114
182254324
182420533
182586743
182752952
182919162
183085372
183251581
183417791
183584000
183750210
183916420
184082629
184248838
184415048
184581257
184747467
184913677
185079886
185246096
185412305
185578515
185744725
185922015
186088224
186254434
186420643
186586853
186753062
186919272
187085482
187251691
187417901
187584110
187750320
187916530
188082739
188248949
188415159
188581368
188747577
188913787
189079997
189246206
189412416
189578625
189744835
189922125
190088335
190254544
190420754
190586963
190753173
190919382
191085593
191251802
191418011
191584220
191750430
191916640
192082849
192249059
192415268
192581478
192747688
192913897
193080107
193246316
193412526
193578735
193744945
193922235
194088445
194254654
194420863
194587073
194753283
194919492
195085702
195251911
195418121
195584331
195750540
195916750
196082959
196249169
196415378
196581588
196747797
196914007
197080217
197246427
197412636
197578845
197745055
197911264
198088554
198254764
198420974
198587183
198753393
198919603
199085812
199252022
199418231
199584441
199750650
199916860
200083069
200249279
200415488
200581698
200747908
200914117
201080327
201246536
201412746
201578956
201745165
201911374
202088665
202254874
202421084
202587293
202753503
202919713
203085922
203252132
203418341
203584551
203750761
203916970
204083179
204249389
204415599
204581808
204748018
204914227
205080437
205246647
205412856
205579066
205745275
205911485
206088775
206254984
206421194
206587404
206753613
206919822
207086032
207252242
207418451
207584661
207750871
207917080
208083290
208249499
208415708
208581918
208748128
208914337
209080547
209246756
209412966
209579175
209745385
209911595
210088885
210255094
210421304
210587514
210753723
210919933
211086142
211252352
211418562
211584771
211750981
211917190
212083400
212249609
212415819
212582028
212748238
212914447
213080657
213246867
213413076
213579286
213745494
213911704
214088995
214255204
214421414
214587623
214753833
214920042
215086252
215252461
215418671
215584880
215751090
215917299
216083509
216249718
216415929
216582138
216748347
216914557
217080766
217246976
217413186
217579395
217745605
217911814
218089104
218255314
218421524
218587734
218753943
218920152
219086362
219252572
219418782
219584991
219751200
219917410
220083619
220249829
220416039
220582248
220748458
220914667
221080877
221247087
221413296
221579505
221745715
221911925
222089215
222255424
222421634
222587844
222754053
222920263
223086472
223252682
223418891
223585101
223751311
223917520
224083730
224249939
224416149
224582358
224748568
224914777
225080987
225247196
225413406
225579615
225745825
225912035
226078244
226255534
226421744
226587954
226754163
226920372
227086582
227252792
227419001
227585212
227751420
227917630
228083839
228250049
228416258
228582468
228748678
228914887
229081097
229247306
229413516
229579725
229745935
229912145
230078354
230255644
230421854
230588064
230754273
230920482
231086692
231252902
231419111
231585321
231751530
231917740
232083949
232250159
232416369
232582578
232748787
232914997
233081207
233247416
233413626
233579835
233746045
233912254
234078464
234255754
234421964
234588173
234754383
234920592
235086802
235253011
235419221
235585431
235751640
235917850
236084059
236250269
236416478
236582688
236748898
236915107
237081317
237247526
237413736
237579946
237746155
237912365
238078574
238255864
238422074
238588284
238754493
238920703
239086912
239253122
239419331
239585541
239751750
239917960
240084170
240250379
240416589
240582798
240749008
240915217
241081427
241247636
241413846
241580056
241746265
241912475
242078684
242255974
242422184
242588393
242754603
242920812
243087022
243253232
243419441
243585651
243751861
243918070
244084279
244250489
244416698
244582908
244749118
244915327
245081537
245247746
245413956
245580166
245746375
245912585
246078794
246256084
246422294
246588504
246754713
246920923
247087132
247253342
247419551
247585761
247751970
247918180
248084389
248250599
248416809
248583018
248749228
248915437
249081647
249247856
249414066
249580275
249746485
249912695
250078904
250256195
250422404
250588614
250754823
250921033
251087242
251253452
251419661
251585871
251752080
251918290
252084499
252250709
252416919
252583128
252749338
252915547
253081757
253247967
253414176
253580386
253746595
253912805
254079014
254245224
254422514
254588723
254754933
254921143
255087352
255253561
255419771
255585981
255752190
255918400
256084610
256250819
256417029
256583238
256749448
256915658
257081867
257248076
257414286
257580495
257746705
257912915
258079124
258245334
258422624
258588834
258755043
258921253
259087462
259253672
259419881
259586091
259752301
259918510
260084720
260250929
260417139
260583348
260749558
260915768
261081977
261248187
261414396
261580606
261746815
261913025
262079234
262245444
262422734
262588944
262755153
262921363
263087572
263253782
263419992
263586201
263752411
263918620
264084830
264251039
264417249
264583458
264749668
264915878
265082087
265248297
265414506
265580716
265746925
265913135
266079345
266245554
266422844
266589054
266755263
266921473
267087683
267253892
267420101
267586312
267752520
267918730
268084940
268251149
268417359
268583568
268749778
268915988
269082197
269248407
269414616
269580826
269747035
269913245
270079455
270245664
270422954
270589164
270755373
270921583
271087792
271254002
271420212
271586421
271752631
271918840
272085050
272251259
272417469
272583679
272749888
272916098
273082307
273248517
273414726
273580936
273747145
273913355
274079564
274245774
274423064
274589274
274755484
274921693
275087903
275254114
275420322
275586533
275752741
275918951
276085160
276251371
276417579
276583789
276749998
276916208
277082418
277248628
277414836
277581046
277747256
277913465
278079675
278245886
278423174
278589384
278755593
278921803
279088012
279254223
279420431
279586641
279752851
279919060
280085270
280251480
280417689
280583898
280750108
280916317
281082527
281248737
281414946
281581156
281747365
281913575
282079784
282245995
282412203
282589494
282755703
282921913
283088123
283254332
283420542
283586751
283752961
283919171
284085380
284251590
284417799
284584009
284750218
284916428
285082637
285248847
285415056
285581266
285747476
285913685
286079895
286246104
286412314
286589604
286755814
286922023
287088233
287254442
287420652
287586861
287753071
287919281
288085490
288251700
288417909
288584119
288750329
288916538
289082748
289248957
289415167
289581376
289747586
289913795
290080005
290246214
290412424
290589714
290755924
290922133
291088343
291254552
291420763
291586971
291753181
291919390
292085600
292251810
292418019
292584229
292750438
292916648
293082857
293249067
293415277
293581486
293747696
293913905
294080115
294246324
294412534
294589824
294756034
294922243
295088453
295254662
295420873
295587082
295753291
295919500
296085710
296251920
296418129
296584339
296750549
296916758
297082968
297249177
297415387
297581596
297747806
297914016
298080225
298246435
298412644
298589934
298756144
298922353
299088563
299254772
299420983
299587192
299753401
299919611
300085820
300252030
300418239
300584449
300750659
300916868
301083078
301249287
301415497
301581707
301747916
301914125
302080335
302246545
302412754
302590044
302756254
302922464
303088673
303254882
303421092
303587302
303753511
303919721
304085930
304252140
304418349
304584559
304750768
304916978
305083188
305249397
305415607
305581816
305748026
305914235
306080445
306246655
306412864
306579074
306756364
306922574
307088783
307254993
307421203
307587412
307753621
307919831
308086041
308252250
308418459
308584669
308750879
308917088
309083298
309249507
309415717
309581927
309748136
309914346
310080555
310246765
310412974
310579184
310756474
310922684
311088893
311255103
311421312
311587522
311753732
311919941
312086150
312252360
312418570
312584779
312750989
312917198
313083408
313249617
313415827
313582037
313748246
313914456
314080665
314246875
314413084
314579294
314756584
314922793
315089003
315255213
315421423
315587632
315753841
315920051
316086261
316252470
316418680
316584889
316751099
316917308
317083518
317249727
317415937
317582147
317748356
317914566
318080775
318246985
318413194
318579404
318756694
318922904
319089113
319255323
319421533
319587742
319753952
319920161
320086371
320252580
320418790
320584999
320751209
320917419
321083628
321249837
321416047
321582257
321748466
321914676
322080885
322247095
322413305
322579514
322756804
322923014
323089224
323255433
323421643
323587852
323754062
323920271
324086481
324252691
324418900
324585110
324751319
324917529
325083738
325249948
325416158
325582368
325748577
325914786
326080996
326247205
326413415
326579624
326756914
326923125
327089333
327255543
327421753
327587962
327754172
327920381
328086591
328252800
328419010
328585220
328751429
328917639
329083848
329250058
329416267
329582477
329748686
329914896
330081105
330247315
330413525
330579734
330757025
330923234
331089444
331255653
331421863
331588073
331754282
331920492
332086701
332252911
332419120
332585330
332751539
332917749
333083958
333250168
333416378
333582587
333748797
333915006
334081216
334247425
334413635
334579844
334746054
334923344
335089554
335255763
335421972
335588182
335754391
335920601
336086811
336253020
336419230
336585439
336751649
336917858
337084068
337250277
337416487
337582696
337748906
337915116
338081325
338247535
338413746
338579955
338746164
338923454
339089664
339255873
339422083
339588292
339754502
339920712
340086922
340253130
340419340
340585550
340751759
340917969
341084179
341250388
341416598
341582807
341749017
341915226
342081436
342247645
342413855
342580064
342746274
342923564
343089774
343255983
343422193
343588402
343754612
343920822
344087031
344253241
344419450
344585660
344751869
344918079
345084289
345250498
345416707
345582917
345749127
345915336
346081546
346247755
346413965
346580174
346746384
346923674
347089884
347256093
347422303
347588512
347754722
347920932
348087141
348253351
348419560
348585770
348751979
348918189
349084399
349250609
349416818
349583027
349749237
349915446
350081656
350247865
350414075
350580285
350746494
350923784
351089994
351256203
351422413
351588622
351754832
351921041
352087251
352253461
352419670
352585880
352752089
352918299
353084508
353250718
353416927
353583137
353749346
353915556
354081766
354247975
354414185
354580394
354746604
354923894
355090104
355256313
355422523
355588732
355754942
355921152
356087361
356253570
356419780
356585990
356752199
356918409
357084618
357250828
357417038
357583247
357749457
357915666
358081876
358248085
358414295
358580505
358746714
358924004
359090214
359256423
359422633
359588843
359755052
359921262
360087471
360253681
360419890
360586100
360752309
360918519
361084729
361250938
361417148
361583357
361749567
361915777
362081986
362248195
362414405
362580615
362746824
362913034
363090324
363256533
363422743
363588952
363755162
363921371
364087581
364253791
364420000
364586210
364752419
364918629
365084838
365251048
365417258
365583467
365749677
365915886
366082096
366248305
366414515
366580725
366746934
366913144
367090434
367256643
367422853
367589063
367755272
367921482
368087691
368253901
368420110
368586320
368752530
368918739
369084949
369251159
369417368
369583577
369749787
369915997
370082206
370248416
370414625
370580835
370747044
370913254
371090544
371256754
371422963
371589173
371755382
371921592
372087801
372254011
372420220
372586431
372752640
372918849
373085059
373251268
373417478
373583688
373749897
373916107
374082316
374248526
374414735
374580945
374747154
374913364
375090654
375256864
375423073
375589283
375755492
375921702
376087911
376254121
376420330
376586541
376752750
376918959
377085169
377251378
377417588
377583798
377750007
377916217
378082426
378248635
378414845
378581055
378747264
378913474
379090764
379256974
379423183
379589393
379755602
379921812
380088022
380254231
380420441
380586650
380752860
380919069
381085279
381251488
381417698
381583907
381750117
381916327
382082536
382248746
382414955
382581165
382747375
382913584
383090874
383257084
383423293
383589503
383755713
383921922
384088132
384254341
384420551
384586761
384752970
384919179
385085389
385251599
385417808
385584018
385750227
385916437
386082646
386248856
386415066
386581275
386747486
386913694
387090984
387257194
387423403
387589613
387755823
387922032
388088242
388254451
388420661
388586870
388753080
388919290
389085499
389251709
389417918
389584128
389750337
389916547
390082756
390248966
390415175
390581385
390747595
390913804
391080014
391257304
391423514
391589723
391755933
391922142
392088352
392254561
392420771
392586981
392753190
392919400
393085609
393251819
393418028
393584238
393750447
393916657
394082867
394249076
394415286
394581495
394747705
394913915
395080124
395257415
395423624
395589834
395756043
395922253
396088462
396254672
396420881
396587091
396753300
396919511
397085719
397251929
397418139
397584348
397750558
397916769
398082977
398249187
398415396
398581606
398747815
398914026
399080235
399257524
399423734
399589943
399756153
399922363
400088572
400254782
400420991
400587200
400753410
400919620
401085829
401252039
401418248
401584458
401750668
401916878
402083087
402249296
402415506
402581715
402747925
402914135
403080344
403257634
403423844
403590053
403756263
403922473
404088682
404254891
404421101
404587311
404753520
404919730
405085940
405252149
405418359
405584568
405750778
405916987
406083197
406249406
406415616
406581825
406748035
406914245
407080454
407257744
407423954
407590163
407756373
407922583
408088792
408255002
408421212
408587421
408753631
408919840
409086050
409252259
409418469
409584678
409750888
409917097
410083307
410249517
410415726
410581936
410748145
410914355
411080564
411257854
411424064
411590273
411756483
411922692
412088902
412255112
412421321
412587531
412753740
412919950
413086160
413252369
413418579
413584788
413750998
413917207
414083417
414249626
414415836
414582046
414748255
414914465
415080675
415257964
415424174
415590384
415756593
415922803
416089012
416255222
416421432
416587641
416753851
416920060
417086270
417252479
417418689
417584898
417751108
417917318
418083527
418249737
418415946
418582156
418748365
418914575
419080784
419246994
419424284
419590494
419756704
419922913
420089123
420255332
420421542
420587751
420753961
420920170
421086380
421252590
421418799
421585009
421751218
421917428
422083637
422249847
422416056
422582266
422748475
422914685
423080895
423247104
423424394
423590604
423756813
423923023
424089232
424255442
424421652
424587861
424754071
424920280
425086490
425252700
425418909
425585118
425751328
425917538
426083747
426249957
426416166
426582376
426748585
426914795
427081004
427247214
427424504
427590714
427756924
427923133
428089343
428255552
428421762
428587971
428754181
428920390
429086600
429252810
429419019
429585229
429751438
429917648
430083857
430250067
430416276
430582486
430748696
430914905
431081115
431247324
431424615
431590824
431757034
431923243
432089453
432255662
432421873
432588082
432754291
432920500
433086710
433252920
433419129
433585339
433751548
433917758
434083968
434250177
434416387
434582596
434748806
434915015
435081225
435247434
435424725
435590934
435757144
435923353
436089563
436255772
436421982
436588191
436754401
436920610
437086820
437253030
437419240
437585449
437751658
437917868
438084077
438250287
438416497
438582706
438748916
438915125
439081335
439247544
439424835
439591044
439757254
439923464
440089673
440255883
440422092
440588302
440754511
440920721
441086930
441253140
441419349
441585559
441751769
441917978
442084188
442250397
442416607
442582816
442749026
442915236
443081445
443247655
443413864
443591155
443757364
443923574
444089783
444255993
444422202
444588412
444754621
444920831
445087040
445253250
445419460
445585669
445751879
445918088
446084298
446250508
446416717
446582927
446749136
446915346
447081555
447247765
447413974
447591265
447757474
447923684
448089893
448256102
448422312
448588522
448754732
448920941
449087150
449253360
449419570
449585780
449751989
449918198
450084408
450250617
450416827
450583037
450749246
450915456
451081665
451247875
451414084
451591375
451757584
451923794
452090003
452256213
452422422
452588632
452754842
452921051
453087261
453253470
453419680
453585890
453752099
453918309
454084518
454250728
454416937
454583147
454749356
454915566
455081776
455247985
455414195
455591485
455757695
455923904
456090114
456256325
456422533
456588742
456754954
456921162
457087371
457253581
457419790
457586001
457752211
457918419
458084629
458250839
458417048
458583257
458749468
458915676
459081886
459248095
459414305
459591595
459757805
459924014
460090224
460256433
460422643
460588852
460755062
460921271
461087481
461253690
461419899
461586109
461752319
461918528
462084737
462250947
462417157
462583366
462749576
462915785
463081995
463248204
463414415
463591705
463757915
463924124
464090334
464256543
464422753
464588962
464755172
464921382
465087591
465253801
465420010
465586220
465752429
465918639
466084849
466251058
466417268
466583477
466749687
466915896
467082106
467248315
467414525
467591815
467758025
467924234
468090444
468256654
468422863
468589073
468755282
468921492
469087701
469253911
469420120
469586330
469752539
469918749
470084958
470251168
470417378
470583587
470749797
470916006
471082216
471248425
471414635
471580844
471758135
471924344
472090554
472256763
472422973
472589182
472755392
472921602
473087811
473254021
473420230
473586440
473752649
473918859
474085068
474251278
474417487
474583697
474749907
474916116
475082326
475248535
475414745
475580954
475758245
475924454
476090664
476256873
476423083
476589293
476755502
476921712
477087921
477254131
477420340
477586550
477752760
477918969
478085178
478251388
478417598
478583808
478750017
478916226
479082436
479248645
479414855
479581065
479758355
479924564
480090774
480256983
480423193
480589403
480755612
480921822
481088031
481254241
481420450
481586660
481752870
481919080
482085289
482251498
482417708
482583918
482750127
482916336
483082546
483248756
483414965
483581175
483758465
483924674
484090884
484257093
484423303
484589513
484755722
484921932
485088141
485254351
485420560
485586770
485752980
485919189
486085399
486251608
486417818
486584027
486750237
486916446
487082656
487248866
487415075
487581285
487758575
487924784
488090994
488257204
488423413
488589623
488755832
488922042
489088251
489254461
489420670
489586880
489753090
489919299
490085509
490251718
490417928
490584137
490750347
490916556
491082766
491248976
491415185
491581395
491758685
491924895
492091104
492257314
492423523
492589733
492755942
492922152
493088361
493254571
493420780
493586990
493753200
493919409
494085619
494251828
494418038
494584248
494750457
494916666
495082876
495249086
495415295
495581505
495758796
495925005
496091214
496257424
496423633
496589843
496756052
496922262
497088472
497254681
497420891
497587100
497753310
497919519
498085729
498251938
498418148
498584358
498750567
498916777
499082986
499249196
499415405
499581615
499747824
499925115
500091324
500257534
500423743
500589953
500756162
500922372
501088582
501254791
501421001
501587210
501753420
501919630
502085839
502252049
502418258
502584468
502750677
502916887
503083097
503249306
503415515
503581725
503747935
503925225
504091435
504257644
504423854
504590063
504756273
504922482
505088692
505254902
505421111
505587321
505753530
505919740
506085949
506252159
506418368
506584578
506750788
506916997
507083207
507249416
507415626
507581835
507748045
507925335
508091545
508257754
508423964
508590173
508756383
508922592
509088802
509255011
509421221
509587431
509753640
509919850
510086059
510252269
510418479
510584688
510750898
510917107
511083317
511249526
511415736
511581945
511748155
511925445
512091655
512257864
512424074
512590283
512756493
512922703
513088912
513255122
513421331
513587541
513753750
513919960
514086170
514252379
514418588
514584798
514751008
514917217
515083427
515249636
515415846
515582056
515748265
515925555
516091766
516257975
516424184
516590395
516756603
516922813
517089023
517255232
517421442
517587652
517753860
517920070
518086280
518252489
518418699
518584910
518751119
518917327
519083537
519249747
519415956
519582167
519748375
519925665
520091875
520258084
520424294
520590504
520756713
520922922
521089132
521255342
521421551
521587761
521753970
521920180
522086389
522252599
522418809
522585019
522751228
522917437
523083647
523249856
523416066
523582276
523748485
523925775
524091985
524258194
524424404
524590614
524756823
524923033
525089242
525255452
525421662
525587871
525754081
525920290
526086500
526252709
526418919
526585128
526751338
526917548
527083757
527249967
527416176
527582386
527748595
527914805
528092096
528258304
528424514
528590724
528756933
528923143
529089352
529255562
529421772
529587981
529754191
529920400
530086610
530252819
530419029
530585238
530751448
530917657
531083867
531250077
531416286
531582496
531748706
531914915
532092205
532258414
532424624
532590834
532757044
532923253
533089463
533255672
533421882
533588091
533754301
533920510
534086720
534252929
534419139
534585349
534751558
534917768
535083977
535250187
535416396
535582606
535748815
535915025
536092316
536258525
536424734
536590944
536757153
536923363
537089572
537255782
537421992
537588201
537754411
537920620
538086830
538253040
538419249
538585459
538751668
538917878
539084087
539250297
539416507
539582716
539748925
539915135
540092426
540258635
540424845
540591054
540757265
540923473
541089682
541255891
541422101
541588310
541754520
541920730
542086939
542253149
542419358
542585568
542751777
542917987
543084197
543250406
543416616
543582826
543749036
543915245
544092535
544258745
544424954
544591164
544757373
544923584
545089793
545256002
545422212
545588421
545754631
545920840
546087050
546253260
546419469
546585679
546751888
546918098
547084308
547250517
547416726
547582936
547749146
547915355
548092645
548258855
548425064
548591274
548757484
548923693
549089903
549256112
549422322
549588532
549754741
549920950
550087160
550253370
550419579
550585789
550751998
550918208
551084418
551250627
551416837
551583046
551749256
551915465
552092756
552258965
552425175
552591384
552757594
552923803
553090013
553256222
553422432
553588641
553754851
553921060
554087270
554253480
554419689
554585899
554752108
554918318
555084528
555250737
555416946
555583156
555749366
555915575
556081785
556259075
556425284
556591494
556757705
556923913
557090123
557256332
557422542
557588751
557754961
557921170
558087380
558253590
558419799
558586009
558752219
558918428
559084638
559250847
559417057
559583266
559749476
559915685
560081895
560259185
560425395
560591604
560757814
560924023
561090233
561256442
561422652
561588861
561755071
561921280
562087490
562253700
562419909
562586119
562752329
562918538
563084748
563250957
563417167
563583376
563749586
563915795
564082005
564259295
564425505
564591714
564757924
564924133
565090343
565256553
565422763
565588972
565755181
565921391
566087600
566253810
566420020
566586229
566752439
566918648
567084858
567251067
567417277
567583486
567749696
567915905
568082115
568259405
568425615
568591824
568758034
568924243
569090453
569256663
569422872
569589082
569755291
569921501
570087710
570253920
570420129
570586339
570752548
570918758
571084968
571251178
571417387
571583596
571749806
571916015
572082225
572259515
572425725
572591935
572758144
572924354
573090564
573256773
573422982
573589192
573755402
573921611
574087821
574254030
574420240
574586449
574752659
574918868
575085078
575251288
575417497
575583707
575749916
575916126
576082335
576259626
576425837
576592045
576758255
576924464
577090674
577256884
577423094
577589302
577755512
577921722
578087931
578254140
578420352
578586561
578752769
578918979
579085188
579251398
579417609
579583817
579750026
579916237
580082446
580248655
580425946
580592155
580758364
580924574
581090783
581256993
581423203
581589412
581755621
581921831
582088041
582254250
582420460
582586669
582752879
582919089
583085298
583251508
583417718
583583927
583750136
583916346
584082555
584248765
584426055
584592265
584758475
584924684
585090894
585257103
585423313
585589522
585755732
585921942
586088151
586254361
586420570
586586780
586752989
586919199
587085408
587251618
587417828
587584037
587750247
587916456
588082666
588248875
588426165
588592376
588758585
588924794
589091004
589257214
589423423
589589633
589755842
589922052
590088261
590254471
590420680
590586890
590753099
590919309
591085518
591251728
591417938
591584147
591750357
591916566
592082776
592248985
592426276
592592485
592758695
592924904
593091114
593257324
593423533
593589743
593755952
593922161
594088371
594254581
594420790
594587000
594753209
594919419
595085629
595251838
595418048
595584257
595750467
595916676
596082886
596249095
596426386
596592595
596758805
596925014
597091224
597257434
597423643
597589853
597756062
597922272
598088481
598254691
598420901
598587110
598753320
598919529
599085739
599251948
599418158
599584368
599750577
599916786
600082996
600249206
600426496
600592706
600758916
600925125
601091334
601257544
601423754
601589963
601756173
601922382
602088592
602254801
602421010
602587220
602753430
602919639
603085849
603252058
603418269
603584478
603750687
603916897
604083106
604249316
604426606
604592815
604759026
604925235
605091444
605257654
605423863
605590073
605756283
605922492
606088702
606254911
606421121
606587330
606753540
606919750
607085959
607252168
607418378
607584588
607750797
607917007
608083217
608249426
608415635
608592926
608759135
608925345
609091554
609257764
609423974
609590183
609756393
609922602
610088812
610255021
610421231
610587440
610753650
610919860
611086069
611252279
611418489
611584698
611750908
611917117
612083327
612249536
612415746
612593036
612759245
612925455
613091665
613257874
613424084
613590293
613756503
613922713
614088922
614255132
614421341
614587551
614753760
614919970
615086179
615252389
615418599
615584808
615751018
615917227
616083437
616249646
616415856
616593146
616759355
616925565
617091775
617257984
617424194
617590403
617756613
617922822
618089032
618255242
618421451
618587661
618753870
618920080
619086289
619252499
619418708
619584918
619751128
619917338
620083547
620249756
620415966
620593256
620759466
620925675
621091885
621258095
621424304
621590514
621756723
621922933
622089142
622255352
622421561
622587771
622753981
622920190
623086400
623252609
623418819
623585028
623751238
623917447
624083657
624249867
624416076
624593366
624759576
624925785
625091995
625258205
625424414
625590624
625756833
625923043
626089253
626255462
626421671
626587881
626754091
626920300
627086510
627252719
627418929
627585139
627751348
627917558
628083767
628249977
628416186
628593476
628759686
628925895
629092106
629258315
629424524
629590734
629756943
629923153
630089363
630255572
630421782
630587991
630754201
630920410
631086620
631252830
631419039
631585249
631751458
631917668
632083877
632250087
632416296
632593587
632759796
632926006
633092215
633258425
633424635
633590844
633757054
633923263
634089473
634255682
634421892
634588101
634754311
634920520
635086730
635252940
635419149
635585359
635751568
635917778
636083987
636250197
636416406
636582616
636759907
636926116
637092326
637258537
637424745
637590954
637757164
637923373
638089583
638255794
638422004
638588212
638754421
638920631
639086841
639253051
639419259
639585469
639751680
639917888
640084098
640250309
640416518
640582726
640760016
640926226
641092436
641258646
641424855
641591064
641757274
641923483
642089693
642255903
642422112
642588321
642754531
642920741
643086950
643253160
643419369
643585579
643751789
643917998
644084208
644250418
644416626
644582836
644760127
644926336
645092546
645258755
645424965
645591174
645757384
645923593
646089803
646256013
646422222
646588432
646754641
646920851
647087061
647253270
647419480
647585689
647751899
647918108
648084318
648250527
648416738
648582947
648760237
648926446
649092656
649258865
649425075
649591284
649757494
649923704
650089913
650256123
650422332
650588542
650754752
650920961
651087171
651253380
651419590
651585799
651752009
651918218
652084428
652250638
652416847
652583057
652760347
652926556
653092766
653258975
653425185
653591394
653757604
653923814
654090023
654256233
654422443
654588652
654754862
654921071
655087281
655253490
655419700
655585909
655752119
655918328
656084538
656250748
656416957
656583167
656760457
656926667
657092876
657259086
657425295
657591505
657757714
657923924
658090134
658256343
658422553
658588762
658754972
658921181
659087391
659253600
659419810
659586019
659752229
659918439
660084648
660250858
660417068
660583277
660760567
660926777
661092986
661259196
661425406
661591615
661757825
661924034
662090244
662256453
662422663
662588872
662755082
662921291
663087501
663253711
663419920
663586130
663752340
663918549
664084759
664250968
664417177
664583387
664749597
664926887
665093096
665259306
665425516
665591725
665757934
665924144
666090354
666256564
666422773
666588982
666755192
666921402
667087611
667253821
667420030
667586240
667752449
667918659
668084869
668251078
668417288
668583498
668749707
668926997
669093207
669259416
669425626
669591835
669758045
669924255
670090464
670256673
670422883
670589093
670755302
670921512
671087721
671253931
671420140
671586350
671752560
671918769
672084979
672251188
672417398
672583607
672749817
672927107
673093317
673259526
673425736
673591945
673758156
673924365
674090574
674256784
674422993
674589203
674755412
674921622
675087832
675254041
675420251
675586460
675752670
675918880
676085089
676251299
676417508
676583718
676749928
676927217
677093427
677259636
677425846
677592056
677758265
677924475
678090684
678256894
678423103
678589313
678755523
678921732
679087941
679254151
679420361
679586570
679752780
679918989
680085199
680251408
680417618
680583828
680750038
680927327
681093537
681259747
681425956
681592166
681758375
681924585
682090795
682257004
682423214
682589423
682755633
682921842
683088052
683254261
683420471
683586680
683752890
683919100
684085309
684251519
684417728
684583938
684750148
684927438
685093647
685259857
685426066
685592277
685758485
685924695
686090905
686257114
686423324
686589533
686755743
686921953
687088162
687254372
687420581
687586791
687753000
687919210
688085420
688251629
688417839
688584048
688750258
688927548
689093758
689259967
689426176
689592386
689758596
689924805
690091015
690257224
690423434
690589643
690755853
690922063
691088272
691254482
691420691
691586901
691753110
691919320
692085529
692251739
692417949
692584158
692750368
692916577
693093868
693260077
693426287
693592497
693758706
693924916
694091125
694257335
694423544
694589754
694755963
694922173
695088382
695254592
695420801
695587011
695753221
695919430
696085640
696251849
696418059
696584269
696750478
696916688
697093979
697260188
697426397
697592607
697758817
697925026
698091237
698257445
698423655
698589864
698756074
698922283
699088494
699254703
699420912
699587121
699753331
699919541
700085752
700251960
700418169
700584380
700750589
700916798
701094089
701260297
701426507
701592716
701758926
701925136
702091346
702257555
702423764
702589974
702756183
702922393
703088603
703254812
703421022
703587231
703753441
703919650
704085861
704252069
704418279
704584489
704750698
704916908
705094198
705260408
705426617
705592827
705759036
705925246
706091456
706257665
706423875
706590084
706756294
706922503
707088713
707254922
707421132
707587342
707753551
707919761
708085970
708252180
708418390
708584599
708750808
708917018
709094309
709260518
709426727
709592937
709759146
709925356
710091566
710257775
710423985
710590194
710756404
710922614
711088823
711255034
711421242
711587452
711753661
711919871
712086081
712252290
712418500
712584710
712750919
712917128
713094419
713260628
713426837
713593047
713759256
713925466
714091676
714257886
714424095
714590304
714756514
714922723
715088933
715255143
715421352
715587562
715753771
715919981
716086190
716252400
716418610
716584819
716751029
716917239
717083448
717260738
717426948
717593157
717759367
717925576
718091786
718257995
718424205
718590415
718756625
718922834
719089043
719255253
719421463
719587672
719753882
719920091
720086301
720252510
720418720
720584930
720751139
720917349
721083558
721260848
721427059
721593268
721759477
721925687
722091896
722258106
722424315
722590525
722756734
722922944
723089153
723255363
723421573
723587782
723753992
723920201
724086411
724252621
724418830
724585040
724751249
724917459
725083668
725260958
725427168
725593378
725759587
725925797
726092006
726258216
726424426
726590635
726756844
726923054
727089264
727255473
727421683
727587893
727754102
727920311
728086521
728252731
728418940
728585150
728751359
728917569
729083778
729261069
729427278
729593488
729759697
729925907
730092116
730258326
730424536
730590745
730756955
730923164
731089374
731255583
731421793
731588003
731754212
731920422
732086631
732252841
732419051
732585260
732751469
732917679
733083889
733261179
733427388
733593598
733759808
733926017
734092227
734258436
734424646
734590856
734757065
734923275
735089484
735255694
735421903
735588113
735754322
735920532
736086741
736252951
736419161
736585370
736751580
736917789
737083999
737261289
737427498
737593709
737759917
737926127
738092337
738258547
738424756
738590966
738757175
738923385
739089594
739255804
739422013
739588223
739754432
739920642
740086851
740253061
740419271
740585480
740751690
740917899
741084109
741261399
741427609
741593819
741760028
741926237
742092447
742258657
742424866
742591076
742757285
742923495
743089704
743255914
743422124
743588333
743754543
743920752
744086962
744253172
744419381
744585591
744751800
744918010
745084219
745250429
745427719
745593929
745760138
745926348
746092557
746258768
746424977
746591186
746757396
746923605
747089815
747256024
747422234
747588444
747754653
747920863
748087072
748253282
748419491
748585701
748751910
748918120
749084329
749250539
749427829
749594039
749760249
749926458
749959701
750092667
750258877
750425086
750591296
750757506
750923715
751089925
751256134
751422344
751588554
751754763
751920973
752087182
752253392
752419601
752585811
752752020
752918230
753084439
753250649
753427939
753594149
753760359
753926568
754092777
754258987
754425197
754591406
754757616
754923826
755090035
755256244
755422454
755588664
755754873
755921083
756087292
756253502
756419712
756585921
756752131
756918340
757084550
757250759
757428050
757594260
757760469
757926680
758092888
758259099
758425307
758591517
758757726
758923937
759090146
759256355
759422565
759588774
759754984
759921195
760087403
760253612
760419822
760586032
760752241
760918451
761084660
761250870
761428160
761594369
761760579
761926789
762092998
762259208
762425417
762591626
762757836
762924046
763090255
763256465
763422674
763588884
763755093
763921304
764087512
764253722
764419932
764586141
764752351
764918561
765084770
765250980
765428270
765594480
765760689
765926899
766093108
766259318
766425527
766591737
766757946
766924156
767090366
767256575
767422785
767588994
767755204
767921414
768087623
768253833
768420042
768586252
768752461
768918671
769084880
769251090
769428380
769594590
769760800
769927009
770093219
770259428
770425638
770591847
770758057
770924266
771090476
771256686
771422895
771589104
771755314
771921525
772087733
772253943
772420152
772586362
772752572
772918781
773084991
773251200
773417410
773594700
773760910
773927119
774093329
774259538
774425748
774591957
774758167
774924376
775090586
775256795
775423005
775589215
775755424
775921634
776087843
776254053
776420263
776586472
776752681
776918891
777085101
777251310
777417520
777594810
777761020
777927229
778093439
778259648
778425858
778592068
778758277
778924487
779090696
779256906
779423115
779589325
779755534
779921744
780087954
780254163
780420373
780586582
780752792
780919002
781085211
781251420
781417630
781594921
781761130
781927339
782093549
782259759
782425968
782592178
782758387
782924597
783090806
783257016
783423226
783589435
783755645
783921854
784088064
784254273
784420483
784586693
784752902
784919112
785085322
785251531
785417740
785595030
785761240
785927449
786093659
786259869
786426078
786592288
786758497
786924707
787090916
787257126
787423335
787589545
787755754
787921964
788088174
788254384
788420593
788586802
788753012
788919222
789085431
789251641
789417850
789595141
789761350
789927560
790093769
790259979
790426189
790592398
790758607
790924817
791091027
791257236
791423446
791589655
791755865
791922074
792088284
792254494
792420703
792586913
792753122
792919332
793085542
793251751
793417960
793595251
793761460
793927670
794093879
794260089
794426299
794592508
794758718
794924927
795091137
795257346
795423556
795589766
795755975
795922185
796088394
796254604
796420814
796587023
796753233
796919442
797085652
797251861
797418071
797595361
797761571
797927780
798093990
798260199
798426409
798592618
798758828
798925037
799091247
799257456
799423666
799589876
799756085
799922295
800088504
800254714
800420924
800587133
800753342
800919552
801085762
801251971
801418181
801584390
801761681
801927890
802094100
802260309
802426519
802592728
802758938
802925148
803091357
803257567
803423776
803589986
803756196
803922405
804088615
804254824
804421034
804587243
804753453
804919663
805085872
805252081
805418291
805584501
805761791
805928000
806094210
806260420
806426629
806592839
806759048
806925258
807091468
807257677
807423887
807590096
807756306
807922515
808088725
808254935
808421144
808587354
808753563
808919773
809085982
809252192
809418401
809584611
809761901
809928111
810094320
810260530
810426739
810592949
810759158
810925368
811091577
811257787
811423997
811590206
811756416
811922625
812088835
812255045
812421254
812587464
812753673
812919883
813086092
813252302
813418511
813584721
813762011
813928221
814094430
814260640
814426850
814593059
814759269
814925478
815091688
815257897
815424107
815590316
815756526
815922735
816088945
816255155
816421364
816587574
816753783
816919993
817086203
817252412
817418622
817584832
817762123
817928331
818094541
818260752
818426960
818593170
818759380
818925589
819091798
819258008
819424217
819590428
819756638
819922846
820089056
820255266
820421475
820587684
820753895
820920103
821086313
821252523
821418732
821584942
821762232
821928441
822094651
822260860
822427070
822593279
822759489
822925698
823091908
823258118
823424327
823590537
823756747
823922956
824089165
824255375
824421584
824587794
824754004
824920213
825086423
825252632
825418842
825585051
825762342
825928551
826094761
826260971
826427180
826593390
826759599
826925809
827092018
827258228
827424438
827590647
827756856
827923066
828089276
828255485
828421695
828587904
828754114
828920324
829086533
829252743
829418952
829585162
829751372
829928662
830094871
830261081
830427290
830593500
830759709
830925919
831092129
831258338
831424548
831590757
831756967
831923176
832089386
832255596
832421805
832588015
832754224
832920434
833086643
833252853
833419062
833585272
833751482
833928772
834094981
834261191
834427400
834593610
834759819
834926029
835092239
835258448
835424658
835590867
835757077
835923287
836089496
836255706
836421915
836588125
836754334
836920544
837086753
837252963
837419173
837585382
837751592
837928882
838095092
838261301
838427511
838593720
838759930
838926140
839092349
839258558
839424768
839590978
839757187
839923397
840089606
840255816
840422026
840588235
840754445
840920654
841086864
841253073
841419283
841585493
841751703
841928992
842095202
842261411
842427621
842593830
842760040
842926250
843092460
843258669
843424878
843591088
843757298
843923507
844089717
844255926
844422136
844588345
844754555
844920764
845086974
845253184
845419393
845585603
845751812
845929102
846095312
846261522
846427731
846593941
846760150
846926360
847092570
847258779
847424988
847591198
847757408
847923617
848089827
848256037
848422246
848588456
848754665
848920875
849087084
849253294
849419503
849585713
849751922
849929213
850095422
850261632
850427841
850594052
850760260
850926470
851092680
851258889
851425099
851591308
851757518
851923727
852089937
852256147
852422356
852588566
852754775
852920985
853087194
853253404
853419614
853585823
853752033
853929323
854095533
854261742
854427952
854594161
854760371
854926580
855092790
855259000
855425209
855591418
855757628
855923838
856090047
856256257
856422466
856588676
856754886
856921095
857087305
857253514
857419724
857585933
857752143
857918353
858095643
858261852
858428062
858594272
858760481
858926690
859092900
859259110
859425319
859591529
859757738
859923948
860090157
860256367
860422577
860588786
860754996
860921205
861087415
861253624
861419834
861586043
861752253
861918463
862095753
862261963
862428172
862594382
862760591
862926801
863093010
863259220
863425429
863591639
863757849
863924058
864090268
864256477
864422687
864588896
864755106
864921316
865087525
865253735
865419944
865586154
865752363
865918573
866095863
866262073
866428282
866594492
866760701
866926911
867093120
867259330
867425540
867591749
867757959
867924168
868090378
868256587
868422797
868589007
868755216
868921426
869087635
869253845
869420054
869586264
869752474
869918683
870095973
870262183
870428392
870594602
870760811
870927021
871093230
871259440
871425650
871591859
871758069
871924278
872090488
872256698
872422907
872589117
872755326
872921536
873087746
873253955
873420165
873586374
873752584
873918793
874096083
874262293
874428503
874594712
874760922
874927131
875093341
875259551
875425760
875591969
875758180
875924389
876090598
876256808
876423017
876589227
876755437
876921646
877087856
877254065
877420275
877586484
877752694
877918903
878096194
878262404
878428614
878594824
878761032
878927242
879093452
879259661
879425870
879592081
879758289
879924499
880090709
880256918
880423128
880589338
880755547
880921756
881087966
881254176
881420385
881586596
881752804
881919014
882085223
882262513
882428723
882594933
882761142
882927351
883093561
883259771
883425980
883592190
883758399
883924609
884090818
884257028
884423238
884589448
884755657
884921866
885088076
885254286
885420495
885586705
885752914
885919124
886085333
886262624
886428833
886595043
886761252
886927462
887093671
887259881
887426091
887592300
887758510
887924719
888090929
888257138
888423348
888589558
888755767
888921977
889088186
889254396
889420605
889586815
889753025
889919234
890085443
890262734
890428944
890595153
890761363
890927572
891093782
891259991
891426201
891592410
891758620
891924830
892091039
892257248
892423458
892589669
892755877
892922087
893088296
893254506
893420716
893586925
893753135
893919345
894085554
894262844
894429053
894595263
894761473
894927682
895093892
895260101
895426311
895592520
895758730
895924939
896091149
896257359
896423568
896589778
896755988
896922197
897088406
897254616
897420825
897587035
897753245
897919454
898085664
898262954
898429164
898595373
898761583
898927792
899094002
899260212
899426421
899592631
899758840
899925050
