177290
343500
509710
675919
842129
1008338
1174548
1340757
1506967
1673176
1839386
2005595
2171805
2338015
2504225
2670434
2836643
3002853
3169062
3335272
3501482
3667691
3833901
4011191
4177401
4343610
4509821
4676030
4842239
5008449
5174658
5340868
5507078
5673287
5839497
6005706
6171916
6338125
6504335
6670544
6836754
7002964
7169173
7335382
7501593
7667802
7834011
8011301
8177511
8343721
8509930
8676139
8842349
9008558
9174768
9340978
9507187
9673397
9839606
10005816
10172025
10338235
10504444
10670654
10836864
11003074
11169283
11335492
11501702
11667912
11834121
12011411
12177621
12343831
12510040
12676249
12842459
13008669
13174878
13341088
13507297
13673507
13839716
14005926
14172135
14338345
14504554
14670764
14836974
15003184
15169392
15335601
15501811
15668021
15834230
16011520
16177730
16343939
16510149
16676358
16842568
17008778
17174987
17341197
17507406
17673616
17839825
18006035
18172244
18338454
18504664
18670873
18837083
19003293
19169503
19335712
19501922
19668131
19834341
20011631
20177840
20344050
20510259
20676469
20842679
21008888
21175098
21341307
21507517
21673726
21839936
22006145
22172355
22338564
22504774
22670984
22837193
23003403
23169612
23335822
23502031
23668241
23834450
24011741
24177950
24344160
24510369
24676579
24842789
25008998
25175208
25341417
25507627
25673836
25840046
26006255
26172465
26338674
26504884
26671094
26837303
27003513
27169722
27335932
27502141
27668351
27834560
28000770
28178060
28344270
28510479
28676689
28842898
29009108
29175318
29341527
29507737
29673946
29840156
30006365
30172575
30338784
30504994
30671203
30837413
31003622
31169832
31336042
31502251
31668461
31834670
32000880
32178170
32344380
32510589
32676799
32843008
33009218
33175427
33341637
33507846
33674056
33840266
34006475
34172684
34338895
34505104
34671314
34837523
35003733
35169942
35336152
35502361
35668571
35834781
36000990
36178280
36344490
36510699
36676909
36843118
37009328
37175537
37341747
37507956
37674166
37840376
38006585
38172795
38339004
38505214
38671423
38837633
39003842
39170052
39336262
39502471
39668681
39834890
40001100
40178390
40344599
40510809
40677019
40843228
41009438
41175647
41341857
41508067
41674276
41840486
42006695
42172905
42339114
42505324
42671533
42837743
43003953
43170162
43336372
43502581
43668791
43835000
44001210
44178500
44344710
44510919
44677128
44843338
45009548
45175757
45341967
45508176
45674386
45840595
46006805
46173015
46339224
46505434
46671643
46837853
47004062
47170272
47336481
47502691
47668901
47835110
48001320
48178611
48344820
48511029
48677238
48843449
49009658
49175867
49342077
49508287
49674496
49840706
50006915
50173125
50339334
50505544
50671753
50837963
51004172
51170382
51336591
51502801
51669011
51835220
52001430
52178720
52344930
52511139
52677349
52843559
53009768
53175977
53342187
53508397
53674606
53840816
54007025
54173235
54339444
54505654
54671863
54838073
55004282
55170492
55336701
55502911
55669121
55835330
56001540
56167749
56345040
56511249
56677458
56843668
57009878
57176087
57342297
57508506
57674716
57840925
58007135
58173345
58339554
58505764
58671973
58838183
59004392
59170602
59336811
59503021
59669231
59835440
60001649
60167859
60345151
60511359
60677569
60843780
61009988
61176197
61342407
61508617
61674826
61841036
62007245
62173455
62339666
62505874
62672084
62838293
63004503
63170713
63336922
63503131
63669341
63835550
64001760
64167969
64345260
64511469
64677679
64843889
65010098
65176307
65342518
65508727
65674936
65841145
66007355
66173565
66339775
66505984
66672193
66838403
67004612
67170822
67337032
67503241
67669451
67835660
68001870
68168079
68345369
68511579
68677788
68843998
69010208
69176417
69342627
69508836
69675046
69841255
70007465
70173675
70339884
70506094
70672303
70838513
71004722
71170932
71337142
71503351
71669560
71835770
72001980
72168189
72345480
72511689
72677899
72844108
73010318
73176527
73342737
73508947
73675156
73841365
74007576
74173785
74339994
74506204
74672414
74838623
75004833
75171042
75337252
75503461
75669671
75835880
76002090
76168299
76345590
76511799
76678009
76844218
77010428
77176637
77342847
77509056
77675266
77841476
78007685
78173895
78340104
78506314
78672523
78838733
79004943
79171152
79337362
79503571
79669781
79835990
80002200
80168409
80345699
80511909
80678119
80844328
81010538
81176747
81342958
81509166
81675376
81841586
82007795
82174005
82340214
82506424
82672634
82838843
83005052
83171262
83337472
83503681
83669891
83836100
84002310
84168519
84334729
84512019
84678229
84844438
85010648
85176857
85343067
85509277
85675486
85841696
86007905
86174115
86340324
86506534
86672744
86838953
87005162
87171372
87337582
87503791
87670001
87836210
88002420
88168629
88334839
88512129
88678339
88844548
89010758
89176967
89343177
89509387
89675596
89841806
90008015
90174225
90340434
90506644
90672854
90839063
91005273
91171482
91337692
91503901
91670111
91836320
92002530
92168739
92334949
92512239
92678449
92844658
93010868
93177077
93343287
93509496
93675706
93841916
94008125
94174334
94340544
94506754
94672963
94839173
95005382
95171591
95337801
95504010
95670220
95836429
96002639
96168848
96335058
96512348
96678558
96844768
97010977
97177186
97343396
97509606
97675815
97842025
98008234
98174444
98340653
98506863
98673073
98839282
99005493
99171702
99337912
99504121
99670330
99836540
100002750
100168959
100335169
100512459
100678668
100844878
101011088
101177297
101343507
101509716
101675926
101842135
102008345
102174555
102340764
102506974
102673183
102839393
103005602
103171812
103338021
103504231
103670440
103836650
104002860
104169070
104335279
104512569
104678778
104844988
105011198
105177407
105343616
105509826
105676036
105842245
106008455
106174664
106340874
106507083
106673293
106839502
107005712
107171922
107338131
107504342
107670550
107836759
108002969
108169179
108335388
108512679
108678888
108845098
109011307
109177517
109343726
109509936
109676146
109842355
110008565
110174774
110340984
110507193
110673403
110839612
111005822
111172031
111338241
111504451
111670660
111836870
112003079
112169289
112335498
112501708
112678998
112845207
113011417
113177627
113343836
113510046
113676255
113842465
114008675
114174884
114341094
114507303
114673513
114839722
115005932
115172141
115338351
115504561
115670770
115836980
116003189
116169400
116335608
116501818
116679108
116845318
117011527
117177736
117343946
117510156
117676365
117842575
118008784
118174994
118341203
118507413
118673622
118839832
119006041
119172251
119338461
119504670
119670880
119837089
120003299
120169509
120335718
120501928
120679218
120845428
121011637
121177847
121344056
121510268
121676475
121842685
122008895
122175105
122341314
122507523
122673733
122839942
123006152
123172363
123338571
123504781
123670990
123837200
124003409
124169620
124335829
124502038
124679328
124845537
125011747
125177957
125344166
125510376
125676585
125842795
126009004
126175214
126341423
126507633
126673842
126840052
127006261
127172472
127338681
127504890
127671100
127837309
128003519
128169729
128335938
128502148
128679438
128845647
129011857
129178066
129344276
129510486
129676695
129842904
130009114
130175324
130341533
130507743
130673952
130840162
131006371
131172581
131338791
131505000
131671210
131837419
132003629
132169838
132336048
132502258
132679548
132845757
133011967
133178176
133344386
133510596
133676805
133843015
134009224
134175434
134341643
134507853
134674062
134840272
135006481
135172691
135338901
135505110
135671320
135837529
136003739
136169948
136336158
136502368
136679658
136845867
137012077
137178287
137344497
137510706
137676915
137843125
138009334
138175544
138341754
138507963
138674173
138840382
139006592
139172801
139339011
139505220
139671430
139837639
140003849
140170058
140336268
140502477
140668687
140845977
141012187
141178397
141344606
141510815
141677025
141843235
142009444
142175654
142341863
142508073
142674282
142840492
143006702
143172911
143339121
143505330
143671540
143837749
144003959
144170168
144336378
144502588
144668797
144846087
145012297
145178507
145344716
145510926
145677135
145843345
146009554
146175764
146341973
146508183
146674393
146840602
147006811
147173021
147339230
147505440
147671650
147837859
148004069
148170278
148336488
148502698
148668907
148846197
149012407
149178617
149344826
149511036
149677245
149843454
150009664
150175874
150342083
150508293
150674502
150840712
151006922
151173131
151339341
151505551
151671760
151837969
152004179
152170389
152336598
152502807
152669017
152846307
153012517
153178726
153344936
153511146
153677355
153843565
154009774
154175984
154342193
154508403
154674612
154840822
155007031
155173241
155339450
155505660
155671870
155838079
156004289
156170498
156336708
156502917
156669127
156846417
157012627
157178837
157345046
157511255
157677465
157843675
158009884
158176094
158342303
158508513
158674723
158840932
159007142
159173351
159339561
159505770
159671980
159838189
160004399
160170608
160336818
160503028
160669237
160846527
161012737
161178947
161345156
161511366
161677575
161843785
162009994
162176204
162342413
162508623
162674832
162841042
163007251
163173461
163339671
163505880
163672090
163838299
164004509
164170718
164336928
164503137
164669347
164846638
165012847
165179056
165345266
165511476
165677685
165843895
166010104
166176314
166342523
166508733
166674942
166841152
167007362
167173571
167339781
167505990
167672200
167838409
168004619
168170829
168337038
168503248
168669457
168835667
169012957
169179166
169345376
169511586
169677795
169844005
170010214
170176424
170342633
170508843
170675052
170841262
171007472
171173681
171339891
171506100
171672310
171838520
172004729
172170938
172337148
172503358
172669567
172835777
173013067
173179277
173345486
173511696
173677905
173844115
174010324
174176534
174342743
174508953
174675162
174841372
175007582
175173791
175340001
175506210
175672420
175838629
176004839
176171049
176337258
176503468
176669677
176835887
177013177
177179386
177345596
177511805
177678015
177844225
178010434
178176644
178342853
178509063
178675272
178841482
179007692
179173901
179340111
179506320
179672530
179838739
180004949
180171158
180337368
180503577
180669787
180835997
181013289
181179497
181345706
181511916
181678126
181844335
182010546
182176754
182342964
182509173
182675383
182841592
183007803
183174011
183340221
183506430
183672640
183838850
184005061
184171269
184337478
184503688
184669898
184836107
185013398
185179607
185345816
185512026
185678235
185844445
186010655
186176864
186343074
186509283
186675492
186841702
187007912
187174121
187340331
187506540
187672750
187838959
188005169
188171378
188337588
188503797
188670007
188836217
189013507
189179717
189345926
189512136
189678345
189844555
190010764
190176974
190343183
190509393
190675602
190841812
191008022
191174231
191340441
191506650
191672860
191839070
192005279
192171488
192337698
192503908
192670117
192836326
193002536
193179827
193346036
193512246
193678455
193844666
194010874
194177084
194343293
194509503
194675713
194841922
195008132
195174341
195340551
195506760
195672970
195839179
196005389
196171599
196337808
196504018
196670227
196836437
197002646
197179937
197346146
197512356
197678565
197844775
198010984
198177194
198343403
198509613
198675822
198842032
199008242
199174452
199340661
199506871
199673080
199839290
200005499
200171709
200337918
200504128
200670337
200836547
201002757
201180047
201346256
201512466
201678675
201844885
202011094
202177304
202343513
202509723
202675933
202842142
203008352
203174561
203340771
203506980
203673190
203839399
204005609
204171819
204338028
204504238
204670447
204836657
205002866
205180157
205346366
205512576
205678785
205844995
206011204
206177414
206343624
206509833
206676043
206842252
207008462
207174671
207340882
207507091
207673300
207839510
208005719
208171929
208338138
208504348
208670558
208836767
209002976
209180267
209346477
209512686
209678896
209845105
210011315
210177524
210343733
210509943
210676153
210842362
211008572
211174781
211340991
211507201
211673410
211839620
212005829
212172039
212338248
212504458
212670668
212836877
213003086
213180377
213346586
213512796
213679005
213845215
214011425
214177634
214343843
214510053
214676263
214842472
215008682
215174891
215341101
215507311
215673520
215839730
216005939
216172149
216338358
216504568
216670778
216836987
217003196
217180487
217346696
217512906
217679115
217845325
218011534
218177744
218343954
218510163
218676373
218842582
219008792
219175002
219341211
219507421
219673630
219839840
220006050
220172259
220338468
220504678
220670887
220837097
221003306
221169516
221346806
221513016
221679226
221845435
222011645
222177854
222344064
222510273
222676483
222842692
223008902
223175112
223341321
223507531
223673740
223839950
224006160
224172369
224338578
224504788
224670998
224837207
225003417
225169626
225346916
225513126
225679335
225845545
226011755
226177964
226344173
226510383
226676593
226842802
227009012
227175221
227341431
227507640
227673850
227840060
228006269
228172479
228338688
228504898
228671108
228837317
229003526
229169736
229347027
229513236
229679446
229845655
230011865
230178074
230344284
230510493
230676703
230842912
231009122
231175331
231341541
231507751
231673960
231840170
232006379
232172589
232338798
232505008
232671218
232837427
233003637
233169846
233347136
233513346
233679556
233845765
234011975
234178185
234344394
234510603
234676813
234843023
235009232
235175442
235341651
235507861
235674070
235840280
236006489
236172699
236338909
236505118
236671328
236837537
237003746
237169956
237347246
237513456
237679666
237845875
238012084
238178294
238344504
238510713
238676923
238843132
239009342
239175552
239341761
239507971
239674180
239840390
240006599
240172809
240339018
240505228
240671437
240837647
241003857
241170066
241347357
241513567
241679776
241845986
242012195
242178404
242344615
242510824
242677033
242843244
243009454
243175662
243341872
243508081
243674291
243840501
244006710
244172919
244339129
244505338
244671548
244837758
245003967
245170178
245347467
245513676
245679886
245846096
246012305
246178514
246344724
246510933
246677143
246843353
247009563
247175772
247341981
247508191
247674400
247840610
248006819
248173029
248339238
248505448
248671658
248837867
249004077
249170286
249336496
249513786
249679996
249846205
250012415
250178624
250344834
250511043
250677253
250843462
251009672
251175882
251342091
251508301
251674510
251840720
252006929
252173139
252339349
252505558
252671767
252837977
253004187
253170396
253336606
253513896
253680106
253846315
254012525
254178734
254344944
254511153
254677363
254843572
255009782
255175992
255342201
255508411
255674620
255840830
256007040
256173249
256339458
256505668
256671878
256838087
257004297
257170507
257336716
257514006
257680216
257846425
258012635
258178844
258345054
258511263
258677473
258843683
259009893
259176102
259342311
259508521
259674731
259840940
260007149
260173359
260339569
260505778
260671988
260838197
261004407
261170617
261336826
261514116
261680326
261846535
262012745
262178954
262345164
262511373
262677583
262843793
263010002
263176212
263342421
263508631
263674840
263841050
264007259
264173469
264339679
264505888
264672098
264838307
265004517
265170727
265336936
265514226
265680436
265846645
266012855
266179065
266345274
266511484
266677693
266843903
267010112
267176322
267342531
267508741
267674950
267841160
268007370
268173579
268339789
268505999
268672208
268838418
269004627
269170837
269337046
269514336
269680546
269846755
270012965
270179175
270345384
270511593
270677803
270844013
271010222
271176432
271342642
271508851
271675060
271841270
272007480
272173689
272339899
272506108
272672318
272838527
273004737
273170947
273337156
273514446
273680657
273846865
274013075
274179284
274345494
274511704
274677913
274844123
275010332
275176542
275342752
275508961
275675171
275841380
276007590
276173799
276340009
276506219
276672428
276838637
277004847
277171057
277337266
277503476
277680766
277846975
278013185
278179395
278345604
278511814
278678023
278844233
279010443
279176652
279342862
279509071
279675281
279841491
280007700
280173909
280340119
280506329
280672538
280838747
281004957
281171167
281337377
281503586
281680876
281847086
282013295
282179505
282345714
282511924
282678133
282844343
283010552
283176762
283342972
283509181
283675391
283841600
284007810
284174019
284340229
284506439
284672648
284838858
285005067
285171277
285337487
285503696
285680986
285847196
286013405
286179615
286345824
286512034
286678243
286844453
287010663
287176872
287343082
287509291
287675501
287841710
288007920
288174129
288340339
288506549
288672758
288838968
289005177
289171387
289337596
289503806
289681096
289847306
290013515
290179725
290345935
290512145
290678353
290844563
291010773
291176982
291343192
291509401
291675611
291841821
292008030
292174240
292340449
292506659
292672868
292839078
293005287
293171497
293337706
293503916
293681206
293847416
294013625
294179835
294346045
294512254
294678464
294844673
295010883
295177092
295343302
295509512
295675721
295841931
296008140
296174350
296340559
296506769
296672978
296839188
297005397
297171607
297337816
297504026
297681316
297847526
298013735
298179945
298346155
298512364
298678573
298844783
299010993
299177202
299343412
299509621
299675831
299842040
300008250
300174459
300340670
300506879
300673088
300839298
301005507
301171717
301337927
301504136
301681427
301847636
302013846
302180055
302346265
302512475
302678685
302844894
303011103
303177313
303343522
303509732
303675942
303842151
304008360
304174570
304340780
304506990
304673200
304839408
305005618
305171827
305338038
305504247
305670457
305847746
306013956
306180165
306346375
306512584
306678794
306845003
307011213
307177422
307343632
307509841
307676052
307842261
308008470
308174680
308340889
308507099
308673308
308839518
309005727
309171937
309338147
309504356
309670566
309847856
310014065
310180275
310346484
310512694
310678904
310845113
311011323
311177532
311343742
311509952
311676161
311842370
312008580
312174790
312340999
312507208
312673418
312839628
313005837
313172047
313338256
313504466
313670676
313847966
314014175
314180386
314346595
314512804
314679014
314845223
315011433
315177643
315343852
315510062
315676271
315842481
316008690
316174900
316341110
316507319
316673528
316839738
317005948
317172157
317338367
317504576
317670786
317848076
318014285
318180495
318346705
318512914
318679124
318845333
319011543
319177753
319343962
319510172
319676381
319842591
320008800
320175010
320341220
320507429
320673639
320839848
321006058
321172267
321338477
321504686
321670896
321848186
322014396
322180605
322346815
322513024
322679234
322845443
323011653
323177863
323344072
323510282
323676491
323842701
324008910
324175120
324341329
324507539
324673748
324839958
325006168
325172377
325338587
325504796
325671006
325848296
326014506
326180715
326346925
326513134
326679344
326845553
327011763
327177973
327344182
327510392
327676601
327842811
328009020
328175230
328341439
328507649
328673859
328840068
329006279
329172487
329338697
329504907
329671116
329837326
330014616
330180825
330347035
330513245
330679454
330845664
331011873
331178082
331344292
331510502
331676711
331842921
332009131
332175340
332341550
332507759
332673968
332840178
333006388
333172597
333338808
333505016
333671226
333837436
334014726
334180935
334347145
334513355
334679564
334845773
335011983
335178193
335344402
335510612
335676821
335843031
336009241
336175450
336341660
336507869
336674079
336840288
337006498
337172708
337338917
337505126
337671336
337837546
338014836
338181045
338347255
338513465
338679674
338845884
339012093
339178303
339344512
339510722
339676932
339843141
340009351
340175560
340341770
340507979
340674189
340840398
341006608
341172818
341339027
341505237
341671446
341837656
342014946
342181156
342347365
342513575
342679784
342845994
343012203
343178413
343344622
343510832
343677041
343843250
344009461
344175670
344341880
344508089
344674299
344840508
345006718
345172928
345339137
345505347
345671556
345837766
346015056
346181266
346347475
346513685
346679894
346846104
347012313
347178523
347344732
347510942
347677152
347843361
348009570
348175780
348341990
348508199
348674409
348840618
349006828
349173037
349339247
349505456
349671667
349837876
350015166
350181376
350347585
350513795
350680004
350846214
351012423
351178633
351344842
351511052
351677261
351843471
352009681
352175890
352342101
352508309
352674519
352840729
353006938
353173148
353339357
353505567
353671777
353837986
354015276
354181486
354347695
354513905
354680114
354846324
355012533
355178743
355344952
355511162
355677372
355843581
356009791
356176000
356342210
356508420
356674629
356840838
357007048
357173258
357339467
357505676
357671886
357838096
358004305
358181596
358347805
358514015
358680224
358846434
359012643
359178853
359345062
359511272
359677481
359843691
360009901
360176110
360342320
360508529
360674739
360840949
361007158
361173367
361339577
361505787
361671996
361838206
362004415
362181707
362347915
362514126
362680335
362846545
363012754
363178963
363345173
363511383
363677592
363843802
364010011
364176221
364342430
364508640
364674849
364841058
365007268
365173478
365339687
365505898
365672107
365838316
366004526
366181815
366348025
366514235
366680444
366846654
367012863
367179073
367345282
367511493
367677701
367843911
368010121
368176331
368342540
368508749
368674959
368841169
369007378
369173588
369339797
369506007
369672216
369838426
370004636
370181925
370348135
370514344
370680554
370846764
371012973
371179183
371345392
371511602
371677811
371844021
372010231
372176440
372342650
372508859
372675069
372841278
373007488
373173697
373339907
373506117
373672327
373838536
374004745
374182036
374348245
374514455
374680664
374846874
375013084
375179293
375345503
375511712
375677922
375844131
376010341
376176550
376342760
376508969
376675179
376841388
377007598
377173808
377340017
377506227
377672436
377838646
378004855
378182146
378348355
378514565
378680774
378846984
379013193
379179403
379345613
379511822
379678032
379844241
380010451
380176660
380342870
380509080
380675289
380841498
381007708
381173918
381340127
381506337
381672546
381838756
382004966
382182256
382348465
382514675
382680884
382847094
383013303
383179513
383345723
383511932
383678141
383844351
384010561
384176770
384342980
384509190
384675399
384841609
385007818
385174028
385340237
385506447
385672656
385838866
386005075
386171285
386348575
386514785
386680994
386847204
387013413
387179623
387345833
387512042
387678252
387844461
388010671
388176880
388343090
388509299
388675509
388841721
389007928
389174138
389340347
389506557
389672766
389838976
390005185
390171395
390348685
390514894
390681104
390847314
391013523
391179733
391345942
391512152
391678362
391844571
392010781
392176990
392343200
392509409
392675619
392841829
393008038
393174248
393340457
393506667
393672876
393839086
394005295
394171505
394348795
394515005
394681214
394847424
395013634
395179843
395346052
395512262
395678472
395844681
396010891
396177100
396343310
396509519
396675729
396841938
397008148
397174357
397340567
397506777
397672986
397839196
398005405
398171615
398348905
398515115
398681324
398847534
399013743
399179953
399346163
399512372
399678581
399844791
400011001
400177210
400343420
400509629
400675839
400842048
401008258
401174468
401340677
401506887
401673096
401839306
402005516
402171725
402349015
402515225
402681434
402847644
403013854
403180063
403346273
403512482
403678692
403844901
404011111
404177320
404343530
404509739
404675949
404842158
405008368
405174577
405340787
405506997
405673206
405839416
406005625
406171835
406349125
406515335
406681544
406847754
407013963
407180173
407346382
407512592
407678801
407845011
408011221
408177430
408343640
408509849
408676059
408842269
409008478
409174688
409340897
409507107
409673316
409839526
410005735
410171945
410349235
410515445
410681654
410847864
411014073
411180283
411346493
411512702
411678912
411845121
412011331
412177540
412343750
412509960
412676169
412842379
413008588
413174798
413341007
413507217
413673426
413839636
414005845
414172055
414338264
414515555
414681764
414847974
415014184
415180393
415346602
415512812
415679022
415845232
416011441
416177650
416343860
416510069
416676279
416842489
417008698
417174908
417341117
417507327
417673536
417839746
418005956
418172165
418338375
418515665
418681874
418848084
419014293
419180503
419346713
419512922
419679131
419845341
420011551
420177760
420343970
420510179
420676389
420842598
421008808
421175017
421341227
421507437
421673646
421839856
422006065
422172275
422338484
422515775
422681984
422848194
423014404
423180613
423346824
423513032
423679242
423845451
424011661
424177870
424344081
424510290
424676499
424842709
425008918
425175130
425341338
425507547
425673757
425839967
426006176
426172385
426338596
426515885
426682094
426848304
427014513
427180723
427346933
427513142
427679352
427845561
428011771
428177980
428344190
428510399
428676609
428842818
429009028
429175237
429341448
429507657
429673866
429840076
430006285
430172495
430338705
430515995
430682204
430848414
431014623
431180833
431347042
431513252
431679461
431845671
432011881
432178090
432344300
432510509
432676719
432842928
433009138
433175348
433341557
433507766
433673976
433840186
434006395
434172605
434338814
434516105
434682314
434848524
435014733
435180943
435347153
435513362
435679572
435845782
436011991
436178200
436344410
436510619
436676829
436843039
437009248
437175458
437341667
437507877
437674086
437840296
438006506
438172715
438338924
438516215
438682424
438848634
439014843
439181053
439347262
439513472
439679682
439845891
440012101
440178310
440344520
440510729
440676939
440843149
441009358
441175568
441341777
441507987
441674196
441840406
442006616
442172825
442339035
442505244
442682534
442848744
443014953
443181163
443347372
443513582
443679792
443846001
444012210
444178420
444344630
444510839
444677049
444843258
445009468
445175677
445341887
445508097
445674306
445840516
446006725
446172935
446339145
446505354
446682645
446848854
447015063
447181273
447347483
447513692
447679902
447846111
448012321
448178530
448344740
448510949
448677159
448843368
449009578
449175788
449341997
449508207
449674416
449840626
450006835
450173045
450339255
450505464
450682754
450848964
451015173
451181383
451347592
451513802
451680012
451846221
452012431
452178640
452344850
452511059
452677269
452843478
453009688
453175897
453342107
453508317
453674527
453840736
454006945
454173155
454339365
454505574
454682864
454849074
455015283
455181493
455347702
455513912
455680121
455846331
456012540
456178750
456344960
456511169
456677379
456843589
457009798
457176008
457342217
457508427
457674636
457840846
458007055
458173265
458339474
458505684
458682974
458849184
459015393
459181603
459347812
459514022
459680231
459846441
460012651
460178860
460345070
460511279
460677489
460843698
461009908
461176117
461342327
461508537
461674746
461840956
462007165
462173375
462339584
462505794
462683085
462849294
463015503
463181713
463347922
463514132
463680342
463846551
464012761
464178970
464345180
464511389
464677599
464843809
465010018
465176228
465342437
465508647
465674856
465841066
466007275
466173485
466339694
466505904
466672113
466849404
467015613
467181823
467348032
467514242
467680451
467846661
468012871
468179080
468345290
468511499
468677709
468843919
469010128
469176337
469342547
469508757
469674966
469841176
470007385
470173595
470339805
470506014
470672224
470849514
471015724
471181933
471348143
471514352
471680562
471846771
472012981
472179190
472345400
472511609
472677819
472844028
473010238
473176448
473342657
473508867
473675076
473841286
474007495
474173705
474339914
474506124
474672333
474849624
475015833
475182043
475348253
475514462
475680672
475846881
476013091
476179300
476345510
476511720
476677929
476844139
477010348
477176558
477342767
477508977
477675186
477841396
478007606
478173815
478340025
478506234
478672444
478849734
479015943
479182153
479348362
479514572
479680782
479846991
480013201
480179410
480345620
480511830
480678039
480844248
481010458
481176668
481342877
481509087
481675296
481841506
482007716
482173925
482340134
482506344
482672554
482849844
483016054
483182264
483348473
483514683
483680892
483847102
484013311
484179522
484345730
484511940
484678149
484844359
485010568
485176779
485342988
485509197
485675407
485841618
486007826
486174037
486340245
486506455
486672664
486849954
487016164
487182374
487348583
487514792
487681002
487847212
488013421
488179630
488345840
488512050
488678259
488844469
489010678
489176888
489343098
489509307
489675517
489841726
490007936
490174146
490340355
490506565
490672774
490850064
491016274
491182483
491348693
491514902
491681112
491847321
492013531
492179740
492345950
492512160
492678369
492844579
493010788
493176998
493343207
493509417
493675626
493841836
494008046
494174255
494340465
494506674
494672884
494839093
495016384
495182593
495348803
495515013
495681222
495847432
496013641
496179851
496346060
496512270
496678479
496844689
497010898
497177109
497343318
497509527
497675737
497841946
498008156
498174365
498340575
498506785
498672994
498839204
499016494
499182704
499348913
499515122
499681332
499847542
500013751
500179961
500346170
500512380
500678590
500844799
501011009
501177218
501343428
501509637
501675847
501842056
502008266
502174476
502340685
502506895
502673104
502839314
503016604
503182814
503349023
503515233
503681442
503847652
504013861
504180071
504346280
504512490
504678699
504844909
505011119
505177328
505343538
505509748
505675957
505842166
506008376
506174586
506340795
506507005
506673214
506839424
507016714
507182924
507349133
507515343
507681552
507847762
508013971
508180181
508346391
508512600
508678810
508845019
509011229
509177439
509343648
509509858
509676067
509842277
510008486
510174696
510340905
510507115
510673324
510839534
511016824
511183034
511349243
511515453
511681662
511847872
512014082
512180291
512346501
512512710
512678920
512845129
513011339
513177549
513343758
513509968
513676177
513842387
514008596
514174806
514341015
514507225
514673434
514839644
515016934
515183144
515349353
515515563
515681772
515847982
516014192
516180401
516346610
516512820
516679030
516845239
517011449
517177658
517343868
517510078
517676287
517842497
518008706
518174916
518341125
518507335
518673545
518839754
519017044
519183254
519349463
519515673
519681883
519848092
520014302
520180511
520346721
520512930
520679140
520845349
521011559
521177769
521343978
521510188
521676397
521842607
522008817
522175026
522341235
522507445
522673655
522839864
523006074
523183364
523349574
523515783
523681993
523848202
524014412
524180622
524346831
524513040
524679250
524845459
525011669
525177879
525344088
525510298
525676507
525842717
526008927
526175136
526341346
526507555
526673765
526839974
527006184
527183475
527349683
527515893
527682103
527848313
528014522
528180731
528346941
528513151
528679360
528845569
529011779
529177989
529344198
529510408
529676617
529842827
530009036
530175246
530341455
530507665
530673875
530840084
531006294
531183584
531349794
531516003
531682213
531848422
532014632
532180841
532347051
532513261
532679471
532845680
533011889
533178099
533344308
533510518
533676727
533842937
534009147
534175356
534341566
534507775
534673985
534840195
535006404
535183694
535349904
535516113
535682323
535848532
536014742
536180952
536347161
536513371
536679580
536845790
537011999
537178209
537344419
537510628
537676838
537843047
538009257
538175466
538341676
538507885
538674095
538840305
539006514
539183804
539350014
539516223
539682433
539848642
540014852
540181061
540347271
540513480
540679690
540845899
541012109
541178319
541344528
541510738
541676947
541843157
542009367
542175576
542341786
542507995
542674205
542840415
543006624
543183914
543350124
543516334
543682543
543848753
544014964
544181173
544347381
544513591
544679800
544846011
545012220
545178429
545344639
545510849
545677058
545843267
546009478
546175687
546341896
546508106
546674315
546840525
547006736
547184024
547350234
547516444
547682653
547848862
548015072
548181282
548347491
548513701
548679910
548846120
549012330
549178539
549344748
549510958
549677168
549843377
550009588
550175796
550342006
550508215
550674425
550840634
551006845
551173054
551350344
551516554
551682763
551848972
552015182
552181392
552347601
552513811
552680020
552846230
553012439
553178649
553344859
553511068
553677278
553843487
554009697
554175906
554342116
554508325
554674535
554840745
555006954
555173164
555350454
555516664
555682873
555849083
556015292
556181502
556347711
556513921
556680131
556846340
557012549
557178759
557344969
557511179
557677388
557843597
558009807
558176017
558342226
558508436
558674645
558840855
559007064
559173274
559350564
559516774
559682983
559849193
560015402
560181612
560347821
560514031
560680240
560846450
561012660
561178869
561345079
561511289
561677498
561843708
562009917
562176126
562342336
562508546
562674755
562840965
563007175
563173384
563350674
563516884
563683093
563849303
564015512
564181722
564347931
564514141
564680351
564846560
565012770
565178979
565345189
565511398
565677608
565843817
566010027
566176236
566342446
566508656
566674865
566841075
567007285
567173494
567350784
567516994
567683203
567849413
568015622
568181832
568348042
568514251
568680461
568846671
569012880
569179089
569345299
569511509
569677718
569843928
570010137
570176347
570342556
570508766
570674975
570841185
571007395
571173604
571350894
571517104
571683313
571849523
572015732
572181942
572348152
572514361
572680571
572846780
573012990
573179200
573345409
573511619
573677828
573844038
574010247
574176457
574342667
574508876
574675086
574841295
575007506
575173714
575351004
575517214
575683423
575849633
576015843
576182052
576348262
576514471
576680681
576846890
577013100
577179310
577345519
577511728
577677938
577844148
578010357
578176567
578342776
578508986
578675196
578841405
579007615
579173824
579340034
579517324
579683534
579849743
580015953
580182162
580348372
580514582
580680791
580847000
581013210
581179419
581345629
581511839
581678048
581844258
582010468
582176677
582342887
582509096
582675306
582841515
583007725
583173934
583340144
583517435
583683644
583849853
584016063
584182272
584348482
584514692
584680901
584847111
585013320
585179530
585345739
585511949
585678158
585844368
586010578
586176787
586342997
586509206
586675416
586841625
587007835
587174044
587340254
587517544
587683754
587849963
588016172
588182382
588348592
588514801
588681011
588847220
589013430
589179640
589345849
589512059
589678268
589844478
590010688
590176897
590343107
590509316
590675526
590841735
591007945
591174154
591340364
591517654
591683864
591850073
592016283
592182493
592348702
592514912
592681121
592847331
593013540
593179750
593345959
593512169
593678379
593844588
594010797
594177007
594343217
594509426
594675636
594841845
595008055
595174264
595340474
595517764
595683974
595850183
596016393
596182602
596348812
596515022
596681231
596847441
597013650
597179860
597346069
597512279
597678488
597844698
598010908
598177117
598343327
598509536
598675746
598841956
599008165
599174375
599340585
599517874
599684084
599850293
600016503
600182713
600348922
600515132
600681341
600847551
601013760
601179970
601346179
601512389
601678598
601844808
602011018
602177227
602343437
602509646
602675856
602842066
603008275
603174485
603340694
603506904
603684194
603850405
604016613
604182823
604349032
604515242
604681452
604847662
605013871
605180080
605346290
605512500
605678709
605844920
606011128
606177338
606343547
606509757
606675966
606842176
607008385
607174595
607340805
607507014
607684304
607850514
608016723
608182933
608349142
608515352
608681561
608847771
609013980
609180190
609346400
609512609
609678819
609845029
610011238
610177448
610343657
610509867
610676076
610842286
611008495
611174705
611340914
611507124
611684414
611850623
612016833
612183042
612349252
612515462
612681672
612847881
613014090
613180300
613346509
613512719
613678929
613845138
614011348
614177557
614343767
614509976
614676186
614842396
615008605
615174815
615341024
615507234
615684524
615850734
616016943
616183153
616349362
616515572
616681781
616847991
617014201
617180410
617346620
617512829
617679039
617845249
618011458
618177668
618343877
618510087
618676296
618842506
619008715
619174925
619341135
619507344
619684634
619850844
620017053
620183263
620349473
620515682
620681892
620848101
621014311
621180520
621346730
621512940
621679149
621845358
622011568
622177777
622343987
622510197
622676406
622842616
623008825
623175035
623341244
623507454
623684744
623850954
624017163
624183373
624349582
624515792
624682001
624848211
625014421
625180630
625346840
625513049
625679259
625845469
626011678
626177888
626344097
626510307
626676516
626842726
627008935
627175145
627341354
627507564
627684854
627851064
628017274
628183484
628349692
628515902
628682112
628848321
629014531
629180740
629346950
629513160
629679369
629845579
630011788
630177998
630344207
630510417
630676626
630842836
631009045
631175255
631341465
631507674
631673884
631851174
632017383
632183593
632349803
632516012
632682222
632848431
633014641
633180850
633347060
633513269
633679479
633845689
634011898
634178108
634344318
634510527
634676737
634842946
635009156
635175365
635341575
635507784
635673994
635851284
636017493
636183703
636349913
636516122
636682332
636848541
637014751
637180960
637347170
637513379
637679589
637845799
638012008
638178218
638344427
638510637
638676846
638843056
639009266
639175475
639341685
639507894
639674104
639851394
640017604
640183813
640350023
640516232
640682442
640848651
641014861
641181071
641347280
641513490
641679699
641845909
642012118
642178328
642344538
642510747
642676957
642843166
643009376
643175585
643341795
643508004
643674214
643851504
644017714
644183923
644350133
644516343
644682552
644848762
645014971
645181182
645347390
645513600
645679809
645846019
646012228
646178438
646344648
646510857
646677067
646843276
647009486
647175695
647341905
647508114
647674324
647851614
648017824
648184033
648350243
648516452
648682662
648848872
649015081
649181290
649347500
649513710
649679919
649846129
650012338
650178548
650344757
650510967
650677177
650843386
651009596
651175805
651342015
651508225
651674434
651851724
652017934
652184143
652350353
652516563
652682772
652848982
653015191
653181401
653347610
653513820
653680029
653846239
654012449
654178658
654344868
654511077
654677287
654843496
655009706
655175915
655342125
655508335
655674544
655851834
656018044
656184253
656350463
656516673
656682882
656849092
657015301
657181511
657347720
657513930
657680139
657846349
658012559
658178768
658344978
658511187
658677397
658843606
659009816
659176025
659342235
659508445
659674654
659840864
660018154
660184363
660350573
660516782
660682992
660849202
661015411
661181621
661347831
661514040
661680249
661846459
662012669
662178878
662345087
662511297
662677507
662843716
663009926
663176135
663342345
663508554
663674764
663840974
664018265
664184474
664350683
664516893
664683103
664849312
665015521
665181731
665347943
665514151
665680360
665846569
666012779
666178988
666345198
666511408
666677618
666843827
667010036
667176246
667342455
667508665
667674876
667841084
668018374
668184583
668350793
668517003
668683212
668849422
669015631
669181841
669348051
669514260
669680470
669846679
670012889
670179098
670345308
670511517
670677727
670843936
671010146
671176356
671342565
671508775
671674985
671841194
672018484
672184694
672350903
672517113
672683322
672849531
673015741
673181951
673348161
673514370
673680579
673846789
674012999
674179208
674345418
674511628
674677837
674844046
675010256
675176465
675342675
675508885
675675094
675841304
676018594
676184804
676351013
676517223
676683432
676849642
677015852
677182061
677348271
677514480
677680690
677846900
678013109
678179318
678345528
678511737
678677947
678844157
679010366
679176576
679342785
679508995
679675204
679841414
680018704
680184914
680351123
680517333
680683542
680849752
681015962
681182171
681348381
681514590
681680800
681847009
682013219
682179428
682345638
682511848
682678057
682844267
683010476
683176686
683342895
683509105
683675314
683841524
684018814
684185024
684351233
684517443
684683652
684849862
685016072
685182281
685348491
685514700
685680910
685847119
686013329
686179538
686345748
686511957
686678167
686844377
687010586
687176796
687343005
687509215
687675425
687841634
688007844
688185134
688351343
688517553
688683763
688849972
689016182
689182391
689348601
689514810
689681020
689847229
690013439
690179649
690345858
690512068
690678277
690844487
691010696
691176906
691343115
691509325
691675535
691841744
692007954
692185244
692351454
692517663
692683873
692850082
693016292
693182501
693348711
693514920
693681130
693847340
694013549
694179759
694345968
694512178
694678387
694844597
695010807
695177016
695343226
695509435
695675645
695841854
696008064
696185354
696351563
696517773
696683983
696850192
697016402
697182611
697348821
697515031
697681240
697847449
698013659
698179869
698346078
698512288
698678497
698844707
699010917
699177126
699343335
699509545
699675755
699841964
700008174
700185464
700351674
700517883
700684093
700850302
701016512
701182722
701348931
701515141
701681350
701847560
702013769
702179979
702346188
702512398
702678608
702844817
703011026
703177236
703343446
703509655
703675865
703842074
704008284
704185574
704351784
704517993
704684203
704850413
705016622
705182832
705349041
705515251
705681460
705847670
706013879
706180089
706346298
706512508
706678718
706844927
707011137
707177346
707343556
707509765
707675975
707842185
708008394
708185684
708351894
708518103
708684313
708850522
709016732
709182942
709349151
709515360
709681570
709847780
710013989
710180199
710346408
710512618
710678828
710845037
711011246
711177456
711343666
711509875
711676085
711842294
712008504
712185794
712352004
712518213
712684423
712850632
713016842
713183052
713349261
713515471
713681680
713847890
714014099
714180309
714346519
714512729
714678938
714845147
715011357
715177566
715343776
715509986
715676195
715842405
716008614
716174824
716352114
716518323
716684533
716850743
717016952
717183162
717349371
717515581
717681790
717848000
718014210
718180419
718346629
718512838
718679048
718845257
719011467
719177677
719343887
719510095
719676305
719842515
720008724
720174934
720352224
720518434
720684643
720850853
721017062
721183272
721349481
721515691
721681900
721848110
722014320
722180529
722346739
722512949
722679158
722845367
723011577
723177786
723343996
723510206
723676415
723842625
724008834
724175044
724352334
724518545
724684753
724850963
725017172
725183384
725349592
725515802
725682011
725848221
726014430
726180640
726346849
726513059
726679268
726845478
727011687
727177897
727344107
727510317
727676525
727842735
728008945
728175154
728352444
728518654
728684863
728851073
729017283
729183492
729349701
729515912
729682121
729848331
730014540
730180749
730346959
730513169
730679378
730845588
731011797
731178007
731344216
731510427
731676635
731842845
732009054
732175264
732352554
732518764
732684973
732851183
733017392
733183602
733349811
733516021
733682231
733848440
734014650
734180859
734347069
734513278
734679488
734845698
735011907
735178117
735344327
735510536
735676746
735842955
736009164
736175374
736352664
736518874
736685084
736851293
737017503
737183712
737349922
737516131
737682341
737848551
738014760
738180970
738347179
738513389
738679598
738845808
739012018
739178227
739344436
739510646
739676856
739843065
740009275
740175485
740352774
740518984
740685194
740851403
741017613
741183822
741350032
741516242
741682451
741848660
742014870
742181079
742347289
742513499
742679708
742845918
743012127
743178337
743344547
743510756
743676966
743843175
744009385
744175595
744341804
744519094
744685304
744851513
745017723
745183932
745350142
745516352
745682561
745848771
746014980
746181190
746347399
746513609
746679819
746846028
747012237
747178447
747344657
747510866
747677076
747843285
748009495
748175705
748341914
748519204
748685414
748851623
749017833
749184042
749350252
749516462
749682671
749848881
750015091
750181300
750347509
750513719
750679929
750846138
751012348
751178557
751344768
751510976
751677186
751843396
752009605
752175815
752342024
752519314
752685524
752851734
753017943
753184153
753350362
753516572
753682781
753848991
754015201
754181410
754347620
754513829
754680039
754846248
755012458
755178668
755344877
755511087
755677296
755843506
756009715
756175925
756342134
756519424
756685634
756851843
757018053
757184263
757350472
757516682
757682891
757849101
758015311
758181520
758347729
758513939
758680149
758846358
759012568
759178777
759344987
759511196
759677406
759843616
760009825
760176035
760342244
760519535
760685744
760851954
761018163
761184373
761350583
761516792
761683001
761849211
762015421
762181630
762347840
762514049
762680259
762846468
763012678
763178888
763345097
763511307
763677516
763843726
764009940
764176145
764342354
764519645
764685854
764852064
765018273
765184483
765350692
765516902
765683112
765849321
766015531
766181740
766347950
766514160
766680369
766846578
767012788
767178998
767345207
767511417
767677626
767843836
768010046
768176255
768342465
768508674
768685964
768852174
769018383
769184593
769350803
769517012
769683222
769849431
770015641
770181850
770348060
770514270
770680479
770846689
771012898
771179108
771345317
771511527
771677736
771843946
772010156
772176365
772342574
772508784
772686075
772852284
773018493
773184703
773350913
773517122
773683332
773849541
774015751
774181961
774348170
774514380
774680589
774846799
775013008
775179218
775345427
775511637
775677847
775844056
776010266
776176475
776342685
776508895
776686185
776852394
777018604
777184813
777351023
777517233
777683442
777849652
778015861
778182071
778348280
778514490
778680699
778846909
779013118
779179328
779345537
779511747
779677957
779844166
780010376
780176585
780342795
780509005
780686294
780852504
781018714
781184923
781351133
781517342
781683552
781849761
782015971
782182181
782348390
782514600
782680809
782847019
783013229
783179438
783345647
783511857
783678067
783844276
784010486
784176695
784342905
784509115
784686405
784852615
785018824
785185034
785351244
785517453
785683663
785849873
786016082
786182291
786348502
786514710
786680920
786847129
787013339
787179548
787345759
787511968
787678177
787844387
788010597
788176806
788343016
788509225
788686515
788852724
789018934
789185144
789351353
789517563
789683772
789849982
790016191
790182401
790348611
790514820
790681030
790847239
791013449
791179658
791345868
791512077
791678287
791844496
792010706
792176916
792343125
792509335
792686625
792852834
793019044
793185253
793351463
793517673
793683882
793850092
794016301
794182511
794348720
794514930
794681140
794847349
795013559
795179769
795345978
795512188
795678397
795844606
796010816
796177026
796343235
796509445
796675654
796852945
797019154
797185364
797351573
797517783
797683992
797850202
798016412
798182621
798348831
798515041
798681250
798847460
799013669
799179879
799346088
799512298
799678508
799844717
800010926
800177136
800343346
800509555
800675765
800853055
801019264
801185474
801351684
801517893
801684103
801850312
802016522
802182731
802348941
802515150
802681360
802847569
803013779
803179989
803346198
803512408
803678617
803844827
804011037
804177246
804343456
804509666
804675875
804853165
805019374
805185584
805351794
805518003
805684213
805850422
806016632
806182841
806349051
806515261
806681470
806847679
807013889
807180099
807346308
807512518
807678727
807844937
808011147
808177356
808343566
808509775
808675985
808853275
809019485
809185694
809351904
809518113
809684323
809850533
810016742
810182952
810349161
810515371
810681580
810847790
811014000
811180209
811346418
811512628
811678838
811845047
812011257
812177466
812343676
812509885
812676095
812853385
813019595
813185804
813352014
813518223
813684433
813850643
814016852
814183062
814349271
814515481
814681690
814847900
815014110
815180319
815346529
815512738
815678948
815845157
816011367
816177577
816343786
816509996
816676205
816853495
817019705
817185914
817352124
817518333
817684543
817850753
818016962
818183172
818349381
818515591
818681800
818848010
819014219
819180429
819346639
819512848
819679058
819845267
820011477
820177686
820343896
820510106
820676315
820853605
821019815
821186024
821352234
821518444
821684653
821850863
822017072
822183282
822349492
822515701
822681910
822848120
823014330
823180539
823346749
823512958
823679168
823845378
824011587
824177797
824344006
824510216
824676425
824842635
825019925
825186135
825352344
825518554
825684763
825850973
826017183
826183392
826349602
826515811
826682021
826848230
827014440
827180649
827346859
827513069
827679278
827845488
828011697
828177907
828344116
828510326
828676535
828842745
829020035
829186245
829352454
829518664
829684874
829851083
830017292
830183502
830349712
830515921
830682131
830848340
831014550
831180759
831346969
831513178
831679388
831845598
832011807
832178017
832344227
832510436
832676645
832842855
833020145
833186355
833352564
833518774
833684984
833851193
834017403
834183612
834349822
834516031
834682241
834848450
835014660
835180870
835347079
835513289
835679498
835845708
836011917
836178127
836344336
836510546
836676756
836842965
837020255
837186465
837352675
837518884
837685094
837851303
838017513
838183722
838349932
838516142
838682351
838848561
839014770
839180980
839347189
839513399
839679608
839845818
840012028
840178237
840344447
840510656
840676866
840843075
841020365
841186575
841352785
841518994
841685204
841851413
842017623
842183832
842350042
842516252
842682461
842848671
843014880
843181090
843347299
843513509
843679718
843845928
844012137
844178347
844344556
844510766
844676976
844843185
845020476
845186686
845352895
845519105
845685314
845851524
846017735
846183943
846350152
846516362
846682572
846848781
847014991
847181201
847347410
847513619
847679829
847846038
848012248
848178458
848344667
848510877
848677086
848843296
849020586
849186796
849353005
849519214
849685424
849851633
850017843
850184053
850350262
850516472
850682681
850848891
851015100
851181311
851347519
851513729
851679938
851846148
852012358
852178567
852344777
852510986
852677196
852843406
853009615
853186905
853353115
853519324
853685534
853851743
854017953
854184163
854350372
854516582
854682791
854849001
855015210
855181420
855347629
855513839
855680048
855846258
856012468
856178678
856344887
856511096
856677306
856843515
857009725
857187015
857353225
857519435
857685644
857851854
858018064
858184273
858350482
858516692
858682901
858849111
859015320
859181530
859347740
859513949
859680159
859846368
860012578
860178788
860344997
860511206
860677416
860843626
861009835
861187126
861353335
861519544
861685754
861851964
862018173
862184383
862350592
862516802
862683011
862849221
863015431
863181640
863347850
863514059
863680269
863846478
864012688
864178898
864345107
864511317
864677526
864843736
865009945
865187236
865353445
865519654
865685864
865852074
866018283
866184493
866350702
866516912
866683121
866849331
867015541
867181750
867347960
867514169
867680379
867846589
868012798
868179007
868345217
868511427
868677636
868843846
869010055
869187346
869353555
869519765
869685974
869852184
870018393
870184603
870350812
870517022
870683232
870849442
871015651
871181860
871348070
871514280
871680489
871846699
872012908
872179118
872345327
872511537
872677746
872843956
873010166
873187456
873353665
873519875
873686084
873852294
874018503
874184713
874350923
874517132
874683342
874849551
875015761
875181971
875348180
875514390
875680599
875846809
876013018
876179228
876345438
876511647
876677856
876844066
877010276
877187565
877353775
877519985
877686194
877852404
878018614
878184823
878351033
878517242
878683452
878849661
879015871
879182080
879348290
879514500
879680709
879846919
880013128
880179338
880345548
880511757
880677966
880844176
881010386
881176595
881353885
881520095
881686305
881852514
882018724
882184933
882351143
882517353
882683562
882849772
883015981
883182190
883348400
883514610
883680820
883847029
884013238
884179448
884345657
884511867
884678077
884844286
885010496
885176705
885353996
885520205
885686415
885852624
886018834
886185043
886351253
886517462
886683672
886849881
887016091
887182301
887348510
887514720
887680930
887847139
888013349
888179558
888345768
888511977
888678187
888844396
889010606
889176816
889354106
889520315
889686525
889852734
890018944
890185154
890351363
890517572
890683782
890849992
891016201
891182411
891348620
891514830
891681039
891847249
892013459
892179668
892345878
892512087
892678297
892844506
893010716
893176925
893354216
893520425
893686635
893852845
894019054
894185263
894351473
894517683
894683892
894850102
895016311
895182521
895348730
895514940
895681150
895847359
896013569
896179778
896345988
896512197
896678407
896844617
897010826
897177036
897354326
897520536
897686745
897852955
898019164
898185374
898351583
898517793
898684002
898850212
899016422
899182631
899348841
899515050
899681260
899847469
