144048
310258
476467
642676
808886
975095
1141305
1307515
1473724
1651014
1817224
1983433
2149643
2315853
2482062
2648272
2814482
2980692
3146901
3313111
3479321
3645530
3811740
3977949
4144159
4310368
4476578
4642787
4808997
4975206
5141416
5307626
5473835
5651125
5817336
5983544
6149754
6315963
6482173
6648382
6814592
6980802
7147011
7313221
7479430
7645640
7811849
7978059
8144268
8310478
8476688
8642897
8809107
8975316
9141526
9307735
9473945
9640155
9817445
9983655
10149864
10316074
10482285
10648493
10814703
10980912
11147121
11313331
11479541
11645750
11811960
11978169
12144379
12310589
12476798
12643007
12809217
12975427
13141636
13307846
13474056
13640265
13817555
13983764
14149974
14316184
14482393
14648603
14814812
14981022
15147231
15313441
15479651
15645860
15812070
15978279
16144488
16310698
16476908
16643117
16809327
16975536
17141747
17307956
17474166
17640375
17817665
17983874
18150084
18316293
18482503
18648712
18814922
18981132
19147341
19313551
19479760
19645970
19812180
19978389
20144599
20310808
20477018
20643227
20809437
20975646
21141856
21308065
21474275
21640484
21817775
21983985
22150194
22316403
22482614
22648823
22815032
22981242
23147451
23313661
23479870
23646080
23812289
23978499
24144709
24310918
24477128
24643339
24809547
24975756
25141966
25308176
25474385
25640595
25817885
25984094
26150304
26316514
26482723
26648933
26815142
26981352
27147561
27313771
27479981
27646190
27812400
27978609
28144819
28311028
28477238
28643448
28809657
28975867
29142076
29308286
29474495
29640705
29817995
29984204
30150414
30316624
30482833
30649043
30815252
30981462
31147671
31313881
31480090
31646300
31812510
31978719
32144929
32311138
32477348
32643557
32809767
32975977
33142186
33308396
33474605
33640815
33818105
33984315
34150524
34316734
34482944
34649153
34815363
34981572
35147782
35313991
35480201
35646410
35812620
35978830
36145039
36311249
36477458
36643668
36809877
36976087
37142296
37308506
37474715
37640925
37807135
37984425
38150634
38316844
38483053
38649263
38815472
38981682
39147892
39314101
39480311
39646520
39812730
39978940
40145149
40311359
40477568
40643778
40809988
40976197
41142406
41308616
41474826
41641035
41807245
41984535
42150744
42316954
42483164
42649373
42815583
42981792
43148002
43314211
43480421
43646630
43812840
43979049
44145259
44311469
44477678
44643888
44810097
44976307
45142516
45308726
45474936
45641145
45807355
45984646
46150855
46317064
46483274
46649483
46815693
46981903
47148112
47314321
47480531
47646741
47812950
47979160
48145370
48311579
48477788
48643998
48810208
48976417
49142627
49308836
49475046
49641256
49807465
49984755
50150965
50317174
50483384
50649593
50815803
50982013
51148222
51314432
51480641
51646851
51813060
51979270
52145480
52311689
52477899
52644108
52810318
52976528
53142737
53308946
53475156
53641365
53807575
53984865
54151075
54317284
54483494
54649703
54815913
54982123
55148332
55314542
55480751
55646961
55813170
55979380
56145590
56311799
56478009
56644218
56810428
56976638
57142847
57309057
57475266
57641475
57807685
57984976
58151185
58317395
58483604
58649814
58816023
58982233
59148442
59314652
59480862
59647071
59813281
59979490
60145700
60311909
60478119
60644329
60810538
60976748
61142957
61309167
61475376
61641586
61807795
61985086
62151295
62317505
62483714
62649924
62816133
62982343
63148553
63314762
63480972
63647181
63813391
63979600
64145810
64312020
64478229
64644439
64810648
64976858
65143068
65309277
65475486
65641696
65807906
65974115
66151405
66317615
66483824
66650034
66816243
66982453
67148662
67314872
67481082
67647291
67813501
67979710
68145920
68312129
68478339
68644549
68810758
68976968
69143178
69309387
69475597
69641806
69808015
69974225
70151516
70317726
70483935
70650144
70816354
70982564
71148773
71314983
71481192
71647402
71813611
71979821
72146031
72312241
72478449
72644659
72810869
72977078
73143288
73309499
73475707
73641917
73808127
73974336
74151626
74317836
74484045
74650254
74816464
74982674
75148883
75315093
75481302
75647512
75813721
75979931
76146140
76312350
76478559
76644769
76810978
76977188
77143397
77309608
77475817
77642026
77808236
77974445
78151735
78317945
78484155
78650364
78816574
78982784
79148993
79315202
79481412
79647621
79813831
79980041
80146250
80312460
80478669
80644879
80811088
80977298
81143508
81309717
81475927
81642136
81808346
81974556
82151846
82318055
82484265
82650474
82816684
82982894
83149103
83315313
83481522
83647732
83813941
83980151
84146360
84312570
84478780
84644989
84811199
84977408
85143618
85309827
85476037
85642246
85808457
85974666
86151956
86318166
86484375
86650584
86816794
86983004
87149213
87315423
87481632
87647842
87814051
87980261
88146471
88312680
88478890
88645099
88811309
88977519
89143728
89309938
89409663
89476147
89642357
89808566
89974776
90152066
90318275
90484485
90650695
90816904
90983114
91149323
91315533
91481742
91647952
91814162
91980371
92146581
92312790
92479000
92645209
92811419
92977628
93143838
93310048
93476257
93642467
93808676
93974886
94141095
94318386
94484595
94650805
94817014
94983224
95149434
95315643
95481853
95648062
95814276
95980481
96146691
96312901
96479111
96645320
96811529
96977739
97143948
97310158
97476367
97642577
97808787
97974996
98141206
98318496
98484706
98650915
98817125
98983334
99149544
99315753
99481963
99648173
99814382
99980591
100146801
100313011
100479220
100645430
100811639
100977849
101144059
101310268
101476478
101642687
101808897
101975107
102141316
102318606
102484816
102651025
102817235
102983444
103149654
103315863
103482073
103648283
103814492
103980702
104146911
104313121
104479331
104645540
104811749
104977959
105144168
105310378
105476588
105642797
105809007
105975216
106141426
106318716
106484926
106651135
106817345
106983555
107149764
107315974
107482183
107648393
107814602
107980812
108147022
108313231
108479441
108645650
108811860
108978069
109144279
109310489
109476698
109642907
109809117
109975327
110141536
110318826
110485036
110651246
110817455
110983664
111149875
111316084
111482293
111648503
111814712
111980922
112147132
112313341
112479551
112645760
112811970
112978180
113144389
113310599
113476808
113643018
113809227
113975437
114141646
114318936
114485146
114651356
114817565
114983775
115149984
115316194
115482403
115648613
115814823
115981032
116147242
116313451
116479661
116645870
116812080
116978289
117144499
117310709
117476918
117643128
117809337
117975547
118141756
118307966
118485256
118651466
118817676
118983885
119150095
119316304
119482514
119648723
119814933
119981143
120147352
120313562
120479772
120645981
120812190
120978400
121144610
121310819
121477028
121643238
121809448
121975657
122141867
122308076
122485367
122651576
122817786
122983995
123150205
123316414
123482624
123648834
123815043
123981253
124147462
124313672
124479882
124646091
124812300
124978510
125144720
125310929
125477139
125643348
125809558
125975767
126141977
126308187
126485477
126651686
126817896
126984105
127150315
127316524
127482734
127648943
127815153
127981363
128147572
128313782
128479991
128646201
128812410
128978620
129144830
129311039
129477249
129643458
129809668
129975878
130142087
130308296
130485588
130651797
130818006
130984216
131150425
131316635
131482845
131649054
131815264
131981473
132147683
132313892
132480102
132646312
132812521
132978731
133144941
133311151
133477359
133643569
133809778
133975988
134142198
134308407
134485697
134651907
134818116
134984326
135150535
135316745
135482954
135649164
135815373
135981583
136147793
136314002
136480212
136646421
136812631
136978840
137145050
137311260
137477469
137643679
137809888
137976098
138142308
138308517
138485807
138652016
138818226
138984436
139150645
139316855
139483064
139649274
139815484
139981693
140147903
140314112
140480322
140646531
140812741
140978950
141145160
141311370
141477579
141643789
141809998
141976208
142142417
142308627
142485917
142652127
142818336
142984546
143150756
143316965
143483175
143649384
143815593
143981803
144148013
144314222
144480432
144646641
144812851
144979061
145145270
145311480
145477689
145643899
145810108
145976318
146142527
146308737
146474947
146652237
146818447
146984656
147150866
147317075
147483285
147649494
147815704
147981913
148148123
148314333
148480543
148646752
148812961
148979171
149145381
149311590
149477800
149644009
149810219
149976429
150142638
150308848
150475057
150652347
150818556
150984766
151150975
151317185
151483395
151649604
151815814
151982024
152148233
152314443
152480652
152646862
152813071
152979281
153145491
153311700
153477910
153644119
153810329
153976538
154142748
154308957
154475167
154652458
154818667
154984876
155151086
155317295
155483505
155649715
155815924
155982134
156148343
156314553
156480763
156646972
156813182
156979391
157145601
157311810
157478021
157644229
157810439
157976648
158142858
158309068
158475277
158652567
158818777
158984986
159151196
159317406
159483615
159649825
159816035
159982244
160148454
160314663
160480873
160647082
160813292
160979501
161145711
161311921
161478130
161644340
161810549
161976759
162142968
162309178
162475388
162652677
162818887
162985097
163151306
163317516
163483725
163649935
163816144
163982354
164148564
164314773
164480983
164647192
164813402
164979611
165145821
165312030
165478240
165644449
165810659
165976869
166143078
166309288
166475497
166652788
166818997
166985207
167151417
167317626
167483836
167650045
167816255
167982464
168148674
168314883
168481093
168647303
168813512
168979722
169145931
169312141
169478350
169644560
169810769
169976979
170143189
170309398
170475608
170652898
170819108
170985317
171151527
171317736
171483946
171650155
171816365
171982575
172148784
172314994
172481203
172647413
172813622
172979832
173146042
173312251
173478461
173644670
173810880
173977090
174143299
174309509
174475718
174641928
174819218
174985427
175151637
175317846
175484056
175650265
175816475
175982685
176148894
176315104
176481313
176647523
176813733
176979942
177146152
177312361
177478571
177644780
177810990
177977200
178143409
178309619
178475828
178642038
178819328
178985538
179151747
179317957
179484166
179650376
179816585
179982795
180149005
180315214
180481423
180647634
180813843
180980052
181146262
181312471
181478681
181644891
181811100
181977310
182143519
182309729
182475938
182642148
182819438
182985648
183151857
183318067
183484276
183650486
183816695
183982905
184149115
184315324
184481534
184647744
184813953
184980163
185146372
185312582
185478791
185645001
185811210
185977420
186143629
186309839
186476049
186642258
186819548
186985758
187151967
187318177
187484387
187650596
187816806
187983015
188149225
188315434
188481644
188647853
188814063
188980273
189146482
189312692
189478901
189645111
189811320
189977530
190143739
190309949
190476159
190642368
190819659
190985869
191152078
191318288
191484497
191650707
191816916
191983127
192149335
192315545
192481754
192647964
192814174
192980384
193146593
193312802
193479013
193645221
193811431
193977641
194143851
194310060
194476269
194642479
194819769
194985979
195152188
195318398
195484607
195650816
195817026
195983236
196149445
196315655
196481864
196648074
196814283
196980494
197146703
197312912
197479122
197645331
197811541
197977751
198143960
198310170
198476379
198642589
198819879
198986088
199152298
199318507
199484717
199650926
199817136
199983346
200149555
200315765
200481974
200648184
200814394
200980603
201146813
201313022
201479232
201645442
201811651
201977860
202144070
202310279
202476489
202642699
202808908
202986199
203152408
203318618
203484827
203651037
203817246
203983456
204149667
204315875
204482085
204648294
204814504
204980713
205146923
205313132
205479343
205645552
205811761
205977971
206144180
206310390
206476599
206642809
206809019
206986309
207152518
207318728
207484937
207651147
207817357
207983566
208149776
208315985
208482195
208648404
208814614
208980824
209147033
209313243
209479453
209645662
209811871
209978081
210144291
210310500
210476710
210642919
210809129
210986419
211152628
211318838
211485048
211651257
211817467
211983676
212149886
212316095
212482305
212648514
212814724
212980934
213147143
213313353
213479562
213645772
213811981
213978191
214144401
214310610
214476820
214643029
214809239
214986529
215152739
215318948
215485158
215651367
215817577
215983787
216149997
216316206
216482415
216648625
216814835
216981044
217147253
217313463
217479673
217645882
217812092
217978301
218144511
218310720
218476930
218643139
218809349
218986639
219152849
219319058
219485268
219651478
219817687
219983897
220150106
220316316
220482525
220648735
220814945
220981154
221147364
221313573
221479783
221645992
221812202
221978411
222144621
222310831
222477040
222643250
222809459
222986749
223152959
223319169
223485378
223651588
223817797
223984007
224150216
224316426
224482635
224648845
224815055
224981264
225147474
225313683
225479893
225646102
225812312
225978522
226144731
226310941
226477150
226643360
226809569
226986860
227153069
227319279
227485488
227651698
227817908
227984117
228150327
228316536
228482746
228648955
228815165
228981375
229147584
229313794
229480003
229646217
229812422
229978632
230144841
230311051
230477261
230643470
230809680
230975890
231153180
231319389
231485598
231651808
231818018
231984227
232150437
232316646
232482856
232649066
232815275
232981485
233147694
233313904
233480113
233646323
233812533
233978742
234144952
234311161
234477371
234643580
234809790
234976000
235153289
235319499
235485709
235651918
235818128
235984337
236150547
236316756
236482966
236649175
236815385
236981595
237147804
237314014
237480223
237646433
237812643
237978852
238145062
238311271
238477481
238643690
238809900
238976109
239153400
239319609
239485819
239652029
239818238
239984448
240150657
240316867
240483077
240649286
240815496
240981705
241147915
241314124
241480334
241646543
241812753
241978962
242145172
242311381
242477591
242643802
242810010
242976220
243153510
243319719
243485929
243652139
243818348
243984558
244150767
244316977
244483186
244649396
244815606
244981815
245148025
245314234
245480444
245646653
245812863
245979073
246145282
246311492
246477701
246643911
246810121
246976330
247153620
247319830
247486039
247652249
247818458
247984668
248150877
248317087
248483297
248649506
248815716
248981925
249148135
249314344
249480554
249646764
249812973
249979183
250145392
250311602
250477811
250644021
250810230
250976440
251153731
251319940
251486150
251652359
251818570
251984779
252150988
252317198
252483407
252649617
252815827
252982036
253148245
253314455
253480665
253646874
253813085
253979293
254145503
254311712
254477922
254644132
254810342
254976551
255142760
255320050
255486260
255652469
255818679
255984889
256151098
256317307
256483517
256649727
256815936
256982146
257148356
257314565
257480774
257646984
257813194
257979403
258145613
258311822
258478032
258644241
258810451
258976660
259142870
259320160
259486370
259652579
259818789
259984998
260151208
260317418
260483627
260649837
260816046
260982256
261148465
261314675
261480884
261647094
261813303
261979513
262145723
262311932
262478142
262644351
262810561
262976771
263142980
263320270
263486480
263652690
263818899
263985109
264151318
264317528
264483738
264649947
264816157
264982366
265148576
265314785
265480995
265647204
265813414
265979624
266145833
266312043
266478252
266644462
266810671
266976881
267143090
267320381
267486590
267652800
267819009
267985219
268151428
268317638
268483847
268650057
268816267
268982476
269148686
269314895
269481105
269647315
269813524
269979734
270145943
270312153
270478362
270644572
270810782
270976991
271143200
271320491
271486700
271652910
271819120
271985329
272151539
272317748
272483957
272650167
272816377
272982587
273148796
273315006
273481215
273647425
273813634
273979844
274146053
274312263
274478472
274644682
274810891
274977101
275143310
275320601
275486811
275653020
275819230
275985439
276151649
276317858
276484068
276650277
276816487
276982697
277148906
277315116
277481325
277647535
277813744
277979954
278146164
278312373
278478583
278644792
278811002
278977211
279143421
279320711
279486921
279653130
279819340
279985550
280151759
280317968
280484178
280650388
280816597
280982807
281149016
281315226
281481436
281647645
281813855
281980064
282146274
282312483
282478693
282644903
282811112
282977322
283143531
283309741
283487031
283653240
283819450
283985659
284151869
284318079
284484288
284650498
284816707
284982917
285149126
285315336
285481545
285647755
285813964
285980174
286146384
286312593
286478803
286645012
286811222
286977431
287143641
287309851
287487141
287653351
287819560
287985770
288151979
288318189
288484399
288650608
288816818
288983027
289149237
289315446
289481656
289647865
289814075
289980284
290146494
290312704
290478913
290645123
290811332
290977542
291143751
291309961
291487251
291653461
291819671
291985880
292152090
292318299
292484508
292650718
292816928
292983137
293149347
293315557
293481766
293647976
293814185
293980395
294146604
294312814
294479023
294645233
294811443
294977652
295143862
295310071
295487361
295653571
295819780
295985990
296152200
296318409
296484619
296650828
296817038
296983247
297149457
297315667
297481876
297648085
297814295
297980505
298146714
298312924
298479133
298645343
298811553
298977762
299143971
299310181
299487472
299653681
299819891
299986100
300152310
300318519
300484729
300650939
300817148
300983357
301149567
301315777
301481986
301648196
301814405
301980615
302146825
302313034
302479244
302645453
302811663
302977872
303144082
303310292
303487581
303653791
303820001
303986210
304152420
304318629
304484839
304651049
304817258
304983468
305149677
305315887
305482097
305648306
305814515
305980725
306146935
306313144
306479354
306645564
306811773
306977983
307144192
307310402
307487692
307653901
307820111
307986320
308152530
308318740
308484949
308651159
308817368
308983578
309149787
309315997
309482206
309648416
309814625
309980835
310147045
310313254
310479464
310645674
310811883
310978092
311144302
311310512
311476721
311654013
311820221
311986431
312152641
312318850
312485060
312651271
312817479
312983688
313149898
313316108
313482317
313648527
313814736
313980948
314147155
314313365
314479574
314645784
314811994
314978203
315144413
315310622
315476832
315654122
315820331
315986541
316152750
316318960
316485169
316651380
316817589
316983798
317150008
317316217
317482427
317648637
317814846
317981056
318147265
318313475
318479684
318645894
318812103
318978313
319144523
319310732
319476942
319654232
319820441
319986651
320152860
320319070
320485280
320651490
320817699
320983908
321150118
321316327
321482537
321648747
321814956
321981166
322147375
322313585
322479794
322646004
322812214
322978423
323144633
323310842
323477052
323654342
323820552
323986761
324152970
324319180
324485389
324651599
324817809
324984018
325150227
325316437
325482647
325648856
325815066
325981275
326147485
326313695
326479904
326646113
326812323
326978533
327144742
327310952
327477161
327654452
327820662
327986871
328153081
328319291
328485500
328651710
328817919
328984129
329150338
329316548
329482757
329648967
329815176
329981386
330147596
330313805
330480015
330646224
330812434
330978644
331144853
331311063
331477272
331654562
331820772
331986981
332153191
332319400
332485610
332651819
332818029
332984238
333150448
333316658
333482867
333649077
333815286
333981496
334147706
334313915
334480125
334646334
334812544
334978753
335144963
335311173
335477382
335654672
335820882
335987091
336153301
336319510
336485720
336651930
336818139
336984349
337150558
337316768
337482977
337649187
337815397
337981606
338147816
338314025
338480235
338646444
338812654
338978864
339145073
339311283
339477492
339643702
339820992
339987202
340153411
340319621
340485830
340652040
340818249
340984459
341150668
341316878
341483088
341649297
341815507
341981716
342147926
342314135
342480345
342646554
342812764
342978974
343145183
343311393
343477602
343643812
343821102
343987311
344153521
344319731
344485940
344652150
344818359
344984569
345150778
345316988
345483197
345649407
345815617
345981826
346148036
346314245
346480455
346646664
346812874
346979084
347145293
347311503
347477712
347643922
347821212
347987422
348153631
348319841
348486051
348652260
348818469
348984679
349150889
349317098
349483307
349649517
349815727
349981936
350148146
350314355
350480565
350646775
350812984
350979194
351145403
351311613
351477822
351644032
351821322
351987532
352153741
352319951
352486160
352652370
352818579
352984789
353150999
353317208
353483418
353649627
353815837
353982047
354148256
354314466
354480675
354646885
354813094
354979304
355145514
355311723
355477933
355644142
355821432
355987642
356153851
356320061
356486271
356652480
356818690
356984899
357151109
357317319
357483528
357649737
357815947
357982157
358148366
358314576
358480785
358646995
358813204
358979414
359145624
359311833
359478043
359644252
359821542
359987752
360153962
360320172
360486381
360652590
360818800
360985010
361151219
361317429
361483638
361649848
361816057
361982267
362148476
362314686
362480896
362647105
362813315
362979524
363145734
363311944
363478153
363644363
363821653
363987862
364154072
364320281
364486491
364652700
364818910
364985119
365151329
365317539
365483748
365649958
365816168
365982377
366148587
366314796
366481006
366647215
366813425
366979634
367145844
367312054
367478263
367644473
367810682
367987972
368154182
368320391
368486601
368652811
368819020
368985230
369151439
369317649
369483859
369650068
369816277
369982487
370148697
370314906
370481116
370647325
370813535
370979744
371145954
371312164
371478373
371644583
371810792
371988083
372154292
372320503
372486712
372652921
372819131
372985341
373151550
373317759
373483969
373650179
373816388
373982598
374148807
374315017
374481228
374647436
374813645
374979855
375146065
375312274
375478485
375644693
375810904
375988193
376154403
376320612
376486822
376653031
376819240
376985450
377151660
377317869
377484079
377650288
377816498
377982708
378148917
378315127
378481336
378647546
378813755
378979965
379146174
379312384
379478594
379644803
379811013
379988303
380154512
380320722
380486932
380653141
380819350
380985560
381151770
381317979
381484189
381650398
381816608
381982818
382149027
382315237
382481446
382647656
382813865
382980075
383146285
383312494
383478704
383644913
383811123
383988413
384154623
384320832
384487042
384653252
384819461
384985671
385151880
385318089
385484299
385650509
385816718
385982928
386149137
386315347
386481557
386647766
386813976
386980185
387146395
387312604
387478814
387645024
387811233
387988523
388154733
388320943
388487152
388653362
388819571
388985781
389151990
389318200
389484409
389650619
389816829
389983038
390149248
390315457
390481667
390647877
390814086
390980296
391146505
391312715
391478924
391645134
391811343
391977553
392154843
392321053
392487262
392653471
392819681
392985891
393152101
393318310
393484519
393650729
393816939
393983148
394149358
394315567
394481777
394647986
394814196
394980405
395146615
395312825
395479034
395645244
395811453
395977663
396154953
396321163
396487372
396653582
396819792
396986001
397152211
397318421
397484629
397650839
397817049
397983258
398149468
398315677
398481887
398648097
398814307
398980516
399146725
399312935
399479145
399645354
399811564
399977773
400155063
400321273
400487482
400653692
400819902
400986111
401152321
401318530
401484740
401650950
401817159
401983369
402149578
402315788
402481997
402648207
402814416
402980626
403146836
403313045
403479255
403645464
403811674
403977883
404155173
404321383
404487593
404653802
404820012
404986221
405152431
405318640
405484850
405651059
405817269
405983479
406149688
406315898
406482107
406648317
406814527
406980736
407146946
407313155
407479365
407645574
407811784
407977993
408155284
408321493
408487703
408653912
408820122
408986332
409152541
409318750
409484960
409651170
409817379
409983589
410149799
410316008
410482217
410648427
410814637
410980846
411147056
411313266
411479475
411645685
411811894
411978104
412155394
412321604
412487813
412654022
412820232
412986442
413152651
413318861
413485070
413651280
413817490
413983699
414149909
414316118
414482328
414648537
414814747
414980957
415147166
415313376
415479585
415645795
415812004
415978214
416155504
416321714
416487923
416654133
416820342
416986552
417152761
417318971
417485180
417651390
417817600
417983809
418150019
418316228
418482438
418648647
418814857
418981067
419147276
419313486
419479695
419645905
419812114
419978324
420144533
420321824
420488033
420654243
420820453
420986662
421152872
421319081
421485291
421651500
421817710
421983919
422150129
422316339
422482548
422648758
422814967
422981177
423147386
423313596
423479805
423646015
423812225
423978434
424144644
424321934
424488143
424654353
424820563
424986772
425152982
425319191
425485401
425651611
425817820
425984030
426150239
426316449
426482658
426648868
426815077
426981287
427147497
427313706
427479916
427646126
427812335
427978544
428144754
428322044
428488254
428654463
428820673
428986882
429153092
429319301
429485511
429651720
429817930
429984140
430150349
430316559
430482768
430648978
430815188
430981397
431147607
431313816
431480026
431646236
431812445
431978654
432144864
432322156
432488364
432654574
432820783
432986994
433153202
433319413
433485622
433651831
433818041
433984250
434150460
434316670
434482880
434649089
434815298
434981508
435147718
435313928
435480136
435646346
435812555
435978765
436144975
436322265
436488474
436654684
436820893
436987103
437153312
437319522
437485731
437651941
437818151
437984360
438150570
438316779
438482989
438649198
438815408
438981618
439147828
439314037
439480246
439646456
439812665
439978875
440145085
440322374
440488584
440654794
440821003
440987213
441153422
441319632
441485842
441652051
441818261
441984470
442150680
442316889
442483099
442649308
442815518
442981727
443147937
443314147
443480356
443646566
443812775
443978985
444145194
444322485
444488695
444654904
444821114
444987323
445153533
445319742
445485952
445652161
445818371
445984580
446150790
446317000
446483210
446649419
446815628
446981838
447148048
447314257
447480467
447646676
447812886
447979095
448145305
448311514
448488805
448655014
448821224
448987434
449153643
449319852
449486062
449652272
449818481
449984691
450150900
450317110
450483319
450649529
450815739
450981948
451148158
451314367
451480577
451646786
451812996
451979206
452145415
452311625
452488915
452655124
452821334
452987544
453153753
453319962
453486172
453652381
453818591
453984800
454151010
454317220
454483429
454649639
454815848
454982058
455148268
455314477
455480687
455646896
455813106
455979315
456145525
456311735
456489025
456655235
456821444
456987654
457153863
457320073
457486283
457652492
457818701
457984911
458151121
458317330
458483540
458649749
458815959
458982168
459148378
459314588
459480797
459647007
459813216
459979426
460145635
460311845
460489135
460655344
460821554
460987764
461153973
461320183
461486393
461652602
461818812
461985021
462151231
462317440
462483650
462649860
462816069
462982279
463148488
463314698
463480907
463647117
463813327
463979536
464145746
464311955
464489245
464655455
464821664
464987874
465154083
465320293
465486503
465652712
465818922
465985131
466151341
466317551
466483760
466649970
466816179
466982389
467148598
467314808
467481017
467647227
467813436
467979646
468145856
468312065
468489356
468655565
468821775
468987984
469154194
469320403
469486613
469652823
469819032
469985242
470151451
470317661
470483870
470650080
470816289
470982499
471148709
471314918
471481128
471647337
471813547
471979756
472145966
472312176
472489466
472655675
472821885
472988095
473154304
473320514
473486724
473652933
473819142
473985352
474151561
474317771
474483981
474650190
474816400
474982609
475148819
475315028
475481238
475647448
475813657
475979867
476146076
476312286
476478496
476655785
476821995
476988205
477154414
477320624
477486834
477653043
477819253
477985462
478151672
478317881
478484091
478650300
478816510
478982719
479148929
479315139
479481348
479647558
479813767
479979977
480146186
480312396
480478606
480655896
480822105
480988315
481154525
481320734
481486945
481653153
481819363
481985573
482151782
482317992
482484201
482650411
482816620
482982830
483149039
483315249
483481459
483647669
483813877
483980087
484146297
484312506
484478716
484656006
484822216
484988426
485154635
485320844
485487054
485653264
485819473
485985682
486151892
486318102
486484311
486650521
486816731
486982940
487149150
487315359
487481569
487647778
487813988
487980197
488146407
488312617
488478826
488656116
488822326
488988535
489154745
489320954
489487164
489653374
489819583
489985793
490152002
490318212
490484422
490650631
490816841
490983050
491149260
491315469
491481679
491647889
491814098
491980308
492146517
492312727
492478936
492656227
492822437
492988646
493154856
493321065
493487275
493653485
493819694
493985903
494152114
494318323
494484532
494650742
494816951
494983161
495149371
495315580
495481789
495647999
495814209
495980418
496146628
496312837
496479047
496656337
496822547
496988756
497154966
497321175
497487385
497653594
497819804
497986013
498152224
498318432
498484642
498650852
498817061
498983271
499149481
499315690
499481900
499648109
499814318
499980528
500146738
500312947
500479157
500656447
500822656
500988866
501155076
501321285
501487495
501653704
501819914
501986123
502152333
502318543
502484752
502650962
502817171
502983381
503149590
503315800
503482010
503648219
503814429
503980638
504146848
504313057
504479267
504645476
504822767
504988976
505155186
505321396
505487605
505653815
505820024
505986234
506152444
506318653
506484862
506651072
506817282
506983491
507149701
507315910
507482120
507648329
507814539
507980749
508146958
508313168
508479377
508645587
508822877
508989087
509155296
509321506
509487715
509653925
509820135
509986344
510152554
510318763
510484973
510651182
510817392
510983601
511149811
511316020
511482230
511648440
511814649
511980859
512147068
512313278
512479488
512645697
512822987
512989197
513155406
513321616
513487826
513654035
513820244
513986454
514152664
514318873
514485083
514651292
514817502
514983711
515149921
515316131
515482340
515648550
515814759
515980969
516147179
516313388
516479598
516645807
516823097
516989307
517155516
517321726
517487936
517654145
517820355
517986564
518152774
518318983
518485193
518651403
518817612
518983822
519150031
519316241
519482451
519648660
519814870
519981079
520147289
520313498
520479708
520645918
520823208
520989417
521155627
521321837
521488046
521654256
521820465
521986675
522152884
522319094
522485303
522651513
522817723
522983932
523150142
523316351
523482561
523648770
523814980
523981189
524147399
524313608
524479818
524646028
524823318
524989527
525155737
525321947
525488156
525654366
525820575
525986785
526152994
526319204
526485413
526651623
526817832
526984042
527150252
527316461
527482671
527648880
527815090
527981299
528147509
528313719
528479928
528646138
528812347
528989637
529155847
529322057
529488266
529654476
529820685
529986895
530153105
530319314
530485524
530651733
530817943
530984153
531150362
531316572
531482781
531648991
531815200
531981410
532147620
532313829
532480039
532646248
532812458
532989748
533155957
533322167
533488377
533654586
533820796
533987005
534153215
534319424
534485634
534651844
534818053
534984263
535150472
535316682
535482891
535649101
535815310
535981520
536147730
536313939
536480149
536646358
536812568
536989858
537156068
537322277
537488487
537654696
537820906
537987115
538153325
538319534
538485744
538651954
538818163
538984373
539150582
539316792
539483001
539649211
539815420
539981630
540147840
540314049
540480259
540646468
540812678
540989968
541156178
541322388
541488597
541654807
541821016
541987226
542153435
542319645
542485854
542652064
542818274
542984483
543150692
543316902
543483112
543649321
543815531
543981740
544147950
544314160
544480369
544646579
544812789
544990078
545156288
545322498
545488707
545654917
545821126
545987336
546153545
546319755
546485965
546652174
546818384
546984593
547150803
547317013
547483222
547649432
547815641
547981851
548148060
548314270
548480480
548646689
548812899
548990188
549156398
549322608
549488817
549655027
549821236
549987446
550153656
550319865
550486075
550652284
550818494
550984703
551150913
551317123
551483332
551649542
551815751
551981961
552148170
552314380
552480589
552646799
552813009
552990299
553156509
553322718
553488928
553655137
553821347
553987557
554153766
554319976
554486185
554652395
554818604
554984815
555151024
555317233
555483443
555649652
555815862
555982072
556148281
556314490
556480700
556646910
556813119
556979330
557156619
557322828
557489038
557655247
557821457
557987667
558153876
558320086
558486295
558652505
558818714
558984924
559151133
559317343
559483552
559649762
559815972
559982181
560148391
560314600
560480810
560647019
560813229
560979439
561156729
561322938
561489148
561655357
561821567
561987777
562153986
562320196
562486405
562652615
562818824
562985034
563151243
563317453
563483664
563649872
563816082
563982291
564148501
564314710
564480920
564647130
564813339
564979549
565156839
565323049
565489258
565655468
565821677
565987887
566154097
566320307
566486516
566652725
566818935
566985145
567151354
567317563
567483773
567649982
567816192
567982402
568148611
568314821
568481031
568647240
568813450
568979659
569156950
569323159
569489368
569655578
569821788
569987997
570154207
570320416
570486626
570652836
570819045
570985254
571151464
571317674
571483883
571650093
571816302
571982512
572148722
572314931
572481141
572647350
572813560
572979769
573157060
573323269
573489479
573655688
573821898
573988107
574154317
574320526
574486736
574652946
574819155
574985365
575151574
575317784
575483993
575650203
575816412
575982622
576148832
576315041
576481251
576647461
576813670
576979879
577157170
577323379
577489589
577655798
577822008
577988217
578154427
578320637
578486846
578653056
578819265
578985475
579151685
579317895
579484103
579650313
579816523
579982733
580148942
580315152
580481361
580647571
580813780
580979990
581157280
581323490
581489699
581655908
581822118
581988328
582154537
582320747
582486956
582653166
582819376
582985585
583151795
583318004
583484214
583650423
583816633
583982843
584149052
584315262
584481471
584647681
584813890
584980100
585146310
585323599
585489809
585656019
585822228
585988438
586154647
586320857
586487067
586653276
586819485
586985695
587151905
587318115
587484324
587650533
587816743
587982953
588149162
588315372
588481581
588647791
588814001
588980210
589146419
589323710
589489920
589656129
589822338
589988548
590154758
590320967
590487177
590653386
590819596
590985805
591152015
591318224
591484435
591650644
591816853
591983063
592149272
592315482
592481692
592647901
592814111
592980320
593146530
593323820
593490030
593656239
593822449
593988658
594154868
594321077
594487287
594653497
594819706
594985916
595152125
595318335
595484545
595650754
595816964
595983173
596149383
596315592
596481802
596648011
596814221
596980431
597146640
597323930
597490140
597656349
597822559
597988768
598154978
598321187
598487397
598653607
598819816
598986026
599152235
599318445
599484654
599650865
599817073
599983283
600149493
600315702
600481912
600648122
600814331
600980541
601146750
601324040
601490250
601656460
601822669
601988879
602155088
602321298
602487507
602653717
602819926
602986136
603152346
603318555
603484765
603650974
603817184
603983393
604149603
604315813
604482022
604648232
604814441
604980651
605146860
605324151
605490360
605656570
605822779
605988989
606155198
606321408
606487618
606653827
606820037
606986246
607152456
607318665
607484875
607651085
607817294
607983504
608149713
608315923
608482132
608648342
608814552
608980761
609146971
609324261
609490470
609656680
609822889
609989099
610155309
610321518
610487728
610653937
610820147
610986356
611152566
611318776
611484985
611651195
611817404
611983614
612149823
612316033
612482243
612648452
612814662
612980871
613147081
613313290
613490581
613656791
613823001
613989210
614155419
614321629
614487838
614654048
614820258
614986467
615152677
615318886
615485096
615651305
615817516
615983724
616149934
616316144
616482353
616648564
616814774
616980982
617147191
617313402
617490691
617656900
617823110
617989320
618155529
618321739
618487948
618654158
618820368
618986577
619152787
619318997
619485206
619651415
619817625
619983835
620150044
620316253
620482463
620648673
620814883
620981092
621147301
621313511
621490801
621657010
621823220
621989430
622155639
622321849
622488058
622654268
622820477
622986687
623152897
623319106
623485316
623651525
623817735
623983944
624150154
624316363
624482573
624648783
624814993
624981202
625147411
625313621
625490911
625657121
625823331
625989540
626155750
626321959
626488169
626654378
626820588
626986798
627153007
627319217
627485426
627651636
627817845
627984055
628150264
628316474
628482683
628648893
628815103
628981313
629147522
629313731
629491022
629657231
629823440
629989650
630155860
630322069
630488279
630654488
630820698
630986908
631153117
631319327
631485536
631651746
631817955
631984165
632150375
632316584
632482794
632649003
632815213
632981423
633147632
633313842
633491132
633657341
633823551
633989760
634155970
634322179
634488389
634654599
634820808
634987018
635153227
635319437
635485646
635651856
635818066
635984275
636150485
636316694
636482904
636649113
636815323
636981533
637147742
637313951
637491242
637657451
637823661
637989871
638156080
638322290
638488499
638654709
638820918
638987128
639153338
639319547
639485757
639651966
639818176
639984385
640150595
640316805
640483014
640649224
640815433
640981643
641147852
641314062
641480271
641657562
641823771
641989981
642156190
642322400
642488610
642654819
642821029
642987238
643153448
643319657
643485867
643652077
643818286
643984496
644150705
644316915
644483124
644649334
644815543
644981753
645147963
645314172
645480382
645657672
645823881
645990091
646156300
646322510
646488720
646654929
646821139
646987348
647153558
647319767
647485977
647652186
647818396
647984606
648150815
648317025
648483234
648649444
648815654
648981863
649148073
649314282
649480492
649657782
649823992
649990201
650156411
650322621
650488830
650655040
650821249
650987459
651153668
651319878
651486087
651652297
651818507
651984716
652150925
652317135
652483345
652649554
652815764
652981974
653148183
653314393
653480602
653657892
653824102
653990312
654156521
654322731
654488940
654655150
654821359
654987569
655153778
655319988
655486198
655652407
655818617
655984826
656151036
656317245
656483455
656649664
656815874
656982084
657148293
657314503
657480712
657658002
657824212
657990421
658156631
658322841
658489050
658655260
658821470
658987679
659153888
659320098
659486307
659652517
659818727
659984936
660151146
660317356
660483565
660649775
660815984
660982194
661148403
661314613
661480822
661658113
661824322
661990532
662156741
662322951
662489161
662655370
662821580
662987789
663153999
663320208
663486418
663652628
663818837
663985047
664151256
664317466
664483675
664649885
664816094
664982305
665148514
665314723
665480933
665658223
665824432
665990642
666156852
666323061
666489271
666655480
666821690
666987899
667154109
667320319
667486528
667652738
667818947
667985157
668151367
668317576
668483786
668649995
668816204
668982415
669148624
669314833
669481043
669647252
669824543
669990752
670156962
670323171
670489381
670655590
670821800
670988010
671154219
671320429
671486638
671652848
671819057
671985267
672151476
672317686
672483896
672650105
672816315
672982524
673148734
673314944
673481153
673647363
673824653
673990863
674157072
674323283
674489491
674655702
674821911
674988121
675154330
675320539
675486749
675652959
675819168
675985377
676151587
676317797
676484006
676650217
676816426
676982635
677148844
677315054
677481264
677647473
677824763
677990973
678157182
678323392
678489601
678655812
678822021
678988230
679154440
679320649
679486859
679653069
679819278
679985487
680151697
680317907
680484116
680650326
680816535
680982745
681148954
681315164
681481374
681647584
681824873
681991083
682157292
682323502
682489711
682655921
682822131
682988340
683154550
683320759
683486969
683653179
683819388
683985597
684151807
684318017
684484227
684650436
684816645
684982855
685149065
685315274
685481484
685647693
685824984
685991193
686157403
686323612
686489822
686656031
686822241
686988451
687154660
687320870
687487079
687653289
687819498
687985708
688151918
688318127
688484337
688650546
688816756
688982967
689149175
689315385
689481594
689647804
689825094
689991303
690157513
690323723
690489932
690656142
690822351
690988561
691154770
691320980
691487189
691653399
691819609
691985818
692152028
692318237
692484447
692650656
692816866
692983076
693149285
693315495
693481704
693647914
693814124
693991413
694157623
694323833
694490042
694656252
694822461
694988671
695154880
695321090
695487300
695653509
695819719
695985928
696152138
696318347
696484557
696650766
696816976
696983186
697149395
697315605
697481814
697648024
697814234
697991524
698157734
698323943
698490153
698656362
698822572
698988781
699154991
699321201
699487410
699653620
699819829
699986039
700152248
700318458
700484667
700650877
700817086
700983296
701149506
701315715
701481925
701648134
701814344
701991634
702157844
702324053
702490263
702656472
702822682
702988892
703155101
703321311
703487520
703653730
703819939
703986149
704152359
704318568
704484778
704650987
704817197
704983407
705149616
705315826
705482035
705648245
705814454
705991744
706157954
706324163
706490373
706656582
706822792
706989002
707155211
707321421
707487630
707653840
707820049
707986259
708152468
708318678
708484888
708651097
708817307
708983517
709149726
709315936
709482145
709648355
709814564
709991855
710158064
710324274
710490483
710656693
710822903
710989116
711155322
711321531
711487741
711653951
711820160
711986369
712152579
712318789
712484998
712651208
712817417
712983627
713149837
713316046
713482255
713648465
713814675
713991965
714158175
714324384
714490593
714656803
714823013
714989222
715155432
715321642
715487851
715654061
715820270
715986479
716152689
716318899
716485108
716651318
716817527
716983737
717149947
717316156
717482366
717648575
717814785
717992075
718158285
718324494
718490704
718656913
718823123
718989332
719155542
719321751
719487961
719654171
719820380
719986590
720152799
720319009
720485218
720651428
720817638
720983847
721150057
721316266
721482476
721648686
721814895
721981104
722158395
722324605
722490814
722657024
722823233
722989443
723155652
723321862
723488072
723654282
723820491
723986700
724152910
724319119
724485329
724651539
724817748
724983958
725150167
725316377
725482586
725648796
725815005
725981215
726158505
726324715
726490924
726657134
726823344
726989553
727155763
727321972
727488182
727654391
727820601
727986811
728153020
728319230
728485439
728651649
728817858
728984068
729150277
729316487
729482697
729648906
729815116
729981325
730158615
730324825
730491034
730657244
730823454
730989663
731155873
731322082
731488292
731654501
731820711
731986920
732153130
732319340
732485549
732651759
732817968
732984178
733150388
733316597
733482807
733649017
733815226
733981435
734158726
734324936
734491146
734657355
734823565
734989774
735155983
735322193
735488404
735654612
735820821
735987031
736153241
736319450
736485662
736651869
736818079
736984290
737150498
737316708
737482918
737649127
737815336
737981546
738158836
738325045
738491256
738657465
738823674
738989884
739156093
739322303
739488513
739654722
739820932
739987141
740153351
740319560
740485770
740651979
740818189
740984399
741150608
741316818
741483027
741649237
741815447
741981656
742158946
742325156
742491365
742657575
742823785
742989994
743156203
743322413
743488623
743654832
743821042
743987251
744153461
744319671
744485880
744652090
744818299
744984509
745150718
745316928
745483137
745649347
745815556
745981766
746159057
746325266
746491476
746657685
746823895
746990104
747156314
747322523
747488733
747654943
747821152
747987362
748153571
748319781
748485990
748652200
748818410
748984619
749150829
749317038
749483248
749649457
749815667
749981877
750148086
750325376
750491586
750657795
750824005
750990215
751156424
751322634
751488843
751655053
751821262
751987472
752153682
752319891
752486101
752652310
752818520
752984730
753150939
753317148
753483358
753649567
753815777
753981987
754148196
754325486
754491696
754657905
754824115
754990326
755156534
755322744
755488954
755655163
755821373
755987582
756153791
756320001
756486211
756652420
756818630
756984840
757151049
757317258
757483468
757649678
757815887
757982097
758148306
758325597
758491806
758658016
758824226
758990435
759156645
759322854
759489064
759655274
759821483
759987693
760153902
760320112
760486321
760652531
760818741
760984951
761151159
761317369
761483578
761649788
761815998
761982207
762148417
762325707
762491917
762658126
762824336
762990545
763156755
763322965
763489174
763655384
763821593
763987803
764154012
764320222
764486431
764652641
764818850
764985060
765151270
765317479
765483689
765649899
765816108
765982318
766148527
766325817
766492027
766658236
766824446
766990655
767156865
767323075
767489284
767655494
767821703
767987913
768154123
768320332
768486541
768652751
768818961
768985170
769151380
769317589
769483799
769650009
769816218
769982428
770148637
770325928
770492137
770658347
770824556
770990766
771156975
771323185
771489395
771655604
771821814
771988023
772154233
772320442
772486652
772652861
772819071
772985281
773151490
773317700
773483909
773650119
773816329
773982538
774148747
774326038
774492247
774658457
774824667
774990876
775157086
775323295
775489505
775655714
775821924
775988134
776154343
776320553
776486762
776652972
776819181
776985391
777151601
777317810
777484020
777650229
777816439
777982648
778148858
778315068
778492358
778658567
778824777
778990986
779157196
779323405
779489615
779655825
779822034
779988244
780154453
780320663
780486872
780653082
780819292
780985501
781151711
781317920
781484130
781650339
781816549
781982758
782148968
782315178
782492468
782658678
782824887
782991097
783157306
783323516
783489725
783655935
783822144
783988354
784154565
784320773
784486983
784653192
784819402
784985612
785151821
785318031
785484241
785650450
785816659
785982869
786149079
786315288
786492578
786658788
786824997
786991207
787157416
787323626
787489836
787656045
787822255
787988464
788154674
788320884
788487093
788653303
788819512
788985722
789151931
789318141
789484351
789650560
789816769
789982979
790149189
790315398
790492688
790658898
790825107
790991317
791157527
791323736
791489946
791656155
791822365
791988575
792154784
792320994
792487203
792653413
792819623
792985832
793152041
793318251
793484460
793650670
793816880
793983089
794149299
794315508
794492799
794659009
794825218
794991428
795157637
795323848
795490056
795656266
795822476
795988685
796154895
796321105
796487314
796653523
796819734
796985943
797152152
797318362
797484573
797650781
797816991
797983200
798149409
798315620
798492909
798659119
798825328
798991538
799157748
799323957
799490166
799656376
799822586
799988795
800155005
800321215
800487424
800653634
800819843
800986053
801152262
801318472
801484682
801650891
801817100
801983310
802149520
802315730
802493019
802659229
802825438
802991648
803157857
803324067
803490277
803656486
803822696
803988905
804155115
804321325
804487534
804653744
804819953
804986163
805152372
805318582
805484792
805651001
805817211
805983420
806149630
806315839
806482049
806659339
806825549
806991758
807157968
807324178
807490387
807656597
807822806
807989016
808155225
808321435
808487645
808653854
808820064
808986273
809152483
809318693
809484903
809651112
809817321
809983531
810149740
810315950
810482160
810659450
810825659
810991869
811158078
811324288
811490498
811656707
811822917
811989126
812155336
812321545
812487755
812653965
812820174
812986384
813152593
813318803
813485013
813651222
813817432
813983641
814149851
814316060
814482270
814659560
814825769
814991979
815158189
815324398
815490608
815656817
815823027
815989237
816155446
816321655
816487865
816654075
816820284
816986494
817152703
817318913
817485123
817651332
817817542
817983751
818149961
818316170
818482380
818659670
818825880
818992089
819158299
819324509
819490718
819656928
819823137
819989347
820155556
820321766
820487975
820654185
820820395
820986604
821152814
821319023
821485233
821651443
821817652
821983862
822150071
822316281
822482490
822659781
822825990
822992200
823158410
823324619
823490828
823657038
823823248
823989457
824155667
824321876
824488086
824654296
824820505
824986715
825152924
825319134
825485343
825651553
825817763
825983972
826150182
826316391
826482601
826659891
826826100
826992310
827158520
827324729
827490939
827657148
827823358
827989568
828155777
828321987
828488196
828654406
828820615
828986825
829153034
829319244
829485453
829651663
829817873
829984082
830150292
830316501
830482711
830648921
830826211
830992421
831158630
831324840
831491049
831657259
831823468
831989678
832155888
832322097
832488307
832654516
832820726
832986935
833153145
833319355
833485564
833651774
833817983
833984193
834150402
834316612
834482822
834649031
834826321
834992531
835158740
835324950
835491160
835657369
835823579
835989788
836155998
836322207
836488417
836654627
836820836
836987046
837153255
837319465
837485674
837651884
837818093
837984303
838150513
838316722
838482932
838649141
838826431
838992641
839158851
839325060
839491270
839657479
839823689
839989898
840156108
840322318
840488527
840654737
840820946
840987156
841153365
841319575
841485785
841651994
841818204
841984413
842150623
842316832
842483042
842649252
842826542
842992751
843158961
843325171
843491380
843657590
843823799
843990009
844156218
844322428
844488637
844654847
844821057
844987267
845153476
845319685
845485895
845652105
845818314
845984524
846150733
846316943
846483152
846649362
846826652
846992862
847159071
847325281
847491490
847657700
847823910
847990119
848156329
848322538
848488748
848654957
848821167
848987376
849153586
849319796
849486005
849652215
849818424
849984634
850150844
850317053
850483263
850649472
850826762
850992972
851159182
851325391
851491601
851657810
851824020
851990229
852156439
852322648
852488858
852655067
852821277
852987487
853153696
853319906
853486115
853652325
853818534
853984744
854150954
854317163
854483373
854649583
854826873
854993082
855159292
855325502
855491711
855657921
855824130
855990340
856156551
856322759
856488969
856655180
856821388
856987597
857153807
857320017
857486226
857652436
857818645
857984856
858151065
858317274
858483483
858649693
858815903
858993192
859159403
859325612
859491821
859658031
859824240
859990450
860156660
860322869
860489078
860655288
860821498
860987707
861153917
861320127
861486336
861652546
861818755
861984965
862151175
862317384
862483594
862649803
862816013
862993303
863159512
863325722
863491931
863658141
863824351
863990560
864156770
864322979
864489189
864655399
864821608
864987817
865154027
865320237
865486446
865652656
865818865
865985075
866151284
866317494
866483703
866649913
866816123
866993413
867159623
867325833
867492042
867658251
867824461
867990670
868156880
868323090
868489299
868655509
868821718
868987928
869154137
869320347
869486557
869652766
869818976
869985185
870151395
870317605
870483814
870650024
870816233
870993523
871159733
871325943
871492152
871658362
871824571
871990781
872156990
872323200
872489410
872655619
872821829
872988038
873154248
873320457
873486667
873652876
873819086
873985295
874151505
874317715
874483924
874650134
874816343
874993633
875159843
875326053
875492262
875658472
875824681
875990891
876157100
876323310
876489520
876655729
876821939
876988148
877154358
877320567
877486777
877652987
877819196
877985406
878151615
878317825
878484035
878650244
878816453
878993744
879159953
879326163
879492373
879658582
879824792
879991001
880157211
880323421
880489630
880655839
880822049
880988259
881154468
881320678
881486888
881653097
881819307
881985516
882151726
882317936
882484145
882650354
882816564
882993854
883160064
883326273
883492483
883658692
883824902
883991112
884157321
884323531
884489741
884655950
884822160
884988369
885154579
885320788
885486998
885653207
885819417
885985626
886151836
886318046
886484255
886650464
886816674
886982884
887160174
887326383
887492593
887658803
887825012
887991222
888157431
888323641
888489851
888656060
888822269
888988479
889154689
889320898
889487108
889653317
889819527
889985736
890151946
890318156
890484365
890650575
890816784
890982994
891160284
891326494
891492703
891658913
891825122
891991332
892157542
892323751
892489961
892656170
892822380
892988589
893154799
893321009
893487218
893653428
893819637
893985847
894152056
894318266
894484476
894650685
894816895
894983104
895160394
895326604
895492814
895659023
895825233
895991442
896157652
896323862
896490071
896656281
896822490
896988700
897154909
897321119
897487329
897653538
897819748
897985957
898152167
898318376
898484586
898650796
898817005
898983215
899160505
899326714
899492924
899659133
899825343
899991553
