55403
221613
387822
554032
720241
886451
1052660
1218870
1385080
1551289
1717499
1883708
2049918
2216128
2382338
2559628
2725838
2892047
3058257
3224466
3390676
3556885
3723095
3889305
4055514
4221723
4387934
4554143
4720352
4886562
5052771
5218981
5385191
5551400
5717610
5883819
6050029
6216238
6382448
6559738
6725948
6892157
7058367
7224576
7390786
7556995
7723205
7889416
8055624
8221834
8388044
8554253
8720462
8886672
9052881
9219091
9385301
9551510
9717720
9883929
10050139
10216349
10382558
10559848
10726058
10892267
11058477
11224686
11390896
11557105
11723315
11889525
12055734
12221944
12388154
12554363
12720573
12886782
13052992
13219201
13385411
13551620
13717830
13884039
14050249
14216458
14382668
14548878
14726168
14892377
15058587
15224797
15391006
15557216
15723426
15889635
16055844
16222054
16388264
16554473
16720683
16886892
17053102
17219311
17385521
17551730
17717940
17884150
18050359
18216569
18382778
18548988
18726278
18892488
19058697
19224907
19391116
19557326
19723536
19889745
20055955
20222164
20388374
20554583
20720793
20887002
21053212
21219422
21385631
21551842
21718050
21884260
22050470
22216679
22382888
22549098
22726388
22892598
23058808
23225017
23391227
23557436
23723646
23889855
24056065
24222275
24388484
24554694
24720903
24887113
25053322
25219532
25385741
25551951
25718161
25884370
26050580
26216789
26382999
26549209
26726498
26892708
27058918
27225127
27391337
27557546
27723756
27889966
28056175
28222385
28388594
28554804
28721013
28887223
29053432
29219642
29385852
29552061
29718271
29884481
30050690
30216899
30383109
30549319
30726609
30892818
31059028
31225237
31391447
31557657
31723866
31890076
32056285
32222495
32388705
32554914
32721125
32887333
33053543
33219752
33385962
33552171
33718381
33884590
34050800
34217010
34383219
34549429
34726719
34892928
35059138
35225348
35391557
35557767
35723977
35890186
36056396
36222605
36388815
36555024
36721234
36887444
37053653
37219863
37386072
37552282
37718491
37884701
38050910
38217120
38383329
38549539
38726829
38893038
39059248
39225457
39391667
39557876
39724086
39890295
40056505
40222714
40388924
40555134
40721343
40887553
41053762
41219972
41386181
41552391
41718601
41884810
42051020
42217230
42383440
42549649
42715859
42893150
43059359
43225568
43391778
43557987
43724197
43890407
44056616
44222826
44389036
44555245
44721454
44887665
45053874
45220084
45386293
45552502
45718712
45884923
46051131
46217340
46383550
46549760
46715970
46893260
47059469
47225678
47391888
47558097
47724307
47890517
48056726
48222935
48389145
48555355
48721564
48887775
49053983
49220193
49386402
49552612
49718821
49885032
50051241
50217450
50383660
50549869
50716079
50893369
51059579
51225789
51391998
51558208
51724417
51890627
52056836
52223046
52389255
52555465
52721674
52887885
53054094
53220303
53386513
53552722
53718932
53885142
54051351
54217561
54383770
54549980
54716189
54893480
55059689
55225899
55392108
55558318
55724527
55890737
56056947
56223156
56389366
56555575
56721785
56887994
57054204
57220413
57386623
57552833
57719042
57885252
58051461
58217671
58383880
58550090
58716300
58893590
59059800
59226009
59392218
59558428
59724638
59890847
60057057
60223266
60389476
60555686
60721895
60888105
61054314
61220523
61386733
61552943
61719153
61885362
62051572
62217781
62383991
62550200
62716410
62893700
63059910
63226119
63392329
63558538
63724748
63890958
64057167
64223377
64389586
64555796
64722005
64888215
65054424
65220634
65386843
65553053
65719263
65885472
66051682
66217891
66384101
66550310
66716520
66882729
67060020
67226231
67392439
67558649
67724858
67891068
68057277
68223487
68389696
68555906
68722116
68888325
69054535
69220744
69386954
69553163
69719373
69885582
70051792
70218002
70384211
70550421
70716630
70882840
71060130
71226339
71392549
71558759
71724968
71891178
72057387
72223597
72389806
72556016
72722226
72888435
73054645
73220854
73387064
73553274
73719483
73885692
74051902
74218112
74384321
74550531
74716740
74882950
75060240
75226450
75392660
75558869
75725079
75891288
76057498
76223707
76389917
76556126
76722336
76888546
77054755
77220965
77387174
77553384
77719593
77885803
78052013
78218222
78384432
78550641
78716851
78883060
79060351
79226560
79392770
79558979
79725189
79891398
80057608
80223818
80390027
80556237
80722446
80888656
81054865
81221075
81387285
81553494
81719704
81885913
82052123
82218332
82384542
82550752
82716961
82883171
83060461
83226670
83392880
83559090
83725299
83891508
84057718
84223928
84390137
84556347
84722557
84888766
85054976
85221185
85387395
85553604
85719814
85886023
86052233
86218442
86384652
86550862
86717071
86883281
87060571
87226781
87392990
87559200
87725409
87891619
88057828
88224038
88390248
88556457
88722667
88888876
89055086
89221296
89387505
89553715
89719925
89886134
90052343
90218553
90384762
90550972
90717182
90883391
91060682
91226891
91393100
91559310
91725520
91891729
92057939
92224148
92390358
92556568
92722777
92888987
93055196
93221406
93387615
93553825
93720035
93886244
94052454
94218663
94384873
94551083
94717292
94883501
95049711
95227001
95393211
95559420
95725630
95891840
96058049
96224259
96390468
96556678
96722887
96889097
97055306
97221516
97387725
97553935
97720145
97886354
98052564
98218773
98384983
98551193
98717402
98883612
99049821
99227111
99393321
99559531
99725740
99891950
100058159
100224369
100390578
100556788
100722998
100889207
101055417
101221626
101387836
101554045
101720255
101886465
102052674
102218884
102385093
102551303
102717513
102883722
103049932
103227222
103393433
103559641
103725851
103892060
104058270
104224479
104390689
104556899
104723109
104889318
105055527
105221737
105387947
105554156
105720367
105886575
106052784
106218994
106385204
106551413
106717624
106883832
107050042
107227332
107393541
107559751
107725961
107892170
108058380
108224589
108390799
108557008
108723219
108889428
109055637
109221847
109388057
109554266
109720476
109886685
110052895
110219104
110385314
110551523
110717734
110883942
111050152
111227442
111393652
111559861
111726071
111892280
112058490
112224700
112390909
112557119
112723329
112889538
113055747
113221957
113388167
113554376
113720586
113886795
114053005
114219214
114385424
114551633
114717843
114884053
115050262
115227553
115393762
115559972
115726181
115892391
116058601
116224810
116391020
116557229
116723439
116889648
117055858
117222067
117388277
117554487
117720696
117886906
118053115
118219325
118385534
118551744
118717953
118884163
119050373
119227663
119393872
119560082
119726291
119892501
120058710
120224920
120391130
120557339
120723549
120889759
121055968
121222177
121388387
121554597
121720806
121887016
122053225
122219435
122385644
122551854
122718063
122884273
123050483
123216692
123393983
123560192
123726402
123892611
124058821
124225031
124391240
124557450
124723659
124889869
125056078
125222288
125388497
125554707
125720917
125887126
126053336
126219545
126385755
126551964
126718174
126884383
127050593
127216803
127394093
127560303
127726513
127892722
128058931
128225141
128391351
128557560
128723770
128889979
129056189
129222398
129388608
129554817
129721027
129887237
130053446
130219656
130385865
130552075
130718284
130884494
131050704
131216913
131394203
131560412
131726622
131892832
132059041
132225251
132391460
132557670
132723880
132890089
133056299
133222508
133388718
133554927
133721137
133887346
134053556
134219766
134385975
134552184
134718394
134884604
135050814
135217023
135394313
135560523
135726732
135892942
136059152
136225361
136391571
136557781
136723990
136890199
137056409
137222619
137388829
137555038
137721247
137887457
138053666
138219876
138386086
138552295
138718505
138884715
139050924
139217133
139394424
139560633
139726843
139893052
140059262
140225472
140391681
140557891
140724100
140890310
141056519
141222729
141388939
141555148
141721358
141887567
142053777
142219986
142386196
142552405
142718615
142884825
143051034
143217244
143394534
143560744
143726953
143893163
144059372
144225582
144391791
144558001
144724210
144890420
145056629
145222839
145389049
145555258
145721468
145887678
146053887
146220096
146386306
146552516
146718725
146884935
147051144
147217354
147394644
147560854
147727063
147893273
148059482
148225692
148391901
148558111
148724321
148890530
149056740
149222949
149389159
149555368
149721578
149887788
150053997
150220207
150386416
150552626
150718836
150885045
151051255
151217464
151383674
151560964
151727173
151893383
152059593
152225802
152392012
152558221
152724431
152890640
153056850
153223060
153389269
153555479
153721688
153887898
154054107
154220317
154386527
154552736
154718946
154885155
155051365
155217574
155383784
155561074
155727284
155893493
156059703
156225913
156392122
156558331
156724541
156890751
157056960
157223170
157389379
157555589
157721799
157888008
158054217
158220427
158386637
158552846
158719056
158885265
159051475
159217685
159383894
159561184
159727394
159893604
160059813
160226023
160392232
160558442
160724651
160890861
161057070
161223280
161389490
161555699
161721909
161888118
162054328
162220537
162386747
162552957
162719166
162885376
163051585
163217795
163384005
163561295
163727504
163893714
164059924
164226133
164392342
164558552
164724762
164890971
165057181
165223390
165389600
165555810
165722019
165888229
166054438
166220648
166386857
166553068
166719277
166885486
167051696
167217905
167384115
167561405
167727614
167893824
168060034
168226243
168392453
168558662
168724872
168891082
169057291
169223500
169389710
169555920
169722129
169888339
170054548
170220758
170386968
170553177
170719387
170885596
171051806
171218015
171384225
171561515
171727725
171893934
172060144
172226354
172392563
172558773
172724982
172891192
173057401
173223611
173389821
173556030
173722240
173888449
174054659
174220868
174387078
174553288
174719497
174885707
175051916
175218126
175384335
175561626
175727837
175894045
176060255
176226464
176392674
176558883
176725094
176891302
177057512
177223721
177389931
177556141
177722352
177888560
178054769
178220979
178387188
178553398
178719609
178885817
179052027
179218236
179384446
179550656
179727946
179894155
180060364
180226574
180392783
180558993
180725203
180891412
181057622
181223831
181390041
181556250
181722461
181888670
182054880
182221089
182387298
182553508
182719718
182885927
183052137
183218346
183384556
183550765
183728056
183894265
184060475
184226684
184392894
184559103
184725313
184891523
185057732
185223942
185390152
185556361
185722571
185888780
186054990
186221199
186387409
186553618
186719828
186886038
187052247
187218456
187384666
187550876
187728166
187894376
188060585
188226795
188393004
188559214
188725423
188891633
189057843
189224052
189390262
189556471
189722681
189888890
190055100
190221310
190387519
190553728
190719938
190886148
191052357
191218567
191384777
191550986
191728276
191894486
192060695
192226905
192393114
192559324
192725533
192891743
193057953
193224162
193390372
193556581
193722791
193889001
194055210
194221420
194387629
194553839
194720048
194886258
195052467
195218677
195384887
195551096
195728387
195894596
196060806
196227015
196393225
196559434
196725644
196891854
197058063
197224273
197390482
197556692
197722901
197889111
198055320
198221530
198387740
198553949
198720159
198886368
199052578
199218788
199384997
199551207
199728497
199894706
200060916
200227125
200393335
200559545
200725754
200891964
201058173
201224383
201390593
201556802
201723011
201889221
202055431
202221640
202387850
202554059
202720269
202886479
203052688
203218898
203385107
203551317
203717526
203894816
204061026
204227236
204393445
204559655
204725864
204892074
205058284
205224493
205390702
205556912
205723122
205889331
206055541
206221750
206387960
206554169
206720379
206886589
207052799
207219008
207385217
207551427
207717637
207894927
208061136
208227346
208393556
208559765
208725975
208892184
209058394
209224603
209390813
209557023
209723232
209889442
210055651
210221861
210388070
210554280
210720489
210886699
211052908
211219118
211385328
211551537
211717747
211895037
212061247
212227456
212393666
212559875
212726085
212892295
213058504
213224714
213390923
213557133
213723342
213889552
214055762
214221971
214388181
214554390
214720600
214886809
215053019
215219229
215385438
215551648
215717857
215895147
216061357
216227567
216393776
216559985
216726195
216892405
217058614
217224824
217391033
217557243
217723453
217889662
218055872
218222081
218388291
218554500
218720710
218886920
219053129
219219339
219385548
219551758
219717967
219895258
220061467
220227677
220393886
220560096
220726306
220892515
221058725
221224934
221391144
221557353
221723563
221889772
222055982
222222192
222388401
222554611
222720820
222887030
223053239
223219449
223385659
223551868
223718078
223895368
224061578
224227787
224393997
224560206
224726416
224892625
225058835
225225045
225391254
225557464
225723673
225889883
226056092
226222302
226388511
226554721
226720930
226887141
227053350
227219559
227385769
227551978
227718188
227895478
228061688
228227897
228394107
228560316
228726526
228892735
229058945
229225155
229391364
229557574
229723783
229889993
230056202
230222412
230388622
230554831
230721041
230887250
231053460
231219669
231385879
231552089
231718298
231884508
232061798
232228007
232394217
232560427
232726636
232892846
233059055
233225265
233391475
233557684
233723894
233890103
234056313
234222522
234388732
234554941
234721151
234887360
235053570
235219780
235385989
235552199
235718409
235884618
236061908
236228118
236394328
236560538
236726747
236892956
237059168
237225375
237391585
237557796
237724004
237890214
238056423
238222633
238388843
238555053
238721261
238887471
239053681
239219890
239386100
239552311
239718519
239884728
240062018
240228228
240394437
240560648
240726857
240893066
241059276
241225485
241391695
241557905
241724114
241890324
242056533
242222742
242388952
242555162
242721371
242887581
243053791
243220000
243386210
243552419
243718629
243884838
244062128
244228339
244394548
244560757
244726967
244893176
245059386
245225596
245391805
245558015
245724224
245890434
246056643
246222853
246389062
246555272
246721482
246887691
247053901
247220111
247386320
247552530
247718739
247884949
248062239
248228448
248394658
248560868
248727077
248893287
249059496
249225706
249391916
249558125
249724335
249890544
250056754
250222963
250389173
250555382
250721592
250887802
251054011
251220221
251386430
251552640
251718849
251885059
252062349
252228558
252394768
252560978
252727188
252893397
253059607
253225816
253392026
253558235
253724445
253890654
254056864
254223074
254389283
254555492
254721702
254887912
255054122
255220331
255386540
255552750
255718960
255885169
256062459
256228669
256394878
256561088
256727298
256893507
257059717
257225926
257392136
257558346
257724555
257890765
258056974
258223184
258389393
258555603
258721812
258888022
259054232
259220441
259386651
259552860
259719070
259885279
260051489
260228779
260394989
260561198
260727408
260893618
261059827
261226037
261392246
261558456
261724665
261890875
262057085
262223294
262389504
262555713
262721923
262888133
263054342
263220552
263386761
263552971
263719180
263885390
264051599
264228889
264395099
264561309
264727518
264893728
265059937
265226147
265392357
265558566
265724776
265890985
266057195
266223404
266389614
266555823
266722033
266888243
267054452
267220662
267386871
267553081
267719290
267885500
268051710
268229000
268395209
268561419
268727629
268893838
269060048
269226257
269392467
269558677
269724886
269891096
270057305
270223515
270389724
270555934
270722143
270888353
271054562
271220772
271386981
271553191
271719401
271885610
272051820
272229111
272395320
272561529
272727739
272893948
273060158
273226367
273392577
273558787
273724996
273891206
274057415
274223625
274389835
274556044
274722254
274888463
275054673
275220882
275387092
275553301
275719511
275885721
276051930
276229221
276395430
276561639
276727849
276894059
277060269
277226478
277392688
277558897
277725106
277891316
278057526
278223735
278389945
278556154
278722364
278888574
279054783
279220993
279387202
279553412
279719621
279885831
280052041
280229331
280395540
280561750
280727959
280894169
281060379
281226588
281392798
281559008
281725217
281891426
282057636
282223846
282390055
282556265
282722474
282888684
283054893
283221103
283387313
283553522
283719732
283885941
284052151
284229442
284395650
284561860
284728070
284894279
285060489
285226698
285392908
285559118
285725327
285891537
286057746
286223956
286390165
286556375
286722584
286888794
287055004
287221213
287387423
287553632
287719842
287886051
288052261
288218471
288395761
288561971
288728180
288894389
289060599
289226809
289393018
289559228
289725437
289891647
290057856
290224066
290390275
290556485
290722695
290888905
291055114
291221324
291387533
291553743
291719952
291886162
292052371
292218581
292395871
292562081
292728290
292894500
293060710
293226919
293393128
293559338
293725548
293891757
294057967
294224176
294390386
294556596
294722805
294889015
295055224
295221434
295387644
295553853
295720063
295886272
296052482
296218691
296395983
296562191
296728401
296894610
297060820
297227029
297393241
297559449
297725660
297891868
298058077
298224287
298390498
298556706
298722916
298889125
299055335
299221545
299387756
299553963
299720173
299886383
300052592
300218802
300396092
300562301
300728511
300894720
301060930
301227139
301393350
301559559
301725768
301891978
302058187
302224397
302390607
302556816
302723026
302889235
303055445
303221654
303387864
303554073
303720283
303886492
304052702
304218912
304396202
304562412
304728621
304894831
305061041
305227250
305393459
305559669
305725879
305892088
306058298
306224507
306390717
306556926
306723136
306889346
307055555
307221765
307387974
307554184
307720394
307886603
308052813
308219022
308396312
308562522
308728732
308894941
309061151
309227360
309393570
309559779
309725989
309892199
310058408
310224618
310390828
310557037
310723247
310889456
311055665
311221875
311388085
311554294
311720504
311886713
312052923
312219132
312396422
312562632
312728842
312895051
313061261
313227470
313393680
313559890
313726099
313892309
314058518
314224728
314390937
314557148
314723357
314889566
315055776
315221985
315388195
315554405
315720614
315886824
316053033
316219243
316385452
316562743
316728952
316895162
317061372
317227581
317393790
317560000
317726209
317892419
318058629
318224838
318391048
318557257
318723467
318889676
319055886
319222096
319388305
319554515
319720724
319886934
320053144
320219353
320385563
320562853
320729063
320895272
321061482
321227691
321393901
321560110
321726320
321892530
322058739
322224949
322391158
322557368
322723577
322889787
323055996
323222206
323388416
323554625
323720835
323887044
324053254
324219463
324385673
324562963
324729173
324895382
325061592
325227802
325394011
325560221
325726430
325892640
326058849
326225059
326391268
326557478
326723688
326889897
327056107
327222316
327388526
327554735
327720945
327887155
328053364
328219573
328385783
328563074
328729283
328895493
329061702
329227912
329394122
329560331
329726541
329892750
330058960
330225169
330391379
330557588
330723798
330890008
331056217
331222427
331388637
331554846
331721055
331887265
332053474
332219684
332385894
332563184
332729394
332895603
333061813
333228022
333394232
333560441
333726651
333892861
334059070
334225280
334391489
334557699
334723908
334890118
335056327
335222537
335388747
335554956
335721166
335887375
336053585
336219795
336386004
336563294
336729504
336895714
337061923
337228133
337394342
337560551
337726761
337892971
338059180
338225390
338391599
338557809
338724019
338890229
339056438
339222648
339388857
339555066
339721276
339887486
340053695
340219905
340386114
340552324
340729614
340895824
341062033
341228243
341394453
341560662
341726872
341893081
342059291
342225501
342391710
342557919
342724129
342890339
343056548
343222758
343388967
343555177
343721387
343887596
344053805
344220015
344386225
344552434
344729724
344895934
345062144
345228353
345394563
345560772
345726982
345893192
346059401
346225611
346391820
346558030
346724239
346890449
347056659
347222868
347389078
347555287
347721497
347887707
348053916
348220126
348386335
348552545
348729835
348896044
349062254
349228464
349394673
349560882
349727092
349893302
350059512
350225721
350391931
350558140
350724350
350890559
351056769
351222978
351389189
351555397
351721607
351887816
352054026
352220236
352386445
352552655
352729945
352896155
353062364
353228574
353394783
353560993
353727202
353893412
354059622
354225831
354392041
354558250
354724460
354890670
355056879
355223088
355389299
355555508
355721717
355887927
356054136
356220346
356386556
356552765
356730057
356896265
357062475
357228686
357394894
357561103
357727313
357893523
358059732
358225943
358392151
358558361
358724571
358890780
359056990
359223201
359389409
359555618
359721828
359888037
360054247
360220457
360386666
360552876
360730166
360896375
361062585
361228795
361395004
361561213
361727423
361893632
362059842
362226052
362392261
362558471
362724680
362890890
363057100
363223309
363389519
363555728
363721938
363888147
364054357
364220567
364386776
364552986
364730276
364896485
365062695
365228905
365395114
365561324
365727533
365893743
366059952
366226162
366392372
366558581
366724791
366891001
367057210
367223419
367389629
367555839
367722048
367888258
368054467
368220677
368386886
368553096
368719306
368896596
369062806
369229015
369395225
369561434
369727644
369893853
370060063
370226273
370392482
370558692
370724901
370891111
371057320
371223530
371389740
371555949
371722159
371888368
372054578
372220788
372386997
372553207
372719416
372896706
373062916
373229125
373395335
373561545
373727754
373893963
374060173
374226383
374392593
374558802
374725011
374891221
375057430
375223640
375389850
375556059
375722269
375888478
376054688
376220897
376387107
376553317
376719526
376896817
377063026
377229236
377395445
377561655
377727864
377894074
378060283
378226493
378392703
378558912
378725122
378891332
379057541
379223750
379389960
379556170
379722379
379888589
380054798
380221008
380387218
380553427
380719637
380896927
381063137
381229346
381395555
381561766
381727975
381894184
382060394
382226603
382392813
382559023
382725232
382891442
383057651
383223861
383390070
383556280
383722489
383888699
384054909
384221118
384387328
384553537
384719747
384897037
385063247
385229456
385395666
385561876
385728085
385894295
386060504
386226714
386392923
386559133
386725342
386891552
387057761
387223971
387390181
387556390
387722600
387888809
388055019
388221228
388387438
388553648
388719857
388897148
389063357
389229567
389395776
389561986
389728195
389894405
390060614
390226824
390393034
390559243
390725453
390891662
391057872
391224082
391390291
391556501
391722710
391888920
392055129
392221339
392387548
392553758
392719968
392897258
393063467
393229677
393395886
393562096
393728306
393894516
394060725
394226934
394393144
394559354
394725563
394891773
395057982
395224192
395390402
395556611
395722821
395889030
396055240
396221449
396387659
396553868
396720079
396886288
397063578
397229788
397395997
397562206
397728416
397894626
398060835
398227044
398393255
398559464
398725674
398891883
399058092
399224302
399390511
399556721
399722931
399889140
400055350
400221559
400387769
400553979
400720188
400886397
401063688
401229897
401396107
401562317
401728526
401894736
402060945
402227155
402393364
402559574
402725784
402891993
403058203
403224412
403390622
403556832
403723041
403889251
404055460
404221670
404387879
404554089
404720299
404886508
405063798
405230008
405396217
405562427
405728637
405894846
406061056
406227265
406393475
406559684
406725894
406892104
407058313
407224523
407390732
407556942
407723151
407889361
408055570
408221780
408387990
408554199
408720409
408886618
409063908
409230118
409396328
409562537
409728747
409894957
410061166
410227376
410393585
410559794
410726004
410892214
411058423
411224633
411390842
411557052
411723262
411889471
412055681
412221891
412388100
412554309
412720519
412886729
413064019
413230229
413396438
413562648
413728857
413895067
414061276
414227486
414393695
414559905
414726115
414892324
415058534
415224743
415390953
415557162
415723372
415889581
416055791
416222001
416388210
416554420
416720629
416886839
417064131
417230339
417396548
417562758
417728968
417895177
418061388
418227597
418393806
418560015
418726225
418892435
419058646
419224854
419391063
419557273
419723483
419889692
420055903
420222111
420388321
420554530
420720740
420886950
421064240
421230449
421396658
421562868
421729078
421895287
422061497
422227706
422393916
422560125
422726335
422892544
423058754
423224964
423391173
423557383
423723592
423889802
424056012
424222221
424388431
424554640
424720850
424887060
425053269
425230560
425396769
425562979
425729188
425895398
426061607
426227817
426394026
426560236
426726446
426892655
427058865
427225074
427391284
427557493
427723703
427889913
428056122
428222331
428388541
428554751
428720960
428887170
429053379
429230670
429396880
429563089
429729298
429895508
430061718
430227928
430394137
430560346
430726556
430892765
431058975
431225185
431391394
431557604
431723813
431890023
432056232
432222442
432388651
432554861
432721071
432887281
433053490
433230780
433396989
433563199
433729408
433895618
434061828
434228038
434394247
434560456
434726666
434892875
435059085
435225295
435391504
435557714
435723923
435890133
436056342
436222552
436388762
436554971
436721181
436887390
437053600
437230890
437397100
437563309
437729519
437895729
438061938
438228148
438394357
438560567
438726777
438892986
439059195
439225405
439391615
439557824
439724034
439890243
440056453
440222663
440388872
440555082
440721291
440887501
441053710
441231000
441397210
441563420
441729629
441895839
442062048
442228258
442394468
442560677
442726887
442893096
443059306
443225515
443391724
443557934
443724143
443890353
444056562
444222772
444388982
444555191
444721401
444887610
445053820
445231110
445397319
445563529
445729739
445895948
446062158
446228367
446394577
446560786
446726996
446893206
447059415
447225625
447391835
447558045
447724254
447890464
448056673
448222883
448389093
448555302
448721511
448887721
449053931
449231221
449397431
449563640
449729850
449896059
450062269
450228479
450394688
450560898
450727107
450893317
451059526
451225736
451391946
451558155
451724364
451890574
452056784
452222994
452389203
452555412
452721622
452887832
453054041
453220251
453397541
453563750
453729960
453896169
454062379
454228589
454394798
454561008
454727217
454893427
455059637
455225846
455392056
455558266
455724475
455890684
456056894
456223103
456389313
456555522
456721732
456887942
457054151
457220360
457397651
457563861
457730070
457896279
458062489
458228699
458394908
458561118
458727327
458893537
459059746
459225956
459392165
459558375
459724584
459890794
460057004
460223214
460389423
460555633
460721842
460888052
461054261
461220471
461397761
461563971
461730180
461896390
462062599
462228809
462395018
462561228
462727438
462893647
463059857
463226066
463392276
463558485
463724695
463890904
464057114
464223324
464389533
464555743
464721952
464888162
465054371
465220581
465397872
465564081
465730291
465896500
466062710
466228919
466395129
466561338
466727548
466893757
467059967
467226176
467392386
467558596
467724805
467891015
468057224
468223434
468389644
468555853
468722063
468888272
469054482
469220691
469397982
469564191
469730401
469896610
470062820
470229029
470395239
470561448
470727658
470893868
471060077
471226287
471392496
471558706
471724916
471891125
472057335
472223544
472389754
472555963
472722173
472888382
473054592
473220801
473398092
473564301
473730511
473896721
474062930
474229140
474395349
474561559
474727768
474893978
475060188
475226397
475392606
475558816
475725026
475891235
476057445
476223654
476389864
476556074
476722283
476888493
477054702
477220912
477387122
477564412
477730621
477896832
478063042
478229250
478395460
478561669
478727879
478894090
479060298
479226508
479392717
479558927
479725137
479891347
480057555
480223765
480389975
480556184
480722394
480888605
481054813
481221022
481387232
481564522
481730731
481896941
482063150
482229360
482395570
482561779
482727989
482894199
483060408
483226618
483392827
483559037
483725246
483891457
484057665
484223875
484390084
484556294
484722504
484888714
485054923
485221133
485387342
485564632
485730842
485897051
486063261
486229470
486395681
486561890
486728099
486894309
487060518
487226728
487392937
487559147
487725357
487891566
488057776
488223986
488390195
488556404
488722614
488888824
489055033
489221243
489387452
489564743
489730952
489897162
490063371
490229581
490395790
490562000
490728209
490894419
491060629
491226838
491393048
491559258
491725467
491891677
492057886
492224096
492390305
492556515
492722725
492888934
493055144
493221353
493387563
493564853
493731063
493897272
494063482
494229691
494395901
494562110
494728320
494894529
495060739
495226949
495393158
495559368
495725577
495891787
496057997
496224206
496390415
496556625
496722835
496889044
497055254
497221463
497387673
497564963
497731173
497897382
498063592
498229802
498396011
498562221
498728430
498894640
499060849
499227059
499393268
499559478
499725687
499891897
500058107
500224316
500390526
500556735
500722945
500889155
501055364
501221574
501387783
501565073
501731284
501897493
502063702
502229912
502396122
502562331
502728540
502894750
503060960
503227169
503393379
503559589
503725798
503892008
504058217
504224427
504390636
504556846
504723055
504889265
505055475
505221684
505387894
505554103
505731393
505897603
506063812
506230022
506396232
506562441
506728651
506894861
507061070
507227280
507393489
507559699
507725908
507892118
508058327
508224537
508390746
508556956
508723166
508889375
509055584
509221794
509388004
509554214
509731504
509897713
510063923
510230133
510396342
510562551
510728761
510894970
511061180
511227390
511393599
511559809
511726018
511892228
512058438
512224647
512390857
512557066
512723276
512889486
513055695
513221905
513388114
513554324
513731614
513897824
514064033
514230243
514396453
514562662
514728871
514895081
515061291
515227500
515393710
515559919
515726129
515892338
516058548
516224758
516390967
516557177
516723386
516889596
517055805
517222015
517388225
517554434
517731724
517897934
518064144
518230353
518396563
518562772
518728982
518895191
519061401
519227610
519393820
519560029
519726239
519892448
520058658
520224868
520391077
520557287
520723497
520889706
521055915
521222125
521388335
521554544
521731834
521898044
522064254
522230463
522396673
522562882
522729092
522895301
523061511
523227721
523393931
523560140
523726349
523892559
524058768
524224978
524391188
524557397
524723607
524889817
525056026
525222236
525388445
525554655
525731945
525898155
526064364
526230574
526396783
526562993
526729202
526895412
527061622
527227831
527394041
527560250
527726460
527892669
528058879
528225089
528391298
528557508
528723717
528889927
529056136
529222347
529388555
529554765
529732055
529898265
530064474
530230684
530396893
530563103
530729313
530895522
531061732
531227942
531394151
531560361
531726570
531892780
532058989
532225199
532391408
532557618
532723827
532890037
533056247
533222456
533388666
533554876
533721085
533898375
534064585
534230795
534397004
534563214
534729423
534895633
535061842
535228052
535394261
535560471
535726680
535892890
536059100
536225309
536391519
536557728
536723938
536890147
537056357
537222567
537388776
537554986
537721195
537898486
538064696
538230905
538397114
538563324
538729535
538895743
539061953
539228163
539394372
539560581
539726792
539893001
540059210
540225420
540391629
540557839
540724050
540890258
541056468
541222677
541388887
541555097
541721308
541898596
542064805
542231015
542397224
542563434
542729644
542895853
543062063
543228272
543394482
543560691
543726902
543893110
544059320
544225530
544391739
544557949
544724160
544890368
545056578
545222787
545388997
545555206
545721416
545898706
546064916
546231125
546397335
546563545
546729754
546895964
547062173
547228383
547394593
547560802
547727012
547893221
548059431
548225640
548391850
548558060
548724269
548890479
549056688
549222898
549389108
549555317
549721527
549898817
550065026
550231236
550397445
550563655
550729865
550896074
551062284
551228493
551394703
551560912
551727122
551893332
552059541
552225751
552391960
552558170
552724379
552890589
553056799
553223008
553389218
553555428
553721637
553898927
554065137
554231346
554397556
554563765
554729975
554896185
555062394
555228603
555394813
555561023
555727232
555893442
556059651
556225861
556392071
556558280
556724490
556890699
557056909
557223118
557389328
557555538
557721747
557899037
558065247
558231457
558397666
558563876
558730085
558896295
559062505
559228714
559394924
559561133
559727343
559893552
560059762
560225971
560392181
560558391
560724600
560890810
561057019
561223229
561389438
561555648
561721857
561888067
562065357
562231567
562397776
562563986
562730196
562896405
563062615
563228825
563395034
563561243
563727453
563893663
564059872
564226082
564392291
564558501
564724711
564890920
565057130
565223339
565389549
565555758
565721968
565888178
566065468
566231677
566397887
566564097
566730306
566896515
567062725
567228935
567395144
567561354
567727563
567893773
568059982
568226192
568392401
568558611
568724821
568891031
569057240
569223450
569389659
569555869
569722078
569888288
570065578
570231788
570397997
570564207
570730416
570896626
571062836
571229045
571395255
571561464
571727674
571893883
572060093
572226302
572392512
572558722
572724931
572891141
573057350
573223560
573389770
573555979
573722190
573888398
574065689
574231898
574398108
574564317
574730527
574896736
575062946
575229156
575395365
575561574
575727784
575893994
576060203
576226413
576392623
576558832
576725042
576891251
577057461
577223671
577389880
577556089
577722299
577888509
578065799
578232009
578398218
578564427
578730637
578896847
579063056
579229266
579395475
579561685
579727894
579894104
580060313
580226523
580392733
580558942
580725152
580891361
581057571
581223781
581389990
581556200
581722409
581888619
582065909
582232119
582398328
582564538
582730747
582896957
583063167
583229376
583395585
583561795
583728005
583894215
584060424
584226634
584392843
584559053
584725262
584891472
585057681
585223891
585390100
585556310
585722520
585888729
586066019
586232229
586398439
586564648
586730858
586897067
587063278
587229486
587395696
587561906
587728115
587894325
588060534
588226744
588392954
588559163
588725372
588891582
589057792
589224001
589390211
589556420
589722630
589888840
590055050
590232339
590398549
590564758
590730968
590897177
591063387
591229597
591395807
591562016
591728226
591894435
592060644
592226854
592393064
592559273
592725483
592891692
593057902
593224112
593390321
593556531
593722740
593888950
594055159
594232450
594398659
594564869
594731078
594897288
595063497
595229707
595395917
595562126
595728336
595894546
596060755
596226965
596393174
596559384
596725593
596891803
597058012
597224222
597390432
597556641
597722851
597889060
598055270
598232560
598398770
598564981
598731190
598897399
599063608
599229818
599396028
599562239
599728447
599894656
600060866
600227075
600393285
600559496
600725704
600891914
601058123
601224333
601390542
601556753
601722961
601889171
602055381
602232670
602398880
602565090
602731299
602897509
603063718
603229928
603396137
603562348
603728556
603894766
604060975
604227185
604393395
604559605
604725814
604892024
605058233
605224443
605390652
605556862
605723071
605889281
606055490
606232781
606398990
606565200
606731410
606897619
607063829
607230038
607396248
607562457
607728667
607894877
608061086
608227296
608393505
608559715
608725924
608892134
609058344
609224553
609390763
609556972
609723182
609889391
610055601
610232891
610399101
610565310
610731520
610897729
611063939
611230149
611396358
611562568
611728777
611894987
612061197
612227406
612393616
612559826
612726035
612892244
613058454
613224664
613390873
613557083
613723292
613889502
614055711
614221921
614399211
614565421
614731630
614897840
615064050
615230259
615396469
615562678
615728888
615895097
616061307
616227516
616393726
616559935
616726145
616892355
617058564
617224774
617390984
617557193
617723403
617889612
618055822
618222031
618399322
618565531
618731741
618897950
619064160
619230369
619396579
619562789
619728998
619895208
620061417
620227627
620393836
620560046
620726255
620892465
621058675
621224884
621391094
621557303
621723513
621889722
622055932
622222142
622399432
622565642
622731851
622898061
623064270
623230480
623396689
623562899
623729108
623895318
624061528
624227737
624393947
624560156
624726366
624892576
625058785
625224995
625391204
625557414
625723623
625889833
626056042
626222252
626399542
626565752
626731961
626898171
627064381
627230590
627396800
627563009
627729219
627895428
628061638
628227848
628394057
628560267
628726476
628892686
629058895
629225105
629391314
629557524
629723734
629889944
630056152
630222362
630399653
630565862
630732072
630898281
631064491
631230701
631396910
631563120
631729329
631895539
632061748
632227958
632394168
632560377
632726587
632892796
633059006
633225215
633391425
633557635
633723844
633890053
634056263
634222473
634399763
634565972
634732183
634898392
635064601
635230811
635397020
635563230
635729439
635895649
636061859
636228069
636394278
636560487
636726697
636892907
637059116
637225326
637391535
637557745
637723955
637890164
638056374
638222583
638399873
638566083
638732292
638898503
639064712
639230921
639397130
639563340
639729550
639895759
640061969
640228178
640394388
640560598
640726807
640893017
641059227
641225436
641391645
641557855
641724065
641890274
642056484
642222693
642388903
642566193
642732403
642898612
643064822
643231032
643397241
643563451
643729660
643895870
644062079
644228289
644394499
644560708
644726918
644893127
645059337
645225546
645391756
645557966
645724176
645890385
646056594
646222804
646389013
646566304
646732513
646898723
647064933
647231142
647397351
647563561
647729771
647895980
648062190
648228399
648394610
648560819
648727028
648893238
649059447
649225657
649391866
649558076
649724286
649890495
650056705
650222914
650389124
650566414
650732623
650898833
651065043
651231252
651397462
651563672
651729881
651896090
652062300
652228510
652394719
652560929
652727138
652893348
653059557
653225768
653391977
653558186
653724396
653890605
654056815
654223025
654389234
654566524
654732734
654898943
655065153
655231363
655397572
655563782
655729991
655896201
656062411
656228620
656394830
656561039
656727249
656893458
657059668
657225877
657392087
657558297
657724506
657890716
658056926
658223135
658389344
658566635
658732845
658899054
659065264
659231473
659397683
659563892
659730102
659896312
660062521
660228732
660394942
660561150
660727359
660893570
661059779
661225988
661392199
661558407
661724617
661890826
662057036
662223246
662389456
662566745
662732955
662899164
663065374
663231583
663397793
663564002
663730212
663896422
664062631
664228841
664395051
664561260
664727470
664893679
665059889
665226098
665392308
665558517
665724727
665890937
666057146
666223356
666389566
666566855
666733065
666899275
667065484
667231694
667397904
667564113
667730323
667896533
668062742
668228951
668395161
668561371
668727580
668893790
669059999
669226209
669392419
669558628
669724838
669891047
670057257
670223466
670389676
670555885
670733176
670899385
671065595
671231804
671398014
671564224
671730433
671896643
672062852
672229062
672395271
672561481
672727690
672893900
673060110
673226319
673392529
673558738
673724948
673891158
674057367
674223577
674389786
674555996
674733286
674899495
675065705
675231915
675398124
675564334
675730543
675896753
676062962
676229172
676395382
676561591
676727801
676894010
677060220
677226430
677392639
677558849
677725058
677891268
678057477
678223687
678389896
678556106
678733396
678899606
679065815
679232025
679398235
679564444
679730654
679896863
680063073
680229283
680395492
680561702
680727911
680894121
681060331
681226540
681392750
681558959
681725169
681891378
682057588
682223797
682390007
682556216
682733508
682899716
683065926
683232136
683398346
683564555
683730765
683896974
684063183
684229393
684395603
684561812
684728022
684894231
685060441
685226650
685392860
685559070
685725279
685891489
686057698
686223908
686390117
686556327
686733617
686899827
687066036
687232246
687398455
687564665
687730875
687897084
688063293
688229503
688395713
688561922
688728132
688894342
689060551
689226761
689392970
689559180
689725389
689891599
690057809
690224018
690390228
690556437
690733728
690899937
691066147
691232357
691398566
691564775
691730985
691897195
692063404
692229614
692395823
692562033
692728242
692894452
693060662
693226871
693393081
693559290
693725500
693891710
694057919
694224129
694390338
694556548
694733838
694900048
695066257
695232467
695398676
695564886
695731095
695897305
696063515
696229724
696395934
696562143
696728353
696894563
697060772
697226982
697393191
697559401
697725610
697891820
698058029
698224239
698390449
698556658
698722868
698900158
699066367
699232577
699398787
699564996
699731206
699897415
700063625
700229835
700396044
700562254
700728463
700894673
701060882
701227092
701393301
701559511
701725721
701891930
702058140
702224349
702390559
702556769
702722978
702900268
703066478
703232688
703398897
703565107
703731316
703897526
704063735
704229945
704396154
704562363
704728573
704894782
705060992
705227202
705393411
705559621
705725830
705892040
706058249
706224459
706390668
706556878
706723088
706900378
707066588
707232798
707399007
707565217
707731427
707897636
708063846
708230055
708396265
708562474
708728684
708894894
709061103
709227313
709393523
709559732
709725941
709892151
710058360
710224571
710390779
710556989
710723199
710900489
711066699
711232908
711399118
711565327
711731537
711897746
712063956
712230165
712396375
712562584
712728794
712895004
713061213
713227423
713393632
713559842
713726051
713892261
714058471
714224680
714390890
714557099
714723309
714900599
715066809
715233018
715399228
715565437
715731647
715897857
716064066
716230276
716396485
716562695
716728904
716895114
717061324
717227533
717393743
717559952
717726162
717892371
718058581
718224791
718391000
718557210
718723419
718900710
719066919
719233130
719399338
719565548
719731757
719897967
720064177
720230386
720396596
720562805
720729015
720895224
721061434
721227644
721393853
721560063
721726272
721892482
722058691
722224903
722391111
722557320
722723530
722900819
723067029
723233239
723399448
723565658
723731867
723898077
724064286
724230497
724396705
724562915
724729125
724895334
725061544
725227754
725393963
725560173
725726382
725892592
726058801
726225011
726391220
726557431
726723640
726889849
727067140
727233349
727399559
727565768
727731978
727898187
728064397
728230606
728396816
728563026
728729235
728895445
729061654
729227864
729394073
729560283
729726493
729892702
730058912
730225121
730391331
730557541
730723750
730889959
731067250
731233460
731399669
731565879
731732088
731898298
732064507
732230717
732396926
732563136
732729345
732895555
733061765
733227974
733394184
733560393
733726603
733892813
734059022
734225232
734391442
734557651
734723860
734890070
735067360
735233570
735399779
735565989
735732199
735898408
736064618
736230827
736397037
736563246
736729456
736895665
737061875
737228084
737394294
737560503
737726713
737892923
738059132
738225342
738391552
738557761
738723970
738890180
739067471
739233680
739399890
739566099
739732309
739898519
740064728
740230938
740397147
740563357
740729566
740895776
741061985
741228195
741394404
741560614
741726824
741893033
742059243
742225452
742391662
742557872
742724081
742890290
743067581
743233790
743400000
743566210
743732419
743898629
744064838
744231048
744397257
744563467
744729676
744895886
745062096
745228306
745394515
745560724
745726934
745893144
746059353
746225563
746391772
746557982
746724191
746890401
747067691
747233900
747400110
747566320
747732529
747898739
748064949
748231158
748397368
748563577
748729787
748895997
749062206
749228415
749394625
749560835
749727044
749893254
750059463
750225673
750391882
750558092
750724302
750890511
751056721
751234011
751400221
751566430
751732640
751898850
752065059
752231268
752397478
752563688
752729897
752896107
753062316
753228526
753394735
753560945
753727155
753893364
754059574
754225783
754391993
754558203
754724412
754890622
755056831
755234122
755400331
755566541
755732750
755898960
756065169
756231379
756397588
756563799
756730008
756896217
757062427
757228636
757394846
757561055
757727265
757893475
758059684
758225894
758392103
758558313
758724522
758890732
759056942
759234231
759400441
759566651
759732860
759899070
760065280
760231489
760397698
760563908
760730118
760896327
761062537
761228747
761394956
761561165
761727375
761893584
762059794
762226004
762392213
762558423
762724633
762890842
763057052
763234342
763400552
763566761
763732971
763899181
764065390
764231599
764397809
764564019
764730228
764896438
765062647
765228857
765395066
765561276
765727485
765893695
766059905
766226114
766392324
766558533
766724743
766890952
767057162
767234453
767400662
767566871
767733081
767899291
768065500
768231710
768397919
768564129
768730338
768896548
769062757
769228967
769395177
769561387
769727596
769893806
770060015
770226225
770392434
770558644
770724853
770891063
771057272
771234563
771400772
771566982
771733191
771899401
772065610
772231820
772398030
772564240
772730449
772896658
773062868
773229078
773395287
773561497
773727706
773893916
774060125
774226335
774392544
774558754
774724964
774891173
775057383
775234673
775400883
775567092
775733302
775899511
776065721
776231930
776398140
776564350
776730559
776896769
777062978
777229188
777395397
777561607
777727817
777894026
778060236
778226445
778392655
778558864
778725074
778891284
779057493
779223703
779400993
779567203
779733412
779899623
780065831
780232041
780398251
780564461
780730670
780896879
781063090
781229299
781395508
781561718
781727927
781894137
782060348
782226556
782392766
782558975
782725184
782891394
783057605
783223813
783401103
783567313
783733523
783899732
784065942
784232151
784398361
784564570
784730780
784896989
785063199
785229409
785395618
785561827
785728037
785894247
786060457
786226666
786392876
786559085
786725294
786891504
787057714
787223923
787401214
787567423
787733633
787899843
788066052
788232261
788398471
788564681
788730890
788897100
789063309
789229519
789395728
789561938
789728148
789894357
790060567
790226776
790392986
790559195
790725405
790891615
791057824
791224034
791401324
791567534
791733743
791899953
792066162
792232372
792398581
792564791
792731000
792897210
793063420
793229629
793395839
793562049
793728258
793894467
794060677
794226887
794393096
794559306
794725516
794891725
795057935
795224144
795401434
795567644
795733854
795900063
796066272
796232482
796398692
796564901
796731111
796897320
797063530
797229740
797395949
797562159
797728368
797894578
798060787
798226997
798393206
798559416
798725626
798891835
799058045
799224255
799401545
799567754
799733964
799900174
800066383
800232593
800398802
800565012
800731221
800897431
801063640
801229850
801396060
801562269
801728479
801894688
802060898
802227107
802393317
802559526
802725736
802891946
803058155
803224365
803401655
803567865
803734074
803900284
804066493
804232703
804398913
804565122
804731332
804897541
805063751
805229961
805396170
805562380
805728589
805894799
806061008
806227218
806393427
806559637
806725846
806892056
807058265
807224475
807390685
807567975
807734184
807900394
808066604
808232813
808399023
808565232
808731442
808897651
809063861
809230071
809396280
809562490
809728699
809894909
810061118
810227328
810393538
810559747
810725957
810892166
811058376
811224586
811390796
811568085
811734295
811900504
812066714
812232924
812399133
812565343
812731552
812897762
813063972
813230181
813396391
813562600
813728810
813895020
814061229
814227438
814393648
814559858
814726067
814892277
815058486
815224696
815390906
815568196
815734405
815900615
816066825
816233034
816399244
816565454
816731663
816897872
817064082
817230292
817396501
817562711
817728920
817895130
818061339
818227549
818393759
818559969
818726178
818892387
819058597
819224806
819391016
819568306
819734515
819900725
820066935
820233144
820399354
820565564
820731773
820897983
821064192
821230402
821396611
821562821
821729030
821895240
822061450
822227659
822393869
822560078
822726288
822892497
823058707
823224917
823391126
823568417
823734626
823900836
824067045
824233255
824399464
824565674
824731884
824898093
825064303
825230512
825396722
825562931
825729141
825895351
826061560
826227770
826393979
826560189
826726398
826892608
827058818
827225027
827391237
827568527
827734737
827900946
828067156
828233365
828399575
828565785
828731994
828898203
829064413
829230623
829396832
829563042
829729251
829895461
830061670
830227880
830394090
830560299
830726509
830892719
831058928
831225138
831391347
831568637
831734847
831901056
832067266
832233476
832399685
832565895
832732104
832898314
833064524
833230733
833396943
833563152
833729362
833895571
834061781
834227990
834394200
834560410
834726619
834892829
835059039
835225248
835391457
835557667
835734957
835901167
836067376
836233586
836399796
836566005
836732215
836898424
837064634
837230844
837397053
837563263
837729472
837895682
838061891
838228101
838394311
838560520
838726730
838892939
839059149
839225358
839391568
839557777
839735068
839901278
840067487
840233697
840399906
840566116
840732325
840898535
841064745
841230956
841397164
841563373
841729583
841895794
842062002
842228212
842394421
842560632
842726840
842893051
843059259
843225469
843391679
843557888
843735178
843901388
844067597
844233807
844400016
844566226
844732436
844898645
845064854
845231064
845397274
845563484
845729693
845895903
846062112
846228322
846394531
846560741
846726950
846893160
847059369
847225579
847391789
847557998
847735289
847901498
848067708
848233917
848400127
848566336
848732546
848898756
849064965
849231175
849397384
849563594
849729804
849896013
850062222
850228432
850394642
850560851
850727061
850893270
851059480
851225689
851391899
851558108
851735399
851901608
852067818
852234028
852400238
852566447
852732656
852898866
853065076
853231285
853397495
853563704
853729914
853896123
854062333
854228542
854394752
854560962
854727171
854893381
855059590
855225800
855392009
855558219
855735509
855901719
856067928
856234138
856400348
856566557
856732767
856898976
857065186
857231395
857397605
857563814
857730024
857896233
858062443
858228653
858394862
858561072
858727282
858893491
859059701
859225910
859392120
859558329
859735620
859901829
860068039
860234248
860400458
860566668
860732877
860899087
861065296
861231506
861397715
861563925
861730134
861896344
862062554
862228763
862394973
862561182
862727392
862893602
863059811
863226021
863392230
863558440
863724649
863901940
864068149
864234359
864400569
864566778
864732987
864899197
865065407
865231616
865397826
865564035
865730245
865896454
866062664
866228874
866395083
866561293
866727502
866893712
867059921
867226131
867392341
867558550
867724760
867902050
868068259
868234469
868400679
868566888
868733097
868899307
869065517
869231727
869397936
869564145
869730355
869896565
870062774
870228984
870395193
870561403
870727612
870893822
871060032
871226241
871392451
871558660
871724870
871902160
872068370
872234579
872400789
872566999
872733208
872899418
873065627
873231837
873398046
873564256
873730466
873896675
874062885
874229094
874395304
874561513
874727723
874893932
875060142
875226352
875392561
875558771
875724980
875902271
876068480
876234690
876400900
876567109
876733319
876899528
877065738
877231947
877398157
877564366
877730576
877896786
878062995
878229205
878395414
878561624
878727833
878894043
879060253
879226462
879392672
879558881
879725091
879902381
880068590
880234800
880401010
880567219
880733428
880899638
881065848
881232057
881398267
881564476
881730686
881896896
882063105
882229315
882395525
882561734
882727943
882894153
883060363
883226572
883392782
883558991
883725201
883902491
884068701
884234910
884401120
884567330
884733539
884899749
885065958
885232168
885398377
885564587
885730797
885897006
886063216
886229425
886395635
886561844
886728054
886894264
887060473
887226683
887392892
887559102
887725311
887891521
888068811
888235021
888401230
888567440
888733649
888899859
889066069
889232278
889398488
889564697
889730907
889897117
890063326
890229536
890395745
890561955
890728164
890894374
891060584
891226793
891393003
891559212
891725422
891891631
892068921
892235131
892401341
892567550
892733760
892899970
893066179
893232388
893398598
893564808
893731017
893897227
894063436
894229646
894395856
894562065
894728274
894894484
895060694
895226903
895393113
895559323
895725532
895891742
896069032
896235241
896401451
896567661
896733870
896900080
897066289
897232499
897398708
897564918
897731128
897897337
898063547
898229756
898395966
898562175
898728385
898894595
899060804
899227014
899393223
899559433
899725643
899891852
