9
12
9
26
939
365
9
7
7
8
6
766
580
8
6
5
9
9
15
921
431
9
5
4
3
4
709
627
11
8
13
9
7
9
828
478
7
8
6
7
4
641
651
12
12
7
11
14
10
769
513
2
4
3
1
4
572
698
7
0
4
5
6
5
715
568
5
2
5
5
7
503
783
13
10
8
9
8
6
688
624
5
10
3
6
4
438
895
10
4
5
6
5
4
660
690
5
8
6
5
5
342
1030
14
5
6
7
10
14
625
751
7
5
4
3
6
216
1135
7
0
9
5
9
8
541
771
7
7
9
4
6
111
1175
18
13
9
9
10
9
481
800
9
4
4
2
3
71
1187
20
6
9
10
11
9
427
832
5
4
3
4
4
47
1186
39
7
10
4
12
13
392
882
5
7
5
7
7
29
1222
58
0
9
9
11
11
368
952
7
6
3
3
7
20
1246
81
7
5
5
8
5
345
1015
2
2
1
3
6
14
1222
99
7
10
9
9
7
287
1026
5
4
3
5
3
5
1158
130
10
6
7
11
11
246
1031
5
5
4
5
3
1
1111
163
0
4
5
4
4
211
1052
6
8
6
7
6
5
1067
195
8
9
9
8
9
178
1098
4
5
5
3
6
7
1061
236
12
7
13
9
6
145
1173
7
7
4
3
5
3
1048
291
7
4
5
7
8
126
1227
6
10
8
8
7
5
999
336
0
7
11
10
6
94
1170
51
3
5
7
7
4
936
359
13
11
8
8
9
70
1069
141
3
2
2
5
2
877
395
4
6
6
8
6
46
1004
217
4
6
6
2
5
832
433
4
3
3
7
10
33
958
288
5
10
11
6
7
808
499
0
10
8
7
9
29
946
357
4
6
3
3
6
773
571
5
5
8
12
4
16
929
423
7
9
3
4
3
730
618
9
8
5
6
4
11
867
470
5
5
4
8
5
658
660
9
12
11
11
11
9
785
512
5
3
4
4
7
584
690
0
7
8
8
6
4
715
558
3
3
2
5
4
513
759
6
9
6
7
7
9
667
611
6
2
4
5
8
442
868
11
15
9
8
10
5
650
677
9
7
5
7
4
358
986
9
9
6
7
5
8
625
739
4
5
2
4
6
234
1118
0
9
7
3
7
12
565
770
5
7
7
8
4
126
1177
13
11
8
8
8
7
499
797
3
6
6
3
4
70
1195
25
5
11
12
11
9
430
835
1
1
3
5
3
54
1188
36
7
7
11
8
11
402
874
4
3
7
5
4
31
1223
0
6
12
6
7
8
374
947
4
5
4
6
9
21
1247
80
4
6
9
11
7
354
1003
4
6
7
7
6
16
1236
99
6
6
6
6
9
300
1037
4
2
4
5
4
10
1191
126
9
6
8
6
10
259
1041
5
5
4
5
5
5
1133
0
7
7
10
6
6
220
1056
3
0
3
4
5
4
1080
185
8
6
9
9
8
184
1098
5
4
8
6
3
5
1079
230
6
5
9
11
9
154
1175
7
4
4
5
6
3
1063
286
6
9
5
7
5
127
1231
3
5
2
4
7
7
1033
0
5
5
6
6
4
103
1234
41
7
5
2
4
6
975
371
12
8
5
9
6
79
1112
134
4
6
5
6
8
900
399
9
6
8
8
7
54
1021
213
7
6
6
4
7
844
432
9
3
10
5
10
39
972
279
7
5
11
9
3
824
0
10
5
11
5
6
29
961
351
3
4
0
3
7
790
563
9
10
8
9
10
22
943
411
3
5
9
6
6
736
630
9
14
6
9
7
14
894
468
6
3
7
5
6
676
678
8
6
5
7
10
8
815
510
2
5
3
8
5
596
0
11
8
6
6
14
9
732
553
5
6
2
1
5
525
751
8
8
8
11
11
9
686
599
4
3
4
6
6
451
864
5
9
11
6
6
12
668
671
7
4
3
6
7
375
974
9
6
4
8
7
7
642
728
4
6
7
2
7
260
0
6
9
11
10
10
6
596
778
4
5
5
7
4
136
1211
15
8
11
9
14
8
517
807
7
8
9
5
5
80
1209
26
7
7
7
6
14
445
833
2
1
4
4
4
54
1194
30
11
13
10
13
10
412
875
3
6
5
6
5
37
0
