12
0
2
16
17
17
70
82
1
200
4
17
5
400
468
25
13
35
9
16
35
588
366
2
5
4
29
1
476
578
8
7
4
12
11
4
641
434
4
5
4
5
2
472
638
13
8
3
9
4
5
643
484
1
4
5
2
4
424
0
13
13
10
13
5
7
601
525
2
4
5
3
3
368
754
5
9
8
6
4
5
558
573
1
3
2
2
4
295
851
8
8
6
10
6
6
522
636
3
1
3
1
1
201
971
9
9
5
7
4
4
501
681
1
1
3
2
0
90
0
17
5
6
9
11
9
467
726
2
4
4
4
7
54
1118
28
7
5
8
6
3
418
756
6
7
6
3
4
38
1103
36
7
4
6
10
6
372
787
3
4
6
3
1
27
1091
47
5
8
4
9
12
341
826
2
4
4
3
3
16
0
67
5
9
12
7
5
312
879
5
5
7
7
7
11
1109
97
7
7
8
8
4
287
929
3
7
5
4
5
7
1084
125
7
5
4
6
6
249
968
5
2
4
6
1
5
1054
153
5
6
8
7
7
217
974
5
8
5
6
6
5
0
187
4
8
9
8
7
173
989
3
5
6
5
7
5
947
209
2
6
4
5
6
145
1024
5
5
7
4
4
5
926
257
4
7
5
8
5
115
1075
2
3
6
3
4
3
907
294
8
11
10
6
6
91
1098
27
6
5
5
5
6
0
353
7
5
7
11
9
77
1029
119
7
6
2
7
6
822
383
8
14
5
9
7
49
953
192
8
9
6
4
7
764
409
6
5
23
8
5
39
907
255
3
1
4
4
2
743
446
7
7
22
3
8
26
870
321
5
3
3
1
2
0
507
4
7
17
5
6
22
857
380
2
2
2
4
5
689
573
6
4
22
9
11
21
843
445
5
7
3
3
3
647
660
2
5
19
6
5
14
823
500
6
6
2
5
7
600
704
7
8
10
10
10
13
748
540
8
11
6
5
9
0
742
6
5
10
11
8
10
678
581
5
5
6
9
4
446
805
6
10
11
3
7
9
630
631
4
5
3
5
2
360
904
8
6
7
5
7
6
601
684
9
4
5
10
6
263
1038
8
5
8
7
5
9
570
747
5
2
7
8
6
0
1193
10
5
7
5
5
4
533
802
4
4
5
5
8
79
1215
20
6
11
6
3
10
459
824
5
6
7
6
3
59
1185
31
4
4
3
7
8
407
851
3
7
5
7
3
43
1183
43
4
4
8
6
4
380
876
5
5
4
6
7
0
1167
64
4
3
4
8
6
333
926
3
5
6
9
9
19
1167
93
8
9
8
12
7
296
993
8
7
7
8
6
8
1183
114
10
6
6
9
10
269
1046
4
5
5
1
6
9
1154
142
5
12
9
10
10
233
1045
5
7
7
9
8
0
1088
175
7
7
7
8
8
199
1066
4
6
3
7
6
4
1049
214
3
6
4
5
4
172
1082
8
3
3
5
7
3
996
261
4
3
5
5
5
137
1128
4
6
5
2
6
5
987
300
7
4
4
6
13
103
1187
18
4
5
3
6
0
957
346
5
5
11
6
4
76
1137
107
5
1
3
2
5
918
388
9
8
11
5
8
60
1039
188
8
4
7
7
5
853
412
7
6
4
4
8
39
971
252
7
7
2
4
5
802
462
10
8
8
4
3
26
926
307
9
3
4
8
0
760
500
4
5
7
8
9
23
873
376
3
6
2
7
4
721
551
9
9
11
10
10
16
851
438
7
8
6
1
2
678
629
7
12
12
6
8
8
823
493
6
2
2
5
6
612
690
6
7
7
8
2
6
760
543
2
1
5
4
0
546
734
11
7
7
10
11
6
697
577
5
7
7
5
9
463
798
4
10
7
4
6
8
646
615
4
5
5
3
5
382
875
3
8
5
5
7
4
599
666
7
8
7
8
7
277
1001
10
7
12
10
7
10
562
736
6
4
7
5
0
158
1149
9
5
7
9
6
7
525
794
5
4
8
8
5
90
1206
14
2
3
2
4
6
475
824
6
7
4
7
11
59
1202
29
6
11
9
5
6
419
849
5
3
4
6
5
45
1188
41
7
