7
5
7
27
1222
67
10
6
11
9
10
342
953
4
4
7
8
10
14
1183
85
9
10
7
9
11
293
971
5
5
4
7
3
7
1148
112
8
12
12
11
9
267
992
4
6
5
9
4
6
1109
144
4
5
9
5
6
230
1038
6
0
5
7
6
10
1104
182
14
7
9
10
10
202
1102
7
6
3
3
2
4
1095
223
7
10
7
7
9
175
1149
4
3
4
3
4
4
1056
266
9
7
9
9
9
135
1191
4
5
5
4
2
4
1008
303
15
12
10
11
10
104
1168
21
0
4
6
4
4
941
332
11
9
8
9
5
82
1093
92
6
5
4
3
3
895
364
10
6
11
10
9
59
1027
183
5
5
9
6
6
862
430
6
10
12
8
9
46
1004
265
1
5
4
2
3
836
485
12
10
12
8
5
32
974
326
0
7
8
9
2
794
541
7
4
9
5
11
22
934
383
4
7
4
6
2
737
583
13
13
14
10
15
11
864
429
3
3
3
3
4
667
600
8
10
11
8
7
9
790
481
2
4
6
6
1
608
649
8
5
7
3
6
8
737
537
0
6
4
7
10
552
746
9
10
7
8
7
4
721
596
6
5
4
2
4
482
833
9
10
12
10
8
10
681
646
3
4
4
4
3
400
944
10
12
11
10
10
7
646
703
2
3
4
2
6
292
1030
13
12
8
10
10
8
564
731
0
8
4
6
5
157
1120
7
6
7
7
5
3
507
765
6
5
3
5
7
95
1161
13
8
7
6
7
9
457
814
8
6
6
3
9
60
1204
31
6
10
15
8
6
432
879
9
6
5
7
5
44
1237
44
6
10
10
8
12
403
925
0
3
6
4
3
24
1248
66
9
8
5
6
5
364
976
7
7
5
6
7
21
1221
84
5
15
12
7
13
310
980
7
5
5
6
8
15
1161
110
11
5
5
6
10
270
995
3
3
6
7
2
5
1122
131
13
8
6
11
10
228
1038
0
5
6
6
8
7
1109
181
6
9
7
6
9
205
1096
3
6
5
3
2
2
1097
220
9
10
5
9
12
182
1147
2
1
2
5
4
3
1073
268
10
7
11
13
12
145
1200
5
4
5
3
3
2
1023
298
13
11
12
12
13
107
1186
0
4
7
7
8
8
947
325
9
6
4
7
4
83
1110
83
5
7
6
4
2
895
366
6
5
8
9
9
62
1046
170
4
5
6
10
10
871
415
7
9
10
16
13
47
1010
253
5
7
5
4
5
842
471
4
10
6
6
11
33
978
0
2
4
3
4
4
805
533
5
12
15
7
6
22
950
379
5
8
4
3
6
746
581
7
7
9
11
8
17
868
425
2
8
9
6
6
676
591
8
8
10
10
10
11
787
474
6
5
5
3
2
617
637
4
11
8
4
4
7
741
0
5
4
5
9
6
548
717
5
7
5
6
9
6
703
580
7
6
3
6
5
490
812
6
4
9
7
7
7
686
632
4
4
4
5
1
419
902
9
6
12
8
9
8
648
689
6
5
4
8
4
313
1000
8
14
5
4
15
10
566
0
5
6
7
4
6
172
1090
9
7
8
10
11
9
500
758
5
6
4
3
5
93
1150
12
5
7
11
11
10
468
790
5
5
6
4
4
65
1168
24
8
9
10
10
13
419
835
5
4
7
7
6
38
1203
42
12
9
4
9
9
393
0
3
6
5
6
7
28
1227
64
9
6
7
11
11
363
952
5
3
3
3
2
20
1215
78
12
9
11
7
11
307
971
2
6
9
4
8
14
1153
108
10
10
6
9
8
270
985
4
5
6
6
5
10
1119
131
7
11
10
8
8
243
0
4
3
7
7
6
9
1088
160
5
4
9
14
10
212
1050
7
4
3
3
5
11
1082
202
8
12
5
5
6
185
1119
5
5
4
3
5
9
1064
248
7
10
7
11
13
142
1184
2
3
5
5
3
3
1023
287
13
9
8
6
11
110
0
11
4
2
4
7
3
952
318
9
7
6
7
7
85
1117
61
5
5
5
5
5
903
352
9
12
10
9
9
68
1039
151
6
5
7
5
3
858
400
9
5
6
10
7
52
985
230
2
2
4
4
2
826
452
10
8
10
9
6
33
0
