11082
22161
33241
44322
55403
66483
77564
88645
99726
110806
121886
132967
144048
155128
166209
177292
188371
199451
210532
221613
232693
243774
254854
265935
277016
288097
299177
310258
321338
332419
343500
354581
365661
376742
387823
398903
409984
421064
432145
443226
454307
465387
476468
487549
498629
509710
520790
531871
542952
554033
565113
576194
587275
598355
609436
620517
631597
642678
653759
664840
675920
687000
698081
709162
720242
731323
742404
753485
764565
775646
786727
797807
808888
819969
831049
842131
853210
864291
875372
886453
897533
908614
919695
930775
941856
952936
964017
975098
986179
997259
1008340
1019421
1030501
1041582
1052663
1063743
1074824
1085905
1096985
1108066
1119147
1130227
1141308
1152389
1163469
1174550
1185631
1196712
1207792
1218873
1229953
1241034
1252114
1263195
1274276
1285356
1296437
1307518
1318599
1329679
1340761
1351841
1362921
1374002
1385083
1396163
1407244
1418325
1429405
1440486
1451567
1462647
1473728
1484810
1495889
1506970
1518051
1529131
1540212
1551293
1562373
1573454
1584534
1595615
1606696
1617777
1628857
1639938
1651019
1662099
1673180
1684261
1695341
1706422
1717503
1728583
1739664
1750745
1761825
1772906
1783987
1795067
1806148
1817229
1828309
1839390
1850471
1861551
1872632
1883713
1894793
1905874
1916954
1928035
1939116
1950197
1961277
1972358
1983439
1994519
2005601
2016680
2027761
2038842
2049923
2061003
2072084
2083165
2094245
2105326
2116406
2127487
2138568
2149649
2160729
2171811
2182891
2193971
2205052
2216133
2227213
2238294
2249375
2260455
2271536
2282617
2293697
2304778
2315859
2326939
2338020
2349101
2360181
2371262
2382343
2393423
2404504
2415585
2426665
2437746
2448827
2459907
2470988
2482069
2493149
2504230
2515311
2526391
2537472
2548553
2559633
2570714
2581795
2592876
2603956
2615037
2626117
2637198
2648279
2659359
2670441
2681521
2692601
2703682
2714763
2725844
2736924
2748005
2759085
2770166
2781247
2792327
2803408
2814488
2825569
2836650
2847731
2858812
2869892
2880973
2892053
2903134
2914215
2925295
2936376
2947457
2958537
2969618
2980699
2991779
3002860
3013941
3025021
3036102
3047183
3058263
3069344
3080425
3091505
3102586
3113667
3124748
3135829
3146909
3157989
3169071
3180151
3191231
3202312
3213393
3224473
3235554
3246635
3257716
3268796
3279877
3290957
3302038
3313119
3324199
3335280
3346361
3357441
3368522
3379603
3390684
3401764
3412845
3423925
3435006
3446087
3457167
3468248
3479329
3490409
3501490
3512571
3523651
3534732
3545813
3556893
3567974
3579055
3590135
3601216
3612297
3623377
3634458
3645538
3656619
3667700
3678781
3689861
3700942
3712023
3723104
3734184
3745265
3756346
3767426
3778507
3789587
3800668
3811749
3822830
3833910
3844991
3856072
3867152
3878233
3889313
3900394
3911475
3922555
3933636
3944717
3955797
3966879
3977959
3989040
4000123
4011202
4022281
4033362
4044443
4055523
4066604
4077685
4088765
4099846
4110927
4122008
4133088
4144169
4155249
4166332
4177411
4188492
4199572
4210653
4221733
4232814
4243895
4254976
4266056
4277137
4288217
4299298
4310379
4321460
4332540
4343621
4354701
4365782
4376863
4387944
4399024
4410105
4421186
4432266
4443347
4454428
4465508
4476590
4487669
4498750
4509831
4520911
4531992
4543073
4554154
4565234
4576315
4587396
4598476
4609557
4620638
4631718
4642799
4653880
4664960
4676041
4687122
4698202
4709283
4720364
4731444
4742525
4753606
4764686
4775767
4786847
4797928
4809009
4820089
4831170
4842251
4853331
4864412
4875493
4886574
4897654
4908735
4919815
4930896
4941977
4953058
4964138
4975219
4986300
4997380
5008461
5019541
5030622
5041703
5052784
5063864
5074945
5086026
5097106
5108187
5119267
5130348
5141429
5152510
5163592
5174672
5185752
5196832
5207913
5218993
5230074
5241155
5252236
5263316
5274397
5285478
5296558
5307639
5318720
5329800
5340881
5351961
5363042
5374124
5385204
5396284
5407365
5418446
5429526
5440607
5451688
5462768
5473849
5484930
5496011
5507091
5518172
5529252
5540333
5551413
5562494
5573575
5584656
5595736
5606817
5617898
5628978
5640059
5651139
5662221
5673301
5684382
5695462
5706543
5717624
5728704
5739785
5750865
5761946
5773027
5784108
5795188
5806269
5817350
5828432
5839511
5850591
5861672
5872753
5883834
5894914
5905995
5917076
5928156
5939237
5950318
5961398
5972479
5983559
5994641
6005721
6016802
6027883
6038963
6050044
6061124
6072205
6083286
6094366
6105447
6116528
6127608
6138689
6149770
6160851
6171931
6183011
6194092
6205173
6216254
6227334
6238415
6249496
6260576
6271657
6282738
6293818
6304899
6315980
6327061
6338142
6349222
6360302
6371383
6382464
6393544
6404625
6415706
6426786
6437867
6448948
6460028
6471109
6482190
6493270
6504351
6515432
6526512
6537593
6548674
6559754
6570835
6581916
6592996
6604077
6615158
6626238
6637319
6648400
6659481
6670561
6681642
6692722
6703803
6714884
6725964
6737045
6748126
6759206
6770287
6781368
6792448
6803529
6814610
6825691
6836771
6847852
6858932
6870013
6881094
6892174
6903255
6914336
6925416
6936497
6947578
6958659
6969740
6980820
6991901
7002981
7014062
7025142
7036223
7047304
7058384
7069465
7080546
7091626
7102707
7113788
7124868
7135949
7147030
7158111
7169191
7180272
7191352
7202433
7213514
7224594
7235675
7246756
7257836
7268917
7279998
7291078
7302159
7313240
7324321
7335401
7346482
7357562
7368643
7379724
7390804
7401885
7412966
7424046
7435127
7446208
7457288
7468369
7479450
7490530
7501611
7512692
7523772
7534853
7545934
7557015
7568095
7579176
7590256
7601337
7612418
7623499
7634579
7645660
7656741
7667821
7678902
7689983
7701063
7712144
7723224
7734305
7745386
7756467
7767547
7778628
7789708
7800789
7811870
7822950
7834031
7845112
7856193
7867273
7878354
7889435
7900515
7911596
7922677
7933757
7944838
7955919
7966999
7978080
7989162
8000241
8011322
8022403
8033483
8044564
8055645
8066725
8077806
8088886
8099967
8111048
8122129
8133209
8144290
8155372
8166452
8177532
8188613
8199693
8210774
8221855
8232935
8244016
8255097
8266177
8277258
8288338
8299419
8310500
8321581
8332661
8343742
8354823
8365903
8376984
8388065
8399145
8410226
8421307
8432387
8443468
8454549
8465629
8476710
8487791
8498872
8509952
8521033
8532113
8543194
8554275
8565356
8576436
8587517
8598597
8609678
8620758
8631839
8642920
8654001
8665081
8676162
8687243
8698323
8709404
8720485
8731565
8742646
8753727
8764808
8775888
8786969
8798049
8809130
8820211
8831291
8842372
8853453
8864533
8875614
8886695
8897775
8908856
8919936
8931017
8942098
8953179
8964260
8975340
8986421
8997501
9008582
9019663
9030743
9041824
9052905
9063985
9075066
9086147
9097227
9108308
9119389
9130469
9141550
9152632
9163712
9174792
9185873
9196953
9208034
9219115
9230195
9241276
9252357
9263437
9274518
9285599
9296679
9307760
9318841
9329921
9341002
9352083
9363163
9374244
9385325
9396405
9407486
9418567
9429648
9440728
9451809
9462889
9473970
9485051
9496131
9507212
9518293
9529374
9540454
9551535
9562615
9573696
9584777
9595857
9606938
9618019
9629100
9640180
9651261
9662341
9673422
9684503
9695583
9706664
9717745
9728825
9739906
9750987
9762067
9773148
9784229
9795309
9806390
9817473
9828551
9839632
9850713
9861793
9872874
9883955
9895035
9906116
9917197
9928277
9939358
9950439
9961520
9972600
