11081
22161
33242
44322
55403
66484
77564
88645
99726
110807
121887
132968
144048
155129
166210
177290
188371
199452
210532
221613
232694
243774
254855
265936
277016
288097
299178
310259
321339
332420
343500
354581
365662
376742
387823
398904
409984
421065
432146
443227
454307
465388
476468
487549
498630
509711
520791
531872
542952
554033
565114
576194
587275
598356
609436
620517
631598
642678
653759
664840
675921
687001
698082
709162
720243
731324
742404
753485
764566
775646
786727
797808
808888
819969
831050
842130
853212
864292
875372
886453
897534
908615
919695
930776
941856
952937
964018
975098
986179
997260
1008341
1019421
1030502
1041582
1052663
1063744
1074824
1085905
1096986
1108067
1119148
1130228
1141308
1152389
1163470
1174551
1185631
1196711
1207792
1218873
1229954
1241034
1252115
1263196
1274276
1285357
1296438
1307519
1318599
1329680
1340761
1351841
1362922
1374002
1385083
1396164
1407244
1418325
1429406
1440486
1451567
1462648
1473728
1484809
1495890
1506971
1518051
1529132
1540212
1551293
1562374
1573455
1584535
1595616
1606696
1617777
1628858
1639938
1651019
1662100
1673180
1684261
1695341
1706423
1717503
1728583
1739664
1750745
1761826
1772906
1783987
1795067
1806148
1817229
1828309
1839391
1850471
1861552
1872632
1883713
1894793
1905875
1916955
1928035
1939116
1950197
1961278
1972358
1983439
1994519
2005601
2016681
2027762
2038842
2049923
2061004
2072084
2083165
2094246
2105326
2116407
2127487
2138568
2149649
2160730
2171810
2182891
2193971
2205052
2216133
2227213
2238294
2249375
2260455
2271536
2282617
2293697
2304779
2315860
2326941
2338021
2349102
2360182
2371263
2382344
2393425
2404505
2415586
2426666
2437747
2448828
2459908
2470989
2482070
2493150
2504232
2515312
2526392
2537473
2548554
2559634
2570715
2581796
2592876
2603957
2615037
2626118
2637199
2648280
2659360
2670441
2681522
2692602
2703683
2714764
2725845
2736925
2748005
2759086
2770167
2781248
2792328
2803409
2814490
2825570
2836651
2847732
2858812
2869893
2880974
2892054
2903135
2914217
2925297
2936377
2947457
2958538
2969619
2980700
2991780
3002861
3013942
3025022
3036103
3047183
3058264
3069345
3080426
3091506
3102587
3113668
3124748
3135829
3146910
3157990
3169071
3180152
3191232
3202313
3213394
3224474
3235555
3246636
3257716
3268797
3279878
3290958
3302039
3313120
3324201
3335281
3346362
3357442
3368523
3379604
3390684
3401765
3412846
3423927
3435007
3446088
3457168
3468249
3479330
3490410
3501492
3512572
3523652
3534733
3545814
3556894
3567975
3579056
3590136
3601217
3612298
3623378
3634459
3645540
3656620
3667701
3678782
3689862
3700943
3712024
3723104
3734185
3745266
3756346
3767427
3778508
3789589
3800669
3811750
3822830
3833911
3844992
3856072
3867153
3878234
3889314
3900395
3911476
3922556
3933637
3944718
3955798
3966879
3977959
3989040
4000121
4011201
4022282
4033363
4044444
4055524
4066605
4077685
4088766
4099848
4110928
4122008
4133089
4144170
4155250
4166332
4177412
4188492
4199573
4210654
4221734
4232815
4243895
4254976
4266057
4277138
4288218
4299299
4310380
4321460
4332541
4343621
4354702
4365783
4376864
4387944
4399025
4410106
4421186
4432267
4443347
4454428
4465509
4476589
4487670
4498753
4509832
4520913
4531993
4543073
4554154
4565235
4576316
4587396
4598477
4609558
4620638
4631719
4642799
4653880
4664963
4676042
4687122
4698203
4709284
4720364
4731445
4742526
4753606
4764687
4775768
4786848
4797929
4809010
4820090
4831171
4842252
4853332
4864413
4875494
4886574
4897655
4908736
4919817
4930897
4941978
4953058
4964139
4975220
4986300
4997381
5008461
5019542
5030623
5041704
5052784
5063865
5074949
5086026
5097107
5108188
5119268
5130349
5141430
5152510
5163591
5174672
5185752
5196833
5207913
5218994
5230075
5241156
5252236
5263317
5274398
5285478
5296559
5307639
5318720
5329801
5340882
5351962
5363043
5374124
5385204
5396285
5407365
5418446
5429527
5440608
5451688
5462769
5473850
5484930
5496011
5507092
5518172
5529253
5540333
5551414
5562495
5573575
5584656
5595737
5606817
5617898
5628979
5640060
5651140
5662224
5673301
5684382
5695464
5706544
5717624
5728705
5739786
5750866
5761947
5773028
5784108
5795189
5806270
5817350
5828431
5839511
5850592
5861673
5872754
5883834
5894915
5905996
5917077
5928157
5939237
5950318
5961399
5972480
5983560
5994641
6005722
6016802
6027883
6038963
6050044
6061125
6072206
6083286
6094367
6105448
6116528
6127609
6138690
6149770
6160851
6171932
6183012
6194093
6205174
6216254
6227335
6238415
6249496
6260577
6271658
6282738
6293819
6304900
6315980
6327061
6338141
6349222
6360303
6371383
6382464
6393545
6404626
6415706
6426787
6437867
6448948
6460029
6471109
6482190
6493273
6504352
6515432
6526513
6537594
6548674
6559755
6570836
6581916
6592997
6604077
6615158
6626239
6637320
6648400
6659481
6670562
6681642
6692723
6703804
6714884
6725965
6737046
6748126
6759207
6770287
6781368
6792449
6803530
6814610
6825691
6836772
6847852
6858933
6870014
6881094
6892175
6903255
6914336
6925417
6936498
6947578
6958659
6969740
6980820
6991901
7002981
7014062
7025143
7036224
7047304
7058385
7069466
7080546
7091627
7102708
7113788
7124869
7135950
7147030
7158111
7169191
7180272
7191353
7202433
7213514
7224595
7235676
7246756
7257837
7268918
7279998
7291079
7302160
7313240
7324321
7335401
7346482
7357563
7368644
7379724
7390805
7401885
7412966
7424047
7435127
7446208
7457289
7468370
7479450
7490532
7501612
7512692
7523773
7534853
7545934
7557016
7568096
7579176
7590257
7601338
7612418
7623499
7634580
7645660
7656742
7667821
7678902
7689983
7701064
7712144
7723225
7734305
7745386
7756467
7767548
7778628
7789709
7800790
7811871
7822951
7834031
7845112
7856193
7867274
7878354
7889435
7900516
7911596
7922677
7933758
7944838
7955919
7967000
7978080
7989161
8000242
8011322
8022403
8033484
8044564
8055645
8066725
8077806
8088887
8099968
8111048
8122129
8133209
8144290
8155371
8166452
8177532
8188613
8199694
8210774
8221855
8232936
8244016
8255097
8266177
8277258
8288339
8299420
8310500
8321581
8332662
8343742
8354823
8365903
8376984
8388065
8399146
8410226
8421307
8432388
8443468
8454549
8465630
8476710
8487791
8498872
8509952
8521033
8532114
8543194
8554275
8565356
8576436
8587517
8598597
8609678
8620759
8631839
8642920
8654001
8665081
8676162
8687243
8698324
8709404
8720485
8731566
8742646
8753727
8764808
8775888
8786969
8798049
8809130
8820211
8831292
8842372
8853453
8864533
8875614
8886695
8897776
8908856
8919937
8931018
8942098
8953179
8964260
8975340
8986421
8997502
9008582
9019663
9030743
9041824
9052905
9063985
9075066
9086147
9097229
9108308
9119389
9130469
9141550
9152631
9163711
9174792
9185873
9196954
9208034
9219115
9230196
9241276
9252357
9263438
9274518
9285599
9296679
9307760
9318841
9329921
9341002
9352084
9363164
9374244
9385325
9396406
9407486
9418567
9429647
9440728
9451809
9462889
9473970
9485053
9496132
9507212
9518293
9529374
9540454
9551535
9562615
9573696
9584777
9595858
9606938
9618019
9629100
9640180
9651262
9662342
9673422
9684503
9695584
9706664
9717745
9728826
9739906
9750987
9762068
9773148
9784229
9795310
9806390
9817471
9828551
9839632
9850713
9861793
9872874
9883955
9895036
9906116
9917197
9928278
9939358
9950439
9961519
