11081
121887
288096
454306
620515
786725
952935
1119144
1285354
1451563
1617774
1783983
1950193
2116402
2282612
2448821
2615031
2781241
2947450
3113660
3279869
3457159
3623369
3789578
3955788
4121997
4288208
4454417
4620626
4786836
4953045
5119255
5285465
5451674
5617884
5784093
5950303
6116512
6282722
6448932
6615141
6781351
6947560
7113770
7279979
7457270
7623479
7789689
7955898
8122108
8288318
8454527
8620737
8786946
8953156
9119366
9285575
9451785
9617994
9784204
9950413
10116623
10282832
10449042
10615251
10781461
10947670
11113880
11280090
11457380
11623590
11789799
11956009
12122218
12288428
12454637
12620847
12787057
12953266
13119476
13285685
13451894
13618104
13784314
13950524
14116733
14282942
14449152
14615362
14781571
14947781
15113990
15280200
15446409
15623700
15789909
15956119
16122328
16288538
16454748
16620957
16787167
16953376
17119586
17285795
17452005
17618214
17784424
17950634
18116843
18283053
18449262
18615472
18781681
18947891
19114101
19280310
19446520
19623811
19790020
19956229
20122439
20288649
20454859
20621068
20787277
20953487
21119697
21285906
21452116
21618325
21784536
21950744
22116954
22283163
22449375
22615583
22781792
22948002
23114211
23280421
23446631
23623920
23790130
23956339
24122549
24288759
24454968
24621178
24787387
24953597
25119807
25286016
25452226
25618435
25784645
25950854
26117064
26283273
26449483
26615693
26781902
26948112
27114321
27280531
27446741
27624031
27790240
27956450
28122659
28288869
28455078
28621288
28787497
28953707
29119917
29286127
29452336
29618545
29784755
29950965
30117174
30283383
30449593
30615803
30782013
30948222
31114431
31280641
31446851
31624141
31790350
31956561
32122770
32288979
32455189
32621399
32787608
32953818
33120027
33286237
33452446
33618656
33784865
33951075
34117284
34283494
34449703
34615913
34782123
34948332
35114542
35280751
35446961
35624251
35790461
35956671
36122880
36289090
36455299
36621508
36787718
36953928
37120138
37286347
37452556
37618766
37784976
37951185
38117395
38283604
38449814
38616024
38782233
38948443
39114652
39280862
39447071
39624362
39790571
39956781
40122990
40289200
40455410
40621619
40787829
40954038
41120248
41286457
41452667
41618876
41785086
41951296
42117505
42283715
42449924
42616134
42782343
42948553
43114763
43280972
43447182
43613391
43790682
43956892
44123101
44289310
44455520
44621729
44787939
44954148
45120358
45286568
45452777
45618987
45785196
45951406
46117615
46283825
46450035
46616244
46782454
46948664
47114873
47281083
47447292
47613502
47790792
47957001
48123211
48289421
48455630
48621840
48788050
48954259
49120469
49286678
49452888
49619097
49785307
49951516
50117726
50283936
50450145
50616355
50782564
50948774
51114984
51281193
51447403
51613612
51790902
51957112
52123321
52289531
52455741
52621950
52788159
52954369
53120579
53286788
53452998
53619207
53785417
53951627
54117836
54284046
54450255
54616465
54782675
54948884
55115093
55281303
55447513
55613722
55791012
55957223
56123432
56289641
56455851
56622061
56788270
56954480
57120689
57286899
57453108
57619318
57785527
57951737
58117947
58284156
58450366
58616575
58782785
58948994
59115204
59281414
59447623
59613833
59791123
59957332
60123542
60289752
60455961
60622171
60788380
60954590
61120799
61287009
61453219
61619428
61785638
61951847
62118057
62284266
62450476
62616685
62782895
62949105
63115314
63281524
63447733
63613943
63791233
63957443
64123653
64289862
64456071
64622281
64788491
64954700
65120910
65287119
65453329
65619538
65785748
65951957
66118167
66284376
66450586
66616796
66783006
66949215
67115424
67281634
67447844
67614053
67791344
67957553
68123763
68289972
68456182
68622391
68788601
68954811
69121020
69287229
69453439
69619649
69785858
69952068
70118277
70284487
70450697
70616906
70783116
70949325
71115535
71281744
71447954
71614163
71780373
71957663
72123874
72290083
72456292
72622501
72788711
72954921
73121130
73287340
73453550
73619759
73785969
73952178
74118388
74284597
74450807
74617016
74783226
74949436
75115646
75281854
75448064
75614274
75780483
75957774
76123983
76290193
76456402
76622612
76788822
76955031
77121240
77287450
77453660
77619869
77786079
77952288
78118498
78284709
78450917
78617127
78783336
78949546
79115755
79281965
79448174
79614384
79780594
79957884
80124094
80290304
80456513
80622722
80788932
80955142
81121352
81287561
81453770
81619980
81786190
81952399
82118608
82284819
82451028
82617237
82783447
82949656
83115866
83282076
83448285
83614495
83780704
83957994
84124204
84290414
84456623
84622833
84789042
84955252
85121461
85287671
85453880
85620090
85786299
85952509
86118719
86284928
86451138
86617347
86783557
86949766
87115976
87282186
87448396
87614605
87780814
87958104
88124314
88290524
88456733
88622943
88789152
88955362
89121571
89287781
89453990
89620200
89786410
89952619
90118829
90285039
90451248
90617457
90783667
90949877
91116086
91282296
91448505
91614715
91780925
91958215
92124424
92290634
92456844
92623053
92789263
92955472
93121682
93287891
93454101
93620311
93786520
93952730
94118939
94285149
94451358
94617568
94783777
94949987
95116196
95282406
95448616
95614825
95781035
95958325
96124535
96290744
96456954
96623164
96789373
96955583
97121792
97288002
97454212
97620421
97786630
97952840
98119049
98285259
98451469
98617678
98783888
98950097
99116307
99282516
99448726
99614936
99781145
99947355
100124645
100290855
100457064
100623273
100789483
100955693
101121902
101288112
101454321
101620531
101786741
101952950
102119160
102285370
102451579
102617788
102783998
102950208
103116417
103282627
103448836
103615046
103781255
103947465
104124755
104290965
104457174
104623384
104789594
104955803
105122013
105288222
105454432
105620642
105786851
105953061
106119270
106285480
106451689
106617899
106784108
106950318
107116527
107282737
107448947
107615156
107781366
107947575
108124866
108291075
108457285
108623494
108789704
108955913
109122123
109288333
109454542
109620752
109786961
109953171
110119381
110285590
110451800
110618009
110784220
110950428
111116638
111282847
111449057
111615267
111781476
111947686
112124976
112291186
112457395
112623604
112789815
112956024
113122233
113288443
113454653
113620862
113787072
113953281
114119491
114285700
114451910
114618119
114784329
114950538
115116748
115282957
115449167
115615377
115781587
115947796
116125086
116291296
116457505
116623715
116789925
116956134
117122344
117288553
117454763
117620972
117787182
117953392
118119601
118285811
118452020
118618230
118784439
118950649
119116858
119283068
119449278
119615487
119781697
119947906
120125196
120291406
120457616
120623826
120790035
120956245
121122454
121288664
121454873
121621083
121787292
121953502
122119711
122285921
122452130
122618340
122784550
122950759
123116969
123283178
123449388
123615598
123781807
123948017
124114226
124291517
124457726
124623936
124790145
124956356
125122564
125288774
125454983
125621193
125787403
125953612
126119822
126286031
126452241
126618451
126784660
126950870
127117079
127283289
127449498
127615708
127781917
127948127
128114336
128291627
128457836
128624046
128790255
128956465
129122675
129288884
129455094
129621304
129787513
129953723
130119932
130286142
130452351
130618561
130784771
130950980
131117189
131283399
131449609
131615818
131782028
131948238
132114447
132291737
132457947
132624156
132790366
132956576
133122785
133288995
133455204
133621414
133787624
133953833
134120043
134286252
134452462
134618671
134784881
134951090
135117300
135283510
135449719
135615928
135782138
135948348
136114557
136291847
136458057
136624267
136790476
136956685
137122896
137289105
137455314
137621524
137787734
137953943
138120153
138286362
138452572
138618782
138784991
138951201
139117410
139283620
139449829
139616039
139782249
139948458
140114668
140291958
140458167
140624377
140790587
140956796
141123006
141289217
141455425
141621635
141787844
141954054
142120265
142286473
142452683
142618892
142785102
142951311
143117522
143283730
143449942
143616149
143782359
143948569
144114778
144292068
144458278
144624487
144790697
144956907
145123117
145289326
145455535
145621745
145787955
145954164
146120374
146286583
146452793
146619002
146785212
146951421
147117631
147283841
147450050
147616260
147782469
147948679
148114889
148292179
148458388
148624598
148790807
148957017
149123226
149289436
149455645
149621855
149788065
149954274
150120484
150286694
150452903
150619113
150785322
150951532
151117741
151283951
151450160
151616370
151782579
151948789
152114999
152281208
152458499
152624708
152790918
152957127
153123337
153289547
153455756
153621966
153788175
153954385
154120594
154286804
154453014
154619223
154785433
154951642
155117852
155284062
155450271
155616480
155782690
155948900
156115109
156281319
156458609
156624819
156791028
156957238
157123447
157289657
157455866
157622076
157788286
157954495
158120705
158286915
158453124
158619334
158785543
158951753
159117962
159284172
159450381
159616591
159782801
159949010
160115220
160281429
160458719
160624929
160791139
160957348
161123558
161289767
161455977
161622186
161788396
161954605
162120815
162287024
162453234
162619444
162785653
162951863
163118072
163284282
163450492
163616701
163782910
163949120
164115330
164281539
164458831
164625039
164791249
164957458
165123668
165289877
165456087
165622297
165788506
165954716
166120925
166287135
166453345
166619555
166785764
166951973
167118183
167284392
167450602
167616811
167783021
167949231
168115440
168281650
168458940
168625150
168791359
168957569
169123778
169289988
169456198
169622407
169788616
169954826
170121036
170287245
170453455
170619665
170785874
170952084
171118293
171284503
171450712
171616922
171783132
171949341
172115551
172281760
172459050
172625260
172791469
172957679
173123888
173290098
173456308
173622517
173788727
173954937
174121146
174287355
174453565
174619775
174785984
174952194
175118403
175284613
175450823
175617032
175783242
175949451
176115661
176281870
176459161
176625371
176791580
176957789
177123999
177290208
177456418
177622628
177788837
177955047
178121256
178287466
178453676
178619885
178786095
178952304
179118514
179284724
179450933
179617143
179783352
179949562
180115771
180281981
180448190
180625481
180791690
180957900
181124109
181290319
181456529
181622738
181788948
181955157
182121367
182287576
182453786
182619996
182786205
182952415
183118624
183284834
183451043
183617253
183783463
183949672
184115882
184282091
184448301
184625591
184791800
184958010
185124220
185290429
185456639
185622848
185789058
185955267
186121477
186287686
186453896
186620106
186786315
186952525
187118735
187284944
187451154
187617363
187783573
187949782
188115992
188282201
188448411
188625701
188791911
188958120
189124330
189290539
189456749
189622959
189789168
189955378
190121588
190287797
190454007
190620216
190786427
190952635
191118845
191285054
191451264
191617473
191783683
191949893
192116102
192282312
192448521
192625812
192792021
192958231
193124440
193290650
193456859
193623069
193789279
193955488
194121698
194287907
194454117
194620326
194786536
194952745
195118955
195285165
195451374
195617584
195783794
195950003
196116213
196282422
196448632
196625922
196792131
196958341
197124551
197290760
197456970
197623179
197789389
197955598
198121808
198288018
198454227
198620437
198786646
198952856
199119065
199285275
199451485
199617694
199783904
199950114
200116323
200282533
200448742
200626033
200792242
200958452
201124661
201290871
201457080
201623290
201789499
201955710
202121920
202288128
202454338
202620547
202786757
202952968
203119176
203285386
203451595
203617805
203784014
203950225
204116434
204282643
204448853
204626143
204792352
204958562
205124771
205290981
205457191
205623400
205789610
205955819
206122029
206288238
206454448
206620658
206786867
206953077
207119286
207285496
207451705
207617915
207784125
207950335
208116544
208282752
208448962
208615171
208792462
208958671
209124881
209291090
209457300
209623509
209789719
209955929
210122138
210288348
210454557
210620767
210786977
210953186
211119395
211285605
211451815
211618025
211784235
211950444
212116654
212282863
212449073
212615282
212792573
212958782
213124992
213291202
213457411
213623620
213789830
213956040
214122249
214288459
214454669
214620878
214787088
214953297
215119507
215285716
215451926
215618135
215784345
215950554
216116764
216282974
216449183
216615393
216792683
216958893
217125102
217291312
217457521
217623731
217789940
217956150
218122360
218288569
218454779
218620988
218787198
218953407
219119617
219285827
219452036
219618246
219784455
219950665
220116874
220283084
220449293
220615503
220792793
220959003
221125212
221291422
221457631
221623841
221790050
221956260
222122469
222288679
222454889
222621098
222787308
222953517
223119727
223285937
223452146
223618356
223784565
223950775
224116984
224283194
224449403
224615613
224792903
224959113
225125323
225291532
225457742
225623951
225790161
225956370
226122580
226288789
226454999
226621209
226787418
226953628
227119837
227286047
227452256
227618466
227784676
227950885
228117095
228283304
228449514
228615723
228793013
228959223
229125433
229291643
229457852
229624061
229790271
229956480
230122690
230288900
230455109
230621319
230787528
230953738
231119948
231286157
231452367
231618576
231784786
231950995
232117205
232283414
232449624
232615834
232793124
232959333
233125543
233291752
233457962
233624171
233790382
233956591
234122800
234289010
234455220
234621429
234787638
234953848
235120058
235286267
235452477
235618686
235784896
235951105
236117315
236283524
236449734
236615944
236782153
236959444
237125654
237291863
237458072
237624282
237790491
237956701
238122911
238289120
238455330
238621539
238787749
238953959
239120168
239286377
239452587
239618797
239785006
239951216
240117425
240283635
240449845
240616055
240782264
240959554
241125764
241291973
241458183
241624392
241790602
241956812
242123021
242289231
242455440
242621650
242787859
242954069
243120279
243286488
243452698
243618907
243785117
243951326
244117536
244283745
244449955
244616165
244782374
244959664
245125874
245292083
245458293
245624502
245790712
245956922
246123131
246289341
246455550
246621760
246787970
246954179
247120389
247286598
247452808
247619018
247785227
247951436
248117646
248283856
248450065
248616275
248782484
248959775
249125984
249292194
249458403
249624613
249790823
249957032
250123242
250289451
250455661
250621870
250788080
250954289
251120499
251286709
251452918
251619128
251785337
251951547
252117756
252283966
252450176
252616386
252782594
252959885
253126095
253292304
253458514
253624723
253790933
253957142
254123352
254289562
254455771
254621981
254788190
254954400
255120610
255286819
255453028
255619238
255785448
255951657
256117867
256284076
256450286
256616496
256782705
256959995
257126205
257292414
257458624
257624833
257791043
257957253
258123462
258289672
258455881
258622091
258788301
258954510
259120719
259286929
259453139
259619348
259785558
259951767
260117977
260284186
260450396
260616606
260782815
260949025
261126316
261292525
261458734
261624944
261791155
261957363
262123573
262289782
262455992
262622201
262788412
262954621
263120832
263287040
263453250
263619459
263785669
263951878
264118088
264284297
264450507
264616716
264782927
264949135
265126425
265292635
265458845
265625054
265791264
265957473
266123683
266289892
266456102
266622311
266788522
266954731
267120940
267287150
267453359
267619569
267785779
267951988
268118198
268284407
268450617
268616826
268783036
268949246
269126536
269292745
269458955
269625164
269791374
269957584
270123793
270290003
270456212
270622422
270788632
270954841
271121050
271287260
271453470
271619679
271785889
271952099
272118308
272284517
272450727
272616937
272783146
272949356
273126646
273292856
273459065
273625275
273791484
273957694
274123904
274290113
274456323
274622532
274788742
274954951
275121161
275287370
275453580
275619790
275785999
275952209
276118418
276284628
276450838
276617047
276783256
276949466
277126756
277292966
277459176
277625385
277791595
277957804
278124014
278290224
278456433
278622642
278788852
278955062
279121271
279287481
279453690
279619900
279786110
279952320
280118529
280284738
280450948
280617157
280783367
280949577
281126867
281293076
281459286
281625495
281791705
281957914
282124124
282290334
282456543
282622753
282788962
282955172
283121382
283287591
283453800
283620010
283786220
283952429
284118639
284284848
284451058
284617268
284783477
284949686
285126977
285293187
285459396
285625606
285791815
285958025
286124235
286290444
286456654
286622863
286789073
286955282
287121493
287287701
287453911
287620121
287786330
287952540
288118749
288284959
288451169
288617378
288783588
288949797
289116007
289293297
289459506
289625716
289791926
289958135
290124345
290290555
290456764
290622973
290789183
290955393
291121602
291287812
291454021
291620231
291786441
291952650
292118860
292285070
292451279
292617488
292783698
292949907
293116117
293293407
293459617
293625827
293792036
293958245
294124455
294290665
294456874
294623084
294789293
294955503
295121712
295287922
295454131
295620341
295786551
295952760
296118970
296285180
296451389
296617599
296783808
296950018
297116227
297293518
297459727
297625937
297792146
297958356
298124566
298290775
298456985
298623194
298789404
298955613
299121823
299288033
299454242
299620452
299786661
299952871
300119080
300285290
300451500
300617709
300783919
300950128
301116338
301293628
301459838
301626047
301792257
301958466
302124676
302290886
302457095
302623305
302789514
302955723
303121933
303288143
303454353
303620562
303786771
303952981
304119191
304285400
304451610
304617819
304784029
304950239
305116448
305293738
305459948
305626157
305792367
305958576
306124786
306290996
306457205
306623415
306789625
306955834
307122044
307288253
307454463
307620672
307786882
307953091
308119301
308285510
308451720
308617930
308784139
308950349
309116558
309293848
309460058
309626268
309792477
309958687
310124896
310291106
310457316
310623525
310789735
310955944
311122154
311288363
311454573
311620783
311786992
311953202
312119411
312285621
312451831
312618040
312784250
312950459
313116669
313293959
313460169
313626379
313792588
313958797
314125007
314291217
314457426
314623635
314789845
314956055
315122264
315288474
315454683
315620893
315787103
315953312
316119522
316285731
316451941
316618150
316784360
316950569
317116779
317282988
317460279
317626488
317792698
317958908
318125117
318291327
318457536
318623746
318789955
318956165
319122375
319288584
319454794
319621003
319787213
319953422
320119632
320285841
320452051
320618261
320784470
320950680
321116889
321283099
321460390
321626600
321792809
321959018
322125228
322291438
322457647
322623858
322790066
322956276
323122485
323288695
323454904
323621115
323787324
323953534
324119742
324285952
324452162
324618372
324784581
324950790
325117000
325283210
325460499
325626709
325792919
325959128
326125338
326291547
326457757
326623967
326790176
326956385
327122595
327288805
327455014
327621224
327787433
327953643
328119853
328286062
328452272
328618481
328784691
328950901
329117110
329283319
329460610
329626819
329793029
329959238
330125448
330291658
330457867
330624077
330790286
330956496
331122705
331288915
331455124
331621334
331787544
331953754
332119963
332286172
332452382
332618592
332784801
332951011
333117220
333283430
333460720
333626930
333793139
333959349
334125558
334291768
334457978
334624188
334790397
334956606
335122816
335289026
335455235
335621444
335787654
335953864
336120073
336286283
336452492
336618702
336784912
336951121
337117331
337283540
337460831
337627040
337793250
337959459
338125669
338291878
338458088
338624298
338790507
338956717
339122926
339289136
339455345
339621555
339787765
339953974
340120184
340286393
340452603
340618812
340785022
340951232
341117441
341283651
341460941
341627151
341793360
341959569
342125779
342291989
342458198
342624408
342790617
342956827
343123036
343289246
343455456
343621665
343787875
343954085
344120294
344286504
344452713
344618922
344785132
344951342
345117551
345283761
345449970
345627261
345793470
345959680
346125890
346292099
346458309
346624519
346790728
346956937
347123147
347289357
347455566
347621776
347787985
347954195
348120404
348286614
348452823
348619033
348785243
348951452
349117662
349283871
349450081
349627371
349793581
349959790
350126000
350292209
350458419
350624629
350790838
350957047
351123257
351289467
351455677
351621886
351788096
351954305
352120515
352286724
352452934
352619143
352785353
352951563
353117772
353283982
353450191
353627481
353793691
353959900
354126110
354292319
354458529
354624739
354790948
354957158
355123367
355289577
355455787
355621996
355788206
355954415
356120625
356286834
356453044
356619254
356785464
356951673
357117883
357284092
357450302
357627592
357793801
357960011
358126221
358292430
358458640
358624849
358791059
358957268
359123478
359289687
359455897
359622107
359788316
359954526
360120735
360286945
360453154
360619364
360785574
360951783
361117993
361284202
361450412
361627702
361793912
361960121
362126331
362292540
362458750
362624959
362791169
362957379
363123588
363289798
363456007
363622217
363788427
363954636
364120846
364287055
364453265
364619475
364785684
364951893
365118103
365284313
365450522
365627812
365794022
365960232
366126441
366292651
366458860
366625070
366791279
366957489
367123698
367289908
367456118
367622327
367788537
367954747
368120956
368287165
368453375
368619585
368785794
368952004
369118213
369284423
369450633
369627923
369794132
369960342
370126552
370292761
370458971
370625181
370791390
370957599
371123809
371290019
371456228
371622438
371788647
371954857
372121067
372287276
372453485
372619695
372785905
372952114
373118324
373284533
373450743
373616952
373794243
373960453
374126662
374292872
374459081
374625291
374791500
374957710
375123919
375290129
375456339
375622548
375788757
375954967
376121177
376287386
376453596
376619806
376786015
376952225
377118434
377284644
377450853
377617063
377794353
377960563
378126772
378292982
378459191
378625401
378791610
378957820
379124030
379290239
379456449
379622658
379788868
379955077
380121287
380287497
380453706
380619916
380786125
380952335
381118544
381284754
381450964
381617173
381794464
381960674
382126883
382293093
382459303
382625512
382791721
382957931
383124140
383290350
383456560
383622769
383788979
383955188
384121398
384287607
384453818
384620026
384786237
384952446
385118655
385284865
385451075
385617284
385794574
385960783
386126993
386293202
386459413
386625622
386791831
386958041
387124250
387290460
387456670
387622879
387789089
387955298
388121508
388287717
388453927
388620136
388786347
388952556
389118765
389284975
389451185
389617394
389794684
389960893
390127103
390293313
390459523
390625732
390791941
390958151
391124360
391290570
391456780
391622989
391789199
391955408
392121618
392287827
392454037
392620247
392786456
392952666
393118876
393285085
393451294
393617504
393794794
393961004
394127214
394293423
394459633
394625842
394792052
394958261
395124471
395290680
395456891
395623100
395789309
395955519
396121728
396287938
396454147
396620357
396786569
396952776
397118986
397285195
397451405
397617615
397783824
397961114
398127324
398293533
398459743
398625953
398792162
398958372
399124581
399290791
399457000
399623210
399789420
399955629
400121839
400288048
400454258
400620468
400786677
400952887
401119096
401285306
401451515
401617725
401783934
401961224
402127434
402293644
402459853
402626063
402792273
402958482
403124691
403290901
403457111
403623320
403789530
403955739
404121949
404288159
404454368
404620578
404786788
404952997
405119207
405285416
405451626
405617835
405784045
405961335
406127544
406293754
406459964
406626173
406792384
406958592
407124802
407291011
407457222
407623431
407789640
407955850
408122060
408288269
408454479
408620688
408786898
408953107
409119317
409285526
409451736
409617945
409784155
409961445
410127655
410293864
410460074
410626284
410792493
410958703
411124912
411291122
411457332
411623541
411789751
411955960
412122170
412288379
412454589
412620798
412787008
412953218
413119427
413285637
413451846
413618056
413784265
413961556
414127765
414293975
414460184
414626394
414792603
414958813
415125022
415291232
415457441
415623651
415789861
415956071
416122280
416288489
416454699
416620909
416787118
416953328
417119537
417285747
417451956
417618166
417784375
417961666
418127876
418294085
418460295
418626504
418792714
418958923
419125133
419291342
419457552
419623762
419789971
419956181
420122390
420288600
420454809
420621019
420787229
420953438
421119648
421285857
421452067
421618276
421784486
421961776
422127986
422294196
422460405
422626614
422792824
422959034
423125243
423291453
423457662
423623872
423790082
423956291
424122501
424288710
424454920
424621129
424787339
424953549
425119758
425285968
425452177
425618387
425784597
425950806
426128096
426294306
426460515
426626725
426792934
426959144
427125354
427291563
427457773
427623982
427790192
427956401
428122611
428288820
428455030
428621239
428787449
428953659
429119869
429286078
429452287
429618497
429784707
429950916
430128207
430294416
430460626
430626835
430793045
430959255
431125464
431291673
431457883
431624093
431790302
431956512
432122721
432288931
432455141
432621350
432787560
432953769
433119979
433286188
433452398
433618608
433784817
433951027
434128317
434294526
434460736
434626946
434793155
434959365
435125575
435291784
435457994
435624203
435790413
435956622
436122832
436289041
436455251
436621460
436787670
436953879
437120089
437286299
437452508
437618718
437784927
437951137
438128427
438294637
438460846
438627056
438793265
438959475
439125685
439291894
439458103
439624313
439790523
439956732
440122942
440289152
440455361
440621571
440787780
440953990
441120199
441286409
441452618
441618828
441785038
441951247
442128538
442294748
442460957
442627167
442793376
442959586
443125795
443292006
443458214
443624424
443790635
443956843
444123053
444289263
444455472
444621681
444787891
444954100
445120312
445286521
445452729
445618939
445785148
445951358
446128648
446294858
446461067
446627276
446793486
446959695
447125905
447292115
447458324
447624534
447790744
447956953
448123163
448289372
448455582
448621791
448788001
448954210
449120420
449286630
449452839
449619049
449785259
449951468
450128758
450294967
450461177
450627387
450793596
450959806
451126016
451292225
451458435
451624644
451790854
451957063
452123273
452289482
452455692
452621902
452788111
452954321
453120530
453286740
453452950
453619159
453785369
453951578
454117788
454295078
454461288
454627497
454793707
454959916
455126126
455292335
455458545
455624754
455790964
455957174
456123383
456289593
456455803
456622012
456788222
456954431
457120641
457286850
457453060
457619269
457785479
457951688
458117898
458295188
458461398
458627607
458793817
458960027
459126236
459292446
459458655
459624865
459791074
459957284
460123494
460289703
460455913
460622122
460788332
460954541
461120751
461286961
461453170
461619380
461785589
461951799
462118008
462295298
462461508
462627718
462793927
462960137
463126346
463292556
463458765
463624975
463791185
463957394
464123604
464289813
464456023
464622233
464788442
464954652
465120861
465287071
465453280
465619490
465785700
465951909
466118119
466295409
466461619
466627828
466794037
466960247
467126457
467292666
467458876
467625086
467791295
467957505
468123714
468289924
468456133
468622343
468788553
468954762
469120972
469287181
469453391
469619600
469785810
469952019
470118229
470295520
470461729
470627938
470794148
470960357
471126567
471292777
471458986
471625196
471791405
471957615
472123825
472290034
472456244
472622453
472788663
472954872
473121082
473287292
473453501
473619711
473785920
473952130
474118339
474295630
474461839
474628049
474794258
474960468
475126678
475292887
475459096
475625306
475791516
475957725
476123935
476290144
476456354
476622563
476788773
476954982
477121192
477287402
477453611
477619821
477786031
477952240
478118450
478295740
478461950
478628159
478794369
478960578
479126788
479292997
479459207
479625416
479791626
479957836
480124045
480290255
480456464
480622674
480788884
480955093
481121303
481287512
481453722
481619931
481786142
481952350
482118560
482284770
482462060
482628270
482794479
482960689
483126898
483293108
483459317
483625527
483791737
483957946
484124156
484290365
484456574
484622784
484788994
484955203
485121413
485287623
485453832
485620042
485786251
485952461
486118670
486284880
486462170
486628380
486794589
486960799
487127008
487293218
487459427
487625637
487791847
487958056
488124266
488290476
488456685
488622895
488789104
488955314
489121523
489287733
489453942
489620152
489786362
489952571
490118781
490284990
490462280
490628490
490794700
490960910
491127119
491293328
491459538
491625747
491791957
491958167
492124376
492290586
492456795
492623005
492789214
492955424
493121634
493287843
493454053
493620262
493786472
493952682
494118891
494285101
494462391
494628600
494794810
494961020
495127229
495293439
495459648
495625858
495792068
495958277
496124487
496290697
496456906
496623115
496789325
496955534
497121744
497287954
497454163
497620373
497786582
497952792
498119002
498285211
498462501
498628711
498794920
498961130
499127339
499293549
499459759
499625968
499792178
499958387
500124597
500290806
500457016
500623225
500789435
500955645
501121854
501288064
501454273
501620483
501786692
501952902
502119112
502285321
502462612
502628821
502795031
502961242
503127451
503293660
503459869
503626079
503792288
503958498
504124708
504290917
504457127
504623336
504789546
504955755
505121966
505288174
505454384
505620594
505786803
505953013
506119223
506285432
506451643
506628931
506795141
506961351
507127561
507293770
507459979
507626189
507792399
507958608
508124818
508291027
508457237
508623446
508789656
508955865
509122075
509288284
509454494
509620704
509786913
509953123
510119333
510285542
510451752
510629042
510795251
510961461
511127670
511293880
511460089
511626299
511792509
511958718
512124928
512291138
512457347
512623557
512789766
512955976
513122185
513288395
513454604
513620814
513787024
513953233
514119443
514285652
514451862
514629152
514795362
514961572
515127781
515293991
515460200
515626409
515792619
515958829
516125038
516291248
516457457
516623667
516789876
516956086
517122296
517288505
517454715
517620924
517787134
517953344
518119553
518285763
518451973
518629262
518795472
518961682
519127891
519294101
519460310
519626520
519792730
519958939
520125149
520291358
520457568
520623777
520789987
520956197
521122406
521288615
521454825
521621035
521787244
521953454
522119663
522285873
522452083
522629373
522795582
522961792
523128002
523294211
523460420
523626630
523792840
523959049
524125259
524291468
524457678
524623887
524790097
524956307
525122516
525288726
525454935
525621145
525787355
525953564
526119774
526285983
526452193
526629483
526795693
526961902
527128112
527294321
527460531
527626741
527792950
527959160
528125369
528291579
528457788
528623998
528790207
528956417
529122627
529288836
529455046
529621255
529787465
529953674
530119884
530286094
530452304
530629593
530795803
530962012
531128222
531294432
531460641
531626852
531793060
531959270
532125479
532291689
532457899
532624108
532790318
532956527
533122737
533288947
533455156
533621366
533787575
533953785
534119994
534286204
534452414
534618623
534795913
534962123
535128332
535294542
535460751
535626961
535793171
535959380
536125590
536291800
536458009
536624219
536790428
536956638
537122847
537289057
537455266
537621476
537787686
537953895
538120105
538286314
538452524
538618733
538796024
538962234
539128443
539294652
539460862
539627071
539793281
539959491
540125700
540291910
540458119
540624329
540790539
540956748
541122958
541289167
541455377
541621586
541787796
541954006
542120215
542286425
542452634
542618844
542796134
542962344
543128553
543294763
543460972
543627182
543793392
543959601
544125811
544292021
544458230
544624439
544790649
544956858
545123068
545289278
545455487
545621697
545787906
545954116
546120325
546286535
546452744
546618954
546796244
546962454
547128663
547294873
547461083
547627292
547793502
547959711
548125921
548292131
548458340
548624549
548790759
548956969
549123178
549289388
549455597
549621807
549788016
549954226
550120436
550286645
550452855
550619064
550796355
550962564
551128774
551294983
551461193
551627403
551793612
551959821
552126031
552292241
552458450
552624660
552790870
552957079
553123289
553289498
553455708
553621918
553788127
553954336
554120546
554286756
554452965
554619175
554796465
554962675
555128884
555295094
555461303
555627513
555793723
555959932
556126142
556292351
556458561
556624770
556790980
556957190
557123399
557289609
557455818
557622028
557788238
557954447
558120657
558286866
558453076
558619285
558796575
558962785
559128994
559295204
559461414
559627623
559793833
559960042
560126252
560292461
560458671
560624881
560791090
560957300
561123509
561289719
561455928
561622138
561788348
561954557
562120767
562286976
562453186
562619396
562785605
562962896
563129105
563295315
563461524
563627734
563793943
563960153
564126363
564292572
564458782
564624991
564791201
564957411
565123620
565289829
565456039
565622249
565788458
565954669
566120877
566287087
566453297
566619506
566785716
566963006
567129215
567295425
567461635
567627844
567794053
567960263
568126473
568292682
568458892
568625101
568791311
568957521
569123730
569289940
569456149
569622359
569788569
569954778
570120987
570287197
570453407
570619616
570785826
570963116
571129326
571295535
571461745
571627954
571794164
571960373
572126583
572292793
572459002
572625212
572791421
572957631
573123841
573290050
573456259
573622469
573788679
573954888
574121098
574287307
574453517
574619726
574785936
574963227
575129436
575295646
575461855
575628065
575794274
575960484
576126694
576292904
576459113
576625322
576791532
576957741
577123951
577290160
577456370
577622579
577788789
577954999
578121208
578287418
578453627
578619837
578786047
578963337
579129547
579295756
579461965
579628175
579794385
579960594
580126804
580293014
580459223
580625433
580791642
580957852
581124061
581290271
581456480
581622690
581788900
581955109
582121319
582287528
582453738
582619947
582786157
582963448
583129657
583295866
583462076
583628286
583794495
583960704
584126914
584293124
584459333
584625543
584791753
584957962
585124172
585290381
585456591
585622801
585789010
585955219
586121429
586287639
586453848
586620058
586786267
586963558
587129767
587295977
587462186
587628396
587794605
587960815
588127025
588293234
588459444
588625653
588791863
588958073
589124282
589290492
589456701
589622911
589789120
589955330
590121539
590287749
590453959
590620168
590786378
590952587
591129878
591296087
591462297
591628506
591794716
591960925
592127135
592293345
592459554
592625764
592791973
592958183
593124392
593290602
593456812
593623022
593789231
593955440
594121650
594287859
594454069
594620278
594786488
594952698
595129988
595296197
595462407
595628616
595794826
595961036
596127245
596293455
596459664
596625874
596792084
596958293
597124502
597290712
597456922
597623131
597789341
597955550
598121760
598287970
598454179
598620389
598786599
598952808
599130098
599296308
599462518
599628727
599794937
599961146
600127356
600293565
600459775
600625984
600792194
600958404
601124613
601290823
601457033
601623242
601789452
601955661
602121870
602288080
602454290
602620499
602786709
602952919
603130209
603296418
603462628
603628837
603795047
603961257
604127466
604293676
604459885
604626095
604792304
604958514
605124723
605290933
605457142
605623352
605789562
605955771
606121981
606288191
606454400
606620610
606786819
606953030
607130319
607296528
607462738
607628948
607795157
607961367
608127576
608293786
608459995
608626205
608792414
608958624
609124834
609291044
609457253
609623463
609789672
609955882
610122091
610288301
610454510
610620720
610786929
610953139
611130429
611296639
611462849
611629058
611795268
611961477
612127687
612293896
612460106
612626316
612792525
612958735
613124944
613291154
613457363
613623574
613789783
613955992
614122202
614288411
614454621
614620830
614787040
614953250
615130540
615296749
615462959
615629169
615795378
615961588
616127797
616294007
616460216
616626426
616792636
616958845
617125055
617291264
617457474
617623684
617789893
617956103
618122312
618288522
618454731
618620941
618787150
618953360
619119570
619296860
619463069
619629279
619795489
619961698
620127908
620294117
620460327
620626536
620792746
620958955
621125165
621291374
621457584
621623794
621790003
621956213
622122422
622288632
622454842
622621051
622787261
622953470
623119680
623296970
623463182
623629389
623795600
623961809
624128019
624294228
624460438
624626647
624792856
624959066
625125276
625291485
625457695
625623904
625790115
625956323
626122533
626288743
626454953
626621162
626787372
626953583
627119790
627297080
627463290
627629500
627795709
627961919
628128129
628294338
628460547
628626757
628792967
628959176
629125386
629291595
629457805
629624014
629790224
629956434
630122643
630288853
630455062
630621272
630787482
630953691
631119900
631297191
631463400
631629610
631795819
631962029
632128239
632294449
632460658
632626867
632793077
632959287
633125496
633291706
633457915
633624125
633790334
633956544
634122754
634288962
634455172
634621381
634787591
634953801
635120010
635297300
635463510
635629719
635795929
635962139
636128348
636294558
636460767
636626978
636793187
636959397
637125606
637291816
637458026
637624235
637790445
637956654
638122864
638289073
638455283
638621492
638787702
638953912
639120121
639297411
639463621
639629831
639796040
639962250
640128459
640294669
640460878
640627088
640793297
640959507
641125717
641291926
641458136
641624345
641790555
641956764
642122974
642289184
642455393
642621603
642787813
642954022
643120231
643297521
643463731
643629941
643796150
643962360
644128569
644294779
644460989
644627198
644793408
644959617
645125827
645292036
645458246
645624455
645790665
645956874
646123084
646289294
646455503
646621713
646787923
646954132
647120341
647286551
647463841
647630051
647796260
647962470
648128680
648294889
648461099
648627308
648793518
648959728
649125937
649292146
649458356
649624566
649790775
649956985
650123195
650289404
650455614
650621823
650788033
650954242
651120452
651286661
651463952
651630161
651796371
651962580
652128790
652294999
652461209
652627418
652793629
652959838
653126047
653292257
653458467
653624676
653790886
653957095
654123305
654289514
654455724
654621934
654788143
654954353
655120562
655286772
655464062
655630271
655796481
655962691
656128900
656295110
656461319
656627529
656793738
656959948
657126158
657292367
657458577
657624786
657790996
657957206
658123415
658289625
658455834
658622044
658788253
658954463
659120672
659286882
659464172
659630382
659796591
659962801
660129010
660295220
660461430
660627639
660793849
660960058
661126268
661292478
661458687
661624897
661791106
661957316
662123526
662289735
662455945
662622154
662788364
662954573
663120783
663286992
663464283
663630492
663796702
663962912
664129121
664295330
664461540
664627750
664793959
664960169
665126378
665292588
665458797
665625007
665791217
665957426
666123636
666289845
666456055
666622264
666788474
666954683
667120893
667287102
667464393
667630602
667796812
667963022
668129231
668295441
668461650
668627860
668794069
668960279
669126489
669292698
669458908
669625117
669791327
669957536
670123746
670289955
670456165
670622375
670788584
670954794
671121003
671287213
671453423
671630713
671796922
671963132
672129341
672295551
672461761
672627970
672794180
672960389
673126599
673292808
673459018
673625228
673791437
673957647
674123856
674290066
674456276
674622485
674788695
674954904
675121114
675287323
675453533
675630823
675797033
675963242
676129452
676295662
676461871
676628081
676794290
676960500
677126709
677292919
677459129
677625338
677791548
677957757
678123967
678290176
678456386
678622596
678788805
678955015
679121224
679287434
679453644
679630933
679797143
679963353
680129562
680295772
680461981
680628191
680794400
680960610
681126819
681293029
681459239
681625448
681791658
681957867
682124077
682290287
682456496
682622706
682788915
682955125
683121334
683287544
683453754
683631045
683797254
683963463
684129673
684295882
684462092
684628303
684794511
684960721
685126930
685293140
685459350
685625560
685791768
685957978
686124188
686290397
686456607
686622817
686789026
686955235
687121445
687287655
687453865
687631154
687797364
687963574
688129783
688295993
688462202
688628412
688794621
688960831
689127040
689293250
689459459
689625670
689791879
689958088
690124298
690290507
690456717
690622927
690789136
690955346
691121555
691287765
691453974
691631265
691797474
691963684
692129894
692296103
692462312
692628522
692794732
692960941
693127150
693293360
693459570
693625779
693791989
693958199
694124408
694290618
694456827
694623037
694789246
694955456
695121665
695287875
695454085
695631375
695797585
695963795
696130004
696296213
696462423
696628633
696794842
696961052
697127261
697293471
697459680
697625890
697792100
697958309
698124518
698290728
698456938
698623147
698789358
698955566
699121776
699287986
699454196
699620405
699797695
699963905
700130114
700296324
700462533
700628743
700794953
700961162
701127371
701293581
701459790
701626000
701792210
701958419
702124629
702290838
702457048
702623258
702789467
702955677
703121886
703288096
703454306
703620515
703797805
703964015
704130225
704296434
704462643
704628853
704795063
704961272
705127482
705293692
705459901
705626110
705792320
705958530
706124739
706290949
706457158
706623368
706789578
706955787
707121997
707288206
707454416
707620625
707797916
707964125
708130335
708296544
708462754
708628964
708795173
708961383
709127592
709293802
709460011
709626221
709792431
709958640
710124850
710291059
710457269
710623479
710789688
710955898
711122107
711288317
711454526
711620736
711798026
711964236
712130445
712296655
712462864
712629074
712795284
712961493
713127703
713293912
713460122
713626331
713792541
713958750
714124960
714291170
714457379
714623589
714789799
714956008
715122218
715288427
715454637
715620846
715798137
715964346
716130555
716296765
716462975
716629184
716795394
716961603
717127813
717294022
717460232
717626442
717792651
717958861
718125071
718291280
718457490
718623699
718789909
718956118
719122328
719288538
719454747
719620956
719798247
719964456
720130666
720296875
720463085
720629295
720795504
720961714
721127924
721294133
721460343
721626552
721792762
721958971
722125182
722291390
722457600
722623809
722790019
722956229
723122438
723288648
723454858
723621067
723798357
723964567
724130777
724296986
724463196
724629405
724795615
724961824
725128034
725294243
725460453
725626663
725792872
725959082
726125292
726291501
726457710
726623920
726790130
726956339
727122549
727288758
727454968
727621177
727787387
727964677
728130887
728297096
728463306
728629515
728795725
728961935
729128144
729294354
729460563
729626773
729792982
729959192
730125401
730291611
730457821
730624030
730790240
730956449
731122659
731288869
731455078
731621288
731787497
731964788
732130997
732297207
732463416
732629626
732795836
732962045
733128255
733294464
733460674
733626883
733793093
733959302
734125512
734291722
734457932
734624141
734790350
734956560
735122769
735288979
735455189
735621398
735787608
735964898
736131107
736297317
736463527
736629736
736795946
736962155
737128365
737294575
737460784
737626994
737793203
737959413
738125623
738291832
738458043
738624251
738790461
738956670
739122880
739289090
739455299
739621509
739787718
739965008
740131218
740297427
740463637
740629847
740796056
740962266
741128475
741294685
741460895
741627104
741793314
741959523
742125733
742291942
742458152
742624361
742790571
742956781
743122990
743289200
743455409
743621619
743787829
743965119
744131328
744297538
744463748
744629957
744796167
744962376
745128588
745294796
745461006
745627215
745793424
745959634
746125843
746292053
746458263
746624472
746790682
746956891
747123101
747289310
747455520
747621730
747787939
747965229
748131439
748297648
748463858
748630067
748796277
748962486
749128696
749294906
749461116
749627325
749793535
749959744
750125954
750292163
750458373
750624582
750790792
750957002
751123211
751289421
751455631
751621840
751788049
751965340
752131549
752297759
752463968
752630178
752796387
752962597
753128807
753295016
753461226
753627435
753793646
753959855
754126064
754292273
754458483
754624693
754790902
754957112
755123321
755289531
755455740
755621950
755788160
755954369
756131660
756297869
756464079
756630288
756796498
756962707
757128917
757295127
757461336
757627546
757793756
757959965
758126174
758292384
758458594
758624803
758791013
758957222
759123432
759289641
759455851
759622061
759788270
759954480
760131770
760297979
760464189
760630398
760796608
760962818
761129027
761295237
761461446
761627656
761793866
761960075
762126285
762292494
762458704
762624913
762791123
762957332
763123542
763289752
763455961
763622171
763788381
763954590
764131880
764298090
764464300
764630509
764796718
764962928
765129138
765295347
765461557
765627766
765793976
765960185
766126395
766292605
766458815
766625024
766791233
766957443
767123653
767289862
767456072
767622281
767788491
767954700
768131990
768298200
768464410
768630619
768796829
768963038
769129248
769295458
769461667
769627877
769794086
769960296
770126505
770292715
770458925
770625134
770791344
770957553
771123763
771289973
771456182
771622392
771788602
771954811
772132101
772298310
772464520
772630730
772796939
772963149
773129359
773295568
773461778
773627987
773794197
773960406
774126616
774292826
774459035
774625245
774791454
774957664
775123873
775290083
775456293
775622502
775788712
775954921
776132211
776298421
776464630
776630840
776797049
776963259
777129469
777295678
777461888
777628097
777794307
777960517
778126726
778292936
778459146
778625355
778791564
778957774
779123984
779290193
779456403
779622612
779788822
779955031
780121241
780298531
780464741
780630950
780797160
780963370
781129580
781295789
781461998
781628208
781794418
781960627
782126837
782293046
782459256
782625465
782791675
782957885
783124094
783290304
783456513
783622723
783788932
783955142
784121352
784298642
784464851
784631061
784797271
784963480
785129690
785295900
785462109
785628318
785794528
785960737
786126947
786293156
786459366
786625576
786791786
786957995
787124205
787290414
787456624
787622833
787789043
787955252
788121462
788298752
788464961
788631171
788797381
788963590
789129800
789296009
789462219
789628428
789794638
789960848
790127057
790293267
790459476
790625686
790791896
790958105
791124315
791290524
791456734
791622943
791789153
791955363
792121572
792298863
792465072
792631282
792797491
792963701
793129910
793296120
793462330
793628539
793794749
793960958
794127168
794293377
794459587
794625796
794792006
794958216
795124425
795290635
795456844
795623054
795789264
795955473
796121683
796298973
796465182
796631392
796797602
796963811
797130020
797296230
797462440
797628649
797794859
797961069
798127278
798293488
798459697
798625907
798792116
798958326
799124536
799290745
799456955
799623164
799789374
799955583
800121793
800299083
800465293
800631502
800797712
800963921
801130131
801296341
801462550
801628760
801794969
801961179
802127388
802293598
802459808
802626017
802792227
802958437
803124646
803290856
803457065
803623274
803789484
803955694
804121903
804299195
804465404
804631613
804797822
804964032
805130242
805296452
805462661
805628870
805795080
805961290
806127499
806293710
806459918
806626128
806792338
806958547
807124757
807290966
807457176
807623387
807789595
807955805
808122014
808288225
808465514
808631723
808797933
808964142
809130352
809296562
809462771
809628980
809795190
809961400
810127609
810293819
810460028
810626238
810792447
810958657
811124867
811291077
811457286
811623496
811789705
811955914
812122124
812288334
812465624
812631833
812798043
812964252
813130462
813296671
813462881
813629091
813795300
813961510
814127719
814293929
814460139
814626348
814792558
814958768
815124977
815291186
815457396
815623606
815789815
815956025
816122234
816288444
816465734
816631944
816798154
816964363
817130573
817296782
817462992
817629201
817795411
817961620
818127830
818294040
818460249
818626459
818792668
818958878
819125087
819291297
819457507
819623716
819789925
819956135
820122345
820288554
820465845
820632054
820798264
820964473
821130683
821296892
821463102
821629312
821795521
821961731
822127940
822294150
822460359
822626569
822792779
822958988
823125198
823291407
823457617
823623826
823790036
823956246
824122455
824288665
824465955
824632164
824798374
824964584
825130793
825297002
825463212
825629422
825795631
825961841
826128051
826294260
826460470
826626679
826792889
826959099
827125308
827291517
827457727
827623937
827790146
827956356
828122565
828288775
828466065
828632275
828798484
828964694
829130903
829297113
829463323
829629532
829795742
829961951
830128161
830294370
830460580
830626790
830792999
830959209
831125418
831291628
831457837
831624047
831790257
831956466
832122676
832288885
832466176
832632385
832798595
832964804
833131014
833297223
833463433
833629642
833795852
833962062
834128271
834294481
834460690
834626900
834793109
834959319
835125528
835291738
835457948
835624157
835790367
835956577
836122786
836288995
836455205
836632495
836798705
836964914
837131124
837297334
837463543
837629752
837795962
837962172
838128382
838294591
838460800
838627010
838793220
838959429
839125639
839291848
839458058
839624268
839790477
839956687
840122896
840289106
840455315
840632606
840798815
840965025
841131235
841297444
841463653
841629863
841796073
841962282
842128492
842294702
842460911
842627121
842793330
842959540
843125749
843291959
843458168
843624378
843790588
843956797
844123007
844289216
844455426
844632716
844798925
844965135
845131345
845297554
845463764
845629973
845796183
845962392
846128602
846294813
846461021
846627231
846793440
846959650
847125860
847292069
847458279
847624489
847790698
847956907
848123117
848289327
848455536
848632826
848799036
848965245
849131455
849297665
849463874
849630084
849796293
849962503
850128712
850294922
850461131
850627341
850793550
850959760
851125970
851292179
851458389
851624599
851790808
851957018
852123227
852289437
852455646
852632937
852799146
852965356
853131565
853297775
853463984
853630194
853796404
853962613
854128823
854295032
854461242
854627452
854793661
854959871
855126080
855292290
855458499
855624709
855790919
855957128
856123337
856289547
856455757
856633047
856799257
856965467
857131676
857297885
857464095
857630305
857796514
857962724
858128933
858295143
858461352
858627562
858793771
858959981
859126190
859292400
859458610
859624820
859791029
859957238
860123448
860289658
860455867
860633157
860799367
860965576
861131786
861297995
861464205
861630415
861796624
861962834
862129043
862295253
862461463
862627672
862793882
862960091
863126301
863292510
863458720
863624929
863791139
863957349
864123558
864289768
864455977
864622187
864799477
864965687
865131897
865298106
865464316
865630525
865796735
865962944
866129155
866295364
866461573
866627783
866793992
866960203
867126411
867292621
867458830
867625042
867791250
867957459
868123669
868289879
868456088
868622297
868799587
868965797
869132007
869298216
869464426
869630635
869796845
869963054
870129264
870295474
870461683
870627893
870794102
870960312
871126522
871292731
871458941
871625150
871791360
871957569
872123779
872289989
872456198
872622408
872799698
872965907
873132117
873298326
873464536
873630746
873796955
873963164
874129374
874295584
874461793
874628003
874794212
874960422
875126632
875292841
875459051
875625260
875791470
875957679
876123889
876290099
876456308
876622518
876799808
876966018
877132227
877298437
877464647
877630856
877797066
877963275
878129485
878295694
878461904
878628113
878794323
878960532
879126742
879292952
879459161
879625371
879791580
879957790
880123999
880290210
880456418
880622628
880799918
880966128
881132338
881298547
881464757
881630966
881797176
881963385
882129595
882295805
882462014
882628223
882794433
882960643
883126852
883293062
883459272
883625481
883791691
883957900
884124110
884290319
884456529
884622739
884800029
884966238
885132448
885298657
885464867
885631076
885797286
885963496
886129705
886295915
886462124
886628334
886794544
886960753
887126962
887293172
887459382
887625591
887791801
887958010
888124220
888290430
888456639
888622849
888800139
888966349
889132558
889298768
889464978
889631187
889797396
889963606
890129816
890296025
890462235
890628444
890794654
890960863
891127073
891293283
891459492
891625702
891791911
891958121
892124330
892290540
892456750
892622959
892789168
892966459
893132668
893298878
893465088
893631297
893797507
893963716
894129927
894296135
894462345
894628554
894794764
894960974
895127183
895293393
895459602
895625812
895792021
895958231
896124441
896290650
896456860
896623069
896789279
896966569
897132779
897298988
897465198
897631407
897797617
897963827
898130036
898296246
898462455
898628665
898794875
898961084
899127293
899293503
899459712
899625922
899792132
899958341
900124551
900290760
900456970
900623180
900789389
900966680
901132889
901299099
901465309
901631518
901797727
901963937
902130147
902296356
902462565
902628775
902794985
902961194
903127404
903293613
903459823
903626033
903792242
903958452
904124661
904290871
904457080
904623290
904789500
904966790
905132999
905299209
905465418
905631628
905797838
905964047
906130257
906296466
906462676
906628885
906795095
906961305
907127514
907293724
907459933
907626143
907792353
907958562
908124772
908290981
908457191
908623401
908789610
908966900
909133110
909299319
909465529
909631738
909797948
909964157
910130367
910296576
910462786
910628996
910795205
910961415
911127625
911293834
911460044
911626253
911792463
911958672
912124882
912291091
912457301
912623510
912789720
912967010
913133220
913299430
913465639
913631849
913798058
913964268
914130477
914296687
914462896
914629106
914795316
914961525
915127735
915293944
915460154
915626364
915792573
915958782
916124992
916291202
916457411
916623621
916789831
916967121
917133330
917299540
917465750
917631959
917798168
917964378
918130588
918296797
918463007
918629217
918795426
918961635
919127845
919294055
919460264
919626474
919792683
919958893
920125103
920291312
920457522
920623731
920789941
920956151
921133440
921299650
921465860
921632070
921798279
921964488
922130698
922296908
922463117
922629327
922795536
922961746
923127955
923294165
923460374
923626584
923792794
923959003
924125213
924291423
924457632
924623841
924790051
924956261
925133551
925299761
925465971
925632180
925798390
925964600
926130809
926297018
926463228
926629437
926795647
926961857
927128067
927294276
927460485
927626695
927792904
927959115
928125324
928291533
928457743
928623952
928790162
928956373
929133661
929299871
929466080
929632290
929798500
929964709
930130919
930297128
930463338
930629548
930795757
930961967
931128177
931294386
931460595
931626805
931793015
931959225
932125434
932291643
932457853
932624062
932790272
932956482
933133772
933299981
933466191
933632400
933798610
933964820
934131029
934297239
934463448
934629657
934795868
934962077
935128286
935294496
935460706
935626915
935793125
935959334
936125544
936291753
936457963
936624173
936790382
936956592
937133882
937300092
937466301
937632511
937798720
937964930
938131140
938297349
938463559
938629768
938795978
938962187
939128397
939294607
939460816
939627026
939793235
939959445
940125654
940291864
940458074
940624283
940790492
940956703
941133992
941300202
941466411
941632621
941798831
941965040
942131250
942297459
942463669
942629879
942796088
942962298
943128508
943294717
943460926
943627136
943793345
943959555
944125765
944291974
944458184
944624393
944790603
944956812
945123023
945300312
945466522
945632731
945798941
945965151
946131360
946297569
946463779
946629989
946796198
946962408
947128617
947294827
947461037
947627246
947793456
947959665
948125875
948292084
948458294
948624504
948790713
948956923
949123132
949300423
949466632
949632842
949799051
949965261
950131470
950297680
950463889
950630099
950796309
950962518
951128729
951294937
951461147
951627357
951793566
951959776
952125985
952292195
952458404
952624614
952790824
952957033
953123243
953300533
953466742
953632952
953799162
953965371
954131581
954297790
954464000
954630210
954796419
954962629
955128838
955295048
955461257
955627467
955793677
955959886
956126096
956292305
956458515
956624724
956790934
956957143
957123353
957300643
957466853
957633062
957799272
957965481
958131691
958297900
958464110
958630320
958796529
958962739
959128949
959295158
959461368
959627577
959793787
959959996
960126206
960292415
960458625
960624834
960791044
960957254
961123463
961300754
961466964
961633173
961799382
961965592
962131802
962298011
962464221
962630430
962796640
962962849
963129059
963295268
963461478
963627688
963793897
963960107
964126316
964292526
964458736
964624945
964791155
964957364
965123574
965300864
965467073
965633283
965799492
965965702
966131912
966298121
966464331
966630541
966796750
966962959
967129169
967295379
967461588
967627798
967794007
967960217
968126427
968292636
968458846
968625056
968791265
968957474
969123684
969300974
969467184
969633393
969799603
969965812
970132022
970298232
970464441
970630651
970796860
970963070
971129279
971295489
971461699
971627908
971794118
971960327
972126537
972292746
972458956
972625165
972791375
972957585
973123794
973290004
973467294
973633504
973799713
973965923
974132132
974298343
974464551
974630761
974796971
974963180
975129390
975295599
975461809
975628018
975794228
975960438
976126647
976292857
976459066
976625276
976791486
976957695
977123905
977290114
977467404
977633614
977799823
977966033
978132243
978298452
978464662
978630872
978797081
978963291
979129500
979295710
979461920
979628129
979794338
979960548
980126757
980292967
980459177
980625386
980791596
980957806
981124015
981290224
981467515
981633724
981799934
981966143
982132353
982298563
982464772
982630982
982797191
982963401
983129610
983295820
983462030
983628239
983794449
983960658
984126868
984293077
984459287
984625496
984791706
984957916
985124125
985290335
985467625
985633835
985800046
985966254
986132464
986298673
986464884
986631092
986797302
986963512
987129721
987295931
987462140
987628350
987794560
987960769
988126979
988293188
988459398
988625607
988791818
988958026
989124236
989290445
989467736
989633945
989800155
989966364
990132574
990298783
990464993
990631202
990797413
990963621
991129831
991296041
991462250
991628460
991794670
991960879
992127089
992293298
992459508
992625717
992791927
992958137
993124346
993290555
993467846
993634055
993800265
993966474
994132684
994298893
994465103
994631313
994797522
994963732
995129941
995296151
995462361
995628570
995794780
995960989
996127199
996293408
996459618
996625828
996792037
996958247
997124456
997290666
997467956
997634166
997800375
997966585
998132794
998299004
998465213
998631423
998797633
998963842
999130052
999296261
999462471
999628681
999794890
999961100
1000127309
1000293519
1000459728
1000625938
1000792147
1000958357
1001124567
1001290776
1001456987
1001634276
1001800486
1001966695
1002132905
1002299114
1002465324
1002631534
1002797743
1002963953
1003130162
1003296372
1003462582
1003628791
1003795001
1003961210
1004127419
1004293629
1004459839
1004626048
1004792258
1004958468
1005124677
1005290887
1005457096
1005634386
1005800596
1005966805
1006133015
1006299224
1006465434
1006631644
1006797853
1006964063
1007130272
1007296482
1007462691
1007628901
1007795111
1007961320
1008127530
1008293739
1008459949
1008626158
1008792368
1008958578
1009124787
1009290997
1009457206
1009634497
1009800707
1009966916
1010133125
1010299335
1010465544
1010631754
1010797963
1010964173
1011130383
1011296592
1011462802
1011629011
1011795221
1011961431
1012127640
1012293850
1012460059
1012626269
1012792478
1012958688
1013124898
1013291107
1013457317
1013634607
1013800816
1013967026
1014133236
1014299445
1014465655
1014631864
1014798074
1014964284
1015130493
1015296703
1015462912
1015629122
1015795332
1015961541
1016127751
1016293960
1016460170
1016626379
1016792589
1016958799
1017125008
1017291218
1017457427
1017634717
1017800927
1017967136
1018133346
1018299556
1018465765
1018631975
1018798184
1018964394
1019130603
1019296813
1019463023
1019629232
1019795442
1019961651
1020127861
1020294071
1020460280
1020626490
1020792699
1020958909
1021125118
1021291328
1021457538
1021634828
1021801037
1021967247
1022133456
1022299666
1022465875
1022632085
1022798295
1022964504
1023130714
1023296924
1023463133
1023629343
1023795552
1023961762
1024127972
1024294181
1024460390
1024626600
1024792810
1024959019
1025125229
1025291438
1025457648
1025634938
1025801148
1025967357
1026133567
1026299777
1026465986
1026632196
1026798405
1026964615
1027130824
1027297034
1027463243
1027629453
1027795662
1027961872
1028128082
1028294291
1028460501
1028626710
1028792920
1028959130
1029125339
1029291549
1029457758
1029623968
1029801258
1029967467
1030133677
1030299886
1030466096
1030632306
1030798515
1030964725
1031130934
1031297144
1031463354
1031629563
1031795773
1031961982
1032128192
1032294401
1032460611
1032626821
1032793030
1032959240
1033125449
1033291659
1033457869
1033624078
1033801369
1033967578
1034133788
1034299997
1034466207
1034632416
1034798626
1034964835
1035131045
1035297254
1035463464
1035629673
1035795883
1035962093
1036128302
1036294512
1036460722
1036626931
1036793141
1036959350
1037125560
1037291769
1037457979
1037624188
1037801478
1037967688
1038133898
1038300107
1038466317
1038632526
1038798736
1038964946
1039131155
1039297365
1039463574
1039629784
1039795993
1039962203
1040128413
1040294622
1040460832
1040627041
1040793251
1040959460
1041125670
1041291880
1041458089
1041624299
1041801589
1041967799
1042134008
1042300218
1042466427
1042632637
1042798846
1042965056
1043131265
1043297475
1043463685
1043629894
1043796104
1043962314
1044128523
1044294732
1044460942
1044627152
1044793361
1044959571
1045125780
1045291990
1045458199
1045624409
1045801700
1045967909
1046134119
1046300329
1046466539
1046632748
1046798957
1046965167
1047131377
1047297586
1047463795
1047630006
1047796216
1047962424
1048128634
1048294843
1048461053
1048627263
1048793472
1048959681
1049125891
1049292101
1049458310
1049624521
1049801810
1049968019
1050134229
1050300438
1050466648
1050632858
1050799067
1050965277
1051131486
1051297696
1051463905
1051630115
1051796325
1051962534
1052128744
1052294953
1052461163
1052627373
1052793582
1052959791
1053126002
1053292211
1053458420
1053624630
1053801920
1053968129
1054134339
1054300549
1054466758
1054632968
1054799177
1054965387
1055131597
1055297806
1055464015
1055630225
1055796435
1055962645
1056128854
1056295063
1056461274
1056627483
1056793692
1056959902
1057126111
1057292321
1057458531
1057624740
1057790950
1057968240
1058134450
1058300659
1058466869
1058633078
1058799288
1058965497
1059131707
1059297917
1059464126
1059630336
1059796545
1059962755
1060128964
1060295174
1060461383
1060627594
1060793803
1060960012
1061126222
1061292431
1061458641
1061624850
1061791060
1061968351
1062134560
1062300770
1062466979
1062633189
1062799399
1062965608
1063131817
1063298027
1063464236
1063630446
1063796656
1063962865
1064129075
1064295284
1064461494
1064627703
1064793913
1064960123
1065126332
1065292542
1065458751
1065624961
1065791171
1065968461
1066134670
1066300880
1066467089
1066633299
1066799508
1066965718
1067131928
1067298137
1067464347
1067630557
1067796766
1067962976
1068129185
1068295395
1068461604
1068627814
1068794023
1068960233
1069126442
1069292652
1069458862
1069625071
1069791281
1069968571
1070134781
1070300990
1070467200
1070633409
1070799619
1070965829
1071132038
1071298248
1071464457
1071630667
1071796876
1071963087
1072129295
1072295505
1072461715
1072627924
1072794134
1072960344
1073126553
1073292763
1073458972
1073625182
1073791391
1073968682
1074134891
1074301101
1074467310
1074633520
1074799729
1074965939
1075132149
1075298358
1075464568
1075630777
1075796987
1075963196
1076129406
1076295615
1076461825
1076628035
1076794244
1076960454
1077126663
1077292873
1077459082
1077625292
1077791501
1077968792
1078135002
1078301211
1078467420
1078633630
1078799841
1078966049
1079132259
1079298468
1079464679
1079630888
1079797097
1079963307
1080129516
1080295726
1080461935
1080628145
1080794355
1080960564
1081126774
1081292983
1081459193
1081625402
1081791612
1081957821
1082135114
1082301321
1082467531
1082633740
1082799950
1082966160
1083132369
1083298579
1083464788
1083630998
1083797208
1083963417
1084129627
1084295836
1084462046
1084628255
1084794465
1084960675
1085126884
1085293094
1085459303
1085625513
1085791722
1085957932
1086135222
1086301432
1086467641
1086633851
1086800061
1086966270
1087132480
1087298689
1087464899
1087631108
1087797318
1087963527
1088129737
1088295946
1088462156
1088628366
1088794575
1088960785
1089126995
1089293204
1089459414
1089625624
1089791833
1089958042
1090135332
1090301542
1090467751
1090633961
1090800171
1090966381
1091132590
1091298799
1091465009
1091631219
1091797428
1091963638
1092129847
1092296057
1092462266
1092628476
1092794686
1092960895
1093127105
1093293315
1093459524
1093625733
1093791943
1093958153
1094135443
1094301653
1094467862
1094634071
1094800281
1094966491
1095132700
1095298910
1095465119
1095631329
1095797539
1095963748
1096129958
1096296167
1096462377
1096628587
1096794796
1096961006
1097127215
1097293431
1097459634
1097625844
1097792053
1097958263
1098135553
1098301763
1098467972
1098634182
1098800391
1098966601
1099132811
1099299021
1099465230
1099631439
1099797649
1099963859
1100130068
1100296278
1100462487
1100628697
1100794907
1100961116
1101127326
1101293535
1101459745
1101625954
1101792164
1101958374
1102135663
1102301873
1102468083
1102634292
1102800502
1102966711
1103132921
1103299130
1103465340
1103631550
1103797759
1103963969
1104130178
1104296388
1104462598
1104628807
1104795017
1104961226
1105127436
1105293645
1105459855
1105626065
1105792275
1105958484
1106135775
1106301984
1106468194
1106634403
1106800613
1106966822
1107133032
1107299241
1107465451
1107631661
1107797870
1107964080
1108130289
1108296499
1108462709
1108628918
1108795127
1108961337
1109127547
1109293756
1109459967
1109626176
1109792385
1109958594
1110124804
1110302094
1110468304
1110634513
1110800723
1110966932
1111133142
1111299351
1111465561
1111631771
1111797980
1111964190
1112130399
1112296609
1112462819
1112629028
1112795237
1112961447
1113127657
1113293866
1113460076
1113626285
1113792495
1113958705
1114124914
1114302204
1114468414
1114634623
1114800833
1114967043
1115133252
1115299461
1115465671
1115631881
1115798090
1115964300
1116130510
1116296719
1116462929
1116629138
1116795348
1116961557
1117127767
1117293976
1117460186
1117626396
1117792605
1117958815
1118125024
1118302315
1118468524
1118634734
1118800944
1118967153
1119133362
1119299572
1119465782
1119631991
1119798201
1119964410
1120130620
1120296830
1120463039
1120629249
1120795458
1120961668
1121127877
1121294087
1121460297
1121626507
1121792716
1121958925
1122125135
1122302425
1122468635
1122634844
1122801054
1122967263
1123133473
1123299682
1123465892
1123632102
1123798311
1123964521
1124130730
1124296940
1124463150
1124629359
1124795569
1124961778
1125127988
1125294197
1125460407
1125626617
1125792826
1125959036
1126125245
1126302535
1126468745
1126634955
1126801165
1126967374
1127133583
1127299793
1127466002
1127632212
1127798422
1127964631
1128130841
1128297050
1128463260
1128629469
1128795679
1128961888
1129128098
1129294308
1129460517
1129626727
1129792936
1129959146
1130125356
1130302646
1130468855
1130635065
1130801276
1130967484
1131133694
1131299903
1131466113
1131632322
1131798532
1131964741
1132130951
1132297161
1132463370
1132629580
1132795789
1132961999
1133128209
1133294418
1133460628
1133626837
1133793047
1133959256
1134125466
1134302756
1134468966
1134635175
1134801385
1134967595
1135133804
1135300013
1135466223
1135632433
1135798642
1135964852
1136131062
1136297271
1136463481
1136629690
1136795900
1136962109
1137128319
1137294528
1137460738
1137626947
1137793157
1137959367
1138125576
1138291786
1138469076
1138635286
1138801495
1138967705
1139133914
1139300124
1139466333
1139632543
1139798752
1139964962
1140131172
1140297381
1140463591
1140629800
1140796010
1140962220
1141128429
1141294639
1141460848
1141627058
1141793267
1141959477
1142125687
1142291896
1142469186
1142635396
1142801606
1142967815
1143134025
1143300234
1143466444
1143632653
1143798863
1143965073
1144131282
1144297492
1144463701
1144629911
1144796120
1144962330
1145128539
1145294749
1145460959
1145627168
1145793378
1145959587
1146125797
1146292007
1146469297
1146635506
1146801716
1146967926
1147134135
1147300345
1147466554
1147632764
1147798973
1147965183
1148131393
1148297602
1148463812
1148630021
1148796231
1148962441
1149128650
1149294859
1149461069
1149627279
1149793488
1149959698
1150125907
1150292117
1150469407
1150635617
1150801826
1150968036
1151134245
1151300455
1151466665
1151632874
1151799084
1151965293
1152131503
1152297712
1152463922
1152630131
1152796341
1152962551
1153128760
1153294970
1153461179
1153627389
1153793599
1153959808
1154126018
1154292227
1154469517
1154635727
1154801937
1154968146
1155134356
1155300565
1155466775
1155632985
1155799194
1155965404
1156131614
1156297823
1156464032
1156630242
1156796451
1156962661
1157128871
1157295080
1157461290
1157627499
1157793709
1157959919
1158126128
1158292338
1158469628
1158635837
1158802047
1158968256
1159134466
1159300676
1159466885
1159633095
1159799304
1159965514
1160131723
1160297933
1160464143
1160630352
1160796562
1160962771
1161128981
1161295191
1161461400
1161627610
1161793819
1161960029
1162126238
1162292448
1162469738
1162635948
1162802157
1162968367
1163134576
1163300786
1163466995
1163633205
1163799415
1163965624
1164131834
1164298043
1164464253
1164630463
1164796672
1164962882
1165129091
1165295301
1165461510
1165627720
1165793929
1165960139
1166126349
1166292558
1166458768
1166636058
1166802268
1166968477
1167134687
1167300898
1167467106
1167633316
1167799525
1167965735
1168131944
1168298155
1168464363
1168630573
1168796783
1168962992
1169129202
1169295412
1169461621
1169627831
1169794040
1169960250
1170126459
1170292670
1170458878
1170636168
1170802378
1170968587
1171134797
1171301007
1171467216
1171633426
1171799635
1171965845
1172132054
1172298264
1172464474
1172630683
1172796893
1172963102
1173129312
1173295522
1173461731
1173627941
1173794150
1173960360
1174126570
1174292779
1174458988
1174636279
1174802488
1174968698
1175134907
1175301117
1175467327
1175633536
1175799746
1175965955
1176132165
1176298374
1176464584
1176630793
1176797003
1176963212
1177129422
1177295632
1177461841
1177628051
1177794260
1177960470
1178126679
1178292889
1178459099
1178636389
1178802599
1178968808
1179135018
1179301227
1179467437
1179633647
1179799856
1179966065
1180132275
1180298485
1180464695
1180630904
1180797113
1180963323
1181129533
1181295742
1181461952
1181628161
1181794371
1181960580
1182126789
1182292999
1182459209
1182636498
1182802708
1182968918
1183135127
1183301337
1183467546
1183633756
1183799966
1183966175
1184132385
1184298594
1184464804
1184631013
1184797223
1184963432
1185129642
1185295852
1185462061
1185628271
1185794481
1185960690
1186126899
1186293109
1186459319
1186636610
1186802819
1186969029
1187135238
1187301448
1187467657
1187633867
1187800076
1187966286
1188132496
1188298705
1188464915
1188631124
1188797334
1188963543
1189129753
1189295963
1189462172
1189628382
1189794591
1189960801
1190127010
1190293220
1190459429
1190625639
1190802929
1190969139
1191135348
1191301558
1191467767
1191633977
1191800187
1191966396
1192132606
1192298815
1192465025
1192631234
1192797444
1192963654
1193129863
1193296073
1193462282
1193628492
1193794701
1193960911
1194127120
1194293330
1194459540
1194625749
1194803039
1194969249
1195135459
1195301668
1195467878
1195634087
1195800297
1195966506
1196132716
1196298926
1196465135
1196631345
1196797554
1196963764
1197129973
1197296183
1197462392
1197628602
1197794812
1197961021
1198127231
1198293440
1198459650
1198625859
1198803149
1198969359
1199135569
1199301778
1199467988
1199634197
1199800407
1199966617
