88645
254855
421064
587274
753484
919693
1085902
1252112
1418322
1584531
1750741
1916950
2083160
2249370
2415579
2581789
2747998
2914208
3091498
3257708
3423917
3590127
3756336
3922546
4088756
4254966
4421175
4587385
4753594
4919804
5086014
5252223
5418433
5584642
5750852
5917061
6083271
6249480
6415690
6581900
6748109
6914319
7091609
7257818
7424028
7590238
7756447
7922657
8088866
8255076
8421286
8587495
8753705
8919914
9086124
9252333
9418543
9584752
9750962
9917172
10083381
10249591
10415800
10582010
10748219
10914429
11091719
11257929
11424138
11590348
11756557
11922767
12088976
12255186
12421395
12587605
12753814
12920025
13086234
13252443
13418653
13584862
13751072
13917282
14083491
14249701
14415910
14582120
14748329
14914540
15091829
15258039
15424248
15590458
15756667
15922877
16089087
16255296
16421506
16587715
16753925
16920134
17086344
17252554
17418763
17584973
17751182
17917392
18083601
18249811
18416020
18582230
18748439
18914649
19091939
19258149
19424359
19590568
19756778
19922987
20089197
20255406
20421616
20587825
20754035
20920245
21086454
21252664
21418873
21585083
21751292
21917502
22083712
22249921
22416131
22582340
22748550
22914759
23080969
23258259
23424469
23590678
23756888
23923097
24089307
24255516
24421726
24587935
24754145
24920355
25086564
25252774
25418983
25585193
25751403
25917612
26083822
26250031
26416241
26582450
26748660
26914869
27081079
27258369
27424579
27590788
27756998
27923208
28089417
28255627
28421837
28588046
28754255
28920465
29086675
29252884
29419094
29585303
29751513
29917722
30083932
30250142
30416351
30582561
30748770
30914980
31081189
31258481
31424689
31590899
31757108
31923318
32089528
32255739
32421948
32588156
32754366
32920575
33086785
33252996
33419204
33585414
33751623
33917833
34084042
34250254
34416462
34582672
34748881
34915090
35081300
35258591
35424799
35591009
35757218
35923428
36089638
36255848
36422057
36588266
36754476
36920685
37086895
37253105
37419314
37585523
37751733
37917943
38084152
38250363
38416571
38582781
38748991
38915200
39081410
39258700
39424910
39591119
39757329
39923538
40089748
40255957
40422167
40588377
40754587
40920796
41087005
41253215
41419424
41585634
41751844
41918053
42084263
42250474
42416682
42582892
42749101
42915311
43081520
43258810
43425020
43591230
43757439
43923649
44089858
44256068
44422278
44588487
44754697
44920906
45087116
45253325
45419535
45585744
45751954
45918163
46084373
46250583
46416792
46583002
46749211
46915421
47081630
47258921
47425130
47591340
47757549
47923759
48089969
48256178
48422388
48588597
48754807
48921016
49087226
49253435
49419645
49585855
49752064
49918274
50084483
50250693
50416903
50583112
50749321
50915531
51081741
51247950
51425241
51591450
51757660
51923870
52090079
52256288
52422498
52588708
52754917
52921127
53087336
53253546
53419755
53585965
53752175
53918384
54084594
54250803
54417013
54583223
54749432
54915641
55081851
55248061
55425351
55591561
55757770
55923980
56090189
56256399
56422608
56588819
56755028
56921237
57087447
57253656
57419866
57586075
57752285
57918494
58084704
58250914
58417123
58583333
58749542
58915752
59081961
59248171
59425461
59591671
59757880
59924090
60090300
60256509
60422718
60588928
60755138
60921347
61087557
61253766
61419976
61586186
61752395
61918605
62084814
62251024
62417233
62583443
62749653
62915862
63082072
63248281
63425572
63591781
63757991
63924200
64090410
64256619
64422829
64589039
64755248
64921458
65087668
65253877
65420086
65586296
65752506
65918715
66084925
66251134
66417344
66583554
66749763
66915973
67082183
67248392
67425682
67591892
67758101
67924311
68090520
68256730
68422940
68589149
68755359
68921568
69087778
69253987
69420197
69586406
69752617
69918826
70085035
70251245
70417454
70583664
70749874
70916083
71082293
71248502
71425792
71592002
71758212
71924421
72090631
72256840
72423050
72589259
72755469
72921678
73087888
73254098
73420307
73586517
73752727
73918936
74085146
74251355
74417565
74583774
74749984
74916193
75082403
75248612
75425903
75592112
75758322
75924531
76090741
76256951
76423160
76589370
76755579
76921789
77087999
77254208
77420418
77586627
77752837
77919046
78085256
78251465
78417675
78583885
78750094
78916304
79082513
79248723
79414932
79592223
79758433
79924642
80090852
80257061
80423271
80589480
80755690
80921899
81088109
81254318
81420528
81586738
81752947
81919157
82085366
82251576
82417785
82583995
82750204
82916414
83082624
83248833
83415043
83592333
83758542
83924752
84090962
84257171
84423381
84589590
84755800
84922010
85088219
85254429
85420638
85586848
85753057
85919267
86085476
86251686
86417896
86584105
86750315
86916525
87082734
87248944
87415153
87592443
87758653
87924863
88091072
88257282
88423491
88589701
88755910
88922120
89088330
89254540
89420749
89586958
89753168
89919378
90085587
90251797
90418006
90584216
90750425
90916635
91082845
91249054
91415264
91592554
91758764
91924973
92091184
92257392
92423602
92589813
92756021
92922231
93088442
93254650
93420859
93587069
93753278
93919489
94085699
94251907
94418117
94584328
94750536
94916746
95082957
95249165
95415374
95592664
95758874
95925083
96091293
96257502
96423712
96589921
96756131
96922341
97088550
97254760
97420969
97587179
97753388
97919598
98085808
98252017
98418227
98584437
98750646
98916855
99083066
99249275
99415484
99592774
99758984
99925194
100091403
100257613
100423822
100590032
100756242
100922451
101088661
101254870
101421080
101587289
101753499
101919709
102085918
102252128
102418337
102584547
102750757
102916966
103083176
103249386
103415595
103592885
103759095
103925304
104091514
104257724
104423933
104590142
104756352
104922562
105088771
105254982
105421190
105587401
105753610
105919819
106086029
106252238
106418448
106584658
106750867
106917076
107083286
107249497
107415705
107581915
107759205
107925415
108091624
108257834
108424043
108590253
108756462
108922672
109088882
109255091
109421301
109587510
109753720
109919929
110086139
110252349
110418558
110584768
110750977
110917187
111083396
111249607
111415815
111582025
111759316
111925525
112091735
112257944
112424154
112590363
112756573
112922782
113088992
113255202
113421411
113587621
113753830
113920040
114086250
114252459
114418669
114584879
114751088
114917297
115083507
115249717
115415926
115582136
115759427
115925636
116091845
116258055
116424264
116590474
116756683
116922893
117089103
117255312
117421522
117587731
117753941
117920151
118086360
118252569
118418779
118584989
118751198
118917408
119083617
119249827
119416037
119582246
119759536
119925746
120091955
120258165
120424375
120590584
120756794
120923003
121089213
121255422
121421632
121587842
121754051
121920261
122086470
122252680
122418890
122585099
122751309
122917518
123083728
123249938
123416147
123582356
123759647
123925856
124092066
124258276
124424485
124590695
124756904
124923114
125089323
125255533
125421742
125587952
125754162
125920371
126086581
126252790
126419000
126585210
126751419
126917629
127083838
127250048
127416257
127582467
127759757
127925967
128092176
128258386
128424596
128590806
128757015
128923224
129089434
129255643
129421853
129588063
129754272
129920482
130086691
130252901
130419110
130585320
130751530
130917739
131083949
131250158
131416368
131582578
131748787
131926077
132092287
132258496
132424706
132590915
132757125
132923334
133089544
133255754
133421963
133588173
133754382
133920592
134086801
134253011
134419221
134585430
134751640
134917849
135084059
135250269
135416478
135582688
135748897
135926188
136092398
136258607
136424816
136591026
136757235
136923445
137089655
137255864
137422074
137588283
137754493
137920702
138086912
138253122
138419331
138585541
138751750
138917960
139084170
139250379
139416589
139582799
139749008
139926298
140092508
140258717
140424927
140591136
140757347
140923555
141089765
141255975
141422185
141588394
141754604
141920813
142087022
142253232
142419442
142585651
142751861
142918071
143084280
143250489
143416699
143582909
143749118
143926408
144092618
144258828
144425037
144591247
144757456
144923666
145089875
145256085
145422295
145588504
145754714
145920923
146087133
146253343
146419552
146585762
146751971
146918181
147084390
147250600
147416809
147583019
147749229
147926519
148092729
148258938
148425148
148591357
148757567
148923776
149089986
149256196
149422405
149588615
149754824
149921034
150087244
150253453
150419663
150585872
150752082
150918291
151084501
151250710
151416920
151583130
151749339
151926631
152092839
152259049
152425258
152591468
152757678
152923888
153090097
153256306
153422516
153588725
153754935
153921146
154087354
154253564
154419773
154585983
154752192
154918403
155084612
155250821
155417031
155583240
155749450
155926740
156092949
156259159
156425368
156591578
156757788
156923997
157090207
157256416
157422626
157588835
157755045
157921255
158087464
158253674
158419883
158586093
158752303
158918513
159084722
159250931
159417141
159583350
159749560
159915770
160093060
160259270
160425479
160591689
160757898
160924108
161090317
161256527
161422736
161588946
161755155
161921365
162087575
162253784
162419994
162586203
162752413
162918623
163084832
163251042
163417251
163583461
163749670
163915880
164093170
164259380
164425590
164591799
164758009
164924218
165090428
165256637
165422847
165589056
165755266
165921476
166087685
166253895
166420104
166586314
166752523
166918733
167084944
167251152
167417362
167583572
167749781
167915991
168093281
168259490
168425700
168591909
168758119
168924329
169090539
169256748
169422957
169589167
169755377
169921586
170087796
170254005
170420215
170586424
170752634
170918843
171085054
171251263
171417472
171583682
171749891
171916101
172093391
172259601
172425810
172592020
172758230
172924439
173090649
173256858
173423068
173589277
173755487
173921696
174087906
174254116
174420325
174586535
174752744
174918954
175085164
175251373
175417583
175583792
175750002
175916211
176093502
176259711
176425922
176592130
176758340
176924550
177090759
177256969
177423178
177589388
177755598
177921807
178088016
178254226
178420436
178586645
178752855
178919064
179085274
179251484
179417693
179583903
179750112
179916322
180093612
180259822
180426031
180592241
180758450
180924660
181090869
181257079
181423289
181589498
181755708
181921917
182088127
182254337
182420546
182586756
182752965
182919175
183085385
183251594
183417803
183584013
183750223
183916432
184093723
184259932
184426142
184592351
184758561
184924770
185090980
185257190
185423399
185589609
185755818
185922028
186088238
186254447
186420656
186586866
186753076
186919285
187085495
187251704
187417914
187584124
187750333
187916543
188082752
188260042
188426252
188592462
188758672
188924881
189091090
189257300
189423509
189589719
189755929
189922138
190088348
190254557
190420767
190586977
190753186
190919396
191085605
191251815
191418025
191584234
191750443
191916653
192082863
192260153
192426363
192592572
192758782
192924991
193091201
193257410
193423620
193589829
193756039
193922249
194088458
194254668
194420877
194587087
194753296
194919506
195085716
195251925
195418135
195584344
195750554
195916764
196082973
196260264
196426473
196592683
196758893
196925102
197091311
197257521
197423731
197589940
197756150
197922359
198088569
198254778
198420988
198587197
198753407
198919617
199085826
199252036
199418245
199584455
199750665
199916874
200083084
200260374
200426584
200592793
200759002
200925212
201091422
201257631
201423841
201590051
201756260
201922470
202088680
202254889
202421098
202587308
202753518
202919727
203085937
203252146
203418356
203584566
203750775
203916985
204083194
204260484
204426694
204592904
204759113
204925322
205091532
205257742
205423951
205590161
205756370
205922580
206088790
206254999
206421209
206587418
206753628
206919837
207086047
207252257
207418467
207584676
207750885
207917095
208083304
208260595
208426804
208593014
208759224
208925433
209091643
209257852
209424062
209590271
209756481
209922690
210088900
210255110
210421319
210587529
210753739
210919948
211086158
211252367
211418577
211584786
211750996
211917205
212083415
212260706
212426915
212593125
212759335
212925544
213091753
213257963
213424173
213590382
213756593
213922801
214089012
214255220
214421430
214587640
214753851
214920059
215086268
215252478
215418687
215584897
215751108
215917316
216083526
216249735
216427025
216593235
216759445
216925654
217091863
217258073
217424283
217590492
217756703
217922911
218089121
218255330
218421540
218587750
218753960
218920169
219086378
219252588
219418798
219585007
219751217
219917426
220083636
220249845
220427136
220593345
220759555
220925764
221091974
221258184
221424393
221590603
221756812
221923022
222089232
222255441
222421651
222587860
222754070
222920279
223086489
223252699
223418908
223585118
223751327
223917537
224083746
224249956
224427246
224593456
224759665
224925875
225092085
225258294
225424504
225590714
225756923
225923133
226089342
226255552
226421761
226587971
226754180
226920390
227086599
227252809
227419019
227585228
227751438
227917647
228083857
228250066
228427356
228593566
228759776
228925986
229092195
229258404
229424614
229590824
229757033
229923243
230089452
230255662
230421872
230588081
230754291
230920501
231086710
231252919
231419129
231585339
231751548
231917758
232083967
232250177
232427467
232593677
232759886
232926096
233092306
233258515
233424724
233590934
233757144
233923353
234089563
234255773
234421982
234588192
234754401
234920611
235086820
235253030
235419239
235585449
235751659
235917868
236084077
236250287
236427577
236593786
236759996
236926205
237092415
237258625
237424834
237591044
237757253
237923463
238089672
238255882
238422092
238588301
238754511
238920720
239086930
239253140
239419350
239585559
239751769
239917978
240084188
240250398
240416607
240593897
240760107
240926317
241092526
241258736
241424945
241591155
241757364
241923574
242089784
242255993
242422203
242588412
242754623
242920831
243087041
243253250
243419460
243585670
243751879
243918089
244084298
244250508
244416718
244594008
244760217
244926427
245092636
245258846
245425055
245591265
245757475
245923684
246089894
246256103
246422313
246588523
246754733
246920942
247087151
247253361
247419571
247585780
247751990
247918199
248084409
248250618
248416828
248594118
248760328
248926537
249092747
249258957
249425166
249591376
249757585
249923795
250090004
250256214
250422424
250588633
250754843
250921052
251087262
251253471
251419681
251585890
251752100
251918310
252084519
252250729
252416938
252594228
252760438
252926648
253092857
253259067
253425276
253591486
253757695
253923905
254090114
254256324
254422534
254588743
254754953
254921162
255087372
255253582
255419791
255586001
255752210
255918420
256084629
256250839
256417048
256594339
256760548
256926758
257092968
257259177
257425387
257591596
257757806
257924015
258090225
258256435
258422644
258588854
258755063
258921273
259087482
259253692
259419901
259586111
259752321
259918530
260084740
260250949
260417159
260594449
260760659
260926868
261093078
261259287
261425497
261591707
261757916
261924126
262090335
262256545
262422755
262588964
262755174
262921383
263087593
263253802
263420012
263586222
263752431
263918641
264084850
264251060
264417269
264594560
264760769
264926979
265093188
265259398
265425608
265591817
265758026
265924236
266090446
266256655
266422865
266589074
266755284
266921493
267087703
267253912
267420123
267586332
267752541
267918751
268084960
268251170
268417380
268583589
268760880
268927089
269093299
269259508
269425718
269591927
269758137
269924346
270090556
270256766
270422975
270589185
270755394
270921604
271087814
271254023
271420233
271586442
271752652
271918861
272085071
272251280
272417490
272583700
272760991
272927200
273093409
273259619
273425829
273592039
273758248
273924457
274090667
274256876
274423086
274589296
274755505
274921714
275087924
275254134
275420343
275586554
275752762
275918972
276085182
276251391
276417601
276583811
276761100
276927310
277093519
277259729
277425938
277592149
277758358
277924567
278090777
278256986
278423196
278589406
278755615
278921824
279088034
279254244
279420453
279586664
279752873
279919082
280085292
280251501
280417711
280583921
280761211
280927420
281093630
281259839
281426049
281592259
281758468
281924678
282090887
282257097
282423307
282589516
282755726
282921935
283088145
283254354
283420564
283586773
283752983
283919193
284085402
284251612
284417821
284584031
284761321
284927531
285093741
285259950
285426159
285592369
285758579
285924788
286090998
286257207
286423417
286589626
286755836
286922046
287088255
287254465
287420674
287586884
287753093
287919303
288085513
288251722
288417932
288584141
288761432
288927641
289093850
289260060
289426270
289592479
289758689
289924898
290091108
290257318
290423527
290589737
290755946
290922156
291088366
291254575
291420784
291586994
291753204
291919413
292085623
292251832
292418042
292584251
292761542
292927751
293093961
293260171
293426380
293592590
293758800
293925009
294091218
294257428
294423638
294589847
294756057
294922266
295088476
295254686
295420895
295587104
295753314
295919524
296085733
296251943
296418153
296584362
296750572
296927862
297094071
297260281
297426491
297592700
297758910
297925119
298091329
298257538
298423748
298589958
298756167
298922377
299088586
299254796
299421006
299587215
299753424
299919634
300085844
300252053
300418263
300584472
300750682
300927972
301094181
301260391
301426601
301592810
301759020
301925230
302091439
302257649
302423858
302590068
302756277
302922488
303088696
303254906
303421116
303587325
303753535
303919745
304085954
304252164
304418373
304584583
304750793
304928083
305094292
305260502
305426711
305592921
305759130
305925340
306091550
306257759
306423969
306590178
306756388
306922598
307088807
307255017
307421226
307587436
307753645
307919855
308086065
308252274
308418484
308584693
308750903
308928193
309094403
309260612
309426822
309593032
309759241
309925450
310091661
310257870
310424079
310590289
310756498
310922708
311088918
311255127
311421337
311587546
311753756
311919965
312086175
312252385
312418594
312584804
312751013
312928303
313094513
313260722
313426932
313593142
313759351
313925561
314091771
314257980
314424189
314590399
314756609
314922818
315089028
315255237
315421447
315587656
315753866
315920076
316086285
316252495
316418704
316584914
316751123
316928414
317094623
317260833
317427043
317593252
317759462
317925671
318091881
318258090
318424300
318590510
318756719
318922929
319089138
319255348
319421557
319587767
319753976
319920186
320086396
320252605
320418815
320585024
320751234
320928524
321094734
321260943
321427153
321593363
321759572
321925782
322091991
322258201
322424410
322590620
322756830
322923039
323089249
323255458
323421668
323587877
323754087
323920297
324086506
324252716
324418925
324585135
324751344
324917554
325094844
325261054
325427263
325593473
325759682
325925892
326092101
326258311
326424521
326590730
326756940
326923150
327089359
327255569
327421778
327587988
327754197
327920407
328086616
328252826
328419035
328585245
328751455
328917664
329094955
329261164
329427374
329593583
329759793
329926002
330092212
330258422
330424631
330590841
330757050
330923260
331089470
331255679
331421889
331588098
331754308
331920517
332086727
332252937
332419146
332585356
332751565
332917775
333095065
333261275
333427486
333593696
333759904
333926113
334092323
334258534
334424743
334590952
334757161
334923372
335089580
335255790
335422001
335588209
335754418
335920628
336086838
336253047
336419257
336585466
336751676
336917885
337095175
337261385
337427595
337593804
337760014
337926223
338092433
338258643
338424852
338591062
338757271
338923481
339089690
339255900
339422110
339588319
339754528
339920738
340086948
340253157
340419367
340585576
340751786
340917995
341095286
341261496
341427705
341593915
341760124
341926334
342092543
342258753
342424963
342591172
342757382
342923592
343089801
343256010
343422220
343588429
343754639
343920849
344087058
344253268
344419477
344585687
344751897
344918106
345095396
345261606
345427816
345594026
345760235
345926444
346092654
346258864
346425073
346591283
346757492
346923702
347089911
347256121
347422330
347588540
347754750
347920959
348087169
348253378
348419588
348585798
348752007
348918217
349095507
349261716
349427926
349594136
349760345
349926555
350092764
350258974
350425183
350591393
350757602
350923812
351090022
351256231
351422441
351588650
351754860
351921070
352087279
352253490
352419698
352585908
352752117
352918327
353084537
353261827
353428036
353594246
353760456
353926665
354092875
354259085
354425294
354591504
354757713
354923923
355090132
355256342
355422551
355588761
355754971
355921180
356087390
356253599
356419809
356586018
356752228
356918438
357084647
357261937
357428147
357594357
357760566
357926776
358092986
358259195
358425405
358591614
358757824
358924034
359090243
359256452
359422662
359588871
359755082
359921291
360087500
360253710
360419920
360586129
360752339
360918548
361084758
361262048
361428257
361594467
361760677
361926886
362093096
362259305
362425515
362591724
362757934
362924143
363090353
363256563
363422772
363588982
363755192
363921401
364087611
364253820
364420030
364586239
364752449
364918659
365084868
365262158
365428368
365594577
365760787
365926997
366093206
366259416
366425625
366591835
366758044
366924254
367090464
367256674
367422883
367589092
367755302
367921512
368087721
368253931
368420140
368586350
368752560
368918769
369084979
369262269
369428479
369594688
369760897
369927107
370093317
370259526
370425736
370591945
370758155
370924365
371090574
371256784
371422993
371589204
371755413
371921622
372087832
372254041
372420251
372586461
372752670
372918880
373085089
373262379
373428589
373594798
373761008
373927218
374093427
374259637
374425846
374592056
374758265
374924475
375090685
375256894
375423104
375589313
375755523
375921733
376087942
376254152
376420361
376586571
376752780
376918990
377085200
377251409
377428699
377594909
377761119
377927328
378093538
378259747
378425957
378592167
378758376
378924585
379090795
379257005
379423214
379589424
379755633
379921843
380088053
380254262
380420472
380586682
380752891
380919101
381085310
381251520
381428810
381595020
381761229
381927439
382093649
382259858
382426068
382592277
382758488
382924696
383090906
383257115
383423325
383589535
383755744
383921954
384088163
384254373
384420582
384586792
384753002
384919211
385085421
385251630
385428920
385595130
385761339
385927549
386093759
386259968
386426178
386592387
386758597
386924806
387091016
387257226
387423435
387589645
387755854
387922064
388088274
388254483
388420693
388586902
388753112
388919322
389085531
389251741
389429031
389595241
389761450
389927660
390093870
390260079
390426288
390592498
390758707
390924917
391091127
391257336
391423546
391589756
391755965
391922175
392088384
392254594
392420803
392587013
392753223
392919432
393085642
393251851
393429142
393595351
393761561
393927770
394093980
394260190
394426399
394592609
394758818
394925028
395091238
395257449
395423657
395589866
395756077
395922285
396088495
396254705
396420915
396587124
396753333
396919543
397085753
397251963
397429252
397595462
397761671
397927880
398094090
398260300
398426509
398592719
398758928
398925138
399091348
399257558
399423767
399589976
399756186
399922395
400088605
400254816
400421025
400587234
400753443
400919653
401085863
401252073
401429362
401595572
401761782
401927991
402094201
402260410
402426620
402592830
402759039
402925249
403091458
403257668
403423877
403590087
403756296
403922506
404088716
404254925
404421135
404587344
404753554
404919764
405085973
405252183
405418392
405595683
405761892
405928102
406094311
406260521
406426731
406592940
406759149
406925359
407091569
407257778
407423988
407590198
407756407
407922617
408088826
408255036
408421245
408587455
408753665
408919874
409086084
409252293
409418503
409595793
409762002
409928212
410094422
410260631
410426841
410593050
410759260
410925469
411091679
411257889
411424098
411590308
411756517
411922727
412088936
412255146
412421356
412587565
412753775
412919984
413086194
413252404
413418613
413595903
413762113
413928323
414094532
414260742
414426951
414593161
414759370
414925580
415091790
415257999
415424209
415590418
415756628
415922838
416089047
416255257
416421466
416587676
416753885
416920095
417086305
417252514
417418724
417596014
417762223
417928433
418094643
418260852
418427062
418593271
418759481
418925691
419091900
419258110
419424319
419590530
419756738
419922948
420089157
420255367
420421577
420587786
420753996
420920206
421086415
421252625
421418834
421596124
421762334
421928543
422094753
422260963
422427172
422593382
422759591
422925801
423092010
423258220
423424430
423590640
423756849
423923058
424089268
424255478
424421687
424587897
424754106
424920316
425086525
425252735
425418944
425596235
425762444
425928654
426094864
426261073
426427283
426593492
426759702
426925911
427092121
427258330
427424540
427590750
427756959
427923169
428089379
428255588
428421798
428588007
428754217
428920426
429086636
429252845
429419055
429596345
429762555
429928765
430094974
430261183
430427393
430593603
430759813
430926022
431092231
431258441
431424651
431590860
431757070
431923279
432089489
432255699
432421908
432588118
432754327
432920537
433086746
433252956
433419165
433585375
433762665
433928875
434095084
434261294
434427504
434593713
434759923
434926132
435092342
435258551
435424761
435590970
435757180
435923390
436089599
436255809
436422018
436588228
436754438
436920647
437086857
437253066
437419276
437585485
437762776
437928985
438095195
438261405
438427614
438593823
438760033
438926243
439092452
439258662
439424871
439591081
439757291
439923500
440089710
440255919
440422129
440588339
440754548
440920758
441086967
441253177
441419386
441585596
441762886
441929096
442095306
442261515
442427725
442593934
442760144
442926353
443092563
443258772
443424982
443591192
443757401
443923611
444089820
444256030
444422239
444588449
444754658
444920869
445087078
445253287
445419497
445585707
445762996
445929206
446095416
446261625
446427835
446594044
446760254
446926464
447092673
447258883
447425092
447591302
447757511
447923721
448089931
448256140
448422350
448588559
448754769
448920979
449087188
449253398
449419607
449585817
449763107
449929317
450095526
450261736
450427945
450594155
450760365
450926574
451092784
451258993
451425203
451591412
451757622
451923831
452090041
452256251
452422460
452588670
452754879
452921089
453087298
453253508
453419718
453585927
453763218
453929427
454095638
454261847
454428056
454594266
454760476
454926685
455092896
455259104
455425314
455591523
455757733
455923942
456090152
456256361
456422571
456588781
456754990
456921200
457087411
457253619
457419828
457586038
457763328
457929537
458095747
458261957
458428166
458594376
458760585
458926795
459093005
459259214
459425424
459591633
459757843
459924052
460090262
460256471
460422681
460588891
460755100
460921310
461087520
461253729
461419939
461586148
461752358
461929648
462095858
462262067
462428277
462594486
462760696
462926906
463093115
463259324
463425535
463591744
463757953
463924163
464090373
464256582
464422792
464589001
464755211
464921420
465087630
465253840
465420049
465586259
465752468
465929759
466095968
466262178
466428387
466594597
466760807
466927016
467093225
467259435
467425645
467591854
467758064
467924273
468090483
468256693
468422902
468589112
468755321
468921531
469087741
469253950
469420160
469586369
469752579
469929869
470096078
470262288
470428498
470594707
470760917
470927126
471093336
471259546
471425755
471591965
471758174
471924384
472090593
472256803
472423013
472589222
472755432
472921642
473087851
473254061
473420270
473586480
473752689
473929980
474096189
474262399
474428608
474594818
474761027
474927237
475093446
475259656
475425866
475592075
475758285
475924494
476090704
476256914
476423123
476589333
476755542
476921752
477087961
477254171
477420380
477586590
477752800
477930090
478096300
478262509
478428719
478594928
478761138
478927347
479093557
479259766
479425976
479592186
479758395
479924605
480090814
480257024
480423234
480589443
480755653
480921863
481088072
481254282
481420491
481586701
481752910
481930200
482096410
482262619
482428829
482595038
482761248
482927458
483093667
483259877
483426086
483592296
483758506
483924715
484090925
484257135
484423345
484589553
484755763
484921973
485088182
485254392
485420602
485586811
485753021
485930311
486096520
486262730
486428940
486595149
486761359
486927568
487093778
487259987
487426197
487592407
487758616
487924826
488091035
488257245
488423455
488589664
488755874
488922083
489088293
489254503
489420712
489586922
489753131
489919341
490096631
490262840
490429050
490595260
490761469
490927679
491093888
491260098
491426308
491592518
491758727
491924936
492091146
492257356
492423565
492589775
492755984
492922194
493088403
493254613
493420823
493587032
493753242
493919451
494096741
494262951
494429160
494595370
494761580
494927789
495093999
495260208
495426418
495592628
495758837
495925047
496091256
496257466
496423676
496589885
496756094
496922304
497088514
497254723
497420933
497587143
497753352
497919562
498096852
498263061
498429271
498595480
498761690
498927900
499094109
499260319
499426528
499592738
499758948
499925157
500091367
500257576
500423786
500589996
500756205
500922415
501088624
501254834
501421043
501587253
501753463
501919672
502096962
502263172
502429382
502595591
502761801
502928010
503094220
503260430
503426639
503592849
503759058
503925268
504091477
504257687
504423897
504590106
504756316
504922525
505088735
505254944
505421154
505587364
505753573
505919783
506097073
506263282
506429492
506595701
506761911
506928121
507094330
507260540
507426750
507592959
507759169
507925378
508091588
508257797
508424007
508590216
508756426
508922635
509088845
509255055
509421264
509587474
509753684
509919893
510097183
510263393
510429602
510595812
510762022
510928231
511094441
511260650
511426860
511593070
511759279
511925489
512091698
512257908
512424117
512590327
512756537
512922747
513088956
513255165
513421375
513587585
513753794
513920003
514086213
514263504
514429713
514595923
514762132
514928344
515094551
515260761
515426971
515593180
515759390
515925600
516091809
516258019
516424229
516590438
516756647
516922859
517089067
517255276
517421485
517587695
517753905
517920116
518086324
518263614
518429823
518596033
518762242
518928452
519094662
519260871
519427081
519593290
519759500
519925710
520091919
520258129
520424338
520590548
520756757
520922967
521089176
521255386
521421596
521587805
521754015
521920225
522086434
522263724
522429934
522596144
522762353
522928563
523094772
523260982
523427191
523593401
523759611
523925820
524092030
524258239
524424449
524590658
524756868
524923078
525089287
525255497
525421706
525587916
525754125
525920335
526086545
526263835
526430045
526596254
526762464
526928673
527094883
527261092
527427302
527593512
527759721
527925931
528092140
528258350
528424560
528590769
528756979
528923188
529089398
529255607
529421817
529588026
529754236
529920446
530086655
530263945
530430155
530596364
530762574
530928784
531094993
531261203
531427412
531593622
531759831
531926041
532092251
532258460
532424670
532590879
532757089
532923298
533089508
533255718
533421927
533588137
533754346
533920556
534086766
534264056
534430266
534596475
534762685
534928894
535095104
535261313
535427523
535593733
535759942
535926152
536092361
536258571
536424780
536590990
536757199
536923409
537089619
537255828
537422038
537588247
537754457
537920667
538086876
538264166
538430376
538596586
538762795
538929005
539095214
539261425
539427633
539593843
539760052
539926262
540092472
540258681
540424891
540591101
540757310
540923519
541089729
541255939
541422148
541588358
541754568
541920777
542086987
542253196
542430486
542596696
542762905
542929115
543095324
543261535
543427744
543593953
543760163
543926372
544092582
544258792
544425001
544591211
544757420
544923630
545089840
545256049
545422259
545588468
545754678
545920887
546087097
546253307
546430597
546596806
546763016
546929226
547095435
547261645
547427854
547594064
547760273
547926483
548092693
548258902
548425112
548591321
548757531
548923741
549089950
549256160
549422369
549588579
549754789
549920998
550087208
550253417
550430707
550596917
550763127
550929336
551095546
551261755
551427965
551594175
551760384
551926594
552092803
552259013
552425222
552591432
552757642
552923851
553090061
553256270
553422480
553588689
553754899
553921108
554087318
554253527
554430818
554597028
554763237
554929447
555095656
555261866
555428075
555594285
555760494
555926704
556092914
556259123
556425333
556591542
556757752
556923961
557090171
557256381
557422591
557588800
557755009
557921219
558087428
558253638
558430928
558597138
558763347
558929557
559095767
559261976
559428186
559594395
559760605
559926815
560093024
560259234
560425443
560591653
560757863
560924072
561090281
561256491
561422701
561588910
561755120
561921330
562087539
562253749
562431039
562597248
562763458
562929668
563095877
563262087
563428296
563594506
563760715
563926925
564093135
564259344
564425554
564591763
564757973
564924183
565090392
565256602
565422811
565589021
565755230
565921440
566087650
566253859
566431149
566597359
566763568
566929778
567095988
567262197
567428407
567594617
567760826
567927035
568093245
568259455
568425664
568591874
568758083
568924293
569090502
569256712
569422922
569589131
569755341
569921550
570087760
570253969
570420179
570597469
570763679
570929889
571096098
571262308
571428517
571594727
571760936
571927146
572093356
572259565
572425775
572591984
572758194
572924404
573090613
573256823
573423032
573589242
573755451
573921661
574087871
574254080
574420289
574597580
574763789
574929999
575096209
575262419
575428628
575594837
575761047
575927257
576093466
576259676
576425885
576592095
576758304
576924514
577090724
577256933
577423143
577589352
577755562
577921771
578087981
578254191
578420400
578597691
578763900
578930110
579096319
579262529
579428738
579594948
579761157
579927367
580093577
580259786
580425996
580592206
580758415
580924625
581090834
581257043
581423253
581589463
581755672
581921882
582088091
582254301
582420511
582597801
582764010
582930220
583096430
583262639
583428849
583595058
583761268
583927478
584093687
584259897
584426106
584592316
584758526
584924735
585090945
585257154
585423364
585589573
585755783
585921992
586088202
586254412
586420621
586597912
586764122
586930331
587096540
587262750
587428960
587595169
587761380
587927588
588093798
588260008
588426217
588592427
588758638
588924847
589091055
589257265
589423475
589589684
589755894
589922103
590088313
590254523
590420732
590598022
590764232
590930441
591096650
591262860
591429070
591595279
591761490
591927698
592093908
592260118
592426327
592592537
592758747
592924956
593091165
593257375
593423585
593589794
593756005
593922213
594088423
594254632
594420842
594598133
594764342
594930552
595096761
595262971
595429180
595595390
595761600
595927809
596094019
596260228
596426438
596592647
596758857
596925067
597091276
597257486
597423695
597589905
597756114
597922324
598088533
598254743
598420953
598587162
598764453
598930662
599096872
599263081
599429291
599595501
599761710
599927920
600094129
600260339
600426548
600592758
600758968
600925177
601091387
601257596
601423806
601590015
601756225
601922435
602088644
602254854
602421064
602587273
602764563
602930773
603096982
603263192
603429401
603595611
603761821
603928030
604094240
604260449
604426659
604592868
604759078
604925288
605091497
605257707
605423916
605590126
605756335
605922545
606088754
606254964
606421174
606587384
606764674
606930883
607097093
607263302
607429512
607595722
607761931
607928141
608094350
608260560
608426770
608592979
608759189
608925398
609091608
609257817
609424027
609590236
609756446
609922655
610088865
610255075
610421285
610587494
610764784
610930994
611097203
611263413
611429622
611595832
611762042
611928251
612094461
612260670
612426880
612593089
612759299
612925508
613091719
613257928
613424137
613590347
613756556
613922766
614088976
614255185
614421395
614587604
614764895
614931104
615097314
615263523
615429733
615595942
615762152
615928361
616094571
616260781
616426991
616593200
616759409
616925619
617091829
617258038
617424248
617590457
617756667
617922876
618089086
618255295
618421505
618587715
618765005
618931214
619097424
619263634
619429843
619596053
619762263
619928472
620094682
620260891
620427101
620593310
620759520
620925730
621091939
621258148
621424358
621590568
621756777
621922987
622089196
622255406
622421616
622587825
622754035
622931325
623097535
623263744
623429954
623596163
623762373
623928582
624094792
624261002
624427212
624593421
624759631
624925840
625092050
625258259
625424469
625590678
625756888
625923097
626089307
626255517
626421726
626587936
626754145
626931435
627097645
627263855
627430064
627596274
627762483
627928693
628094902
628261112
628427322
628593531
628759741
628925950
629092160
629258370
629424579
629590789
629756998
629923208
630089417
630255627
630421838
630588046
630754256
630931546
631097756
631263965
631430175
631596384
631762594
631928803
632095013
632261222
632427432
632593642
632759851
632926061
633092271
633258480
633424690
633590899
633757109
633923318
634089528
634255737
634421947
634588157
634754366
634931656
635097866
635264076
635430285
635596495
635762704
635928914
636095124
636261333
636427543
636593752
636759962
636926171
637092381
637258591
637424800
637591010
637757219
637923429
638089638
638255848
638422058
638588267
638754477
638931767
639097977
639264186
639430396
639596605
639762815
639929024
640095234
640261443
640427653
640593862
640760072
640926282
641092491
641258701
641424910
641591120
641757330
641923539
642089749
642255959
642422168
642588377
642754587
642931877
643098087
643264296
643430506
643596716
643762925
643929135
644095344
644261554
644427764
644593973
644760182
644926392
645092602
645258811
645425021
645591231
645757440
645923650
646089859
646256069
646422279
646588488
646754698
646931988
647098198
647264407
647430617
647596828
647763036
647929246
648095455
648261665
648427874
648594085
648760293
648926504
649092712
649258922
649425132
649591342
649757551
649923760
650089970
650256180
650422389
650588600
650754808
650921018
651098308
651264518
651430727
651596937
651763146
651929356
652095565
652261775
652427984
652594195
652760403
652926613
653092823
653259032
653425242
653591452
653757661
653923871
654090080
654256290
654422499
654588710
654754918
654921128
655098418
655264628
655430837
655597047
655763257
655929466
656095676
656261885
656428095
656594304
656760514
656926724
657092933
657259143
657425352
657591562
657757772
657923981
658090191
658256400
658422610
658588819
658755029
658921239
659098529
659264738
659430948
659597157
659763368
659929577
660095786
660261996
660428206
660594415
660760625
660926834
661093044
661259253
661425463
661591672
661757882
661924092
662090301
662256511
662422720
662588930
662755140
662921349
663098639
663264849
663431058
663597268
663763478
663929687
664095897
664262106
664428316
664594525
664760735
664926944
665093154
665259364
665425573
665591783
665757993
665924202
666090412
666256621
666422831
666589040
666755250
666921459
667098750
667264959
667431169
667597378
667763588
667929798
668096007
668262217
668428427
668594636
668760845
668927055
669093265
669259474
669425684
669591894
669758103
669924313
670090522
670256732
670422941
670589151
670755360
670921570
671098861
671265070
671431279
671597489
671763699
671929909
672096118
672262327
672428537
672594747
672760956
672927166
673093375
673259585
673425794
673592004
673758214
673924423
674090633
674256842
674423052
674589262
674755471
674921681
675098971
675265180
675431390
675597599
675763809
675930019
676096228
676262438
676428647
676594857
676761066
676927276
677093486
677259695
677425905
677592114
677758324
677924534
678090743
678256953
678423162
678589372
678755581
678921791
679088000
679265291
679431500
679597710
679763919
679930129
680096339
680262548
680428758
680594967
680761177
680927387
681093596
681259806
681426016
681592225
681758434
681924644
682090854
682257063
682423273
682589482
682755692
682921902
683088111
683265401
683431611
683597820
683764030
683930240
684096450
684262659
684428868
684595078
684761288
684927497
685093707
685259916
685426126
685592335
685758545
685924755
686090964
686257174
686423383
686589593
686755802
686922012
687088222
687265512
687431721
687597931
687764140
687930350
688096560
688262769
688428979
688595188
688761398
688927607
689093817
689260026
689426237
689592445
689758655
689924865
690091075
690257284
690423493
690589703
690755913
690922122
691088332
691265622
691431832
691598041
691764251
691930460
692096670
692262880
692429089
692595299
692761508
692927718
693093927
693260137
693426346
693592556
693758766
693924975
694091185
694257395
694423604
694589814
694756023
694922233
695088442
695265733
695431942
695598152
695764361
695930571
696096780
696262990
696429200
696595409
696761619
696927828
697094038
697260248
697426457
697592667
697758876
697925086
698091296
698257505
698423714
698589924
698756134
698922343
699088553
699265843
699432053
699598262
699764472
699930682
700096891
700263101
700429310
700595520
700761729
700927939
701094148
701260358
701426567
701592777
701758987
701925196
702091406
702257616
702423825
702590035
702756244
702922454
703088663
703265954
703432163
703598373
703764582
703930792
704097001
704263211
704429420
704595630
704761840
704928049
705094259
705260468
705426678
705592887
705759097
705925307
706091516
706257726
706423936
706590145
706756354
706922564
707088774
707254983
707432274
707598483
707764693
707930902
708097112
708263322
708429531
708595741
708761950
708928160
709094369
709260579
709426788
709592998
709759207
709925417
710091627
710257837
710424047
710590255
710756465
710922675
711088884
711255094
711432384
711598594
711764803
711931012
712097222
712263432
712429642
712595851
712762060
712928270
713094480
713260689
713426899
713593108
713759318
713925527
714091737
714257947
714424157
714590366
714756575
714922785
715088995
715255204
715432494
715598704
715764913
715931123
716097333
716263542
716429752
716595961
716762171
716928381
717094590
717260799
717427009
717593219
717759428
717925638
718091847
718258057
718424267
718590476
718756686
718922895
719089105
719255315
719432605
719598816
719765024
719931234
720097443
720263654
720429863
720596074
720762281
720928492
721094701
721260910
721427120
721593329
721759539
721925749
722091958
722258168
722424377
722590588
722756797
722923006
723089216
723255425
723432715
723598925
723765134
723931344
724097553
724263763
724429972
724596183
724762392
724928601
725094811
725261020
725427230
725593440
725759649
725925859
726092068
726258278
726424487
726590697
726756907
726923116
727089326
727255535
727432825
727599035
727765245
727931454
728097664
728263874
728430083
728596293
728762502
728928712
729094921
729261131
729427341
729593550
729759760
729925969
730092179
730258388
730424598
730590807
730757017
730923227
731089436
731255646
731432936
731599146
731765355
731931565
732097774
732263984
732430194
732596403
732762613
732928822
733095032
733261241
733427451
733593661
733759870
733926080
734092289
734258499
734424708
734590918
734757128
734923338
735089547
735255756
735421966
735599256
735765466
735931675
736097885
736264094
736430304
736596513
736762723
736928933
737095142
737261352
737427562
737593771
737759981
737926190
738092400
738258609
738424819
738591028
738757238
738923448
739089657
739255867
739422076
739599367
739765576
739931786
740097995
740264205
740430414
740596624
740762834
740929043
741095253
741261462
741427672
741593882
741760091
741926301
742092510
742258721
742424929
742591139
742757349
742923558
743089768
743255977
743422187
743599477
743765687
743931896
744098106
744264315
744430525
744596734
744762944
744929154
745095363
745261573
745427782
745593992
745760202
745926411
746092621
746258830
746425040
746591249
746757459
746923670
747089878
747256088
747422297
747599587
747765797
747932007
748098216
748264426
748430635
748596845
748763055
748929264
749095473
749261683
749427893
749594102
749760312
749926521
750092731
750258941
750425150
750591360
750757569
750923779
751089988
751256198
751422407
751599698
751765908
751932117
752098327
752264536
752430746
752596955
752763165
752929374
753095584
753261794
753428003
753594213
753760422
753926632
754092842
754259051
754425261
754591470
754757680
754923890
755090099
755256309
755422518
755599808
755766018
755932227
756098437
756264647
756430856
756597066
756763275
756929485
757095695
757261904
757428114
757594323
757760533
757926742
758092952
758259162
758425371
758591581
758757790
758924000
759090209
759256419
759422628
759588838
759766128
759932338
760098548
760264757
760430967
760597176
760763386
760929595
761095805
761262014
761428224
761594434
761760643
761926853
762093062
762259272
762425482
762591691
762757900
762924110
763090320
763256529
763422739
763588948
763766239
763932448
764098658
764264868
764431077
764597287
764763496
764929706
765095915
765262125
765428335
765594544
765760754
765926963
766093173
766259382
766425592
766591801
766758011
766924221
767090430
767256640
767422850
767589059
767766349
767932559
768098769
768264978
768431188
768597397
768763607
768929816
769096026
769262236
769428445
769594654
769760864
769927074
770093284
770259493
770425702
770591912
770758122
770924331
771090541
771256751
771422960
771589170
771766460
771932669
772098878
772265089
772431298
772597507
772763717
772929927
773096136
773262346
773428555
773594765
773760975
773927184
774093394
774259604
774425813
774592023
774758232
774924442
775090651
775256861
775423070
775589280
775766570
775932780
776098990
776265199
776431408
776597618
776763828
776930037
777096247
777262456
777428666
777594876
777761085
777927295
778093504
778259714
778425924
778592133
778758343
778924552
779090762
779256971
779423181
779589391
779766681
779932891
780099100
780265310
780431521
780597729
780763938
780930148
781096358
781262567
781428778
781594987
781761196
781927405
782093615
782259825
782426036
782592244
782758454
782924663
783090873
783257082
783423293
783589501
783766791
783933000
784099210
784265420
784431630
784597839
784764049
784930258
785096467
785262677
785428887
785595096
785761306
785927516
786093726
786259935
786426145
786592354
786758564
786924773
787090983
787257192
787423402
787589612
787755821
787933111
788099321
788265530
788431740
788597949
788764160
788930369
789096578
789262788
789428998
789595207
789761416
789927626
790093836
790260045
790426255
790592465
790758674
790924884
791091093
791257303
791423512
791589722
791755932
791933222
792099432
792265641
792431851
792598061
792764270
792930479
793096689
793262898
793429108
793595318
793761527
793927737
794093946
794260156
794426365
794592575
794758785
794924994
795091204
795257413
795423623
795589833
795756042
795933332
796099542
796265751
796431961
796598171
796764380
796930590
797096799
797263009
797429218
797595428
797761637
797927847
798094057
798260266
798426476
798592686
798758895
798925105
799091314
799257524
799423733
799589943
799756153
799933443
800099652
800265862
800432071
800598281
800764491
800930700
801096910
801263119
801429329
801595538
801761748
801927958
802094167
802260377
802426586
802592796
802759005
802925215
803091425
803257634
803423844
803590053
803756263
803933553
804099763
804265972
804432183
804598392
804764601
804930811
805097020
805263230
805429439
805595649
805761859
805928068
806094278
806260487
806426697
806592907
806759116
806925326
807091535
807257745
807423954
807590164
807756374
807933664
808099873
808266083
808432292
808598502
808764712
808930921
809097131
809263340
809429550
809595759
809761969
809928178
810094388
810260598
810426807
810593017
810759226
810925436
811091646
811257855
811424065
811590274
811756484
811933774
812099984
812266193
812432403
812598612
812764822
812931031
813097241
813263451
813429660
813595870
813762080
813928289
814094499
814260708
814426918
814593127
814759337
814925547
815091756
815257966
815424175
815590385
815756594
815922804
816100094
816266304
816432514
816598723
816764932
816931142
817097351
817263561
817429771
817595980
817762190
817928400
818094609
818260819
818427028
818593238
818759447
818925657
819091866
819258076
819424286
819590495
819756705
819922915
820100204
820266414
820432624
820598833
820765043
820931253
821097462
821263671
821429881
821596091
821762300
821928510
822094719
822260929
822427138
822593348
822759558
822925767
823091977
823258186
823424396
823590606
823756815
823923025
824100315
824266525
824432734
824598944
824765153
824931363
825097572
825263782
825429992
825596201
825762411
825928621
826094830
826261040
826427249
826593459
826759668
826925878
827092087
827258297
827424506
827590716
827756926
827923135
828100426
828266635
828432845
828599054
828765264
828931473
829097683
829263893
829430102
829596312
829762521
829928731
830094940
830261150
830427360
830593569
830759779
830925988
831092198
831258407
831424617
831590827
831757036
831923246
832100536
832266745
832432955
832599164
832765374
832931584
833097793
833264003
833430213
833596422
833762631
833928841
834095051
834261260
834427470
834593679
834759889
834926098
835092308
835258518
835424727
835590937
835757146
835923356
836100646
836266856
836433066
836599275
836765485
836931694
837097904
837264114
837430323
837596532
837762742
837928952
838095161
838261371
838427580
838593790
838759999
838926209
839092418
839258628
839424838
839591047
839757257
839923466
840100757
840266967
840433176
840599385
840765595
840931805
841098014
841264224
841430433
841596643
841762852
841929062
842095272
842261482
842427691
842593900
842760110
842926320
843092529
843258739
843424948
843591158
843757368
843923577
844089786
844267077
844433286
844599496
844765705
844931915
845098125
845264334
845430544
845596753
845762963
845929173
846095382
846261591
846427802
846594011
846760220
846926430
847092639
847258849
847425058
847591268
847757478
847923687
848089897
848267187
848433397
848599606
848765816
848932025
849098235
849264445
849430654
849596864
849763073
849929283
850095493
850261702
850427911
850594121
850760331
850926540
851092750
851258959
851425169
851591379
851757588
851923798
852090008
852267298
852433508
852599717
852765927
852932136
853098346
853264555
853430765
853596974
853763184
853929394
854095604
854261813
854428024
854594232
854760441
854926652
855092860
855259070
855425281
855591490
855757699
855923908
856090118
856267408
856433618
856599827
856766037
856932246
857098456
857264665
857430876
857597085
857763294
857929504
858095713
858261923
858428133
858594342
858760552
858926761
859092971
859259180
859425391
859591599
859757809
859924019
860090228
860267519
860433728
860599937
860766147
860932357
861098567
861264776
861430985
861597195
861763405
861929614
862095824
862262034
862428243
862594453
862760662
862926872
863093081
863259291
863425500
863591710
863757920
863924129
864090339
864267629
864433838
864600048
864766258
864932468
865098677
865264886
865431096
865597306
865763515
865929725
866095934
866262144
866428354
866594563
866760773
866926982
867093192
867259401
867425611
867591821
867758030
867924240
868090449
868267740
868433949
868600158
868766368
868932578
869098787
869264997
869431206
869597416
869763625
869929835
870096045
870262254
870428464
870594674
870760883
870927093
871093302
871259512
871425721
871591931
871758140
871924350
872090560
872256769
872434059
872600269
872766478
872932688
873098898
873265107
873431317
873597526
873763736
873929945
874096155
874262365
874428574
874594784
874760993
874927203
875093413
875259622
875425832
875592041
875758251
875924460
876090670
876256879
876434170
876600379
876766589
876932799
877099008
877265218
877431427
877597637
877763847
877930056
878096266
878262475
878428685
878594894
878761104
878927314
879093523
879259733
879425942
879592152
879758361
879924571
880090780
880256990
880434280
880600490
880766699
880932909
881099118
881265328
881431538
881597747
881763957
881930166
882096376
882262585
882428795
882595005
882761214
882927424
883093634
883259843
883426053
883592262
883758472
883924681
884090891
884257100
884434391
884600600
884766810
884933019
885099229
885265438
885431648
885597858
885764067
885930277
886096486
886262696
886428906
886595115
886761325
886927534
887093744
887259954
887426163
887592372
887758582
887924792
888091001
888257211
888434501
888600711
888766920
888933130
889099339
889265549
889431758
889597968
889764178
889930387
890096597
890262806
890429016
890595225
890761435
890927645
891093854
891260064
891426273
891592483
891758693
891924902
892091112
892257321
892434612
892600821
892767030
892933240
893099449
893265659
893431869
893598078
893764288
893930498
894096707
894262917
894429126
894595336
894761545
894927755
895093964
895260174
895426384
895592593
895758803
895925013
896091222
896257431
896423641
896600931
896767141
896933350
897099560
897265770
897431979
897598189
897764398
897930608
898096817
898263027
898429237
898595446
898761656
898927865
899094075
899260284
899426495
899592704
899758913
899925123
900091332
900257542
900423752
900601042
900767252
900933461
901099671
901265880
901432090
901598299
901764509
901930719
902096928
902263138
902429347
902595557
902761766
902927976
903094185
903260395
903426605
903592814
903759024
903925233
904091443
904257653
904423862
904601152
904767362
904933571
905099781
905265990
905432200
905598409
905764619
905930829
906097038
906263248
906429458
906595667
906761877
906928086
907094297
907260505
907426715
907592924
907759134
907925344
908091553
908257763
908423973
908601263
908767472
908933682
909099891
909266101
909432310
909598520
909764730
909930939
910097149
910263358
910429568
910595778
910761987
910928197
911094406
911260616
911426825
911593035
911759245
911925454
912091664
912257873
912424083
912601373
912767583
912933792
913100002
913266212
913432421
913598631
913764840
913931050
914097259
914263470
914429679
914595888
914762098
914928307
915094517
915260728
915426936
915593146
915759355
915925565
916091774
916257985
916424193
916601483
916767693
916933903
917100112
917266322
917432531
917598741
917764950
917931160
918097369
918263579
918429789
918595998
918762208
918928418
919094627
919260837
919427046
919593256
919759465
919925675
920091884
920258095
920424303
920601594
920767803
920934013
921100223
921266432
921432642
921598852
921765061
921931271
922097480
922263690
922429899
922596109
922762318
922928528
923094738
923260947
923427157
923593366
923759576
923925785
924091995
924258204
924424414
924590624
924767914
924934123
925100333
925266543
925432752
925598962
925765171
925931381
926097590
926263800
926430011
926596219
926762429
926928638
927094848
927261057
927427267
927593476
927759687
927925896
928092105
928258315
928424525
928590734
928768024
928934234
929100443
929266653
929432863
929599072
929765282
929931491
930097701
930263911
930430121
930596329
930762539
930928748
931094958
931261168
931427378
931593587
931759797
931926006
932092216
932258425
932424635
932590844
932768135
932934344
933100554
933266763
933432973
933599183
933765392
933931602
934097811
934264021
934430230
934596440
934762650
934928859
935095069
935261279
935427488
935593697
935759907
935926117
936092326
936258536
936424745
936590955
936768245
936934455
937100664
937266874
937433083
937599293
937765503
937931712
938097922
938264131
938430341
938596551
938762760
938928969
939095179
939261389
939427598
939593808
939760018
939926227
940092437
940258646
940424857
940591066
940768355
940934565
941100775
941266984
941433194
941599404
941765613
941931823
942098032
942264242
942430451
942596661
942762871
942929080
943095290
943261499
943427709
943593919
943760128
943926338
944092547
944258757
944424966
944591176
944768466
944934676
945100885
945267095
945433305
945599514
945765724
945931933
946098143
946264352
946430562
946596772
946762981
946929191
947095400
947261610
947427819
947594029
947760239
947926448
948092658
948258867
948425077
948591287
948768577
948934786
949100997
949267206
949433415
949599625
949765834
949932044
950098253
950264463
950430673
950596882
950763092
950929301
951095511
951261721
951427930
951594139
951760349
951926559
952092768
952258978
952425188
952591397
952757607
952934897
953101106
953267316
953433525
953599735
953765945
953932154
954098363
954264573
954430783
954596992
954763203
954929411
955095621
955261831
955428040
955594250
955760459
955926669
956092879
956259088
956425298
956591507
956757717
956935007
957101217
957267426
957433636
957599846
957766055
957932265
958098474
958264684
958430893
958597103
958763313
958929522
959095732
959261941
959428151
959594361
959760570
959926780
960092990
960259199
960425408
960591618
960757827
960935118
961101327
961267537
961433746
961599956
961766165
961932375
962098585
962264794
962431004
962597214
962763423
962929633
963095842
963262052
963428261
963594471
963760680
963926890
964093100
964259309
964425519
964591728
964757938
964935228
965101438
965267647
965433857
965600067
965766276
965932486
966098695
966264905
966431114
966597324
966763533
966929743
967095952
967262162
967428372
967594581
967760791
967927001
968093210
968259420
968425629
968591839
968758049
968935339
969101548
969267758
969433967
969600177
969766387
969932596
970098806
970265015
970431225
970597434
970763644
970929853
971096063
971262273
971428482
971594692
971760901
971927111
972093321
972259530
972425740
972591949
972758159
972935449
973101659
973267868
973434078
973600288
973766497
973932707
974098918
974265126
974431336
974597545
974763756
974929964
975096175
975262383
975428595
975594802
975761012
975927222
976093432
976259641
976425850
976592060
976758270
976935559
977101770
977267978
977434188
977600398
977766607
977932817
978099027
978265236
978431446
978597655
978763865
978930074
979096285
979262493
979428704
979594913
979761122
979927332
980093542
980259751
980425961
980592170
980758380
980924589
981101879
981268089
981434299
981600508
981766718
981932927
982099137
982265346
982431556
982597766
982763975
982930185
983096394
983262604
983428814
983595023
983761233
983927442
984093652
984259862
984426071
984592281
984758490
984924700
985101990
985268200
985434409
985600619
985766828
985933038
986099248
986265457
986431667
986597876
986764086
986930295
987096505
987262715
987428924
987595134
987761343
987927553
988093763
988259972
988426182
988592391
988758601
988924810
989102100
989268310
989434520
989600729
989766939
989933148
990099358
990265568
990431777
990597987
990764196
990930406
991096615
991262825
991429034
991595244
991761454
991927663
992093873
992260083
992426292
992592502
992758711
992924920
993102211
993268420
993434630
993600840
993767049
993933259
994099468
994265678
994431888
994598097
994764307
994930516
995096726
995262935
995429145
995595355
995761564
995927774
996093983
996260193
996426402
996592612
996758821
996925031
997102321
997268531
997434741
997600950
997767160
997933369
998099579
998265788
998431998
998598208
998764418
998930627
999096836
999263046
999429255
999595465
999761675
999927884
1000094094
1000260303
1000426513
1000592723
1000758932
1000925142
1001102432
1001268641
1001434851
1001601060
1001767270
1001933480
1002099689
1002265899
1002432108
1002598318
1002764527
1002930737
1003096947
1003263156
1003429366
1003595575
1003761785
1003927994
1004094204
1004260414
1004426623
1004592833
1004759042
1004925252
1005102542
1005268752
1005434962
1005601171
1005767381
1005933590
1006099800
1006266009
1006432219
1006598429
1006764638
1006930848
1007097057
1007263267
1007429477
1007595686
1007761896
1007928105
1008094315
1008260524
1008426734
1008592943
1008759153
1008925362
1009091572
1009268862
1009435072
1009601282
1009767491
1009933701
1010099911
1010266120
1010432329
1010598539
1010764749
1010930958
1011097168
1011263377
1011429587
1011595797
1011762006
1011928216
1012094425
1012260635
1012426844
1012593054
1012759263
1012925473
1013091682
1013268973
1013435182
1013601392
1013767601
1013933811
1014100021
1014266230
1014432440
1014598650
1014764859
1014931069
1015097278
1015263488
1015429697
1015595907
1015762116
1015928326
1016094535
1016260745
1016426954
1016593164
1016759374
1016925584
1017091793
1017269083
1017435293
1017601502
1017767712
1017933921
1018100131
1018266341
1018432550
1018598760
1018764969
1018931179
1019097388
1019263598
1019429808
1019596017
1019762227
1019928437
1020094646
1020260856
1020427065
1020593275
1020759484
1020925694
1021091903
1021269194
1021435403
1021601613
1021767823
1021934032
1022100242
1022266451
1022432661
1022598870
1022765080
1022931290
1023097499
1023263709
1023429918
1023596128
1023762337
1023928547
1024094756
1024260966
1024427176
1024593385
1024759595
1024925804
1025092014
1025269304
1025435514
1025601724
1025767933
1025934143
1026100352
1026266561
1026432771
1026598980
1026765190
1026931400
1027097609
1027263819
1027430029
1027596238
1027762448
1027928657
1028094867
1028261076
1028427286
1028593495
1028759705
1028925915
1029092124
1029269415
1029435624
1029601834
1029768043
1029934253
1030100462
1030266672
1030432882
1030599091
1030765301
1030931511
1031097720
1031263929
1031430140
1031596349
1031762558
1031928768
1032094977
1032261187
1032427396
1032593606
1032759816
1032926025
1033092235
1033258444
1033435735
1033601945
1033768154
1033934365
1034100573
1034266783
1034432992
1034599202
1034765411
1034931623
1035097831
1035264040
1035430250
1035596460
1035762669
1035928880
1036095088
1036261298
1036427508
1036593717
1036759927
1036926138
1037092345
1037258556
1037435845
1037602054
1037768264
1037934474
1038100683
1038266893
1038433102
1038599312
1038765522
1038931732
1039097941
1039264151
1039430360
1039596569
1039762779
1039928989
1040095198
1040261408
1040427617
1040593827
1040760037
1040926247
1041092456
1041258665
1041435956
1041602165
1041768375
1041934584
1042100794
1042267003
1042433213
1042599422
1042765632
1042931842
1043098051
1043264261
1043430470
1043596680
1043762889
1043929099
1044095309
1044261518
1044427728
1044593937
1044760147
1044926357
1045092566
1045258776
1045436067
1045602276
1045768485
1045934694
1046100904
1046267113
1046433323
1046599532
1046765742
1046931951
1047098161
1047264370
1047430580
1047596790
1047762999
1047929209
1048095419
1048261628
1048427837
1048594047
1048760257
1048926466
1049092676
1049258886
1049436176
1049602386
1049768595
1049934805
1050101015
1050267224
1050433434
1050599643
1050765853
1050932063
1051098272
1051264481
1051430691
1051596901
1051763111
1051929320
1052095530
1052261739
1052427949
1052594158
1052760367
1052926577
1053092787
1053258996
1053436287
1053602496
1053768706
1053934915
1054101126
1054267335
1054433544
1054599754
1054765964
1054932173
1055098382
1055264592
1055430802
1055597011
1055763221
1055929430
1056095640
1056261849
1056428059
1056594268
1056760478
1056926688
1057092897
1057259107
1057436397
1057602607
1057768816
1057935026
1058101235
1058267445
1058433655
1058599864
1058766074
1058932283
1059098493
1059264702
1059430912
1059597122
1059763331
1059929540
1060095750
1060261960
1060428169
1060594379
1060760588
1060926798
1061093008
1061259217
1061425427
1061602717
1061768926
1061935136
1062101346
1062267556
1062433765
1062599974
1062766185
1062932394
1063098603
1063264813
1063431022
1063597232
1063763441
1063929651
1064095860
1064262070
1064428280
1064594489
1064760699
1064926908
1065093118
1065259328
1065425537
1065602827
1065769037
1065935246
1066101456
1066267666
1066433875
1066600085
1066766294
1066932504
1067098713
1067264923
1067431133
1067597342
1067763552
1067929761
1068095971
1068262180
1068428390
1068594600
1068760809
1068927019
1069093228
1069259438
1069425648
1069602938
1069769147
1069935357
1070101566
1070267776
1070433986
1070600195
1070766405
1070932614
1071098824
1071265033
1071431243
1071597452
1071763662
1071929872
1072096081
1072262291
1072428501
1072594710
1072760920
1072927129
1073093339
1073259548
1073425758
1073603048
1073769257
1073935467
1074101677
1074267886
1074434096
1074600305
1074766515
1074932725
1075098934
1075265144
1075431353
1075597563
1075763772
1075929982
1076096192
1076262401
1076428611
1076594820
1076761030
1076927239
1077093449
1077259658
1077425868
1077603158
1077769368
1077935578
1078101787
1078267997
1078434206
1078600416
1078766626
1078932835
1079099045
1079265254
1079431464
1079597674
1079763883
1079930093
1080096302
1080262512
1080428721
1080594931
1080761140
1080927350
1081093560
1081259769
1081425979
1081603269
1081769478
1081935688
1082101898
1082268107
1082434317
1082600526
1082766736
1082932946
1083099155
1083265365
1083431574
1083597784
1083763993
1083930203
1084096413
1084262622
1084428832
1084595041
1084761251
1084927460
1085093670
1085259880
1085426089
1085603379
1085769589
1085935798
1086102008
1086268217
1086434427
1086600637
1086766846
1086933056
1087099265
1087265475
1087431684
1087597894
1087764104
1087930314
1088096523
1088262732
1088428942
1088595152
1088761361
1088927571
1089093780
1089259990
1089426199
1089592409
1089769699
1089935909
1090102119
1090268328
1090434538
1090600747
1090766957
1090933166
1091099376
1091265586
1091431795
1091598004
1091764214
1091930424
1092096633
1092262843
1092429053
1092595262
1092761472
1092927681
1093093891
1093260101
1093426310
1093592520
1093769811
1093936022
1094102229
1094268439
1094434648
1094600859
1094767069
1094933277
1095099487
1095265696
1095431906
1095598116
1095764327
1095930535
1096096744
1096262954
1096429163
1096595374
1096761584
1096927792
1097094001
1097260211
1097426421
1097592630
1097769920
1097936130
1098102339
1098268549
1098434758
1098600968
1098767178
1098933387
1099099597
1099265806
1099432016
1099598225
1099764436
1099930645
1100096854
1100263063
1100429273
1100595483
1100761693
1100927902
1101094112
1101260321
1101426531
1101592740
1101770031
1101936240
1102102450
1102268659
1102434869
1102601078
1102767288
1102933498
1103099707
1103265917
1103432126
1103598336
1103764546
1103930755
1104096965
1104263174
1104429384
1104595594
1104761803
1104928013
1105094222
1105260432
1105426641
1105592851
1105770142
1105936351
1106102560
1106268770
1106434979
1106601189
1106767399
1106933608
1107099818
1107266027
1107432237
1107598447
1107764656
1107930866
1108097075
1108263285
1108429494
1108595704
1108761913
1108928123
1109094333
1109260543
1109426752
1109592961
1109770252
1109936462
1110102671
1110268880
1110435090
1110601299
1110767509
1110933719
1111099928
1111266138
1111432347
1111598557
1111764766
1111930976
1112097186
1112263395
1112429605
1112595814
1112762024
1112928234
1113094443
1113260653
1113426862
1113593072
1113770363
1113936572
1114102781
1114268991
1114435200
1114601410
1114767620
1114933829
1115100039
1115266248
1115432458
1115598667
1115764877
1115931087
1116097296
1116263506
1116429715
1116595925
1116762134
1116928344
1117094554
1117260764
1117426973
1117593182
1117759392
1117936682
1118102892
1118269102
1118435311
1118601521
1118767730
1118933940
1119100149
1119266359
1119432569
1119598778
1119764988
1119931197
1120097407
1120263616
1120429826
1120596035
1120762245
1120928455
1121094664
1121260874
1121427083
1121593293
1121759502
1121936793
1122103003
1122269212
1122435421
1122601631
1122767841
1122934050
1123100260
1123266469
1123432679
1123598889
1123765098
1123931308
1124097518
1124263727
1124429936
1124596146
1124762356
1124928565
1125094775
1125260984
1125427194
1125593403
1125759613
1125936903
1126103113
1126269323
1126435532
1126601742
1126767951
1126934161
1127100370
1127266580
1127432790
1127598999
1127765209
1127931418
1128097628
1128263837
1128430047
1128596257
1128762466
1128928676
1129094885
1129261095
1129427304
1129593514
1129759723
1129937014
1130103223
1130269433
1130435642
1130601852
1130768062
1130934271
1131100481
1131266691
1131432900
1131599110
1131765319
1131931529
1132097738
1132263948
1132430158
1132596367
1132762577
1132928786
1133094996
1133261206
1133427415
1133593624
1133759834
1133937124
1134103334
1134269543
1134435753
1134601963
1134768172
1134934382
1135100591
1135266801
1135433010
1135599220
1135765429
1135931639
1136097849
1136264058
1136430268
1136596478
1136762687
1136928897
1137095106
1137261316
1137427525
1137593735
1137759944
1137937235
1138103444
1138269654
1138435864
1138602073
1138768283
1138934492
1139100702
1139266911
1139433121
1139599330
1139765540
1139931750
1140097959
1140264169
1140430378
1140596588
1140762798
1140929007
1141095217
1141261427
1141427636
1141593845
1141760055
1141926265
1142103555
1142269764
1142435974
1142602184
1142768393
1142934603
1143100812
1143267022
1143433232
1143599441
1143765651
1143931860
1144098070
1144264279
1144430489
1144596699
1144762908
1144929118
1145095327
1145261537
1145427747
1145593956
1145760166
1145926375
1146103665
1146269875
1146436084
1146602294
1146768503
1146934713
1147100923
1147267132
1147433342
1147599551
1147765761
1147931971
1148098180
1148264390
1148430599
1148596809
1148763018
1148929228
1149095438
1149261647
1149427857
1149594066
1149760276
1149926485
1150103776
1150269985
1150436195
1150602404
1150768614
1150934824
1151101033
1151267243
1151433452
1151599662
1151765871
1151932081
1152098291
1152264500
1152430710
1152596919
1152763129
1152929338
1153095548
1153261758
1153427967
1153594177
1153760386
1153926596
1154103886
1154270096
1154436305
1154602516
1154768725
1154934934
1155101144
1155267354
1155433564
1155599774
1155765982
1155932192
1156098402
1156264611
1156430820
1156597032
1156763240
1156929449
1157095659
1157261868
1157428078
1157594289
1157760497
1157926707
1158103996
1158270206
1158436416
1158602626
1158768835
1158935044
1159101254
1159267464
1159433673
1159599884
1159766092
1159932302
1160098511
1160264721
1160430930
1160597140
1160763349
1160929559
1161095769
1161261978
1161428188
1161594398
1161760607
1161926817
1162104107
1162270316
1162436526
1162602736
1162768945
1162935155
1163101364
1163267574
1163433784
1163599993
1163766203
1163932412
1164098622
1164264832
1164431041
1164597250
1164763460
1164929670
1165095879
1165262089
1165428299
1165594508
1165760718
1165926927
1166104218
1166270427
1166436637
1166602846
1166769056
1166935265
1167101475
1167267685
1167433894
1167600104
1167766313
1167932523
1168098732
1168264943
1168431152
1168597361
1168763571
1168929781
1169095990
1169262199
1169428409
1169594618
1169760828
1169927037
1170093247
1170270537
1170436747
1170602957
1170769166
1170935376
1171101585
1171267795
1171434005
1171600214
1171766424
1171932633
1172098843
1172265052
1172431262
1172597471
1172763681
1172929890
1173096100
1173262309
1173428518
1173594728
1173760937
1173927147
1174093357
1174270648
1174436857
1174603067
1174769277
1174935486
1175101696
1175267905
1175434115
1175600324
1175766534
1175932744
1176098953
1176265163
1176431372
1176597582
1176763791
1176930001
1177096210
1177262420
1177428630
1177594839
1177761049
1177927258
1178093468
1178270758
1178436968
1178603177
1178769387
1178935597
1179101806
1179268016
1179434225
1179600435
1179766645
1179932854
1180099063
1180265272
1180431482
1180597691
1180763901
1180930111
1181096320
1181262529
1181428739
1181594949
1181761158
1181927368
1182093577
1182270868
1182437077
1182603287
1182769496
1182935706
1183101915
1183268125
1183434334
1183600544
1183766754
1183932963
1184099174
1184265383
1184431593
1184597803
1184764012
1184930222
1185096431
1185262641
1185428850
1185595060
1185761269
1185927479
1186093688
1186270979
1186437188
1186603398
1186769607
1186935817
1187102027
1187268236
1187434446
1187600655
1187766865
1187933074
1188099284
1188265494
1188431703
1188597913
1188764122
1188930332
1189096541
1189262751
1189428960
1189595170
1189761380
1189927589
1190093799
1190271089
1190437298
1190603508
1190769718
1190935927
1191102138
1191268346
1191434556
1191600766
1191766975
1191933185
1192099394
1192265604
1192431813
1192598023
1192764233
1192930442
1193096652
1193262861
1193429071
1193595280
1193761490
1193927700
1194093909
1194271199
1194437409
1194603618
1194769828
1194936037
1195102247
1195268456
1195434666
1195600875
1195767085
1195933295
1196099504
1196265714
1196431924
1196598133
1196764343
1196930552
1197096762
1197262971
1197429181
1197595390
1197761600
1197927809
1198094019
1198260229
1198437519
1198603728
1198769939
1198936148
1199102357
1199268567
1199434776
1199600986
1199767196
1199933405
