44322
210532
376741
554032
720241
886451
1052661
1218870
1385080
1551289
1717498
1883708
2049918
2216127
2382337
2548546
2714756
2880965
3047175
3213385
3379594
3545804
3712013
3878223
4044432
4210642
4376851
4554142
4720351
4886561
5052771
5218981
5385190
5551400
5717610
5883819
6050028
6216238
6382448
6548657
6714867
6881076
7047286
7213495
7379705
7545915
7712124
7878334
8044543
8210753
8376963
8554253
8720462
8886671
9052881
9219091
9385300
9551510
9717719
9883929
10050139
10216348
10382558
10548767
10714977
10881186
11047396
11213606
11379815
11546025
11712234
11878444
12044654
12210863
12377072
12554363
12720572
12886782
13052991
13219201
13385410
13551620
13717830
13884039
14050249
14216458
14382668
14548877
14715087
14881296
15047506
15213716
15379925
15546135
15712344
15878554
16044764
16210973
16377182
16554473
16720682
16886892
17053101
17219311
17385520
17551730
17717939
17884149
18050359
18216569
18382778
18548988
18715197
18881407
19047616
19213826
19380035
19546245
19712454
19878664
20044874
20211083
20377293
20543502
20720792
20887002
21053211
21219421
21385631
21551840
21718050
21884259
22050469
22216679
22382888
22549098
22715307
22881517
23047726
23213936
23380145
23546355
23712565
23878774
24044984
24211194
24377403
24543613
24720903
24887112
25053322
25219531
25385741
25551951
25718160
25884370
26050579
26216789
26382998
26549208
26715418
26881627
27047837
27214046
27380256
27546465
27712675
27878884
28045094
28211304
28377513
28543723
28721013
28887222
29053432
29219641
29385851
29552060
29718271
29884480
30050689
30216899
30383108
30549318
30715528
30881737
31047947
31214156
31380366
31546575
31712785
31878994
32045204
32211414
32377623
32543833
32721123
32887333
33053542
33219752
33385961
33552171
33718381
33884590
34050800
34217009
34383219
34549428
34715638
34881848
35048057
35214267
35380476
35546686
35712895
35879105
36045315
36211524
36377734
36543943
36721234
36887443
37053653
37219862
37386072
37552281
37718491
37884700
38050910
38217120
38383329
38549539
38715748
38881958
39048168
39214377
39380587
39546796
39713006
39879215
40045425
40211634
40377844
40544054
40721344
40887553
41053763
41219973
41386182
41552392
41718601
41884811
42051020
42217230
42383440
42549649
42715859
42882068
43048278
43214487
43380697
43546906
43713116
43879326
44045535
44211745
44377954
44544164
44721454
44887664
45053874
45220083
45386293
45552503
45718713
45884922
46051131
46217341
46383550
46549760
46715970
46882179
47048389
47214598
47380808
47547018
47713227
47879436
48045646
48211856
48378065
48544276
48710484
48887774
49053984
49220193
49386403
49552613
49718822
49885031
50051241
50217451
50383661
50549870
50716079
50882289
51048499
51214708
51380918
51547128
51713337
51879546
52045756
52211965
52378175
52544385
52710594
52887884
53054094
53220303
53386513
53552722
53718932
53885142
54051352
54217561
54383771
54549980
54716189
54882399
55048609
55214818
55381028
55547237
55713447
55879657
56045866
56212076
56378286
56544495
56710705
56887995
57054205
57220414
57386623
57552833
57719043
57885252
58051462
58217671
58383881
58550090
58716300
58882510
59048719
59214929
59381138
59547348
59713558
59879767
60045977
60212186
60378396
60544606
60710815
60888105
61054315
61220524
61386734
61552943
61719153
61885363
62051572
62217782
62383991
62550201
62716411
62882620
63048830
63215039
63381249
63547458
63713668
63879878
64046087
64212296
64378506
64544716
64710926
64888215
65054425
65220635
65386844
65553054
65719263
65885473
66051683
66217892
66384102
66550311
66716521
66882730
67048940
67215150
67381359
67547569
67713778
67879988
68046197
68212407
68378616
68544826
68711036
68888326
69054536
69220745
69386954
69553164
69719374
69885584
70051793
70218003
70384212
70550422
70716631
70882841
71049050
71215260
71381469
71547679
71713889
71880098
72046308
72212517
72378727
72544937
72711147
72888436
73054646
73220856
73387065
73553275
73719484
73885694
74051903
74218113
74384322
74550532
74716742
74882951
75049161
75215370
75381581
75547789
75713999
75880208
76046418
76212628
76378837
76545047
76711256
76877466
77054756
77220966
77387175
77553385
77719594
77885804
78052014
78218223
78384432
78550642
78716852
78883061
79049271
79215480
79381690
79547900
79714109
79880319
80046529
80212738
80378947
80545157
80711367
80877576
81054867
81221076
81387286
81553495
81719705
81885914
82052124
82218333
82384543
82550753
82716962
82883172
83049381
83215591
83381800
83548010
83714220
83880429
84046639
84212848
84379058
84545268
84711477
84877687
85054977
85221187
85387396
85553605
85719815
85886025
86052234
86218444
86384653
86550863
86717073
86883282
87049492
87215701
87381911
87548121
87714330
87880540
88046749
88212959
88379168
88545378
88711587
88877797
89055087
89221297
89387506
89553716
89719925
89886135
90052345
90218554
90384764
90550974
90717183
90883392
91049602
91215812
91382021
91548231
91714440
91880650
92046859
92213069
92379278
92545488
92711697
92877907
93055197
93221407
93387617
93553826
93720036
93886246
94052455
94218665
94384874
94551084
94717293
94883503
95049712
95215922
95382131
95548341
95714551
95880760
96046970
96213180
96379389
96545598
96711808
96878018
97055308
97221518
97387727
97553937
97720146
97886356
98052565
98218775
98384984
98551194
98717404
98883613
99049823
99216033
99382242
99548452
99714661
99880871
100047080
100213290
100379499
100545709
100711918
100878128
101055418
101221628
101387837
101554047
101720257
101886466
102052675
102218885
102385095
102551304
102717514
102883723
103049933
103216143
103382352
103548562
103714772
103880981
104047190
104213400
104379610
104545819
104712029
104878238
105044448
105221739
105387949
105554158
105720367
105886577
106052786
106218996
106385206
106551415
106717625
106883834
107050044
107216254
107382464
107548672
107714882
107881092
108047301
108213511
108379721
108545930
108712140
108878349
109044559
109221848
109388058
109554268
109720477
109886687
110052896
110219106
110385316
110551525
110717735
110883944
111050154
111216363
111382573
111548782
111714992
111881202
112047411
112213621
112379831
112546040
112712249
112878460
113044669
113221959
113388169
113554378
113720587
113886797
114053007
114219217
114385426
114551635
114717845
114884055
115050264
115216474
115382683
115548893
115715102
115881312
116047521
116213731
116379941
116546150
116712360
116878570
117044779
117222069
117388279
117554488
117720698
117886908
118053117
118219327
118385536
118551746
118717955
118884165
119050375
119216584
119382794
119549004
119715213
119881423
120047632
120213841
120380051
120546261
120712470
120878680
121044889
121222180
121388389
121554599
121720808
121887018
122053227
122219437
122385647
122551856
122718066
122884275
123050485
123216694
123382904
123549114
123715323
123881533
124047742
124213952
124380161
124546371
124712581
124878790
125045000
125222290
125388499
125554709
125720918
125887128
126053338
126219547
126385757
126551966
126718176
126884385
127050595
127216804
127383014
127549224
127715433
127881643
128047853
128214062
128380272
128546481
128712691
128878900
129045110
129222400
129388610
129554819
129721029
129887238
130053448
130219658
130385868
130552077
130718286
130884496
131050705
131216915
131383124
131549334
131715544
131881753
132047963
132214172
132380382
132546592
132712801
132879011
133045220
133211430
133388720
133554930
133721139
133887349
134053558
134219768
134385978
134552187
134718397
134884606
135050816
135217025
135383235
135549445
135715654
135881864
136048073
136214283
136380492
136546702
136712912
136879121
137045331
137211540
137388830
137555040
137721249
137887459
138053669
138219878
138386088
138552297
138718507
138884717
139050926
139217136
139383345
139549555
139715764
139881974
140048183
140214393
140380603
140546812
140713022
140879231
141045441
141211651
141388941
141555150
141721360
141887570
142053779
142219988
142386198
142552408
142718617
142884827
143051037
143217246
143383456
143549665
143715875
143882084
144048294
144214504
144380713
144546922
144713132
144879342
145045551
145211761
145389051
145555261
145721470
145887680
146053889
146220099
146386309
146552518
146718728
146884937
147051147
147217356
147383566
147549775
147715985
147882195
148048404
148214614
148380823
148547033
148713242
148879452
149045662
149211871
149389161
149555371
149721580
149887790
150053999
150220209
150386419
150552628
150718838
150885047
151051257
151217467
151383676
151549886
151716096
151882305
152048514
152214724
152380934
152547143
152713353
152879562
153045772
153211981
153389272
153555481
153721691
153887900
154054110
154220320
154386529
154552739
154718948
154885158
155051367
155217577
155383787
155549996
155716206
155882415
156048625
156214835
156381044
156547254
156713463
156879673
157045882
157212092
157378301
157555592
157721801
157888011
158054220
158220430
158386639
158552849
158719059
158885269
159051478
159217687
159383897
159550107
159716316
159882526
160048735
160214945
160381154
160547364
160713573
160879783
161045993
161212202
161378412
161555702
161721911
161888121
162054330
162220540
162386750
162552959
162719169
162885379
163051588
163217798
163384007
163550217
163716426
163882636
164048845
164215055
164381265
164547474
164713683
164879893
165046103
165212312
165378522
165555813
165722022
165888234
166054441
166220652
166386861
166553070
166719279
166885489
167051699
167217909
167384118
167550327
167716537
167882747
168048957
168215167
168381375
168547585
168713795
168880004
169046214
169212424
169378633
169555923
169722132
169888342
170054551
170220761
170386970
170553180
170719390
170885599
171051809
171218019
171384228
171550437
171716647
171882856
172049066
172215276
172381485
172547695
172713904
172880114
173046324
173212533
173378743
173556033
173722242
173888452
174054661
174220871
174387080
174553290
174719500
174885709
175051919
175218128
175384338
175550548
175716757
175882967
176049177
176215386
176381596
176547805
176714015
176880224
177046434
177212643
177378853
177556143
177722353
177888562
178054772
178220982
178387191
178553401
178719610
178885820
179052029
179218239
179384449
179550658
179716868
179883078
180049287
180215496
180381706
180547915
180714125
180880335
181046544
181212754
181378964
181556254
181722463
181888673
182054882
182221092
182387301
182553511
182719721
182885930
183052140
183218349
183384559
183550768
183716978
183883187
184049397
184215607
184381816
184548026
184714236
184880445
185046654
185212864
185379074
185545284
185722573
185888783
186054993
186221202
186387412
186553621
186719831
186886040
187052250
187218460
187384669
187550879
187717088
187883298
188049507
188215717
188381926
188548136
188714345
188880555
189046765
189212974
189379184
189545393
189722684
189888893
190055103
190221313
190387522
190553732
190719941
190886151
191052361
191218570
191384780
191550989
191717199
191883408
192049618
192215828
192382037
192548247
192714456
192880666
193046876
193213085
193379294
193545504
193722794
193889004
194055213
194221423
194387633
194553842
194720052
194886261
195052471
195218680
195384890
195551100
195717309
195883519
196049728
196215938
196382147
196548357
196714566
196880776
197046986
197213195
197379405
197545614
197722905
197889114
198055324
198221533
198387743
198553952
198720162
198886371
199052581
199218791
199385000
199551210
199717419
199883629
200049838
200216048
200382258
200548467
200714677
200880886
201047096
201213305
201379515
201545725
201723015
201889224
202055434
202221643
202387853
202554063
202720273
202886482
203052691
203218901
203385111
203551320
203717530
203883739
204049949
204216159
204382368
204548578
204714787
204880997
205047206
205213416
205379625
205545835
205723125
205889335
206055544
206221754
206387963
206554173
206720383
206886592
207052802
207219011
207385221
207551430
207717640
207883850
208050059
208216269
208382479
208548688
208714898
208881107
209047317
209213526
209379736
209545945
209723235
209889445
210055655
210221864
210388074
210554283
210720493
210886703
211052912
211219122
211385331
211551541
211717750
211883960
212050169
212216379
212382588
212548798
212715008
212881217
213047427
213213636
213379847
213546056
213712265
213889555
214055765
214221974
214388184
214554394
214720603
214886813
215053022
215219232
215385442
215551651
215717861
215884071
216050280
216216490
216382699
216548908
216715118
216881328
217047537
217213747
217379956
217546166
217712376
217889666
218055875
218222085
218388295
218554504
218720714
218886923
219053133
219219342
219385552
219551762
219717971
219884180
220050390
220216600
220382808
220549019
220715228
220881438
221047648
221213857
221380067
221546276
221712486
221889776
222055986
222222195
222388405
222554614
222720824
222887033
223053243
223219452
223385662
223551872
223718081
223884291
224050501
224216710
224382919
224549129
224715339
224881548
225047758
225213967
225380177
225546386
225712596
225889887
226056097
226222306
226388515
226554725
226720934
226887144
227053355
227219563
227385773
227551982
227718192
227884401
228050612
228216821
228383030
228549240
228715450
228881659
229047869
229214078
229380289
229546497
229712707
229889997
230056207
230222416
230388625
230554835
230721044
230887254
231053464
231219673
231385883
231552092
231718302
231884512
232050721
232216930
232383140
232549350
232715559
232881769
233047979
233214188
233380398
233546608
233712817
233890107
234056316
234222526
234388736
234554945
234721155
234887364
235053574
235219783
235385993
235552203
235718412
235884622
236050831
236217041
236383251
236549460
236715670
236881879
237048089
237214298
237380508
237546717
237712927
237890217
238056427
238222636
238388846
238555055
238721265
238887475
239053684
239219894
239386103
239552313
239718522
239884732
240050942
240217151
240383361
240549570
240715780
240881990
241048199
241214409
241380618
241546828
241713037
241879247
242056537
242222747
242388956
242555166
242721376
242887585
243053795
243220004
243386214
243552423
243718633
243884843
244051052
244217262
244383471
244549681
244715890
244882100
245048310
245214519
245380729
245546938
245713148
245879357
246056647
246222857
246389067
246555276
246721486
246887695
247053905
247220114
247386324
247552533
247718743
247884953
248051162
248217372
248383582
248549791
248716001
248882210
249048420
249214629
249380839
249547048
249713258
249879468
250056758
250222967
250389178
250555387
250721596
250887806
251054015
251220225
251386435
251552644
251718854
251885063
252051273
252217482
252383692
252549902
252716111
252882321
253048530
253214740
253380949
253547159
253713369
253879578
254056868
254223078
254389287
254555497
254721707
254887916
255054126
255220336
255386545
255552754
255718964
255885173
256051383
256217593
256383802
256550012
256716222
256882431
257048640
257214850
257381060
257547269
257713479
257879688
258056979
258223188
258389398
258555607
258721817
258888027
259054236
259220445
259386655
259552865
259719074
259885284
260051493
260217703
260383912
260550122
260716332
260882541
261048751
261214960
261381170
261547380
261713589
261879799
262057089
262223299
262389508
262555718
262721927
262888137
263054346
263220556
263386765
263552975
263719185
263885394
264051604
264217812
264384023
264550232
264716441
264882651
265048861
265215071
265381280
265547490
265713700
265879909
266057199
266223409
266389619
266555828
266722037
266888247
267054457
267220666
267386876
267553086
267719295
267885505
268051714
268217924
268384133
268550343
268716552
268882762
269048972
269215182
269381391
269547601
269713810
269880019
270046229
270223519
270389729
270555938
270722148
270888357
271054567
271220777
271386986
271553196
271719405
271885615
272051824
272218034
272384243
272550453
272716663
272882872
273049082
273215291
273381501
273547710
273713920
273880130
274046340
274223630
274389839
274556049
274722258
274888468
275054677
275220887
275387097
275553306
275719516
275885725
276051935
276218144
276384354
276550564
276716773
276882983
277049192
277215402
277381611
277547821
277714031
277880240
278046450
278223740
278389949
278556159
278722369
278888578
279054788
279220997
279387207
279553416
279719626
279885836
280052045
280218255
280384465
280550674
280716883
280883093
281049302
281215512
281381722
281547931
281714141
281880351
282046560
282223850
282390059
282556269
282722479
282888689
283054898
283221108
283387317
283553526
283719736
283885946
284052155
284218365
284384574
284550784
284716994
284883203
285049413
285215622
285381832
285548042
285714251
285880461
286046670
286223961
286390170
286556380
286722590
286888800
287055008
287221218
287387428
287553637
287719847
287886057
288052266
288218475
288384685
288550895
288717104
288883315
289049523
289215733
289381942
289548153
289714362
289880572
290046781
290224071
290390280
290556490
290722699
290888909
291055119
291221328
291387538
291553747
291719957
291886167
292052376
292218586
292384796
292551005
292717214
292883424
293049633
293215843
293382053
293548262
293714472
293880683
294046891
294213100
294390391
294556600
294722810
294889019
295055229
295221438
295387648
295553857
295720067
295886277
296052486
296218696
296384906
296551115
296717325
296883534
297049744
297215953
297382163
297548373
297714582
297880791
298047001
298213211
298390501
298556711
298722920
298889130
299055339
299221549
299387758
299553968
299720177
299886387
300052597
300218806
300385016
300551225
300717435
300883644
301049854
301216064
301382273
301548483
301714692
301880902
302047112
302213321
302390611
302556821
302723030
302889240
303055450
303221659
303387869
303554078
303720288
303886497
304052707
304218916
304385126
304551336
304717545
304883755
305049965
305216174
305382384
305548593
305714803
305881012
306047222
306213431
306390721
306556931
306723141
306889350
307055560
307221769
307387979
307554188
307720398
307886608
308052817
308219027
308385237
308551446
308717655
308883865
309050074
309216284
309382494
309548704
309714913
309881122
310047332
310213542
310390832
310557041
310723251
310889461
311055670
311221880
311388089
311554299
311720508
311886718
312052928
312219137
312385347
312551557
312717766
312883975
313050185
313216395
313382604
313548814
313715023
313881233
314047442
314213652
314390942
314557152
314723361
314889571
315055781
315221990
315388200
315554409
315720619
315886828
316053038
316219248
316385457
316551666
316717876
316884086
317050295
317216505
317382715
317548924
317715133
317881343
318047553
318213763
318391052
318557262
318723472
318889681
319055891
319222100
319388310
319554519
319720729
319886939
320053148
320219358
320385567
320551777
320717987
320884196
321050405
321216615
321382825
321549034
321715244
321881453
322047663
322213873
322380082
322557373
322723582
322889791
323056001
323222211
323388420
323554630
323720839
323887049
324053258
324219468
324385678
324551887
324718097
324884306
325050516
325216726
325382935
325549145
325715354
325881564
326047773
326213983
326380193
326557483
326723692
326889902
327056111
327222321
327388531
327554740
327720950
327887159
328053369
328219578
328385788
328551998
328718207
328884417
329050626
329216836
329383046
329549255
329715465
329881674
330047884
330214093
330380303
330557593
330723802
330890012
331056222
331222431
331388641
331554850
331721060
331887270
332053479
332219689
332385898
332552108
332718317
332884527
333050736
333216946
333383156
333549365
333715575
333881784
334047994
334214203
334380413
334557704
334723913
334890122
335056332
335222542
335388751
335554961
335721170
335887380
336053590
336219799
336386009
336552218
336718428
336884637
337050847
337217057
337383266
337549476
337715685
337881895
338048104
338214314
338380523
338557814
338724023
338890233
339056443
339222652
339388862
339555071
339721281
339887490
340053700
340219909
340386119
340552329
340718538
340884748
341050957
341217167
341383376
341549586
341715796
341882005
342048215
342214424
342380634
342557924
342724133
342890343
343056553
343222762
343388972
343555181
343721391
343887600
344053810
344220020
344386229
344552439
344718648
344884858
345051068
345217277
345383487
345549696
345715906
345882116
346048325
346214534
346380744
346558035
346724246
346890453
347056663
347222873
347389082
347555292
347721503
347887711
348053921
348220130
348386340
348552550
348718760
348884969
349051178
349217388
349383597
349549807
349716017
349882228
350048436
350214645
350380855
350547065
350724355
350890564
351056773
351222983
351389192
351555402
351721612
351887821
352054031
352220241
352386450
352552659
352718869
352885079
353051288
353217498
353383707
353549917
353716127
353882336
354048546
354214755
354380965
354547175
354724464
354890674
355056884
355223093
355389303
355555513
355721722
355887932
356054141
356220351
356386560
356552770
356718979
356885189
357051399
357217608
357383818
357550027
357716237
357882446
358048656
358214865
358381075
358547285
358724575
358890785
359056994
359223204
359389413
359555623
359721832
359888042
360054252
360220461
360386671
360552880
360719090
360885300
361051509
361217719
361383928
361550138
361716347
361882557
362048766
362214976
362381185
362547395
362724686
362890895
363057105
363223314
363389524
363555733
363721943
363888152
364054362
364220571
364386781
364552991
364719200
364885410
365051619
365217829
365384038
365550248
365716458
365882667
366048877
366215086
366381296
366547505
366724796
366891005
367057215
367223424
367389634
367555844
367722053
367888263
368054472
368220682
368386891
368553101
368719311
368885520
369051729
369217939
369384149
369550358
369716568
369882777
370048987
370215196
370381406
370547616
370724906
370891116
371057325
371223534
371389744
371555954
371722163
371888373
372054583
372220792
372387002
372553211
372719421
372885630
373051840
373218050
373384259
373550469
373716679
373882888
374049097
374215307
374381517
374547726
374725016
374891226
375057436
375223645
375389855
375556064
375722274
375888483
376054693
376220902
376387112
376553322
376719531
376885741
377051950
377218160
377384369
377550579
377716789
377882998
378049208
378215417
378381627
378547836
378714046
378891336
379057546
379223755
379389965
379556174
379722384
379888594
380054803
380221013
380387222
380553432
380719641
380885851
381052060
381218270
381384480
381550689
381716899
381883109
382049318
382215527
382381737
382547947
382714156
382891446
383057656
383223866
383390075
383556285
383722494
383888704
384054914
384221123
384387333
384553542
384719752
384885961
385052171
385218381
385384590
385550800
385717009
385883219
386049428
386215638
386381847
386548057
386714267
386891557
387057766
387223976
387390185
387556395
387722605
387888814
388055024
388221233
388387443
388553653
388719862
388886072
389052282
389218491
389384700
389550910
389717120
389883329
390049539
390215748
390381958
390548167
390714377
390891667
391057877
391224086
391390296
391556505
391722715
391888924
392055134
392221344
392387553
392553763
392719972
392886182
393052392
393218601
393384811
393551020
393717230
393883439
394049649
394215858
394382068
394548278
394714487
394891778
395057987
395224197
395390406
395556616
395722826
395889035
396055244
396221454
396387665
396553873
396720083
396886292
397052502
397218712
397384921
397551131
397717342
397883550
398049759
398215969
398382179
398548388
398714598
398891888
399058097
399224307
399390517
399556726
399722936
399889145
400055355
400221565
400387774
400553984
400720193
400886403
401052612
401218822
401385031
401551241
401717451
401883660
402049870
402216079
402382289
402548499
402714708
402891998
403058209
403224417
403390627
403556837
403723046
403889256
404055465
404221675
404387884
404554094
404720303
404886513
405052722
405218932
405385142
405551351
405717561
405883770
406049980
406216190
406382399
406548609
406714818
406881028
407058319
407224528
407390738
407556948
407723157
407889366
408055576
408221785
408387995
408554205
408720415
408886624
409052833
409219043
409385253
409551462
409717671
409883881
410050092
410216300
410382510
410548720
410714929
410881139
411058428
411224638
411390848
411557058
411723267
411889476
412055686
412221895
412388105
412554315
412720524
412886734
413052943
413219153
413385363
413551572
413717781
413883991
414050201
414216410
414382620
414548830
414715039
414881249
415058539
415224748
415390958
415557167
415723377
415889587
416055796
416222006
416388215
416554425
416720635
416886844
417053054
417219263
417385473
417551682
417717892
417884101
418050311
418216520
418382730
418548940
418715149
418881359
419058649
419224859
419391068
419557278
419723488
419889697
420055907
420222116
420388326
420554535
420720745
420886955
421053164
421219374
421385583
421551793
421718002
421884212
422050421
422216631
422382840
422549050
422715260
422881470
423058760
423224969
423391179
423557388
423723598
423889807
424056017
424222227
424388436
424554646
424720856
424887065
425053275
425219484
425385694
425551903
425718112
425884322
426050532
426216741
426382951
426549161
426715370
426881580
427058870
427225079
427391289
427557498
427723708
427889918
428056127
428222337
428388546
428554756
428720966
428887175
429053385
429219594
429385804
429552013
429718223
429884433
430050642
430216852
430383061
430549271
430715480
430881690
431047899
431225190
431391400
431557609
431723819
431890028
432056238
432222447
432388657
432554866
432721076
432887286
433053495
433219704
433385914
433552124
433718333
433884543
434050753
434216962
434383171
434549381
434715591
434881802
435048010
435225300
435391510
435557719
435723929
435890139
436056348
436222558
436388767
436554977
436721186
436887396
437053605
437219815
437386024
437552234
437718444
437884654
438050863
438217072
438383282
438549492
438715701
438881911
439048120
439225410
439391620
439557829
439724039
439890249
440056458
440222668
440388878
440555087
440721296
440887506
441053716
441219925
441386135
441552344
441718554
441884763
442050973
442217183
442383392
442549602
442715811
442882021
443048231
443225521
443391731
443557940
443724149
443890359
444056569
444222778
444388988
444555197
444721407
444887616
445053826
445220036
445386245
445552455
445718664
445884874
446051084
446217293
446383503
446549712
446715922
446882132
447048341
447225631
447391841
447558050
447724260
447890469
448056679
448222889
448389098
448555308
448721518
448887727
449053936
449220146
449386356
449552565
449718775
449884984
450051194
450217403
450383613
450549823
450716032
450882242
451048452
451225741
451391951
451558161
451724370
451890580
452056789
452222999
452389208
452555418
452721627
452887837
453054046
453220256
453386466
453552675
453718885
453885094
454051304
454217514
454383723
454549933
454716142
454882352
455048561
455225852
455392062
455558271
455724480
455890690
456056900
456223109
456389319
456555528
456721738
456887947
457054157
457220367
457386576
457552786
457718995
457885205
458051414
458217624
458383834
458550043
458716253
458882462
459048672
459214881
459392172
459558381
459724591
459890800
460057010
460223220
460389429
460555638
460721848
460888058
461054267
461220477
461386686
461552896
461719106
461885315
462051525
462217734
462383944
462550153
462716363
462882573
463048782
463214992
463392282
463558491
463724701
463890910
464057120
464223330
464389539
464555749
464721959
464888168
465054378
465220587
465386797
465553006
465719216
465885425
466051635
466217844
466384054
466550263
466716473
466882683
467048892
467215102
467392393
467558602
467724812
467891021
468057231
468223440
468389651
468555859
468722069
468888279
469054488
469220698
469386908
469553118
469719327
469885536
470051746
470217955
470384165
470550374
470716584
470882795
471049003
471215213
471392503
471558712
471724922
471891131
472057341
472223550
472389760
472555969
472722179
472888389
473054598
473220808
473387018
473553227
473719437
473885646
474051856
474218066
474384275
474550484
474716694
474882903
475049113
475215323
475392613
475558822
475725032
475891241
476057451
476223661
476389870
476556080
476722289
476888499
477054708
477220918
477387127
477553337
477719547
477885756
478051966
478218176
478384385
478550595
478716804
478883014
479049223
479215433
479392724
479558933
479725142
479891352
480057562
480223771
480389980
480556190
480722400
480888609
481054819
481221028
481387238
481553448
481719657
481885867
482052076
482218286
482384495
482550705
482716915
482883125
483049334
483215543
483392834
483559043
483725253
483891462
484057672
484223881
484390091
484556300
484722510
484888720
485054929
485221139
485387348
485553558
485719768
485885977
486052187
486218396
486384606
486550815
486717025
486883235
487049444
487215654
487381863
487559153
487725363
487891572
488057782
488223992
488390201
488556411
488722620
488888830
489055040
489221249
489387458
489553668
489719878
489886087
490052297
490218507
490384716
490550925
490717135
490883345
491049554
491215764
491381973
491559264
491725473
491891683
492057892
492224102
492390311
492556521
492722731
492888941
493055150
493221359
493387569
493553779
493719988
493886198
494052407
494218617
494384827
494551036
494717246
494883455
495049664
495215874
495382084
495559374
495725584
495891793
496058003
496224212
496390422
496556631
496722841
496889051
497055260
497221470
497387679
497553889
497720098
497886308
498052517
498218727
498384937
498551146
498717356
498883565
499049775
499215985
499382194
499559484
499725694
499891903
500058113
500224323
500390532
500556741
500722951
500889161
501055370
501221580
501387789
501553999
501720209
501886418
502052628
502218837
502385047
502551256
502717466
502883676
503049885
503216095
503382304
503559594
503725804
503892014
504058223
504224433
504390642
504556852
504723061
504889271
505055481
505221690
505387900
505554109
505720319
505886530
506052738
506218948
506385157
506551367
506717576
506883786
507049995
507216205
507382415
507559705
507725915
507892124
508058334
508224543
508390753
508556962
508723172
508889381
509055591
509221801
509388010
509554220
509720429
509886639
510052848
510219058
510385267
510551477
510717687
510883896
511050106
511216316
511382525
511559815
511726025
511892234
512058444
512224653
512390863
512557072
512723282
512889492
513055701
513221911
513388120
513554330
513720539
513886749
514052959
514219168
514385378
514551587
514717797
514884006
515050216
515216426
515382635
515548845
515726135
515892345
516058554
516224764
516390973
516557183
516723392
516889602
517055812
517222021
517388231
517554440
517720650
517886860
518053069
518219279
518385488
518551698
518717907
518884117
519050326
519216536
519382746
519548955
519726245
519892455
520058665
520224874
520391083
520557293
520723503
520889712
521055922
521222131
521388341
521554550
521720760
521886970
522053179
522219389
522385598
522551808
522718018
522884227
523050437
523216646
523382856
523549065
523726355
523892565
524058775
524224984
524391194
524557404
524723613
524889823
525056032
525222242
525388451
525554661
525720870
525887080
526053289
526219499
526385708
526551918
526718128
526884337
527050547
527216757
527382966
527549176
527726466
527892676
528058885
528225096
528391304
528557516
528723724
528889933
529056143
529222353
529388562
529554771
529720981
529887190
530053400
530219611
530385819
530552029
530718238
530884448
531050657
531216869
531383077
531549286
531726576
531892786
532058995
532225205
532391414
532557624
532723834
532890043
533056253
533222462
533388672
533554881
533721091
533887301
534053510
534219720
534385929
534552139
534718348
534884558
535050768
535216978
535383187
535549396
535726687
535892896
536059105
536225315
536391525
536557734
536723944
536890153
537056363
537222572
537388782
537554992
537721202
537887411
538053620
538219830
538386040
538552249
538718459
538884668
539050878
539217088
539383297
539549507
539715716
539893007
540059216
540225425
540391635
540557845
540724054
540890264
541056473
541222683
541388893
541555102
541721312
541887521
542053731
542219940
542386150
542552359
542718569
542884779
543050988
543217198
543383407
543549617
543715827
543893117
544059326
544225536
544391746
544557955
544724165
544890374
545056584
545222793
545389003
545555213
545721422
545887632
546053841
546220051
546386260
546552470
546718680
546884889
547051099
547217308
547383518
547549727
547715937
547893227
548059437
548225646
548391856
548558065
548724275
548890485
549056694
549222903
549389113
549555323
549721532
549887742
550053952
550220161
550386370
550552580
550718789
550884999
551051209
551217419
551383628
551549838
551716047
551893338
552059547
552225756
552391966
552558176
552724385
552890595
553056804
553223014
553389224
553555433
553721643
553887852
554054062
554220271
554386481
554552691
554718900
554885109
555051319
555217529
555383738
555549948
555716157
555893448
556059657
556225867
556392076
556558286
556724495
556890705
557056915
557223124
557389334
557555543
557721753
557887963
558054172
558220381
558386591
558552801
558719011
558885220
559051430
559217639
559383849
559550058
559716268
559893558
560059768
560225977
560392187
560558396
560724606
560890815
561057025
561223234
561389444
561555654
561721863
561888073
562054282
562220492
562386701
562552911
562719121
562885330
563051540
563217749
563383959
563550168
563716378
563893668
564059878
564226088
564392297
564558507
564724716
564890926
565057135
565223345
565389554
565555764
565721974
565888183
566054393
566220602
566386812
566553022
566719231
566885441
567051650
567217860
567384069
567550279
567716489
567882698
568059988
568226198
568392408
568558617
568724827
568891036
569057246
569223455
569389665
569555874
569722084
569888293
570054503
570220713
570386922
570553132
570719341
570885551
571051760
571217970
571384180
571550389
571716599
571882809
572060098
572226308
572392518
572558727
572724937
572891146
573057356
573223566
573389775
573555984
573722194
573888404
574054613
574220823
574387032
574553242
574719451
574885661
575051871
575218080
575384290
575550499
575716709
575882919
576060209
576226418
576392628
576558838
576725047
576891257
577057466
577223676
577389886
577556095
577722304
577888514
578054724
578220933
578387143
578553352
578719562
578885772
579051981
579218191
579384400
579550610
579716819
579883029
580060319
580226529
580392738
580558948
580725157
580891367
581057577
581223786
581389996
581556205
581722415
581888625
582054834
582221043
582387253
582553463
582719672
582885882
583052092
583218302
583384510
583550720
583716930
583883139
584060429
584226639
584392849
584559058
584725268
584891477
585057687
585223897
585390106
585556315
585722525
585888735
586054944
586221154
586387364
586553573
586719783
586885992
587052202
587218411
587384621
587550830
587717040
587883249
588060541
588226750
588392959
588559170
588725378
588891588
589057798
589224007
589390216
589556426
589722636
589888845
590055056
590221264
590387474
590553684
590719893
590886103
591052313
591218522
591384733
591550941
591717150
591883360
592060651
592226860
592393069
592559279
592725488
592891698
593057908
593224117
593390327
593556536
593722746
593888955
594055165
594221374
594387584
594553794
594720003
594886213
595052423
595218632
595384841
595551051
595717260
595883470
596049681
596226970
596393179
596559389
596725598
596891808
597058018
597224227
597390437
597556646
597722856
597889066
598055275
598221485
598387694
598553904
598720113
598886323
599052533
599218742
599384952
599551161
599717371
599883580
600049791
600227081
600393290
600559500
600725709
600891918
601058128
601224338
601390547
601556757
601722966
601889176
602055386
602221595
602387805
602554014
602720224
602886433
603052643
603218853
603385062
603551272
603717481
603883691
604049901
604227191
604393400
604559610
604725820
604892029
605058239
605224448
605390658
605556867
605723077
605889286
606055496
606221706
606387915
606554125
606720334
606886544
607052753
607218963
607385173
607551382
607717592
607883801
608050011
608227301
608393510
608559720
608725930
608892139
609058349
609224558
609390768
609556977
609723187
609889397
610055606
610221816
610388025
610554235
610720445
610886654
611052864
611219073
611385283
611551493
611717702
611883911
612050121
612227411
612393621
612559831
612726040
612892250
613058459
613224669
613390878
613557088
613723297
613889507
614055717
614221927
614388136
614554345
614720555
614886765
615052974
615219184
615385393
615551603
615717812
615884022
616050232
616227522
616393731
616559941
616726150
616892360
617058570
617224779
617390989
617557198
617723408
617889617
618055827
618222037
618388246
618554456
618720665
618886875
619053084
619219294
619385504
619551714
619717923
619884132
620050342
620227632
620393841
620560051
620726261
620892470
621058680
621224890
621391099
621557309
621723518
621889728
622055937
622222147
622388356
622554566
622720775
622886985
623053195
623219404
623385614
623551823
623718033
623884243
624050452
624216662
624393952
624560162
624726371
624892581
625058790
625225000
625391209
625557419
625723628
625889838
626056048
626222257
626388467
626554676
626720886
626887096
627053305
627219515
627385724
627551934
627718143
627884353
628050562
628216772
628394062
628560272
628726481
628892691
629058901
629225110
629391320
629557530
629723739
629889948
630056158
630222368
630388577
630554787
630720996
630887206
631053416
631219625
631385835
631552044
631718254
631884463
632050673
632216882
632394173
632560382
632726592
632892801
633059011
633225220
633391430
633557639
633723849
633890058
634056268
634222478
634388687
634554897
634721107
634887316
635053526
635219735
635385945
635552154
635718364
635884573
636050783
636216992
636394284
636560493
636726702
636892912
637059121
637225331
637391540
637557750
637723960
637890169
638056379
638222588
638388798
638555008
638721217
638887427
639053636
639219846
639386055
639552265
639718474
639884685
640050893
640217103
640394394
640560603
640726812
640893022
641059232
641225441
641391651
641557860
641724070
641890280
642056489
642222699
642388909
642555118
642721327
642887537
643053747
643219956
643386166
643552375
643718585
643884794
644051004
644217213
644394504
644560713
644726922
644893132
645059342
645225551
645391761
645557971
645724180
645890390
646056599
646222809
646389018
646555228
646721437
646887647
647053857
647220066
647386276
647552486
647718695
647884905
648051114
648217324
648394616
648560824
648727033
648893244
649059453
649225662
649391872
649558081
649724291
649890501
650056710
650222920
650389129
650555339
650721548
650887759
651053968
651220177
651386386
651552596
651718806
651885017
652051225
652217434
652383644
652560934
652727143
652893353
653059563
653225772
653391982
653558191
653724401
653890611
654056820
654223030
654389239
654555449
654721658
654887868
655054078
655220287
655386497
655552706
655718916
655885126
656051335
656217544
656383754
656561044
656727254
656893463
657059673
657225883
657392092
657558302
657724511
657890721
658056930
658223140
658389349
658555559
658721769
658887978
659054188
659220398
659386607
659552816
659719026
659885236
660051445
660217655
660383865
660561155
660727364
660893574
661059783
661225993
661392203
661558412
661724622
661890831
662057041
662223250
662389460
662555670
662721879
662888089
663054299
663220508
663386717
663552927
663719137
663885346
664051556
664217765
664383975
664561265
664727475
664893684
665059894
665226103
665392313
665558523
665724732
665890942
666057151
666223361
666389570
666555780
666721989
666888199
667054409
667220618
667386828
667553037
667719247
667885456
668051666
668217875
668384085
668561375
668727585
668893795
669060004
669226213
669392423
669558633
669724842
669891052
670057261
670223471
670389680
670555890
670722100
670888309
671054519
671220728
671386938
671553147
671719357
671885567
672051776
672217986
672384195
672561486
672727695
672893905
673060114
673226324
673392534
673558744
673724952
673891162
674057372
674223581
674389791
674556000
674722210
674888420
675054629
675220839
675387048
675553258
675719468
675885677
676051887
676218096
676384306
676550515
676727806
676894015
677060225
677226434
677392644
677558854
677725063
677891272
678057482
678223692
678389901
678556111
678722320
678888530
679054740
679220949
679387159
679553368
679719578
679885787
680051997
680218206
680384416
680550626
680727916
680894125
681060335
681226545
681392754
681558964
681725173
681891383
682057592
682223802
682390012
682556221
682722431
682888640
683054850
683221059
683387269
683553479
683719688
683885898
684052107
684218317
684384527
684550736
684728026
684894236
685060446
685226655
685392865
685559074
685725284
685891493
686057703
686223912
686390122
686556331
686722541
686888751
687054960
687221170
687387380
687553589
687719799
687886008
688052218
688218427
688384638
688550846
688728137
688894346
689060556
689226765
689392975
689559185
689725394
689891604
690057813
690224023
690390233
690556442
690722652
690888861
691055071
691221280
691387490
691553700
691719909
691886118
692052328
692218538
692384747
692550957
692728247
692894457
693060666
693226875
693393085
693559295
693725504
693891714
694057923
694224133
694390342
694556552
694722762
694888972
695055181
695221390
695387600
695553810
695720019
695886229
696052438
696218648
696384857
696551067
696728357
696894567
697060777
697226986
697393196
697559405
697725615
697891824
698058034
698224243
698390453
698556663
698722872
698889082
699055291
699221501
699387711
699553920
699720130
699886339
700052549
700218758
700384968
700551178
700728468
700894677
701060887
701227097
701393306
701559515
701725725
701891935
702058144
702224354
702390564
702556773
702722983
702889192
703055402
703221611
703387821
703554031
703720240
703886450
704052659
704218869
704385078
704551288
704717497
704894787
705060997
705227207
705393416
705559626
705725835
705892045
706058255
706224464
706390674
706556883
706723093
706889302
707055512
707221722
707387931
707554141
707720350
707886560
708052770
708218979
708385188
708551398
708717608
708894899
709061108
709227317
709393527
709559738
709725947
709892156
710058365
710224575
710390785
710556994
710723204
710889413
711055623
711221832
711388042
711554251
711720463
711886671
712052880
712219090
712385300
712551509
712717719
712895009
713061218
713227428
713393637
713559847
713726057
713892266
714058476
714224685
714390895
714557104
714723314
714889523
715055733
715221942
715388152
715554361
715720571
715886781
716052990
716219200
716385409
716551619
716717828
716895119
717061328
717227538
717393747
717559957
717726166
717892376
718058585
718224795
718391005
718557215
718723424
718889633
719055843
719222053
719388262
719554472
719720681
719886891
720053100
720219310
720385520
720551729
720717939
720895229
721061439
721227648
721393858
721560067
721726277
721892487
722058696
722224906
722391115
722557325
722723534
722889744
723055953
723222163
723388373
723554582
723720792
723887001
724053211
724219421
724385630
724551840
724718049
724895340
725061549
725227759
725393968
725560178
725726387
725892597
726058807
726225016
726391226
726557435
726723645
726889854
727056064
727222273
727388483
727554693
727720902
727887112
728053321
728219531
728385740
728551950
728718160
728895450
729061659
729227869
729394078
729560288
729726498
729892707
730058917
730225126
730391336
730557545
730723755
730889965
731056174
731222384
731388593
731554803
731721013
731887222
732053432
732219641
732385851
732552060
732718270
732884479
733061770
733227979
733394189
733560399
733726608
733892818
734059027
734225237
734391446
734557656
734723866
734890075
735056285
735222494
735388704
735554913
735721123
735887332
736053542
736219752
736385961
736552171
736718380
736884590
737061880
737228090
737394299
737560509
737726718
737892928
738059138
738225347
738391557
738557766
738723976
738890185
739056395
739222605
739388814
739555023
739721233
739887443
740053652
740219862
740386072
740552281
740718491
740884701
741061990
741228200
741394410
741560619
741726829
741893038
742059248
742225458
742391667
742557876
742724086
742890296
743056505
743222715
743388924
743555134
743721343
743887553
744053763
744219973
744386182
744552391
744718601
744884811
745062101
745228310
745394520
745560729
745726939
745893149
746059358
746225568
746391777
746557987
746724196
746890406
747056615
747222825
747389035
747555245
747721454
747887663
748053873
748220083
748386292
748552502
748718711
748884921
749062211
749228421
749394630
749560840
749727049
749893259
750059468
750225678
750391888
750558097
750724307
750890516
751056726
751222936
751389145
751555355
751721564
751887774
752053984
752220193
752386403
752552612
752718822
752885031
753062321
753228531
753394741
753560950
753727160
753893369
754059579
754225788
754391998
754558207
754724417
754890627
755056836
755223046
755389256
755555465
755721675
755887884
756054094
756220303
756386513
756552722
756718932
756885141
757062432
757228642
757394851
757561061
757727271
757893480
758059689
758225899
758392108
758558318
758724528
758890737
759056947
759223157
759389366
759555575
759721785
759887995
760054204
760220414
760386623
760552833
760719042
760885252
761051462
761228752
761394961
761561171
761727380
761893590
762059800
762226009
762392219
762558428
762724638
762890848
763057057
763223267
763389477
763555686
763721895
763888105
764054314
764220524
764386734
764552943
764719153
764885363
765051572
765228862
765395072
765561281
765727491
765893701
766059910
766226119
766392329
766558539
766724748
766890958
767057167
767223377
767389586
767555796
767722006
767888215
768054425
768220634
768386844
768553054
768719263
768885473
769051682
769228973
769395182
769561393
769727602
769893811
770060021
770226231
770392440
770558651
770724859
770891069
771057278
771223487
771389697
771555908
771722116
771888326
772054536
772220745
772386955
772553165
772719374
772885584
773051794
773229083
773395292
773561502
773727712
773893921
774060131
774226340
774392550
774558760
774724969
774891179
775057388
775223598
775389807
775556017
775722226
775888436
776054646
776220855
776387065
776553274
776719484
776885693
777051903
777229193
777395403
777561612
777727822
777894031
778060241
778226450
778392660
778558870
778725079
778891289
779057498
779223708
779389917
779556127
779722337
779888546
780054756
780220966
780387175
780553384
780719594
780885804
781052013
781229303
781395513
781561723
781727932
781894142
782060351
782226561
782392771
782558980
782725190
782891399
783057609
783223818
783390028
783556238
783722447
783888657
784054866
784221076
784387286
784553495
784719705
784885914
785052124
785229414
785395623
785561833
785728043
785894252
786060462
786226671
786392881
786559091
786725300
786891510
787057719
787223929
787390138
787556348
787722558
787888767
788054977
788221186
788387396
788553605
788719815
788886025
789052234
789218444
789395734
789561943
789728153
789894362
790060572
790226782
790392991
790559201
790725411
790891620
791057829
791224039
791390249
791556458
791722668
791888877
792055087
792221297
792387506
792553716
792719925
792886135
793052344
793218554
793395844
793562054
793728263
793894473
794060683
794226892
794393102
794559311
794725521
794891730
795057940
795224149
795390359
795556569
795722778
795888988
796055197
796221407
796387617
796553826
796720036
796886245
797052455
797218665
797395955
797562164
797728374
797894584
798060793
798227003
798393212
798559422
798725631
798891841
799058050
799224260
799390469
799556679
799722889
799889099
800055308
800221517
800387727
800553937
800720146
800886356
801052565
801218775
801396065
801562274
801728484
801894694
802060903
802227113
802393322
802559532
802725742
802891951
803058160
803224370
803390580
803556789
803722999
803889208
804055418
804221628
804387837
804554047
804720257
804886466
805052676
805218885
805396175
805562385
805728595
805894804
806061014
806227223
806393433
806559643
806725852
806892061
807058271
807224481
807390691
807556900
807723109
807889319
808055529
808221738
808387948
808554157
808720367
808886577
809052786
809218995
809396286
809562495
809728705
809894915
810061124
810227333
810393543
810559753
810725963
810892172
811058381
811224591
811390801
811557010
811723220
811889429
812055639
812221848
812388058
812554268
812720477
812886687
813052897
813219106
813385316
813562606
813728815
813895025
814061234
814227444
814393653
814559863
814726073
814892282
815058492
815224702
815390911
815557120
815723330
815889540
816055749
816221959
816388168
816554378
816720587
816886797
817053007
817219216
817385426
817562716
817728926
817895135
818061345
818227554
818393764
818559974
818726183
818892393
819058602
819224812
819391021
819557231
819723440
819889650
820055860
820222069
820388279
820554488
820720698
820886908
821053117
821219327
821385536
821562826
821729036
821895246
822061455
822227665
822393874
822560084
822726294
822892503
823058713
823224922
823391132
823557341
823723551
823889761
824055970
824222180
824388389
824554599
824720808
824887018
825053228
825219437
825385647
825562937
825729147
825895356
826061565
826227775
826393985
826560194
826726404
826892613
827058823
827225033
827391242
827557451
827723661
827889871
828056080
828222290
828388499
828554709
828720919
828887128
829053338
829219547
829385757
829563047
829729257
829895467
830061676
830227886
830394096
830560307
830726515
830892724
831058934
831225144
831391354
831557562
831723772
831889982
832056191
832222401
832388611
832554820
832721032
832887239
833053449
833219658
833385869
833563158
833729367
833895577
834061787
834227996
834394206
834560415
834726625
834892834
835059044
835225253
835391464
835557673
835723882
835890092
836056301
836222511
836388721
836554930
836721140
836887349
837053559
837219768
837385978
837563269
837729478
837895687
838061897
838228107
838394316
838560525
838726735
838892945
839059154
839225364
839391573
839557783
839723993
839890202
840056412
840222621
840388831
840555040
840721250
840887460
841053669
841219879
841386088
841552298
841729588
841895798
842062007
842228217
842394426
842560636
842726845
842893055
843059265
843225474
843391684
843557894
843724104
843890313
844056522
844222732
844388941
844555151
844721361
844887570
845053780
845219989
845386199
845552408
845729699
845895908
846062117
846228327
846394541
846560747
846726956
846893166
847059375
847225585
847391794
847558004
847724214
847890423
848056633
848222842
848389052
848555261
848721471
848887681
849053890
849220100
849386310
849552519
849729809
849896019
850062228
850228438
850394647
850560857
850727066
850893276
851059486
851225695
851391905
851558114
851724324
851890533
852056743
852222953
852389162
852555372
852721581
852887791
853054000
853220210
853386420
853552629
853729920
853896129
854062338
854228548
854394758
854560967
854727177
854893386
855059596
855225806
855392015
855558225
855724434
855890644
856056854
856223063
856389273
856555482
856721692
856887901
857054111
857220320
857386530
857552740
857730030
857896240
858062449
858228658
858394868
858561078
858727287
858893497
859059707
859225916
859392126
859558335
859724545
859890754
860056964
860223174
860389383
860555593
860721802
860888012
861054221
861220431
861386641
861552850
861730140
861896350
862062559
862228769
862394979
862561188
862727398
862893607
863059817
863226027
863392236
863558445
863724656
863890865
864057074
864223284
864389493
864555703
864721913
864888122
865054332
865220541
865386751
865552960
865730251
865896460
866062670
866228879
866395089
866561299
866727508
866893718
867059927
867226137
867392346
867558556
867724766
867890975
868057185
868223394
868389604
868555813
868722023
868888233
869054442
869220652
869386861
869553071
869719281
869896571
870062780
870228990
870395200
870561409
870727619
870893828
871060038
871226247
871392457
871558667
871724876
871891086
872057295
872223505
872389714
872555924
872722134
872888343
873054553
873220763
873386972
873553181
873719391
873896681
874062891
874229100
874395310
874561519
874727729
874893938
875060148
875226358
875392567
875558777
875724987
875891196
876057406
876223615
876389825
876556034
876722244
876888453
877054663
877220872
877387082
877553292
877719501
877896791
878063001
878229211
878395421
878561630
878727839
878894049
879060259
879226468
879392678
879558887
879725097
879891306
880057516
880223725
880389935
880556145
880722354
880888564
881054774
881220983
881387193
881553402
881719612
881896902
882063112
882229321
882395531
882561740
882727950
882894159
883060369
883226579
883392788
883558998
883725208
883891417
884057627
884223836
884390046
884556255
884722465
884888674
885054884
885221093
885387303
885553513
885719722
885897012
886063222
886229432
886395641
886561851
886728060
886894270
887060480
887226689
887392898
887559108
887725318
887891527
888057737
888223946
888390156
888556366
888722575
888888785
889054994
889221204
889387413
889553623
889719832
889897123
890063333
890229543
890395752
890561962
890728171
890894380
891060590
891226801
891393009
891559219
891725428
891891638
892057848
892224058
892390267
892556476
892722686
892888896
893055105
893221315
893387524
893553734
893719943
893897233
894063443
894229653
894395862
894562071
894728281
894894491
895060701
895226910
895393119
895559329
895725539
895891748
896057958
896224167
896390377
896556586
896722796
896889006
897055215
897221425
897387634
897553844
897720053
897886263
898063553
898229763
898395972
898562182
898728391
898894601
899060810
899227020
899393230
899559439
899725649
899891858
900058068
900224278
900390487
900556697
900722907
900889116
901055326
901221535
901387745
901553954
901720164
901886373
902063664
902229873
902396084
902562292
902728502
902894712
903060921
903227131
903393340
903559550
903725760
903891969
904058179
904224388
904390598
904556808
904723017
904889227
905055436
905221646
905387855
905554065
905720274
905886484
906063774
906229984
906396193
906562403
906728612
906894822
907061032
907227241
907393451
907559660
907725870
907892080
908058289
908224499
908390708
908556918
908723127
908889337
909055547
909221756
909387966
909554175
909720385
909886594
910063884
910230094
910396304
910562513
910728723
910894932
911061142
911227352
911393561
911559771
911725980
911892190
912058399
912224609
912390818
912557029
912723238
912889447
913055657
913221867
913388076
913554285
913720495
913886705
914063995
914230205
914396414
914562624
914728833
914895043
915061252
915227462
915393671
915559881
915726091
915892300
916058510
916224719
916390929
916557139
916723348
916889558
917055767
917221977
917388186
917554396
917720606
917886815
918064105
918230315
918396525
918562734
918728944
918895153
919061363
919227573
919393782
919559991
919726201
919892411
920058620
920224830
920391039
920557249
920723459
920889668
921055878
921222087
921388297
921554506
921720716
921886925
922053135
922230425
922396635
922562844
922729054
922895263
923061473
923227683
923393892
923560102
923726312
923892521
924058731
924224940
924391150
924557360
924723569
924889778
925055988
925222198
925388407
925554617
925720827
925887036
926053245
926230536
926396745
926562955
926729165
926895374
927061584
927227793
927394003
927560212
927726422
927892631
928058841
928225051
928391260
928557470
928723679
928889890
929056099
929222308
929388518
929554727
929720937
929887146
930053356
930230646
930396856
930563065
930729275
930895485
931061694
931227903
931394113
931560323
931726533
931892742
932058951
932225161
932391371
932557580
932723790
932889999
933056209
933222418
933388628
933554838
933721047
933887257
934053466
934230757
934396966
934563176
934729385
934895595
935061804
935228014
935394223
935560433
935726643
935892852
936059062
936225272
936391481
936557691
936723900
936890110
937056319
937222529
937388739
937554948
937721158
937887367
938053577
938230867
938397077
938563286
938729496
938895705
939061915
939228124
939394334
939560544
939726753
939892963
940059173
940225382
940391592
940557801
940724011
940890220
941056430
941222640
941388849
941555059
941721268
941887478
942053687
942230978
942397187
942563397
942729606
942895816
943062025
943228235
943394445
943560654
943726864
943893073
944059283
944225493
944391702
944557912
944724121
944890331
945056540
945222750
945388959
945555169
945721379
945887588
946053798
946231088
946397297
946563507
946729717
946895926
947062136
947228345
947394555
947560765
947726974
947893184
948059393
948225603
948391812
948558022
948724232
948890441
949056651
949222860
949389070
949555280
949721489
949887698
950053908
950220118
950397408
950563618
950729828
950896038
951062248
951228456
951394666
951560876
951727085
951893294
952059505
952225715
952391923
952558133
952724342
952890552
953056762
953222971
953389181
953555391
953721600
953887810
954054019
954220228
954397518
954563728
954729937
954896147
955062357
955228566
955394776
955560985
955727195
955893405
956059614
956225824
956392033
956558243
956724452
956890662
957056872
957223081
957389291
957555501
957721710
957887920
958054129
958220339
958397629
958563838
958730048
958896257
959062467
959228677
959394886
959561096
959727305
959893515
960059724
960225934
960392144
960558353
960724563
960890773
961056982
961223192
961389401
961555611
961721820
961888030
962054239
962220449
962397739
962563949
962730158
962896368
963062578
963228787
963394997
963561206
963727415
963893624
964059834
964226044
964392253
964558463
964724672
964890882
965057092
965223302
965389511
965555722
965721931
965888140
966054350
966220559
966397850
966564059
966730269
966896478
967062688
967228897
967395107
967561317
967727526
967893736
968059945
968226155
968392365
968558574
968724784
968890993
969057203
969223412
969389622
969555832
969722041
969888251
970054460
970220670
970397960
970564169
970730379
970896589
971062798
971229008
971395217
971561427
971727637
971893846
972060055
972226265
972392475
972558684
972724894
972891104
973057313
973223522
973389732
973555942
973722151
973888361
974054570
974220780
974398070
974564280
974730490
974896699
975062909
975229118
975395328
975561538
975727747
975893957
976060166
976226376
976392585
976558795
976725004
976891214
977057423
977223633
977389843
977556052
977722262
977888471
978054681
978220891
978387100
978564390
978730600
978896809
979063019
979229228
979395438
979561648
979727857
979894067
980060277
980226486
980392695
980558905
980725115
980891324
981057534
981223743
981389953
981556163
981722372
981888582
982054791
982221001
982387211
982564500
982730710
982896920
983063129
983229339
983395549
983561758
983727968
983894177
984060387
984226597
984392806
984559015
984725225
984891435
985057644
985223854
985390063
985556273
985722483
985888692
986054902
986221112
986387321
986564611
986730821
986897030
987063240
987229449
987395659
987561869
987728078
987894288
988060497
988226707
988392916
988559126
988725336
988891545
989057755
989223964
989390174
989556384
989722593
989888803
990055012
990221222
990387431
990564722
990730931
990897141
991063350
991229560
991395770
991561979
991728189
991894398
992060608
992226817
992393027
992559236
992725446
992891656
993057865
993224075
993390284
993556494
993722703
993888913
994055122
994221332
994387542
994564832
994731042
994897251
995063461
995229670
995395880
995562089
995728299
995894508
996060718
996226928
996393137
996559347
996725556
996891766
997057975
997224185
997390395
997556604
997722814
997889023
998055233
998221442
998387652
998564942
998731152
998897362
999063571
999229781
999395990
999562200
999728410
999894619
1000060829
1000227038
1000393248
1000559457
1000725667
1000891876
1001058086
1001224295
1001390505
1001556715
1001722924
1001889134
1002055343
1002221553
1002387762
1002565053
1002731262
1002897472
1003063682
1003229891
1003396101
1003562310
1003728520
1003894729
1004060939
1004227148
1004393358
1004559568
1004725777
1004891987
1005058197
1005224406
1005390615
1005556825
1005723034
1005889244
1006055454
1006221663
1006387873
1006554082
1006731373
1006897582
1007063792
1007230001
1007396211
1007562420
1007728630
1007894840
1008061049
1008227259
1008393468
1008559678
1008725887
1008892097
1009058307
1009224516
1009390726
1009556935
1009723145
1009889355
1010055564
1010221774
1010387983
1010554193
1010731483
1010897694
1011063902
1011230112
1011396322
1011562531
1011728741
1011894951
1012061160
1012227370
1012393579
1012559789
1012725998
1012892209
1013058417
1013224627
1013390836
1013557046
1013723256
1013889466
1014055675
1014221884
1014388094
1014554303
1014731593
1014897803
1015064013
1015230223
1015396432
1015562641
1015728851
1015895061
1016061270
1016227480
1016393689
1016559899
1016726108
1016892319
1017058527
1017224737
1017390947
1017557156
1017723366
1017889576
1018055785
1018221995
1018388204
1018554414
1018731704
1018897913
1019064123
1019230333
1019396542
1019562752
1019728961
1019895171
1020061380
1020227590
1020393800
1020560009
1020726219
1020892429
1021058638
1021224847
1021391057
1021557266
1021723476
1021889686
1022055895
1022222105
1022388314
1022554524
1022731814
1022898024
1023064233
1023230443
1023396652
1023562862
1023729072
1023895281
1024061491
1024227700
1024393910
1024560120
1024726329
1024892539
1025058748
1025224958
1025391167
1025557377
1025723587
1025889796
1026056006
1026222215
1026388425
1026554634
1026731925
1026898134
1027064344
1027230554
1027396763
1027562973
1027729182
1027895392
1028061601
1028227811
1028394020
1028560230
1028726440
1028892649
1029058859
1029225068
1029391278
1029557487
1029723697
1029889907
1030056116
1030222326
1030388535
1030554745
1030732035
1030898245
1031064454
1031230664
1031396873
1031563084
1031729292
1031895502
1032061712
1032227921
1032394131
1032560340
1032726550
1032892760
1033058969
1033225178
1033391388
1033557598
1033723807
1033890017
1034056226
1034222436
1034388645
1034554855
1034721065
1034898355
1035064565
1035230774
1035396984
1035563193
1035729403
1035895612
1036061822
1036228032
1036394241
1036560451
1036726660
1036892870
1037059080
1037225290
1037391499
1037557708
1037723918
1037890127
1038056337
1038222547
1038388756
1038554966
1038721178
1038898465
1039064675
1039230885
1039397094
1039563304
1039729513
1039895723
1040061932
1040228142
1040394352
1040560561
1040726771
1040892980
1041059190
1041225400
1041391609
1041557818
1041724028
1041890238
1042056447
1042222657
1042388866
1042555076
1042721286
1042898576
1043064785
1043230995
1043397205
1043563414
1043729623
1043895833
1044062043
1044228253
1044394462
1044560671
1044726881
1044893091
1045059300
1045225510
1045391720
1045557929
1045724138
1045890348
1046056558
1046222767
1046388977
1046555186
1046721396
1046898686
1047064896
1047231105
1047397315
1047563524
1047729734
1047895944
1048062153
1048228363
1048394573
1048560782
1048726992
1048893201
1049059411
1049225620
1049391830
1049558039
1049724249
1049890459
1050056668
1050222878
1050389087
1050555297
1050721507
1050898796
1051065006
1051231216
1051397426
1051563635
1051729844
1051896054
1052062264
1052228473
1052394683
1052560892
1052727102
1052893312
1053059521
1053225731
1053391940
1053558150
1053724359
1053890569
1054056779
1054222988
1054389197
1054555407
1054721617
1054898907
1055065116
1055231326
1055397536
1055563745
1055729955
1055896164
1056062374
1056228584
1056394793
1056561003
1056727212
1056893422
1057059631
1057225841
1057392050
1057558260
1057724470
1057890679
1058056889
1058223098
1058389308
1058555518
1058721727
1058887937
1059065227
1059231437
1059397646
1059563856
1059730065
1059896275
1060062485
1060228694
1060394904
1060561113
1060727323
1060893532
1061059742
1061225952
1061392161
1061558371
1061724580
1061890790
1062056999
1062223209
1062389418
1062555628
1062721838
1062888047
1063065338
1063231547
1063397757
1063563966
1063730176
1063896386
1064062595
1064228805
1064395014
1064561224
1064727433
1064893643
1065059852
1065226062
1065392272
1065558481
1065724691
1065890900
1066057110
1066223319
1066389529
1066555739
1066721948
1066888158
1067065448
1067231657
1067397867
1067564077
1067730286
1067896496
1068062705
1068228915
1068395125
1068561334
1068727544
1068893753
1069059963
1069226172
1069392382
1069558591
1069724801
1069891010
1070057220
1070223430
1070389639
1070555849
1070722058
1070888268
1071065559
1071231768
1071397978
1071564187
1071730398
1071896607
1072062816
1072229026
1072395235
1072561445
1072727655
1072893864
1073060075
1073226283
1073392493
1073558702
1073724912
1073891121
1074057331
1074223540
1074389752
1074555960
1074722170
1074888379
1075065669
1075231878
1075398088
1075564298
1075730507
1075896716
1076062926
1076229136
1076395345
1076561555
1076727765
1076893974
1077060184
1077226393
1077392603
1077558812
1077725022
1077891231
1078057441
1078223650
1078389860
1078556070
1078722280
1078888489
1079065779
1079231989
1079398198
1079564408
1079730617
1079896827
1080063037
1080229246
1080395455
1080561665
1080727875
1080894085
1081060294
1081226504
1081392713
1081558923
1081725132
1081891342
1082057551
1082223761
1082389971
1082556180
1082722390
1082888599
1083065889
1083232099
1083398309
1083564518
1083730728
1083896937
1084063147
1084229356
1084395566
1084561776
1084727985
1084894195
1085060405
1085226614
1085392823
1085559033
1085725243
1085891452
1086057662
1086223871
1086390081
1086556291
1086722500
1086888710
1087054919
1087232210
1087398419
1087564629
1087730838
1087897048
1088063257
1088229467
1088395677
1088561886
1088728096
1088894305
1089060515
1089226724
1089392934
1089559143
1089725353
1089891563
1090057772
1090223982
1090390191
1090556401
1090722611
1090888820
1091055030
1091232320
1091398530
1091564739
1091730948
1091897158
1092063368
1092229577
1092395787
1092561996
1092728206
1092894415
1093060625
1093226835
1093393044
1093559254
1093725463
1093891673
1094057883
1094224092
1094390302
1094556511
1094722721
1094888930
1095055140
1095232429
1095398639
1095564848
1095731058
1095897268
1096063478
1096229687
1096395896
1096562106
1096728315
1096894525
1097060735
1097226944
1097393154
1097559363
1097725573
1097891783
1098057992
1098224202
1098390411
1098556621
1098722830
1098889040
1099055250
1099232540
1099398749
1099564959
1099731169
1099897378
1100063588
1100229798
1100396007
1100562217
1100728427
1100894636
1101060846
1101227055
1101393265
1101559474
1101725684
1101891894
1102058103
1102224313
1102390522
1102556732
1102722941
1102889151
1103055361
1103232651
1103398860
1103565070
1103731280
1103897489
1104063698
1104229908
1104396118
1104562327
1104728537
1104894746
1105060956
1105227166
1105393375
1105559585
1105725794
1105892004
1106058213
1106224423
1106390632
1106556842
1106723052
1106889261
1107055471
1107232761
1107398971
1107565180
1107731390
1107897599
1108063809
1108230018
1108396228
1108562438
1108728647
1108894857
1109061066
1109227276
1109393485
1109559695
1109725904
1109892114
1110058324
1110224533
1110390743
1110556952
1110723162
1110889372
1111055581
1111232871
1111399081
1111565290
1111731500
1111897710
1112063919
1112230129
1112396338
1112562548
1112728757
1112894967
1113061177
1113227386
1113393596
1113559805
1113726015
1113892224
1114058434
1114224644
1114390853
1114557063
1114723272
1114889482
1115055691
1115221901
1115399191
1115565400
1115731610
1115897820
1116064029
1116230239
1116396448
1116562658
1116728868
1116895077
1117061287
1117227496
1117393706
1117559915
1117726125
1117892335
1118058544
1118224754
1118390963
1118557173
1118723383
1118889592
1119055802
1119222011
1119399301
1119565511
1119731721
1119897930
1120064139
1120230349
1120396559
1120562768
1120728978
1120895188
1121061397
1121227607
1121393817
1121560026
1121726235
1121892445
1122058655
1122224864
1122391074
1122557283
1122723493
1122889702
1123055912
1123222122
1123399412
1123565621
1123731831
1123898040
1124064250
1124230459
1124396669
1124562879
1124729088
1124895298
1125061508
1125227717
1125393926
1125560136
1125726346
1125892555
1126058765
1126224975
1126391184
1126557394
1126723603
1126889813
1127056022
1127222232
1127399522
1127565732
1127731941
1127898151
1128064360
1128230570
1128396779
1128562989
1128729199
1128895409
1129061618
1129227827
1129394037
1129560247
1129726456
1129892666
1130058875
1130225085
1130391294
1130557504
1130723713
1130889923
1131056132
1131222342
1131399633
1131565843
1131732052
1131898262
1132064471
1132230681
1132396890
1132563101
1132729309
1132895520
1133061728
1133227938
1133394147
1133560358
1133726567
1133892776
1134058986
1134225195
1134391406
1134557616
1134723824
1134890034
1135056244
1135222453
1135399743
1135565953
1135732162
1135898371
1136064581
1136230791
1136397000
1136563210
1136729419
1136895629
1137061838
1137228048
1137394258
1137560468
1137726677
1137892886
1138059096
1138225305
1138391515
1138557725
1138723934
1138890144
1139056353
1139222563
1139399853
1139566063
1139732272
1139898482
1140064691
1140230901
1140397110
1140563320
1140729530
1140895739
1141061949
1141228158
1141394368
1141560578
1141726787
1141892997
1142059206
1142225416
1142391625
1142557835
1142724045
1142890254
1143056464
1143222673
1143388883
1143566173
1143732383
1143898592
1144064802
1144231011
1144397221
1144563431
1144729641
1144895850
1145062059
1145228269
1145394478
1145560688
1145726898
1145893107
1146059317
1146225526
1146391736
1146557945
1146724155
1146890365
1147056574
1147222784
1147388993
1147566283
1147732493
1147898703
1148064912
1148231121
1148397331
1148563541
1148729751
1148895960
1149062170
1149228379
1149394589
1149560798
1149727008
1149893218
1150059427
1150225637
1150391846
1150558056
1150724265
1150890475
1151056685
1151222894
1151389104
1151566394
1151732603
1151898813
1152065022
1152231232
1152397442
1152563651
1152729861
1152896070
1153062280
1153228490
1153394699
1153560909
1153727118
1153893328
1154059537
1154225747
1154391956
1154558166
1154724376
1154890585
1155056795
1155223005
1155389214
1155566504
1155732714
1155898924
1156065133
1156231343
1156397552
1156563762
1156729972
1156896181
1157062390
1157228600
1157394810
1157561019
1157727229
1157893438
1158059648
1158225857
1158392067
1158558276
1158724486
1158890697
1159056905
1159223115
1159389324
1159566615
1159732824
1159899034
1160065243
1160231453
1160397663
1160563872
1160730082
1160896291
1161062501
1161228710
1161394920
1161561130
1161727339
1161893549
1162059758
1162225968
1162392177
1162558387
1162724597
1162890806
1163057016
1163223225
1163389435
1163566725
1163732935
1163899144
1164065353
1164231563
1164397773
1164563983
1164730192
1164896401
1165062611
1165228821
1165395030
1165561240
1165727449
1165893659
1166059869
1166226078
1166392288
1166558497
1166724707
1166890916
1167057126
1167223335
1167389545
1167566835
1167733045
1167899255
1168065464
1168231674
1168397883
1168564093
1168730302
1168896512
1169062722
1169228931
1169395141
1169561350
1169727560
1169893769
1170059979
1170226189
1170392398
1170558608
1170724817
1170891027
1171057236
1171223446
1171389655
1171555865
1171733155
1171899365
1172065575
1172231784
1172397994
1172564203
1172730413
1172896622
1173062832
1173229041
1173395251
1173561460
1173727670
1173893880
1174060090
1174226299
1174392508
1174558718
1174724928
1174891137
1175057347
1175223556
1175389766
1175555976
1175733266
1175899475
1176065685
1176231895
1176398104
1176564314
1176730523
1176896733
1177062942
1177229152
1177395361
1177561571
1177727780
1177893990
1178060199
1178226409
1178392619
1178558828
1178725038
1178891248
1179057457
1179223667
1179389876
1179556086
1179733376
1179899586
1180065795
1180232005
1180398214
1180564424
1180730633
1180896843
1181063053
1181229262
1181395472
1181561681
1181727892
1181894101
1182060310
1182226520
1182392729
1182558939
1182725148
1182891358
1183057568
1183223777
1183389987
1183556196
1183733487
1183899696
1184065906
1184232115
1184398325
1184564535
1184730744
1184896953
1185063163
1185229373
1185395582
1185561792
1185728001
1185894211
1186060421
1186226630
1186392840
1186559049
1186725259
1186891469
1187057678
1187223887
1187390097
1187556307
1187733597
1187899807
1188066016
1188232225
1188398435
1188564645
1188730854
1188897064
1189063273
1189229483
1189395693
1189561902
1189728112
1189894321
1190060531
1190226740
1190392950
1190559159
1190725370
1190891579
1191057788
1191223998
1191390208
1191556417
1191733708
1191899917
1192066127
1192232336
1192398547
1192564755
1192730966
1192897175
1193063384
1193229594
1193395804
1193562014
1193728223
1193894432
1194060642
1194226851
1194393062
1194559271
1194725480
1194891691
1195057899
1195224109
1195390320
1195556528
1195722737
1195900027
1196066237
1196232446
1196398656
1196564865
1196731075
1196897285
1197063494
1197229704
1197395913
1197562123
1197728333
1197894542
1198060752
1198226962
1198393171
1198559380
1198725590
1198891800
1199058009
1199224219
1199390429
1199556638
1199722847
1199900138
