132968
299177
465387
631596
797806
964016
1130225
1296435
1462644
1639934
1806144
1972353
2138563
2304773
2470983
2637192
2803401
2969611
3135821
3302031
3468241
3634450
3800659
3966869
4133079
4299288
4465499
4631707
4797917
4964126
5130336
5296546
5462755
5640045
5806255
5972464
6138674
6304884
6471094
6637303
6803512
6969722
7135931
7302141
7468351
7634560
7800770
7966979
8133189
8299398
8465608
8631818
8798027
8964237
9130446
9296656
9462866
9640155
9806365
9972575
10138784
10304994
10471203
10637413
10803623
10969832
11136042
11302251
11468461
11634670
11800880
11967089
12133299
12299508
12465718
12631927
12798137
12964347
13130556
13296766
13462975
13640268
13806475
13972685
14138895
14305104
14471314
14637525
14803733
14969943
15136152
15302362
15468571
15634782
15800990
15967200
16133409
16299619
16465828
16632040
16798248
16964457
17130667
17296876
17463086
17640376
17806585
17972795
18139004
18305214
18471423
18637634
18803843
18970052
19136262
19302471
19468681
19634891
19801100
19967309
20133519
20299729
20465938
20632148
20798357
20964567
21130777
21296986
21463196
21640486
21806696
21972905
22139115
22305324
22471534
22637744
22803953
22970162
23136372
23302582
23468791
23635001
23801210
23967420
24133630
24299839
24466049
24632258
24798468
24964677
25130887
25297096
25463306
25629516
25806806
25973015
26139225
26305435
26471644
26637854
26804063
26970273
27136482
27302692
27468901
27635112
27801321
27967530
28133740
28299949
28466159
28632368
28798578
28964788
29130997
29297207
29463416
29629626
29806916
29973126
30139335
30305545
30471754
30637964
30804173
30970383
31136593
31302802
31469012
31635221
31801431
31967641
32133850
32300060
32466269
32632479
32798689
32964898
33131107
33297317
33463526
33629736
33807026
33973236
34139446
34305655
34471865
34638074
34804284
34970493
35136703
35302912
35469122
35635332
35801541
35967751
36133960
36300170
36466380
36632589
36798799
36965008
37131218
37297427
37463637
37629847
37807137
37973346
38139556
38305765
38471975
38638184
38804394
38970604
39136813
39303023
39469232
39635442
39801652
39967861
40134071
40300281
40466490
40632699
40798909
40965119
41131328
41297538
41463747
41629957
41807247
41973456
42139666
42305876
42472085
42638295
42804504
42970714
43136923
43303133
43469342
43635552
43801762
43967971
44134181
44300391
44466600
44632810
44799019
44965229
45131438
45297648
45463857
45630067
45807357
45973567
46139776
46305986
46472196
46638405
46804615
46970824
47137034
47303243
47469453
47635662
47801872
47968082
48134291
48300501
48466710
48632920
48799130
48965339
49131549
49297758
49463968
49630178
49807468
49973677
50139887
50306096
50472306
50638515
50804725
50970934
51137144
51303354
51469563
51635773
51801982
51968192
52134402
52300611
52466821
52633030
52799240
52965450
53131659
53297869
53464078
53630288
53796497
53973787
54139997
54306206
54472416
54638626
54804835
54971045
55137255
55303464
55469674
55635883
55802093
55968302
56134512
56300721
56466931
56633140
56799350
56965560
57131770
57297979
57464188
57630398
57796608
57973898
58140107
58306317
58472526
58638736
58804946
58971155
59137365
59303574
59469784
59635994
59802203
59968413
60134622
60300832
60467041
60633251
60799461
60965670
61131880
61298089
61464299
61630508
61796718
61974008
62140218
62306428
62472637
62638846
62805056
62971265
63137475
63303685
63469895
63636104
63802314
63968523
64134733
64300942
64467152
64633361
64799571
64965780
65131990
65298200
65464409
65630619
65796828
65974118
66140328
66306538
66472747
66638957
66805166
66971376
67137585
67303795
67470005
67636214
67802424
67968633
68134843
68301053
68467262
68633471
68799681
68965891
69132100
69298310
69464519
69630729
69796938
69974229
70140439
70306648
70472858
70639067
70805277
70971486
71137696
71303905
71470115
71636324
71802534
71968744
72134953
72301163
72467372
72633582
72799792
72966001
73132211
73298420
73464630
73630839
73797049
73974339
74140550
74306759
74472970
74639178
74805388
74971597
75137806
75304016
75470226
75636435
75802645
75968854
76135064
76301274
76467485
76633693
76799902
76966112
77132321
77298531
77464742
77630950
77797159
77963369
78140659
78306869
78473079
78639288
78805497
78971707
79137916
79304126
79470336
79636545
79802755
79968964
80135174
80301383
80467593
80633802
80800012
80966222
81132431
81298641
81464851
81631060
81797269
81963479
82140769
82306979
82473189
82639398
82805608
82971817
83138027
83304236
83470446
83636656
83802866
83969075
84135284
84301494
84467703
84633913
84800123
84966332
85132542
85298751
85464961
85631171
85797380
85963590
86140880
86307090
86473300
86639509
86805718
86971928
87138137
87304347
87470556
87636766
87802976
87969185
88135395
88301604
88467814
88634024
88800233
88966443
89132652
89298862
89465071
89631281
89797490
89963700
90140990
90307200
90473409
90639619
90805829
90972038
91138248
91304457
91470667
91636876
91803086
91969295
92135505
92301714
92467924
92634134
92800343
92966553
93132762
93298972
93465182
93631391
93797601
93963810
94141101
94307310
94473520
94639729
94805939
94972148
95138358
95304568
95470777
95636987
95803196
95969406
96135615
96301825
96468034
96634244
96800454
96966663
97132873
97299082
97465292
97631502
97797711
97963921
98141211
98307420
98473630
98639840
98806049
98972259
99138468
99304678
99470887
99637097
99803307
99969516
100135726
100301935
100468145
100634355
100800564
100966773
101132983
101299193
101465402
101631612
101797821
101964031
102141321
102307530
102473740
102639950
102806160
102972369
103138578
103304788
103470998
103637207
103803417
103969626
104135836
104302045
104468255
104634465
104800675
104966884
105133093
105299303
105465512
105631722
105797932
105964141
106130351
106307641
106473851
106640060
106806270
106972479
107138689
107304899
107471108
107637318
107803527
107969737
108135946
108302156
108468365
108634575
108800785
108966994
109133204
109299413
109465623
109631832
109798042
109964252
110130461
110307751
110473961
110640170
110806380
110972590
111138799
111305009
111471218
111637428
111803637
111969847
112136057
112302266
112468476
112634686
112800895
112967105
113133314
113299524
113465734
113631943
113798152
113964362
114130571
114307862
114474071
114640281
114806490
114972700
115138909
115305119
115471329
115637538
115803748
115969958
116136167
116302377
116468586
116634796
116801005
116967215
117133424
117299634
117465843
117632053
117798263
117964472
118130682
118307972
118474182
118640391
118806601
118972810
119139020
119305230
119471439
119637649
119803858
119970068
120136277
120302487
120468696
120634906
120801116
120967325
121133535
121299744
121465954
121632163
121798373
121964583
122130792
122308082
122474292
122640501
122806711
122972921
123139130
123305340
123471549
123637759
123803969
123970178
124136388
124302597
124468807
124635017
124801226
124967435
125133645
125299855
125466065
125632274
125798484
125964693
126130903
126308192
126474402
126640612
126806821
126973031
127139241
127305450
127471660
127637869
127804079
127970288
128136498
128302707
128468917
128635127
128801336
128967546
129133756
129299965
129466174
129632384
129798594
129964803
130131013
130308303
130474513
130640722
130806932
130973141
131139351
131305560
131471770
131637980
131804190
131970399
132136608
132302818
132469027
132635237
132801447
132967656
133133866
133300075
133466285
133632494
133798704
133964914
134131123
134297333
134474623
134640834
134807042
134973252
135139461
135305672
135471881
135638090
135804300
135970509
136136719
136302930
136469138
136635348
136801557
136967767
137133976
137300186
137466396
137632605
137798815
137965024
138131234
138297445
138474733
138640943
138807152
138973362
139139571
139305781
139471990
139638200
139804410
139970620
140136829
140303039
140469248
140635458
140801667
140967877
141134086
141300296
141466505
141632715
141798925
141965134
142131344
142297554
142474844
142641053
142807263
142973472
143139682
143305891
143472101
143638310
143804520
143970730
144136939
144303149
144469358
144635568
144801778
144967987
145134197
145300406
145466616
145632825
145799035
145965245
146131454
146297664
146474954
146641163
146807373
146973583
147139792
147306002
147472212
147638421
147804631
147970840
148137050
148303259
148469469
148635678
148801888
148968097
149134307
149300517
149466726
149632936
149799145
149965355
150131565
150297774
150475064
150641274
150807483
150973693
151139902
151306112
151472322
151638531
151804741
151970950
152137160
152303369
152469579
152635789
152801998
152968208
153134417
153300627
153466837
153633046
153799256
153965465
154131675
154297884
154475175
154641384
154807594
154973803
155140013
155306223
155472432
155638641
155804851
155971061
156137270
156303480
156469689
156635899
156802108
156968318
157134528
157300737
157466947
157633156
157799366
157965576
158131785
158297995
158475285
158641495
158807704
158973914
159140123
159306333
159472542
159638752
159804962
159971171
160137381
160303590
160469800
160636009
160802219
160968429
161134638
161300848
161467057
161633267
161799476
161965686
162131895
162298105
162464315
162641605
162807814
162974024
163140233
163306443
163472652
163638862
163805072
163971281
164137491
164303700
164469910
164636120
164802329
164968539
165134748
165300958
165467167
165633378
165799586
165965796
166132006
166298215
166464425
166641715
166807925
166974134
167140344
167306553
167472763
167638973
167805182
167971392
168137601
168303811
168470020
168636230
168802440
168968649
169134859
169301068
169467278
169633487
169799697
169965907
170132116
170298326
170464535
170641825
170808035
170974245
171140454
171306664
171472873
171639083
171805292
171971502
172137712
172303921
172470131
172636340
172802550
172968759
173134969
173301178
173467388
173633598
173799807
173966017
174132226
174298436
174464646
174641936
174808145
174974355
175140564
175306774
175472983
175639193
175805403
175971612
176137822
176304031
176470241
176636450
176802660
176968870
177135079
177301289
177467498
177633708
177799917
177966127
178132337
178298546
178464756
178642046
178808255
178974465
179140675
179306884
179473094
179639303
179805513
179971723
180137932
180304142
180470351
180636561
180802770
180968980
181135190
181301399
181467609
181633818
181800028
181966237
182132447
182298657
182464866
182642156
182808366
182974576
183140785
183306995
183473204
183639414
183805624
183971833
184138042
184304252
184470462
184636671
184802881
184969090
185135300
185301509
185467719
185633929
185800138
185966348
186132557
186298767
186464977
186642266
186808476
186974686
187140895
187307105
187473314
187639524
187805733
187971943
188138153
188304362
188470572
188636782
188802991
188969201
189135410
189301620
189467829
189634039
189800248
189966458
190132667
190298877
190465087
190631296
190808586
190974796
191141006
191307215
191473425
191639634
191805844
191972054
192138263
192304473
192470682
192636892
192803102
192969311
193135521
193301730
193467940
193634149
193800359
193966568
194132778
194298987
194465197
194631407
194808697
194974907
195141118
195307326
195473535
195639745
195805954
195972164
196138375
196304583
196470793
196637002
196803212
196969422
197135632
197301841
197468050
197634260
197800469
197966679
198132890
198299099
198465308
198631517
198808807
198975016
199141227
199307436
199473645
199639855
199806064
199972274
200138484
200304693
200470903
200637112
200803322
200969532
201135742
201301950
201468160
201634370
201800579
201966789
202132999
202299208
202465418
202631627
202808917
202975127
203141337
203307546
203473756
203639965
203806175
203972385
204138594
204304804
204471013
204637223
204803432
204969642
205135851
205302061
205468270
205634480
205800690
205966899
206133109
206299318
206465528
206631738
206809028
206975237
207141447
207307657
207473866
207640076
207806285
207972495
208138704
208304914
208471124
208637333
208803543
208969752
209135962
209302172
209468381
209634590
209800800
209967010
210133219
210299429
210465638
210631848
210809138
210975347
211141557
211307767
211473976
211640186
211806396
211972605
212138814
212305024
212471233
212637443
212803653
212969862
213136072
213302282
213468491
213634700
213800910
213967120
214133329
214299539
214465749
214631958
214798168
214975458
215141667
215307877
215474087
215640296
215806506
215972715
216138925
216305134
216471344
216637554
216803763
216969973
217136182
217302392
217468601
217634811
217801021
217967230
218133440
218299649
218465859
218632069
218798278
218975569
219141778
219307987
219474197
219640407
219806616
219972826
220139035
220305245
220471454
220637664
220803873
220970083
221136293
221302502
221468712
221634921
221801131
221967340
222133550
222299759
222465969
222632179
222798388
222975678
223141888
223308097
223474307
223640517
223806726
223972936
224139145
224305355
224471565
224637774
224803984
224970193
225136403
225302612
225468823
225635031
225801241
225967451
226133660
226299870
226466080
226632289
226798498
226975789
227141998
227308208
227474418
227640627
227806837
227973046
228139256
228305465
228471675
228637885
228804093
228970303
229136512
229302722
229468931
229635141
229801351
229967560
230133770
230299979
230466189
230632398
230798608
230975898
231142108
231308317
231474527
231640737
231806946
231973156
232139365
232305575
232471784
232637994
232804203
232970413
233136623
233302833
233469042
233635252
233801462
233967671
234133881
234300090
234466300
234632510
234798719
234976009
235142219
235308428
235474638
235640848
235807057
235973266
236139476
236305686
236471896
236638105
236804314
236970524
237136734
237302943
237469153
237635362
237801572
237967781
238133991
238300200
238466410
238632619
238798829
238976119
239142329
239308539
239474748
239640958
239807167
239973377
240139586
240305796
240472005
240638215
240804425
240970634
241136844
241303053
241469263
241635472
241801682
241967892
242134101
242300311
242466520
242632730
242798939
242965149
243142439
243308649
243474858
243641068
243807278
243973487
244139696
244305907
244472116
244638325
244804535
244970744
245136954
245303164
245469373
245635583
245801792
245968002
246134211
246300421
246466631
246632840
246799050
246965259
247142549
247308759
247474968
247641178
247807388
247973597
248139807
248306016
248472226
248638435
248804645
248970854
249137064
249303273
249469483
249635693
249801903
249968112
250134321
250300531
250466740
250632950
250799160
250965369
251142659
251308869
251475079
251641288
251807498
251973707
252139917
252306127
252472336
252638545
252804755
252970965
253137174
253303384
253469594
253635803
253802012
253968222
254134432
254300641
254466851
254633060
254799270
254965480
255142770
255308980
255475190
255641399
255807608
255973819
256140027
256306237
256472446
256638656
256804866
256971077
257137285
257303494
257469704
257635914
257802123
257968334
258134542
258300752
258466961
258633171
258799380
258965592
259142880
259309089
259475299
259641509
259807718
259973928
260140137
260306347
260472556
260638766
260804975
260971186
261137395
261303604
261469814
261636023
261802233
261968443
262134652
262300862
262467072
262633281
262799490
262965701
263142990
263309200
263475410
263641619
263807829
263974038
264140248
264306457
264472667
264638876
264805086
264971296
265137505
265303715
265469924
265636134
265802344
265968553
266134763
266300972
266467182
266633391
266799601
266965811
267143101
267309310
267475520
267641729
267807939
267974149
268140358
268306568
268472777
268638987
268805196
268971406
269137615
269303825
269470035
269636244
269802454
269968663
270134873
270301083
270467292
270633502
270799711
270965921
271132131
271309420
271475630
271641839
271808049
271974259
272140468
272306678
272472887
272639097
272805307
272971516
273137726
273303935
273470145
273636354
273802564
273968773
274134983
274301193
274467402
274633612
274799821
274966031
275132241
275309531
275475740
275641950
275808160
275974369
276140579
276306788
276472998
276639207
276805417
276971627
277137836
277304046
277470255
277636465
277802674
277968884
278135093
278301303
278467512
278633722
278799932
278966141
279132351
279309641
279475851
279642060
279808270
279974479
280140689
280306899
280473108
280639318
280805527
280971737
281137946
281304156
281470366
281636575
281802785
281968994
282135204
282301413
282467623
282633833
282800042
282966251
283132461
283309751
283475961
283642170
283808380
283974589
284140799
284307009
284473218
284639428
284805638
284971847
285138056
285304266
285470476
285636685
285802895
285969105
286135314
286301524
286467733
286633943
286800152
286966362
287132571
287309862
287476071
287642281
287808490
287974700
288140910
288307119
288473329
288639538
288805748
288971958
289138167
289304377
289470586
289636796
289803005
289969215
290135424
290301634
290467844
290634053
290800263
290966472
291132682
291309972
291476182
291642391
291808601
291974810
292141020
292307229
292473439
292639649
292805858
292972068
293138277
293304487
293470696
293636906
293803116
293969325
294135535
294301744
294467954
294634164
294800373
294966582
295132792
295310082
295476292
295642501
295808711
295974920
296141130
296307340
296473549
296639759
296805968
296972178
297138387
297304597
297470807
297637016
297803226
297969435
298135645
298301854
298468064
298634273
298800483
298966693
299132902
299299112
299476402
299642612
299808821
299975031
300141241
300307450
300473660
300639869
300806079
300972288
301138498
301304707
301470917
301637127
301803336
301969546
302135755
302301965
302468174
302634384
302800594
302966803
303133013
303299222
303476513
303642722
303808932
303975141
304141351
304307560
304473770
304639979
304806189
304972398
305138608
305304818
305471027
305637237
305803446
305969656
306135866
306302075
306468285
306634494
306800704
306966914
307133123
307299333
307476623
307642832
307809042
307975251
308141461
308307670
308473880
308640090
308806299
308972509
309138718
309304928
309471137
309637347
309803556
309969766
310135976
310302185
310468395
310634604
310800814
310967023
311133233
311299443
311476733
311642942
311809152
311975362
312141571
312307781
312473990
312640200
312806410
312972619
313138829
313305038
313471248
313637457
313803667
313969877
314136086
314302296
314468505
314634715
314800925
314967134
315133344
315299553
315476844
315643053
315809264
315975472
316141682
316307892
316474101
316640310
316806522
316972731
317138939
317305149
317471358
317637568
317803779
317969987
318136197
318302406
318468616
318634825
318801036
318967245
319133455
319299664
319476953
319643163
319809373
319975582
320141792
320308001
320474211
320640420
320806631
320972840
321139049
321305259
321471468
321637678
321803888
321970097
322136307
322302516
322468726
322634935
322801145
322967354
323133564
323299774
323465983
323643274
323809483
323975693
324141902
324308112
324474321
324640531
324806740
324972950
325139160
325305369
325471579
325637788
325803998
325970208
326136417
326302627
326468836
326635046
326801255
326967465
327133675
327299884
327466094
327643384
327809594
327975804
328142013
328308222
328474432
328640641
328806851
328973061
329139270
329305480
329471689
329637899
329804108
329970318
330136528
330302737
330468947
330635157
330801366
330967576
331133785
331299995
331466205
331643494
331809704
331975914
332142123
332308333
332474542
332640751
332806961
332973171
333139380
333305590
333471799
333638009
333804218
333970428
334136638
334302847
334469057
334635266
334801476
334967686
335133895
335300105
335466314
335643605
335809814
335976024
336142234
336308443
336474653
336640862
336807072
336973281
337139491
337305700
337471910
337638120
337804329
337970539
338136748
338302958
338469167
338635377
338801586
338967796
339134006
339300215
339466425
339643715
339809924
339976134
340142345
340308553
340474763
340640972
340807182
340973391
341139601
341305811
341472020
341638230
341804439
341970649
342136859
342303068
342469278
342635487
342801697
342967906
343134116
343300326
343466535
343643825
343810035
343976245
344142454
344308663
344474873
344641083
344807292
344973502
345139711
345305921
345472131
345638340
345804550
345970759
346136969
346303178
346469388
346635597
346801807
346968016
347134226
347300436
347466646
347643936
347810145
347976355
348142564
348308774
348474983
348641193
348807403
348973612
349139822
349306031
349472241
349638451
349804660
349970870
350137079
350303289
350469498
350635708
350801917
350968127
351134337
351300546
351466756
351632966
351810255
351976465
352142675
352308885
352475094
352641303
352807513
352973723
353139932
353306142
353472351
353638561
353804770
353970980
354137190
354303399
354469609
354635818
354802028
354968237
355134447
355300657
355466866
355633075
355810366
355976575
356142785
356308995
356475205
356641414
356807623
356973833
357140042
357306252
357472461
357638671
357804881
357971090
358137300
358303510
358469719
358635928
358802138
358968348
359134557
359300767
359466977
359633186
359810476
359976686
360142895
360309105
360475314
360641524
360807734
360973943
361140153
361306362
361472572
361638782
361804991
361971201
362137410
362303620
362469829
362636039
362802248
362968458
363134668
363300877
363467087
363633296
363810587
363976796
364143006
364309215
364475425
364641634
364807844
364974054
365140264
365306473
365472682
365638892
365805101
365971311
366137521
366303730
366469940
366636149
366802359
366968569
367134778
367300988
367467197
367633407
367810697
367976906
368143116
368309325
368475535
368641745
368807954
368974164
369140373
369306583
369472793
369639002
369805212
369971422
370137631
370303840
370470050
370636259
370802469
370968679
371134888
371301098
371467308
371633517
371810807
371977017
372143226
372309436
372475645
372641855
372808065
372974274
373140484
373306693
373472903
373639113
373805322
373971532
374137741
374303951
374470160
374636370
374802580
374968789
375134999
375301208
375467418
375633628
375810918
375977127
376143338
376309546
376475756
376641967
376808176
376974385
377140594
377306804
377473014
377639225
377805433
377971642
378137852
378304061
378470271
378636482
378802690
378968900
379135109
379301319
379467529
379633739
379799947
379977237
380143447
380309656
380475866
380642076
380808285
380974495
381140704
381306914
381473124
381639334
381805543
381971752
382137962
382304171
382470381
382636591
382802800
382969009
383135219
383301429
383467638
383633849
383800057
383977348
384143558
384309767
384475977
384642186
384808396
384974605
385140815
385307025
385473234
385639444
385805653
385971863
386138072
386304282
386470491
386636701
386802910
386969120
387135330
387301539
387467749
387633958
387800168
387977458
388143668
388309877
388476087
388642296
388808506
388974716
389140925
389307135
389473344
389639554
389805764
389971973
390138183
390304392
390470602
390636811
390803021
390969230
391135440
391301650
391467859
391634069
391800278
391977569
392143778
392309988
392476197
392642407
392808617
392974826
393141035
393307245
393473455
393639664
393805874
393972083
394138293
394304502
394470712
394636922
394803131
394969341
395135551
395301760
395467969
395634179
395800390
395977679
396143888
396310098
396476308
396642517
396808727
396974936
397141146
397307355
397473565
397639775
397805984
397972194
398138403
398304613
398470823
398637032
398803242
398969451
399135661
399301870
399468080
399634289
399800500
399977789
400143999
400310208
400476418
400642628
400808837
400975047
401141257
401307466
401473675
401639885
401806095
401972304
402138514
402304723
402470933
402637142
402803352
402969562
403135771
403301981
403468190
403634400
403800609
403977900
404144109
404310319
404476528
404642738
404808947
404975157
405141366
405307576
405473786
405639995
405806205
405972415
406138624
406304833
406471043
406637253
406803462
406969672
407135881
407302091
407468300
407634510
407800720
407966929
408144220
408310429
408476639
408642849
408809058
408975267
409141477
409307686
409473896
409640106
409806315
409972525
410138735
410304944
410471154
410637363
410803573
410969782
411135992
411302201
411468411
411634620
411800830
411967040
412144330
412310539
412476749
412642959
412809168
412975378
413141587
413307797
413474006
413640216
413806426
413972635
414138845
414305055
414471264
414637473
414803683
414969893
415136103
415302312
415468521
415634731
415800940
415967150
416144440
416310650
416476859
416643069
416809278
416975488
417141698
417307907
417474117
417640326
417806536
417972745
418138955
418305165
418471374
418637584
418803793
418970003
419136212
419302422
419468632
419634841
419801051
419967261
420144550
420310760
420476970
420643179
420809389
420975598
421141808
421308018
421474227
421640437
421806646
421972856
422139065
422305275
422471485
422637694
422803904
422970113
423136323
423302532
423468742
423634951
423801161
423967371
424144661
424310871
424477080
424643290
424809500
424975709
425141918
425308128
425474338
425640547
425806757
425972966
426139176
426305386
426471595
426637805
426804014
426970224
427136433
427302643
427468852
427635062
427801271
427967481
428144771
428310981
428477190
428643400
428809610
428975819
429142029
429308238
429474448
429640658
429806867
429973076
430139286
430305496
430471705
430637915
430804124
430970334
431136544
431302753
431468963
431635172
431801382
431967591
432144882
432311091
432477301
432643510
432809720
432975930
433142139
433308349
433474558
433640768
433806978
433973187
434139397
434305606
434471816
434638025
434804235
434970445
435136654
435302864
435469073
435635283
435801492
435967702
436133911
436311203
436477413
436643621
436809831
436976040
437142250
437308459
437474670
437640879
437807088
437973298
438139507
438305717
438471928
438638136
438804345
438970556
439136765
439302974
439469184
439635393
439801603
439967812
440134022
440311312
440477522
440643731
440809940
440976150
441142360
441308569
441474780
441640989
441807198
441973407
442139617
442305827
442472037
442638246
442804455
442970665
443136875
443303084
443469295
443635503
443801713
443967922
444134132
444311422
444477632
444643841
444810051
444976261
445142470
445308680
445474889
445641099
445807308
445973518
446139727
446305937
446472147
446638356
446804566
446970775
447136985
447303195
447469404
447635614
447801824
447968033
448134242
448311533
448477742
448643952
448810161
448976371
449142581
449308790
449475000
449641209
449807419
449973628
450139838
450306048
450472257
450638467
450804676
450970886
451137096
451303305
451469515
451635724
451801934
451968143
452134353
452311643
452477853
452644062
452810272
452976481
453142691
453308900
453475110
453641320
453807529
453973739
454139948
454306158
454472367
454638577
454804787
454970996
455137206
455303415
455469625
455635834
455802044
455968254
456134463
456311754
456477963
456644173
456810382
456976592
457142801
457309011
457475220
457641430
457807640
457973849
458140059
458306268
458472478
458638688
458804897
458971106
459137316
459303526
459469735
459635945
459802155
459968364
460134573
460300783
460478073
460644283
460810493
460976702
461142912
461309121
461475331
461641540
461807750
461973959
462140169
462306379
462472588
462638798
462805008
462971217
463137427
463303636
463469846
463636055
463802266
463968475
464134684
464300893
464478184
464644393
464810603
464976812
465143022
465309231
465475441
465641650
465807861
465974070
466140279
466306489
466472698
466638908
466805118
466971327
467137537
467303746
467469956
467636165
467802376
467968585
468134794
468301004
468478294
468644504
468810713
468976923
469143132
469309342
469475552
469641761
469807971
469974180
470140390
470306599
470472809
470639018
470805228
470971438
471137647
471303857
471470066
471636276
471802486
471968695
472134905
472301114
472478404
472644614
472810824
472977033
473143243
473309452
473475662
473641871
473808081
473974291
474140500
474306710
474472919
474639129
474805338
474971548
475137758
475303967
475470177
475636386
475802597
475968806
476135015
476301225
476478515
476644724
476810934
476977143
477143353
477309563
477475772
477641982
477808191
477974401
478140610
478306820
478473030
478639239
478805449
478971659
479137868
479304077
479470287
479636497
479802706
479968916
480135125
480301335
480478625
480644835
480811044
480977254
481143463
481309673
481475883
481642093
481808302
481974512
482140721
482306931
482473140
482639350
482805559
482971769
483137978
483304188
483470397
483636607
483802817
483969026
484135236
484301446
484478736
484644945
484811155
484977365
485143575
485309784
485475993
485642203
485808412
485974622
486140831
486307041
486473251
486639460
486805670
486971879
487138089
487304298
487470508
487636718
487802928
487969137
488135346
488301556
488467766
488645055
488811265
488977475
489143684
489309894
489476103
489642313
489808522
489974732
490140942
490307151
490473361
490639570
490805780
490971989
491138199
491304409
491470618
491636828
491803038
491969247
492135457
492301666
492467876
492645166
492811375
492977585
493143795
493310004
493476214
493642423
493808633
493974842
494141052
494307262
494473472
494639681
494805890
494972100
495138310
495304519
495470728
495636938
495803148
495969357
496135567
496301777
496467986
496645277
496811486
496977696
497143907
497310116
497476324
497642534
497808744
497974953
498141163
498307374
498473582
498639792
498806001
498972210
499138420
499304630
499470839
499637049
499803258
499969468
500135678
500301888
500468097
500645387
500811596
500977806
501144015
501310226
501476434
501642644
501808854
501975063
502141273
502307483
502473692
502639901
502806111
502972321
503138530
503304740
503470949
503637159
503803369
503969578
504135788
504301998
504468207
504645497
504811707
504977916
505144126
505310335
505476545
505642754
505808964
505975174
506141383
506307593
506473803
506640012
506806221
506972431
507138641
507304850
507471060
507637269
507803479
507969689
508135898
508302108
508468317
508645607
508811817
508978027
509144236
509310446
509476655
509642865
509809075
509975284
510141494
510307703
510473913
510640122
510806332
510972541
511138751
511304961
511471170
511637380
511803590
511969799
512136009
512302218
512468428
512645718
512811927
512978137
513144346
513310556
513476766
513642975
513809185
513975394
514141604
514307814
514474023
514640233
514806442
514972652
515138861
515305071
515471281
515637490
515803700
515969909
516136119
516302328
516468538
516634747
516812038
516978248
517144457
517310667
517476876
517643086
517809295
517975505
518141715
518307924
518474134
518640343
518806553
518972762
519138972
519305182
519471391
519637601
519803810
519970020
520136229
520302439
520468649
520634858
520812148
520978358
521144567
521310777
521476987
521643196
521809406
521975615
522141825
522308035
522474244
522640454
522806663
522972873
523139082
523305292
523471502
523637711
523803921
523970130
524136340
524302549
524468759
524634969
524812258
524978468
525144678
525310887
525477097
525643307
525809516
525975726
526141935
526308145
526474354
526640564
526806773
526972983
527139192
527305402
527471612
527637822
527804031
527970241
528136450
528302660
528468869
528635079
528812369
528978579
529144788
529310998
529477208
529643417
529809627
529975836
530142046
530308255
530474465
530640674
530806884
530973094
531139303
531305513
531471722
531637932
531804142
531970351
532136561
532302770
532468980
532635189
532812480
532978690
533144899
533311108
533477318
533643528
533809737
533975947
534142156
534308366
534474575
534640785
534806995
534973204
535139413
535305623
535471833
535638042
535804253
535970462
536136671
536302881
536469090
536635300
536812590
536978799
537145009
537311219
537477428
537643638
537809848
537976057
538142266
538308476
538474686
538640895
538807105
538973314
539139525
539305734
539471943
539638153
539804363
539970572
540136781
540302991
540469201
540635410
540812700
540978910
541145120
541311329
541477539
541643748
541809958
541976168
542142377
542308587
542474796
542641006
542807215
542973425
543139634
543305844
543472054
543638263
543804473
543970682
544136892
544303102
544469311
544635521
544801730
544979021
545145230
545311440
545477649
545643859
545810069
545976278
546142488
546308697
546474907
546641116
546807326
546973535
547139745
547305955
547472164
547638374
547804583
547970793
548137002
548303212
548469422
548635631
548801841
548979132
549145340
549311550
549477759
549643969
549810179
549976388
550142598
550308807
550475017
550641227
550807436
550973646
551139855
551306065
551472274
551638484
551804694
551970904
552137113
552303322
552469532
552635741
552801951
552979241
553145451
553311661
553477870
553644080
553810289
553976499
554142708
554308918
554475127
554641337
554807547
554973756
555139966
555306175
555472385
555638595
555804804
555971014
556137223
556303433
556469642
556635852
556802062
556979352
557145563
557311771
557477981
557644190
557810400
557976609
558142820
558309029
558475238
558641448
558807658
558973868
559140077
559306286
559472496
559638706
559804915
559971124
560137335
560303544
560469753
560635963
560802172
560979462
561145672
561311881
561478091
561644301
561810510
561976719
562142930
562309138
562475348
562641558
562807767
562973977
563140187
563306396
563472606
563638815
563805025
563971234
564137445
564303653
564469863
564636073
564802282
564979572
565145782
565311992
565478201
565644411
565810620
565976830
566143039
566309249
566475459
566641668
566807878
566974087
567140297
567306507
567472716
567638926
567805135
567971345
568137555
568303764
568469974
568636183
568802393
568979683
569145893
569312102
569478312
569644521
569810731
569976940
570143150
570309360
570475569
570641779
570807988
570974198
571140407
571306617
571472826
571639036
571805245
571971455
572137665
572303875
572470084
572636294
572802503
572968713
573146003
573312213
573478422
573644632
573810841
573977051
574143260
574309470
574475680
574641889
574808099
574974308
575140518
575306728
575472937
575639146
575805356
575971566
576137775
576303985
576470194
576636404
576802614
576968823
577146113
577312323
577478533
577644742
577810952
577977161
578143371
578309580
578475790
578641999
578808209
578974419
579140628
579306838
579473048
579639257
579805467
579971676
580137886
580304095
580470305
580636515
580802724
580968933
581146224
581312433
581478643
581644852
581811062
581977272
582143482
582309691
582475900
582642110
582808320
582974529
583140739
583306948
583473158
583639368
583805577
583971786
584137996
584304206
584470415
584636625
584802834
584969044
585146334
585312544
585478753
585644963
585811172
585977382
586143591
586309801
586476011
586642220
586808430
586974640
587140849
587307059
587473268
587639478
587805687
587971897
588138106
588304316
588470526
588636735
588802945
588969154
589146445
589312654
589478864
589645074
589811283
589977493
590143702
590309912
590476121
590642331
590808541
590974750
591140959
591307169
591473379
591639588
591805798
591972007
592138217
592304427
592470636
592636846
592803055
592969265
593146555
593312765
593478974
593645184
593811394
593977603
594143812
594310022
594476232
594642441
594808651
594974860
595141070
595307280
595473489
595639699
595805908
595972118
596138328
596304537
596470747
596636956
596803166
596969375
597135585
597312875
597479085
597645294
597811504
597977713
598143923
598310133
598476342
598642552
598808761
598974971
599141181
599307390
599473599
599639809
599806019
599972228
600138438
600304647
600470857
600637067
600803276
600969486
601135695
601312986
601479195
601645405
601811614
601977824
602144033
602310243
602476453
602642662
602808872
602975081
603141291
603307500
603473710
603639920
603806129
603972339
604138548
604304758
604470968
604637177
604803387
604969597
605135806
605313096
605479306
605645515
605811725
605977935
606144144
606310354
606476563
606642773
606808982
606975192
607141401
607307611
607473820
607640030
607806241
607972449
608138659
608304868
608471078
608637288
608803497
608969707
609135916
609313206
609479416
609645626
609811836
609978045
610144254
610310464
610476674
610642883
610809093
610975302
611141512
611307721
611473931
611640141
611806350
611972560
612138769
612304979
612471189
612637398
612803608
612969817
613136027
613313317
613479526
613645736
613811946
613978155
614144365
614310575
614476784
614642994
614809203
614975413
615141622
615307832
615474042
615640251
615806461
615972670
616138880
616305089
616471299
616637509
616803718
616969928
617136137
617313428
617479637
617645847
617812056
617978268
618144476
618310685
618476895
618643104
618809314
618975524
619141733
619307943
619474152
619640362
619806572
619972782
620138990
620305200
620471410
620637619
620803829
620970040
621136248
621313538
621479747
621645957
621812167
621978377
622144586
622310795
622477005
622643215
622809424
622975634
623141843
623308053
623474263
623640472
623806681
623972892
624139101
624305310
624471520
624637729
624803939
624970149
625136358
625302568
625479858
625646068
625812277
625978487
626144696
626310906
626477115
626643325
626809535
626975744
627141954
627308164
627474373
627640583
627806792
627973002
628139211
628305421
628471630
628637840
628804049
628970259
629136469
629302679
629479969
629646178
629812388
629978597
630144807
630311016
630477226
630643436
630809645
630975855
631142064
631308274
631474484
631640693
631806903
631973113
632139322
632305531
632471741
632637950
632804160
632970370
633136579
633302789
633480079
633646288
633812498
633978708
634144917
634311127
634477336
634643546
634809755
634975965
635142175
635308384
635474594
635640803
635807013
635973223
636139432
636305642
636471851
636638061
636804270
636970480
637136690
637302899
637480189
637646399
637812609
637978818
638145028
638311237
638477447
638643657
638809866
638976076
639142285
639308495
639474704
639640914
639807124
639973333
640139543
640305752
640471962
640638171
640804381
640970591
641136800
641303010
641480300
641646510
641812719
641978929
642145138
642311348
642477557
642643767
642809977
642976186
643142396
643308606
643474815
643641024
643807234
643973443
644139653
644305863
644472072
644638282
644804492
644970701
645136911
645303120
645480410
645646620
645812830
645979039
646145249
646311459
646477668
646643877
646810087
646976296
647142506
647308716
647474925
647641135
647807344
647973554
648139764
648305974
648472183
648638392
648804602
648970811
649137021
649303231
649480521
649646731
649812940
649979150
650145359
650311569
650477778
650643988
650810197
650976407
651142617
651308826
651475036
651641245
651807455
651973665
652139874
652306084
652472293
652638503
652804713
652970922
653137131
653303341
653469551
653646841
653813051
653979260
654145470
654311679
654477889
654644098
654810308
654976518
655142727
655308937
655475147
655641356
655807565
655973775
656139985
656306194
656472404
656638613
656804823
656971032
657137242
657303452
657469662
657646952
657813161
657979371
658145580
658311790
658477999
658644209
658810418
658976628
659142838
659309047
659475257
659641467
659807676
659973885
660140095
660306305
660472514
660638724
660804933
660971143
661137352
661303562
661469772
661647062
661813271
661979481
662145691
662311900
662478110
662644320
662810529
662976738
663142948
663309158
663475367
663641577
663807787
663973996
664140206
664306415
664472625
664638834
664805044
664971254
665137463
665303673
665469882
665647173
665813382
665979592
666145801
666312011
666478220
666644430
666810640
666976849
667143059
667309268
667475478
667641688
667807897
667974107
668140316
668306526
668472735
668638945
668805155
668971364
669137574
669303783
669469993
669647283
669813492
669979702
670145912
670312121
670478331
670644541
670810750
670976959
671143169
671309379
671475588
671641798
671808007
671974217
672140427
672306636
672472846
672639055
672805265
672971474
673137684
673303893
673470103
673647394
673813603
673979813
674146022
674312232
674478441
674644651
674810860
674977070
675143280
675309489
675475699
675641908
675808118
675974327
676140537
676306747
676472957
676639166
676805376
676971585
677137795
677304004
677470214
677647506
677813715
677979924
678146133
678312343
678478552
678644762
678810972
678977181
679143390
679309600
679475810
679642019
679808230
679974438
680140648
680306858
680473067
680639277
680805488
680971696
681137907
681304115
681470324
681636534
681813824
681980034
682146243
682312453
682478662
682644872
682811082
682977291
683143500
683309710
683475920
683642129
683808340
683974549
684140758
684306967
684473177
684639387
684805597
684971806
685138015
685304225
685470435
685636644
685813934
685980144
686146354
686312564
686478773
686644982
686811192
686977402
687143611
687309821
687476030
687642240
687808450
687974659
688140869
688307078
688473288
688639497
688805707
688971916
689138126
689304336
689470545
689636755
689814045
689980255
690146464
690312674
690478884
690645093
690811303
690977512
691143722
691309931
691476141
691642350
691808560
691974770
692140979
692307189
692473398
692639608
692805817
692972027
693138236
693304446
693470656
693636865
693814155
693980365
694146574
694312784
694478994
694645203
694811413
694977623
695143832
695310042
695476251
695642461
695808671
695974880
696141089
696307299
696473509
696639718
696805928
696972138
697138347
697304556
697470766
697636976
697814266
697980476
698146685
698312895
698479105
698645314
698811523
698977733
699143943
699310152
699476362
699642571
699808781
699974991
700141200
700307410
700473619
700639829
700806038
700972248
701138457
701304667
701470877
701637086
701814377
701980586
702146796
702313005
702479215
702645424
702811634
702977844
703144053
703310263
703476472
703642682
703808892
703975101
704141311
704307520
704473730
704639939
704806149
704972358
705138568
705304778
705470988
705637197
705814487
705980697
706146906
706313116
706479325
706645535
706811744
706977954
707144164
707310373
707476583
707642792
707809002
707975211
708141421
708307631
708473840
708640050
708806259
708972469
709138679
709304888
709471098
709637307
709803517
709980807
710147017
710313227
710479436
710645645
710811855
710978065
711144274
711310484
711476693
711642903
711809113
711975322
712141532
712307742
712473951
712640160
712806370
712972580
713138789
713304999
713471208
713637418
713803628
713980918
714147127
714313338
714479546
714645756
714811966
714978175
715144385
715310594
715476804
715643013
715809223
715975433
716141642
716307852
716474061
716640271
716806481
716972690
717138900
717305109
717471319
717637528
717803738
717981028
718147238
718313448
718479657
718645866
718812076
718978286
719144495
719310705
719476914
719643124
719809333
719975543
720141753
720307962
720474172
720640381
720806591
720972801
721139010
721305220
721471429
721637639
721803848
721981139
722147348
722313558
722479767
722645977
722812186
722978396
723144606
723310815
723477025
723643234
723809444
723975654
724141863
724308073
724474282
724640492
724806701
724972911
725139121
725305330
725471540
725637749
725803959
725981249
726147459
726313668
726479878
726646087
726812297
726978507
727144716
727310926
727477135
727643345
727809555
727975764
728141974
728308183
728474393
728640602
728806812
728973022
729139231
729305441
729471650
729637860
729804070
729981360
730147569
730313779
730479988
730646198
730812407
730978617
731144827
731311036
731477246
731643455
731809665
731975875
732142084
732308293
732474503
732640713
732806922
732973132
733139341
733305551
733471761
733637970
733804180
733970389
734147680
734313889
734480099
734646309
734812518
734978728
735144937
735311147
735477356
735643566
735809776
735975985
736142195
736308404
736474614
736640823
736807033
736973243
737139452
737305662
737471871
737638081
737804290
737970500
738147790
738314000
738480210
738646420
738812629
738978838
739145048
739311258
739477467
739643677
739809886
739976096
740142305
740308515
740474725
740640935
740807144
740973353
741139563
741305772
741471984
741638193
741804401
741970611
742147901
742314110
742480320
742646530
742812739
742978948
743145158
743311367
743477577
743643787
743809996
743976206
744142415
744308625
744474835
744641045
744807254
744973463
745139673
745305882
745472092
745638303
745804511
745970721
746148011
746314221
746480430
746646640
746812850
746979059
747145269
747311478
747477688
747643897
747810107
747976316
748142526
748308736
748474945
748641155
748807364
748973574
749139783
749305993
749472203
749638412
749804622
749970831
750148122
750314331
750480541
750646750
750812960
750979170
751145379
751311589
751477798
751644008
751810218
751976427
752142637
752308846
752475056
752641265
752807475
752973685
753139894
753306104
753472313
753638523
753804732
753970942
754148232
754314442
754480651
754646861
754813071
754979280
755145489
755311699
755477909
755644119
755810328
755976537
756142747
756308957
756475166
756641376
756807586
756973795
757140004
757306214
757472423
757638633
757804843
757971052
758148343
758314552
758480762
758646971
758813181
758979391
759145600
759311810
759478019
759644229
759810438
759976648
760142857
760309067
760475277
760641487
760807696
760973905
761140115
761306325
761472534
761638744
761804953
761971163
762137373
762314663
762480872
762647083
762813292
762979501
763145711
763311920
763478130
763644339
763810549
763976759
764142968
764309178
764475387
764641597
764807807
764974016
765140226
765306435
765472645
765638855
765805064
765971274
766137483
766314773
766480983
766647192
766813402
766979612
767145821
767312031
767478240
767644450
767810659
767976869
768143079
768309288
768475498
768641707
768807917
768974126
769140336
769306546
769472755
769638965
769805174
769971384
770137594
770314884
770481093
770647303
770813512
770979722
771145932
771312141
771478351
771644560
771810770
771976979
772143189
772309399
772475608
772641818
772808027
772974237
773140447
773306656
773472866
773639076
773805285
773971494
774137704
774314994
774481204
774647414
774813623
774979833
775146042
775312252
775478461
775644671
775810881
775977090
776143300
776309509
776475719
776641929
776808138
776974348
777140557
777306767
777472976
777639186
777805395
777971606
778137815
778315105
778481314
778647524
778813733
778979943
779146153
779312363
779478572
779644781
779810991
779977201
780143411
780309619
780475829
780642039
780808248
780974458
781140668
781306877
781473087
781639296
781805506
781971716
782137925
782315215
782481425
782647634
782813844
782980054
783146263
783312473
783478682
783644892
783811102
783977311
784143521
784309730
784475940
784642150
784808359
784974568
785140778
785306988
785473198
785639407
785805616
785971826
786138036
786315326
786481535
786647745
786813955
786980164
787146374
787312583
787478793
787645003
787811212
787977422
788143631
788309841
788476050
788642260
788808470
788974679
789140889
789307098
789473309
789639517
789805727
789971937
790138146
790304356
790481646
790647855
790814065
790980274
791146484
791312694
791478904
791645113
791811323
791977532
792143742
792309951
792476161
792642370
792808580
792974789
793140999
793307209
793473418
793639628
793805838
793972047
794138257
794304467
794481756
794647966
794814176
794980385
795146595
795312804
795479014
795645223
795811433
795977643
796143852
796310062
796476271
796642481
796808690
796974900
797141110
797307319
797473529
797639738
797805948
797972157
798138367
798304577
798481868
798648077
798814286
798980496
799146705
799312915
799479126
799645334
799811544
799977753
800143963
800310172
800476384
800642592
800808801
800975011
801141221
801307430
801473640
801639850
801806059
801972268
802138478
802304688
802481978
802648187
802814396
802980606
803146816
803313025
803479235
803645444
803811654
803977864
804144073
804310283
804476493
804642702
804808912
804975121
805141330
805307540
805473751
805639959
805806169
805972378
806138588
806304798
806482088
806648298
806814507
806980717
807146926
807313136
807479346
807645555
807811765
807977974
808144184
808310394
808476603
808642813
808809022
808975232
809141441
809307651
809473860
809640070
809806280
809972489
810138699
810304908
810482199
810648408
810814618
810980827
811147037
811313247
811479456
811645666
811811875
811978085
812144294
812310504
812476713
812642923
812809133
812975342
813141552
813307762
813473971
813640181
813806390
813972600
814138809
814305019
814482309
814648519
814814728
814980938
815147147
815313357
815479567
815645777
815811986
815978195
816144405
816310614
816476824
816643034
816809243
816975453
817141662
817307872
817474082
817640291
817806501
817972710
818138920
818305129
818471339
818648629
818814839
818981049
819147258
819313468
819479677
819645887
819812096
819978306
820144515
820310725
820476935
820643144
820809354
820975564
821141773
821307982
821474192
821640402
821806611
821972821
822139030
822305240
822471450
822648740
822814949
822981159
823147369
823313578
823479788
823645998
823812207
823978416
824144626
824310836
824477045
824643255
824809464
824975674
825141884
825308093
825474303
825640512
825806722
825972931
826139141
826305350
826471560
826648850
826815060
826981269
827147479
827313689
827479898
827646108
827812317
827978527
828144736
828310946
828477155
828643365
828809575
828975784
829141994
829308204
829474413
829640623
829806833
829973042
830139251
830305461
830471670
830648961
830815170
830981380
831147590
831313799
831480009
831646218
831812428
831978637
832144847
832311057
832477266
832643476
832809685
832975895
833142105
833308314
833474524
833640733
833806943
833973152
834139362
834305572
834471781
834649071
834815281
834981491
835147700
835313910
835480119
835646329
835812539
835978748
836144957
836311167
836477377
836643586
836809796
836976007
837142215
837308425
837474634
837640844
837807053
837973263
838139473
838305682
838471892
838649182
838815392
838981601
839147811
839314020
839480230
839646439
839812649
839978859
840145068
840311277
840477487
840643697
840809906
840976117
841142326
841308535
841474745
841640954
841807164
841973373
842139583
842305793
842472002
842638212
842815502
842981712
843147921
843314131
843480340
843646550
843812759
843978969
844145179
844311388
844477598
844643807
844810017
844976227
845142436
845308646
845474855
845641065
845807274
845973484
846139694
846305904
846472113
846638322
846815613
846981822
847148032
847314241
847480451
847646661
847812870
847979080
848145289
848311499
848477708
848643918
848810128
848976337
849142547
849308756
849474966
849641175
849807385
849973595
850139804
850306016
850472223
850638433
850815723
850981933
851148142
851314352
851480561
851646771
851812980
851979190
852145400
852311610
852477819
852644028
852810238
852976448
853142658
853308867
853475076
853641286
853807495
853973705
854139915
854306124
854472334
854638543
854815834
854982043
855148253
855314462
855480672
855646882
855813091
855979301
856145510
856311720
856477930
856644139
856810349
856976559
857142768
857308977
857475187
857641397
857807606
857973816
858140025
858306235
858472444
858638654
858815945
858982154
859148364
859314574
859480783
859646994
859813202
859979412
860145621
860311832
860478040
860644250
860810459
860976669
861142879
861309090
861475298
861641507
861807717
861973926
862140136
862306347
862472555
862638765
862816055
862982265
863148474
863314684
863480893
863647103
863813312
863979522
864145731
864311940
864478150
864644359
864810569
864976778
865142988
865309198
865475407
865641617
865807827
865974036
866140246
866306455
866472665
866638874
866816164
866982374
867148584
867314793
867481003
867647212
867813422
867979632
868145841
868312052
868478261
868644471
868810680
868976890
869143100
869309309
869475519
869641728
869807938
869974147
870140357
870306566
870472776
870638986
870805195
870982485
871148695
871314905
871481114
871647323
871813533
871979744
872145952
872312162
872478372
872644581
872810791
872977000
873143210
873309419
873475629
873641839
873808048
873974258
874140468
874306677
874472886
874639096
874805306
874982596
875148805
875315015
875481225
875647434
875813644
875979853
876146063
876312272
876478482
876644692
876810901
876977110
877143320
877309530
877475740
877641949
877808158
877974368
878140578
878306787
878472997
878639206
878805416
878982706
879148916
879315125
879481335
879647544
879813754
879979964
880146173
880312383
880478592
880644802
880811011
880977221
881143430
881309640
881475850
881642059
881808269
881974478
882140688
882306898
882473107
882639317
882805526
882982817
883149026
883315236
883481445
883647655
883813864
883980074
884146283
884312493
884478703
884644912
884811122
884977331
885143541
885309750
885475960
885642170
885808379
885974589
886140799
886307008
886473218
886639427
886805637
886982927
887149136
887315346
887481556
887647765
887813975
887980184
888146394
888312604
888478813
888645023
888811232
888977442
889143651
889309861
889476070
889642280
889808490
889974699
890140909
890307118
890473328
890639538
890805747
890983038
891149247
891315457
891481666
891647876
891814085
891980295
892146504
892312714
892478924
892645133
892811343
892977552
893143762
893309971
893476181
893642391
893808600
893974810
894141019
894307229
894473439
894639648
894805858
894983148
895149358
895315567
895481777
895647986
895814197
895980405
896146615
896312825
896479034
896645244
896811453
896977663
897143873
897310082
897476292
897642501
897808711
897974921
898141130
898307340
898473549
898639759
898805968
898972178
899149468
899315677
899481887
899648097
899814306
899980516
900146725
900312935
900479144
900645354
900811564
900977773
901143983
901310192
901476402
901642612
901808821
901975031
902141240
902307450
902473659
902639869
902806079
902972288
903149579
903315788
903481998
903648207
903814417
903980626
904146836
904313045
904479255
904645465
904811674
904977884
905144093
905310303
905476513
905642722
905808932
905975141
906141351
906307561
906473770
906639980
906806189
906972399
907149689
907315899
907482108
907648318
907814527
907980737
908146946
908313156
908479365
908645575
908811785
908977994
909144204
909310414
909476623
909642833
909809042
909975252
910141461
910307671
910473881
910640090
910806300
910972509
911149799
911316009
911482219
911648428
911814638
911980848
912147057
912313266
912479476
912645686
912811895
912978105
913144315
913310524
913476734
913642943
913809153
913975362
914141572
914307781
914473991
914640201
914806410
914972620
915149910
915316120
915482329
915648539
915814748
915980958
916147168
916313377
916479587
916645796
916812006
916978215
917144425
917310635
917476844
917643054
917809263
917975473
918141683
918307892
918474102
918640311
918806521
918972731
919150022
919316230
919482440
919648650
919814859
919981069
920147280
920313488
920479698
920645907
920812117
920978326
921144536
921310746
921476955
921643165
921809375
921975584
922141795
922308003
922474213
922640422
922806632
922972841
923150131
923316341
923482550
923648760
923814970
923981179
924147389
924313598
924479808
924646017
924812227
924978436
925144647
925310856
925477065
925643275
925809485
925975694
926141904
926308113
926474323
926640533
926806742
926972951
927139162
927316451
927482661
927648871
927815081
927981290
928147499
928313709
928479918
928646128
928812338
928978547
929144757
929310966
929477176
929643386
929809595
929975805
930142014
930308224
930474433
930640643
930806852
930973062
931139272
931316563
931482772
931648981
931815192
931981401
932147610
932313821
932480030
932646239
932812448
932978658
933144868
933311079
933477287
933643496
933809706
933975915
934142125
934308336
934474545
934640754
934806964
934973173
935139382
935316673
935482882
935649092
935815301
935981511
936147720
936313930
936480140
936646349
936812559
936978768
937144978
937311188
937477397
937643606
937809816
937976026
938142235
938308445
938474654
938640864
938807073
938973283
939139493
939316783
939482993
939649202
939815412
939981621
940147831
940314041
940480250
940646460
940812669
940978879
941145089
941311298
941477508
941643717
941809927
941976136
942142346
942308555
942474765
942640975
942807184
942973394
943139603
943316894
943483103
943649313
943815523
943981732
944147941
944314151
944480361
944646570
944812780
944978990
945145199
945311409
945477618
945643828
945810037
945976247
946142457
946308666
946474876
946641085
946807295
946973505
947139714
947317004
947483214
947649423
947815633
947981843
948148052
948314262
948480471
948646681
948812890
948979100
949145310
949311519
949477729
949643939
949810148
949976357
950142567
950308777
950474986
950641196
950807405
950973615
951139824
951317115
951483324
951649534
951815744
951981953
952148163
952314372
952480582
952646792
952813001
952979211
953145421
953311630
953477839
953644049
953810259
953976468
954142678
954308887
954475097
954641307
954807516
954973726
955139935
955306145
955483435
955649645
955815854
955982064
956148273
956314483
956480693
956646903
956813112
956979321
957145531
957311741
957477950
957644160
957810369
957976579
958142788
958308998
958475208
958641417
958807627
958973836
959140046
959306255
959483546
959649756
959815965
959982174
960148384
960314593
960480803
960647013
960813222
960979432
961145641
961311851
961478061
961644270
961810480
961976689
962142899
962309108
962475318
962641528
962807737
962973946
963140156
963306366
963483656
963649866
963816075
963982285
964148494
964314704
964480914
964647123
964813333
964979542
965145752
965311961
965478171
965644381
965810591
965976800
966143010
966309219
966475429
966641638
966807848
966974057
967140267
967306477
967483767
967649976
967816186
967982396
968148605
968314815
968481024
968647234
968813444
968979653
969145863
969312072
969478282
969644491
969810701
969976911
970143120
970309330
970475539
970641749
970807958
970974168
971140378
971306587
971483877
971650087
971816297
971982506
972148716
972314925
972481135
972647344
972813554
972979763
973145973
973312183
973478392
973644602
973810811
973977021
974143230
974309440
974475650
974641859
974808069
974974278
975140488
975306698
975483988
975650197
975816408
975982617
976148826
976315036
976481245
976647455
976813665
976979874
977146084
977312293
977478503
977644712
977810922
977977132
978143341
978309551
978475760
978641970
978808180
978974389
979140599
979306808
979473018
979650308
979816518
979982727
980148937
980315146
980481356
980647565
980813775
980979985
981146194
981312404
981478614
981644823
981811033
981977242
982143452
982309662
982475871
982642080
982808290
982974500
983140709
983306919
983473128
983650419
983816628
983982838
984149047
984315257
984481467
984647676
984813886
984980095
985146305
985312514
985478724
985644934
985811143
985977353
986143562
986309772
986475982
986642191
986808400
986974610
987140820
987307029
987473239
987650529
987816739
987982948
988149158
988315367
988481577
988647787
988813996
988980206
989146415
989312625
989478835
989645044
989811254
989977463
990143673
990309882
990476092
990642302
990808511
990974721
991140930
991307140
991473350
991650640
991816850
991983059
992149270
992315478
992481688
992647897
992814107
992980317
993146528
993312737
993478945
993645155
993811365
993977574
994143785
994309994
994476203
994642414
994808622
994974832
995141043
995307251
995473462
995650750
995816960
995983169
996149379
996315589
996481798
996648008
996814217
996980427
997146637
997312846
997479056
997645265
997811475
997977684
998143894
998310104
998476313
998642523
998808732
998974942
999141152
999307361
999473570
999650861
999817070
999983280
1000149490
1000315699
1000481909
1000648118
1000814328
1000980538
1001146747
1001312957
1001479166
1001645376
1001811586
1001977795
1002144005
1002310214
1002476424
1002642633
1002808843
1002975053
1003141263
1003307472
1003473681
1003650972
1003817181
1003983391
1004149600
1004315810
1004482020
1004648229
1004814439
1004980648
1005146858
1005313067
1005479277
1005645486
1005811696
1005977906
1006144115
1006310325
1006476534
1006642744
1006808954
1006975163
1007141373
1007307583
1007473792
1007640002
1007817291
1007983501
1008149711
1008315921
1008482130
1008648340
1008814549
1008980759
1009146968
1009313178
1009479388
1009645597
1009811807
1009978016
1010144226
1010310435
1010476645
1010642855
1010809064
1010975274
1011141483
1011307693
1011473903
1011640112
1011817402
1011983612
1012149821
1012316031
1012482240
1012648450
1012814660
1012980869
1013147079
1013313288
1013479498
1013645708
1013811917
1013978127
1014144336
1014310546
1014476756
1014642965
1014809175
1014975384
1015141594
1015307804
1015474013
1015640223
1015817513
1015983723
1016149932
1016316142
1016482351
1016648561
1016814770
1016980980
1017147190
1017313399
1017479609
1017645818
1017812028
1017978237
1018144447
1018310657
1018476866
1018643076
1018809285
1018975495
1019141705
1019307914
1019474124
1019640333
1019817623
1019983833
1020150042
1020316252
1020482462
1020648672
1020814881
1020981090
1021147300
1021313510
1021479720
1021645929
1021812138
1021978348
1022144558
1022310767
1022476977
1022643186
1022809396
1022975605
1023141815
1023308025
1023474235
1023640444
1023817734
1023983944
1024150153
1024316363
1024482572
1024648782
1024814991
1024981201
1025147411
1025313620
1025479830
1025646040
1025812249
1025978459
1026144668
1026310878
1026477087
1026643297
1026809506
1026975715
1027141925
1027308134
1027474344
1027640554
1027817844
1027984053
1028150263
1028316474
1028482683
1028648893
1028815102
1028981312
1029147521
1029313731
1029479940
1029646150
1029812360
1029978569
1030144779
1030310988
1030477198
1030643408
1030809617
1030975827
1031142036
1031308246
1031474455
1031640665
1031817955
1031984165
1032150374
1032316584
1032482794
1032649003
1032815213
1032981422
1033147632
1033313841
1033480051
1033646261
1033812470
1033978679
1034144889
1034311099
1034477308
1034643518
1034809727
1034975937
1035142147
1035308356
1035474566
1035640775
1035806985
1035984275
1036150485
1036316695
1036482904
1036649114
1036815323
1036981533
1037147742
1037313952
1037480161
1037646371
1037812580
1037978790
1038145000
1038311209
1038477419
1038643629
1038809838
1038976048
1039142257
1039308467
1039474677
1039640886
1039807096
1039984386
1040150595
1040316805
1040483015
1040649224
1040815434
1040981643
1041147853
1041314063
1041480272
1041646481
1041812691
1041978901
1042145110
1042311320
1042477529
1042643739
1042809949
1042976158
1043142368
1043308577
1043474787
1043640997
1043807206
1043984496
1044150706
1044316915
1044483125
1044649334
1044815544
1044981754
1045147963
1045314173
1045480382
1045646592
1045812802
1045979011
1046145221
1046311430
1046477640
1046643849
1046810059
1046976269
1047142478
1047308688
1047474898
1047641107
1047807317
1047984607
1048150817
1048317026
1048483236
1048649445
1048815655
1048981864
1049148074
1049314283
1049480493
1049646703
1049812912
1049979122
1050145332
1050311541
1050477751
1050643960
1050810170
1050976379
1051142589
1051308798
1051475008
1051641218
1051807427
1051984719
1052150928
1052317137
1052483346
1052649556
1052815766
1052981977
1053148185
1053314394
1053480604
1053646815
1053813023
1053979234
1054145442
1054311652
1054477862
1054644071
1054810281
1054976491
1055142700
1055308909
1055475119
1055641328
1055807538
1055984828
1056151038
1056317247
1056483457
1056649666
1056815876
1056982086
1057148295
1057314505
1057480714
1057646924
1057813133
1057979343
1058145553
1058311762
1058477972
1058644181
1058810391
1058976601
1059142810
1059309019
1059475229
1059641439
1059807648
1059984938
1060151148
1060317358
1060483567
1060649777
1060815986
1060982196
1061148406
1061314615
1061480825
1061647034
1061813244
1061979453
1062145663
1062311873
1062478082
1062644292
1062810502
1062976711
1063142920
1063309130
1063475340
1063641549
1063807759
1063973968
1064151259
1064317468
1064483678
1064649888
1064816097
1064982307
1065148516
1065314726
1065480936
1065647145
1065813355
1065979564
1066145774
1066311983
1066478193
1066644403
1066810612
1066976822
1067143031
1067309241
1067475450
1067641661
1067807870
1067974079
1068151369
1068317579
1068483789
1068649998
1068816207
1068982417
1069148627
1069314836
1069481046
1069647255
1069813465
1069979675
1070145884
1070312094
1070478303
1070644513
1070810722
1070976932
1071143142
1071309351
1071475561
1071641771
1071807980
1071974190
1072151480
1072317690
1072483899
1072650109
1072816318
1072982528
1073148737
1073314947
1073481156
1073647366
1073813576
1073979785
1074145995
1074312204
1074478414
1074644624
1074810833
1074977043
1075143252
1075309462
1075475671
1075641881
1075808091
1075974300
1076151591
1076317800
1076484010
1076650219
1076816429
1076982638
1077148848
1077315058
1077481267
1077647477
1077813686
1077979896
1078146105
1078312315
1078478525
1078644734
1078810944
1078977153
1079143363
1079309573
1079475782
1079641992
1079808201
1079974411
1080151701
1080317911
1080484120
1080650330
1080816539
1080982749
1081148959
1081315168
1081481378
1081647587
1081813797
1081980006
1082146216
1082312426
1082478635
1082644845
1082811054
1082977264
1083143474
1083309683
1083475892
1083642102
1083808312
1083974521
1084151812
1084318021
1084484231
1084650440
1084816650
1084982859
1085149069
1085315279
1085481488
1085647698
1085813907
1085980117
1086146327
1086312536
1086478746
1086644955
1086811165
1086977375
1087143584
1087309794
1087476003
1087642213
1087808422
1087974632
1088151922
1088318132
1088484341
1088650551
1088816761
1088982970
1089149180
1089315389
1089481599
1089647809
1089814018
1089980228
1090146437
1090312647
1090478856
1090645066
1090811276
1090977485
1091143695
1091309904
1091476114
1091642324
1091808533
1091974743
1092140952
1092318242
1092484452
1092650661
1092816871
1092983081
1093149290
1093315500
1093481710
1093647919
1093814128
1093980338
1094146548
1094312757
1094478967
1094645176
1094811386
1094977596
1095143805
1095310015
1095476224
1095642434
1095808643
1095974853
1096141062
1096318353
1096484562
1096650772
1096816982
1096983191
1097149401
1097315610
1097481820
1097648030
1097814239
1097980449
1098146658
1098312868
1098479077
1098645287
1098811497
1098977706
1099143916
1099310125
1099476335
1099642545
1099808754
1099974964
1100141173
1100318463
1100484673
1100650883
1100817092
1100983302
1101149512
1101315721
1101481930
1101648140
1101814350
1101980559
1102146769
1102312979
1102479188
1102645398
1102811607
1102977817
1103144026
1103310236
1103476446
1103642656
1103808865
1103975074
1104141284
1104318574
1104484784
1104650993
1104817203
1104983412
1105149622
1105315831
1105482041
1105648251
1105814460
1105980670
1106146879
1106313089
1106479299
1106645508
1106811718
1106977927
1107144137
1107310346
1107476556
1107642766
1107808975
1107975185
1108141394
1108318685
1108484894
1108651104
1108817313
1108983523
1109149732
1109315942
1109482152
1109648361
1109814571
1109980780
1110146990
1110313200
1110479409
1110645619
1110811828
1110978038
1111144248
1111310457
1111476667
1111642876
1111809086
1111975295
1112141505
1112318795
1112485005
1112651215
1112817426
1112983634
1113149843
1113316053
1113482262
1113648472
1113814683
1113980891
1114147101
1114313311
1114479520
1114645729
1114811941
1114978149
1115144358
1115310568
1115476778
1115642988
1115809197
1115975406
1116141616
1116307826
1116485115
1116651325
1116817535
1116983744
1117149953
1117316163
1117482372
1117648582
1117814792
1117981002
1118147211
1118313421
1118479630
1118645840
1118812050
1118978259
1119144468
1119310678
1119476888
1119643097
1119809307
1119975516
1120141726
1120307936
1120485226
1120651435
1120817645
1120983855
1121150064
1121316274
1121482483
1121648693
1121814902
1121981112
1122147322
1122313531
1122479741
1122645950
1122812160
1122978369
1123144579
1123310789
1123476998
1123643208
1123809418
1123975627
1124141836
1124308046
1124485336
1124651546
1124817756
1124983965
1125150175
1125316384
1125482594
1125648804
1125815014
1125981223
1126147432
1126313642
1126479851
1126646061
1126812271
1126978480
1127144690
1127310899
1127477109
1127643318
1127809528
1127975738
1128141947
1128308157
1128485447
1128651657
1128817866
1128984076
1129150285
1129316495
1129482704
1129648914
1129815123
1129981334
1130147543
1130313752
1130479962
1130646171
1130812381
1130978591
1131144800
1131311010
1131477219
1131643429
1131809638
1131975848
1132142057
1132308267
1132485558
1132651767
1132817977
1132984186
1133150396
1133316606
1133482815
1133649024
1133815234
1133981444
1134147653
1134313863
1134480073
1134646282
1134812492
1134978701
1135144911
1135311120
1135477330
1135643539
1135809749
1135975958
1136142168
1136308378
1136485668
1136651878
1136818087
1136984297
1137150506
1137316716
1137482926
1137649135
1137815345
1137981555
1138147764
1138313973
1138480183
1138646392
1138812602
1138978811
1139145021
1139311231
1139477440
1139643650
1139809860
1139976069
1140142279
1140308488
1140485778
1140651988
1140818198
1140984407
1141150617
1141316826
1141483036
1141649246
1141815455
1141981665
1142147875
1142314084
1142480293
1142646503
1142812713
1142978922
1143145132
1143311341
1143477551
1143643761
1143809970
1143976180
1144142390
1144308599
1144474808
1144652099
1144818308
1144984518
1145150728
1145316937
1145483146
1145649356
1145815566
1145981775
1146147985
1146314194
1146480404
1146646613
1146812823
1146979033
1147145242
1147311452
1147477662
1147643871
1147810081
1147976290
1148142500
1148308709
1148474919
1148652209
1148818419
1148984628
1149150838
1149317048
1149483257
1149649466
1149815676
1149981886
1150148096
1150314305
1150480515
1150646724
1150812934
1150979143
1151145353
1151311562
1151477772
1151643982
1151810191
1151976401
1152142610
1152308821
1152475029
1152652319
1152818529
1152984739
1153150948
1153317158
1153483368
1153649577
1153815787
1153981996
1154148206
1154314416
1154480625
1154646834
1154813044
1154979253
1155145463
1155311673
1155477883
1155644092
1155810301
1155976511
1156142721
1156308931
1156475140
1156652430
1156818640
1156984849
1157151059
1157317268
1157483478
1157649687
1157815897
1157982107
1158148316
1158314526
1158480735
1158646945
1158813155
1158979364
1159145574
1159311783
1159477993
1159644202
1159810412
1159976622
1160142831
1160309041
1160475250
1160652541
1160818750
1160984960
1161151169
1161317379
1161483589
1161649798
1161816008
1161982217
1162148427
1162314636
1162480846
1162647055
1162813265
1162979474
1163145684
1163311894
1163478104
1163644313
1163810522
1163976732
1164142942
1164309151
1164475361
1164652651
1164818860
1164985070
1165151279
1165317489
1165483699
1165649908
1165816118
1165982328
1166148537
1166314747
1166480956
1166647166
1166813375
1166979585
1167145795
1167312004
1167478214
1167644423
1167810633
1167976843
1168143052
1168309262
1168475471
1168652762
1168818971
1168985181
1169151390
1169317600
1169483809
1169650019
1169816229
1169982438
1170148648
1170314857
1170481067
1170647276
1170813486
1170979696
1171145905
1171312115
1171478324
1171644534
1171810743
1171976953
1172143163
1172309372
1172475582
1172641791
1172819082
1172985291
1173151501
1173317710
1173483920
1173650131
1173816339
1173982549
1174148760
1174314968
1174481178
1174647389
1174813597
1174979806
1175146016
1175312226
1175478436
1175644645
1175810854
1175977064
1176143274
1176309483
1176475692
1176641904
1176819192
1176985402
1177151611
1177317821
1177484030
1177650241
1177816450
1177982659
1178148869
1178315078
1178481288
1178647498
1178813707
1178979916
1179146126
1179312336
1179478545
1179644756
1179810965
1179977174
1180143384
1180309593
1180475803
1180642013
1180819303
1180985512
1181151722
1181317932
1181484141
1181650351
1181816560
1181982770
1182148979
1182315189
1182481399
1182647608
1182813818
1182980027
1183146237
1183312447
1183478656
1183644865
1183811075
1183977285
1184143494
1184309704
1184475913
1184642123
1184819413
1184985623
1185151833
1185318042
1185484252
1185650461
1185816671
1185982880
1186149090
1186315300
1186481509
1186647719
1186813928
1186980138
1187146347
1187312557
1187478767
1187644976
1187811186
1187977395
1188143605
1188309815
1188476024
1188642234
1188819524
1188985733
1189151943
1189318152
1189484362
1189650572
1189816781
1189982990
1190149200
1190315410
1190481619
1190647829
1190814039
1190980248
1191146458
1191312667
1191478877
1191645087
1191811297
1191977506
1192143715
1192309925
1192476134
1192642344
1192819634
1192985844
1193152054
1193318263
1193484473
1193650682
1193816892
1193983101
1194149311
1194315520
1194481730
1194647940
1194814149
1194980359
1195146568
1195312778
1195478988
1195645197
1195811407
1195977616
1196143826
1196310035
1196476245
1196642455
1196819745
1196985955
1197152164
1197318374
1197484583
1197650793
1197817002
1197983212
1198149421
1198315631
1198481841
1198648050
1198814260
1198980470
1199146679
1199312889
1199479098
1199645308
1199811517
1199977727
