66484.0
265936.0
465387.0
653759.0
875372.0
1063743.0
1274275.0
1473728.0
1673179.0
1872631.0
2072083.0
2271534.0
2470986.0
2670438.0
2869890.0
3069342.0
3268793.0
3468246.0
3667698.0
3867149.0
4066601.0
4266052.0
4465504.0
4676043.0
4864408.0
5074941.0
5274392.0
5473844.0
5673296.0
5872747.0
6072199.0
6271651.0
6471103.0
6670556.0
6870006.0
7069458.0
7268910.0
7468362.0
7667814.0
7867265.0
8066717.0
8266169.0
8465621.0
8665073.0
8875605.0
9075057.0
9274511.0
9473961.0
9673412.0
9872864.0
10072316.0
10271768.0
10471219.0
10670671.0
10870123.0
11069575.0
11269026.0
11468481.0
11667931.0
11867382.0
12066834.0
12266286.0
12465738.0
12676270.0
12875722.0
13075174.0
13274626.0
13474078.0
13673529.0
13872981.0
14072433.0
14271884.0
14471337.0
14670788.0
14870240.0
15069692.0
15269144.0
15468596.0
15668047.0
15867499.0
16066951.0
16266403.0
16476936.0
16665307.0
16875839.0
17075290.0
17274742.0
17474195.0
17673646.0
17873098.0
18072550.0
18272002.0
18471454.0
18670906.0
18870357.0
19069809.0
19269261.0
19468713.0
19668166.0
19867617.0
20067068.0
20266520.0
20477052.0
20676504.0
20875956.0
21075408.0
21263779.0
21474312.0
21673764.0
21873216.0
22072668.0
22272119.0
22471571.0
22671023.0
22870474.0
23069927.0
23280458.0
23468830.0
23668282.0
23867733.0
24067185.0
24277718.0
24477170.0
24676622.0
24876073.0
25075525.0
25274977.0
25474429.0
25673881.0
25873333.0
26072784.0
26272236.0
26471688.0
26671140.0
26870592.0
27070044.0
27269495.0
27480028.0
27668399.0
27878931.0
28078383.0
28277835.0
28477287.0
28676739.0
28876191.0
29075642.0
29275095.0
29474546.0
29673998.0
29873450.0
30072902.0
30272354.0
30471805.0
30671257.0
30870709.0
31070161.0
31269614.0
31469065.0
31668516.0
31879049.0
32078501.0
32277953.0
32477405.0
32676856.0
32876308.0
33075760.0
33275211.0
33474663.0
33674116.0
33873568.0
34073019.0
34272471.0
34471923.0
34671375.0
34870827.0
35070278.0
35269730.0
35480263.0
35679715.0
35879167.0
36078619.0
36278070.0
36477522.0
36676974.0
36876425.0
37075881.0
37275329.0
37474782.0
37674233.0
37873685.0
38073137.0
38272589.0
38472041.0
38671493.0
38870944.0
39070398.0
39269848.0
39480380.0
39679832.0
39879284.0
40078736.0
40278188.0
40477639.0
40677091.0
40876544.0
41075995.0
41275447.0
41474899.0
41674351.0
41873802.0
42073254.0
42272706.0
42472158.0
42671610.0
42871062.0
43081594.0
43281046.0
43480498.0
43679950.0
43868321.0
44078853.0
44278305.0
44477757.0
44677210.0
44876661.0
45076113.0
45275565.0
45475017.0
45674468.0
45885001.0
46073372.0
46272824.0
46472276.0
46671727.0
46882260.0
47081712.0
47281164.0
47480616.0
47680068.0
47879520.0
48078972.0
48278423.0
48477876.0
48677327.0
48876779.0
49076231.0
49275682.0
49475134.0
49674586.0
49874038.0
50073490.0
50272942.0
50472394.0
50671846.0
50882378.0
51081830.0
51281282.0
51480733.0
51680185.0
51879638.0
52079089.0
52278541.0
52477993.0
52677445.0
52876896.0
53076348.0
53275800.0
53475252.0
53674704.0
53874157.0
54073608.0
54273060.0
54483593.0
54683044.0
54882496.0
55081947.0
55281399.0
55480851.0
55680303.0
55879755.0
56079207.0
56278659.0
56478111.0
56677563.0
56877014.0
57076466.0
57275918.0
57475370.0
57674822.0
57874274.0
58073726.0
58273178.0
58483710.0
58683163.0
58882615.0
59082066.0
59281519.0
59480969.0
59680422.0
59879874.0
60079326.0
60278777.0
60478229.0
60677682.0
60877133.0
61076585.0
61276037.0
61475489.0
61674942.0
61874393.0
62084924.0
62284376.0
62483828.0
62683280.0
62882732.0
63082184.0
63281635.0
63481088.0
63680540.0
63879991.0
64079443.0
64278895.0
64478347.0
64677799.0
64877251.0
65076702.0
65276154.0
65475606.0
65675058.0
65874510.0
66085043.0
66273414.0
66472865.0
66683398.0
66882850.0
67082302.0
67281753.0
67481205.0
67680657.0
67880109.0
68079561.0
68279013.0
68489545.0
68677916.0
68877368.0
69076820.0
69276272.0
69475725.0
69675176.0
69874628.0
70085160.0
70284612.0
70484064.0
70683516.0
70882968.0
71082420.0
71281871.0
71481324.0
71680775.0
71880227.0
72079679.0
72279131.0
72478583.0
72678035.0
72877486.0
73076939.0
73276390.0
73475844.0
73675294.0
73885827.0
74085278.0
74284730.0
74484183.0
74683634.0
74883086.0
75082538.0
75281989.0
75481441.0
75680894.0
75880345.0
76079797.0
76279249.0
76478702.0
76678153.0
76877604.0
77077056.0
77276508.0
77487043.0
77686492.0
77885944.0
78085396.0
78284848.0
78484300.0
78683752.0
78883204.0
79082656.0
79282108.0
79481560.0
79681011.0
79880463.0
80079915.0
80279367.0
80478819.0
80678271.0
80877723.0
81077175.0
81287708.0
81487159.0
81686611.0
81886063.0
82085515.0
82284967.0
82484418.0
82683871.0
82883322.0
83082774.0
83282226.0
83481678.0
83681130.0
83880581.0
84080034.0
84279486.0
84478937.0
84678389.0
84877841.0
85077292.0
85287825.0
85487277.0
85686729.0
85886181.0
86085633.0
86285085.0
86484536.0
86683989.0
86883440.0
87082892.0
87282344.0
87481795.0
87681247.0
87880699.0
88080152.0
88279603.0
88479055.0
88678507.0
88877959.0
89077411.0
89287943.0
89487395.0
89686847.0
89886299.0
90085751.0
90285203.0
90484655.0
90684107.0
90883559.0
91071930.0
91282462.0
91481914.0
91681366.0
91880818.0
92080270.0
92279722.0
92479174.0
92689706.0
92878077.0
93088610.0
93288062.0
93487513.0
93686965.0
93886417.0
94085870.0
94285321.0
94484773.0
94684225.0
94883677.0
95083129.0
95282581.0
95482032.0
95681485.0
95880936.0
96080388.0
96279840.0
96479292.0
96689825.0
96889276.0
97088729.0
97288180.0
97487632.0
97687084.0
97886536.0
98085988.0
98285439.0
98484891.0
98684343.0
98883795.0
99083249.0
99282699.0
99482151.0
99681603.0
99881055.0
100080506.0
100279958.0
100479410.0
100678862.0
100889394.0
101088847.0
101288298.0
101487751.0
101687203.0
101886654.0
102086106.0
102285558.0
102485010.0
102684462.0
102883913.0
103083365.0
103282817.0
103482269.0
103681721.0
103881172.0
104091705.0
104280077.0
104490609.0
104690061.0
104889513.0
105088965.0
105288417.0
105487869.0
105687321.0
105886773.0
106086224.0
106285676.0
106485128.0
106684580.0
106884032.0
107083485.0
107282935.0
107482387.0
107681839.0
107881292.0
108091824.0
108291276.0
108490728.0
108690180.0
108889632.0
109089084.0
109288535.0
109487987.0
109687439.0
109886891.0
110086343.0
110285794.0
110485247.0
110684698.0
110884152.0
111083602.0
111283054.0
111482506.0
111681958.0
111881410.0
112091942.0
112291394.0
112490846.0
112690298.0
112889750.0
113089201.0
113288653.0
113488105.0
113698638.0
113887009.0
114086461.0
114285913.0
114485365.0
114684817.0
114884269.0
115083721.0
115283172.0
115482624.0
115693157.0
115892609.0
116080980.0
116291512.0
116490964.0
116690417.0
116889868.0
117089320.0
117288772.0
117488224.0
117687679.0
117887128.0
118086580.0
118286032.0
118485483.0
118684935.0
118884387.0
119083839.0
119283291.0
119493823.0
119682195.0
119892727.0
120092179.0
120291631.0
120491083.0
120690535.0
120889987.0
121089439.0
121288891.0
121488342.0
121687796.0
121887246.0
122086698.0
122286150.0
122485602.0
122685054.0
122884506.0
123083957.0
123283409.0
123493942.0
123693394.0
123892846.0
124092297.0
124291749.0
124491201.0
124690655.0
124890105.0
125089557.0
125289009.0
125488461.0
125687913.0
125887364.0
126086817.0
126286268.0
126485720.0
126685172.0
126884624.0
127084076.0
127294609.0
127494062.0
127693513.0
127892965.0
128092417.0
128291868.0
128491322.0
128690772.0
128890224.0
129089676.0
129289128.0
129488580.0
129688031.0
129887483.0
130086936.0
130286387.0
130496921.0
130685291.0
130884743.0
131084195.0
131294727.0
131494180.0
131693631.0
131893083.0
132092534.0
132291987.0
132491438.0
132690891.0
132890342.0
133089794.0
133289246.0
133488699.0
133688150.0
133887602.0
134087054.0
134286506.0
134485958.0
134685409.0
134895941.0
135095393.0
135294845.0
135494297.0
135693749.0
135893201.0
136092653.0
136281024.0
136491557.0
136691009.0
136890460.0
137089912.0
137289364.0
137488817.0
137688268.0
137887720.0
138087172.0
138297704.0
138486076.0
138685528.0
138896060.0
139095512.0
139294965.0
139494417.0
139693868.0
139893320.0
140092772.0
140292223.0
140491675.0
140691127.0
140890579.0
141090031.0
141289483.0
141488935.0
141688387.0
141887838.0
142087290.0
142297823.0
142486194.0
142696727.0
142896179.0
143095631.0
143295084.0
143494534.0
143693986.0
143893438.0
144092890.0
144292343.0
144491794.0
144691246.0
144890698.0
145090150.0
145289601.0
145489053.0
145688505.0
145887957.0
146087409.0
146297941.0
146497393.0
146696846.0
146896297.0
147095749.0
147295201.0
147494653.0
147694105.0
147893557.0
148093009.0
148292460.0
148491912.0
148691364.0
148890816.0
149090268.0
149289720.0
149489172.0
149688624.0
149888075.0
150098608.0
150298060.0
150497512.0
150696964.0
150896416.0
151095868.0
151295319.0
151494772.0
151694223.0
151893675.0
152093127.0
152292579.0
152492031.0
152691483.0
152890934.0
153090387.0
153289838.0
153489290.0
153688742.0
153899275.0
154098726.0
154298179.0
154497630.0
154697082.0
154896534.0
155095986.0
155295438.0
155494890.0
155694342.0
155893794.0
156093246.0
156292697.0
156492149.0
156691601.0
156891053.0
157090505.0
157289957.0
157489409.0
157688861.0
157899393.0
158098845.0
158298297.0
158497749.0
158697201.0
158885572.0
159096105.0
159295556.0
159495008.0
159694461.0
159893912.0
160093364.0
160292816.0
160492268.0
160691720.0
160902252.0
161090624.0
161301156.0
161489527.0
161700061.0
161899512.0
162098963.0
162298415.0
162497868.0
162697319.0
162896771.0
163096223.0
163295675.0
163495127.0
163694579.0
163894031.0
164093483.0
164292934.0
164492386.0
164691839.0
164902384.0
165090741.0
165301274.0
165489646.0
165700178.0
165899630.0
166099082.0
166298534.0
166497986.0
166697438.0
166896890.0
167096342.0
167295793.0
167495245.0
167694697.0
167894149.0
168093601.0
168293052.0
168492504.0
168691957.0
168891410.0
169101941.0
169301393.0
169500845.0
169700297.0
169899749.0
170099200.0
170298652.0
170498104.0
170697556.0
170897008.0
171096460.0
171295911.0
171495364.0
171694815.0
171894268.0
172093719.0
172293171.0
172492623.0
172692075.0
172902607.0
173102059.0
173301512.0
173500963.0
173700416.0
173899867.0
174099319.0
174298771.0
174498223.0
174697675.0
174897127.0
175096578.0
175296030.0
175495482.0
175694934.0
175894386.0
176093838.0
176293290.0
176492742.0
176703274.0
176902726.0
177102178.0
177301629.0
177501082.0
177700533.0
177899985.0
178099437.0
178298889.0
178498341.0
178697793.0
178897245.0
179096697.0
179296150.0
179495601.0
179695053.0
179894504.0
180093956.0
180293408.0
180503941.0
180692312.0
180902845.0
181102296.0
181301748.0
181490119.0
181700652.0
181900104.0
182099556.0
182299008.0
182498460.0
182697912.0
182897364.0
183096815.0
183296267.0
183506800.0
183695171.0
183894623.0
184105156.0
184293527.0
184504060.0
184703511.0
184902963.0
185102415.0
185301867.0
185501319.0
185700771.0
185900223.0
186099677.0
186299127.0
186498579.0
186698030.0
186897482.0
187096934.0
187296386.0
187495837.0
187695289.0
187894742.0
188094193.0
188304726.0
188504178.0
188703630.0
188903082.0
189102534.0
189301985.0
189501437.0
189700889.0
189900341.0
190099794.0
190299244.0
190498696.0
190698148.0
190897601.0
191097053.0
191296504.0
191495957.0
191695408.0
191905941.0
192094312.0
192304844.0
192504296.0
192703748.0
192903200.0
193102652.0
193302104.0
193501555.0
193701007.0
193900460.0
194099911.0
194299363.0
194498815.0
194698267.0
194897719.0
195097171.0
195296623.0
195496075.0
195695527.0
195906060.0
196105511.0
196304964.0
196504415.0
196703867.0
196903319.0
197102771.0
197302224.0
197501675.0
197701127.0
197900579.0
198100031.0
198299484.0
198498934.0
198698387.0
198897839.0
199097290.0
199296742.0
199507274.0
199695646.0
199906178.0
200105630.0
200305083.0
200504533.0
200703985.0
200903437.0
201102890.0
201302342.0
201501794.0
201701245.0
201900697.0
202100149.0
202299602.0
202499053.0
202698505.0
202897956.0
203097408.0
203296860.0
203507393.0
203695763.0
203906296.0
204094668.0
204305200.0
204504652.0
204704104.0
204903556.0
205103008.0
205302460.0
205501912.0
205701363.0
205900815.0
206111348.0
206299719.0
206499171.0
206698622.0
206909155.0
207097527.0
207308059.0
207507511.0
207706963.0
207906415.0
208105867.0
208305319.0
208504771.0
208704222.0
208903674.0
209103126.0
209302578.0
209502030.0
209701482.0
209900934.0
210100386.0
210299838.0
210499290.0
210698742.0
210909274.0
211108726.0
211308178.0
211507631.0
211707081.0
211906534.0
212105985.0
212305437.0
212504889.0
212704341.0
212903793.0
213103245.0
213302697.0
213502149.0
213701600.0
213901052.0
214100506.0
214299956.0
214499408.0
214709941.0
214909393.0
215108844.0
215308297.0
215507748.0
215707200.0
215906652.0
216106104.0
216305556.0
216505008.0
216704460.0
216903911.0
217103363.0
217302815.0
217502267.0
217701719.0
217901171.0
218100623.0
218300075.0
218499527.0
218710059.0
218909511.0
219108963.0
219308415.0
219507867.0
219707319.0
219906771.0
220106222.0
220305674.0
220505126.0
220704578.0
220904030.0
221103482.0
221302934.0
221502386.0
221701838.0
221901290.0
222100741.0
222300193.0
222510726.0
222710178.0
222909629.0
223109081.0
223308533.0
223507985.0
223707437.0
223906889.0
224106341.0
224305793.0
224505245.0
224704697.0
224904148.0
225103600.0
225303052.0
225502504.0
225701956.0
225901408.0
226111940.0
226300311.0
226510844.0
226699216.0
226909748.0
227109200.0
227308652.0
227508104.0
227707556.0
227907008.0
228106460.0
228305911.0
228505363.0
228715896.0
228904267.0
229103719.0
229303171.0
229502623.0
229713156.0
229901526.0
230112059.0
230311511.0
230510963.0
230710424.0
230909867.0
231109319.0
231308771.0
231508222.0
231707675.0
231907126.0
232106578.0
232306030.0
232505482.0
232704934.0
232904392.0
233103837.0
233303289.0
233502741.0
233702193.0
233912726.0
234112177.0
234311629.0
234511081.0
234710551.0
234909985.0
235109437.0
235308889.0
235508341.0
235707793.0
235907244.0
236106696.0
236306148.0
236505600.0
236705052.0
236904504.0
237103956.0
237303408.0
237502860.0
237702312.0
237912844.0
238101216.0
238311748.0
238511200.0
238710652.0
238910104.0
239109556.0
239309008.0
239508459.0
239707911.0
239907363.0
240106815.0
240306267.0
240505719.0
240705171.0
240904623.0
241104075.0
241303526.0
241514059.0
241713511.0
241912963.0
242112415.0
242311867.0
242511319.0
242710770.0
242910222.0
243109674.0
243309126.0
243508578.0
243708030.0
243907482.0
244106933.0
244306386.0
244505838.0
244705289.0
244904741.0
245104193.0
245303644.0
245514177.0
245713629.0
245913081.0
246112533.0
246311985.0
246511437.0
246710889.0
246910341.0
247109793.0
247309244.0
247508698.0
247708148.0
247907600.0
248107052.0
248306503.0
248505955.0
248705408.0
248904860.0
249104312.0
249303763.0
249514296.0
249713748.0
249913200.0
250112651.0
250312104.0
250511555.0
250711007.0
250910459.0
251109911.0
251320444.0
251508815.0
251708267.0
251907719.0
252107171.0
252306623.0
252506075.0
252705526.0
252904978.0
253104430.0
253314963.0
253514415.0
253713866.0
253913318.0
254112770.0
254312222.0
254511675.0
254711127.0
254910578.0
255110030.0
255309482.0
255508933.0
255708385.0
255907837.0
256107289.0
256306741.0
256517274.0
256705645.0
256916177.0
257104549.0
257315081.0
257514533.0
257713985.0
257913437.0
258112889.0
258312342.0
258511793.0
258711244.0
258910697.0
259110148.0
259309602.0
259509052.0
259708504.0
259907956.0
260107407.0
260306860.0
260517392.0
260716844.0
260916296.0
261115748.0
261315200.0
261514652.0
261714103.0
261913556.0
262113008.0
262312459.0
262511911.0
262711363.0
262910815.0
263110267.0
263309719.0
263509170.0
263708622.0
263908074.0
264107526.0
264306978.0
264517511.0
264716963.0
264916415.0
265115867.0
265315319.0
265514771.0
265714222.0
265913674.0
266113127.0
266312578.0
266512030.0
266711482.0
266910934.0
267110386.0
267309838.0
267509289.0
267708741.0
267908193.0
268118744.0
268307097.0
268517629.0
268717082.0
268916533.0
269115986.0
269315437.0
269514889.0
269714340.0
269913793.0
270113244.0
270312696.0
270512148.0
270711600.0
270911052.0
271110505.0
271321036.0
271509408.0
271708860.0
271908312.0
272118844.0
272318296.0
272517748.0
272717200.0
272916652.0
273116103.0
273315556.0
273515007.0
273714459.0
273902831.0
274113363.0
274312814.0
274512267.0
274711719.0
274911170.0
275110623.0
275310074.0
275509526.0
275708978.0
275919511.0
276107882.0
276318414.0
276517866.0
276717319.0
276916770.0
277116222.0
277315674.0
277515126.0
277714578.0
277914030.0
278113481.0
278312934.0
278512386.0
278711837.0
278911290.0
279110741.0
279310193.0
279520725.0
279709096.0
279919629.0
280119082.0
280318533.0
280506904.0
280717437.0
280916889.0
281116341.0
281315792.0
281515245.0
281714696.0
281914164.0
282113600.0
282313052.0
282512504.0
282711956.0
282911408.0
283110859.0
283321392.0
283509763.0
283720296.0
283919748.0
284119200.0
284318652.0
284518103.0
284717555.0
284917007.0
285116459.0
285315911.0
285515363.0
285714815.0
285914266.0
286113719.0
286313170.0
286512622.0
286712074.0
286911526.0
287110978.0
287310430.0
287520963.0
287709334.0
287919866.0
288119318.0
288318770.0
288518222.0
288717674.0
288917126.0
289116578.0
289316029.0
289515481.0
289714933.0
289914385.0
290113837.0
290313289.0
290512741.0
290712194.0
290911646.0
291122178.0
291321630.0
291521081.0
291720533.0
291919985.0
292119437.0
292318888.0
292518340.0
292717792.0
292917244.0
293116697.0
293316148.0
293515600.0
293715052.0
293925584.0
294113956.0
294324488.0
294512859.0
294723392.0
294922844.0
295111215.0
295310667.0
295521199.0
295720651.0
295920103.0
296119555.0
296319007.0
296507378.0
296717911.0
296917363.0
297116815.0
297316267.0
297515719.0
297715171.0
297925703.0
298114074.0
298313526.0
298524059.0
298712430.0
298922963.0
299122414.0
299310786.0
299521319.0
299720770.0
299920222.0
300119674.0
300319126.0
300518578.0
300718029.0
300917481.0
301116934.0
301316385.0
301515838.0
301715289.0
301925821.0
302114193.0
302313645.0
302513096.0
302723629.0
302923081.0
303122533.0
303321985.0
303521437.0
303720889.0
303920340.0
304119793.0
304319244.0
304518696.0
304718148.0
304917600.0
305117052.0
305316504.0
305515956.0
305715407.0
305914859.0
306114311.0
306313763.0
306524296.0
306723748.0
306923200.0
307122652.0
307322104.0
307521556.0
307721007.0
307920459.0
308119911.0
308319364.0
308518815.0
308718266.0
308917718.0
309117170.0
309316622.0
309516074.0
309715526.0
309914978.0
310114430.0
310324963.0
310524414.0
310723866.0
310923318.0
311122770.0
311322222.0
311521675.0
311721125.0
311920577.0
312120029.0
312319482.0
312518933.0
312718385.0
312917837.0
313117290.0
313316741.0
313516193.0
313715645.0
313915097.0
314114548.0
314325081.0
314524533.0
314723985.0
314923436.0
315122889.0
315322341.0
315521793.0
315721244.0
315920696.0
316120148.0
316319600.0
316519052.0
316718504.0
316917956.0
317117408.0
317316860.0
317516311.0
317715763.0
317926296.0
318125748.0
318325199.0
318524652.0
318724103.0
318923555.0
319111926.0
319322459.0
319521911.0
319721363.0
319920815.0
320120267.0
320319719.0
320519170.0
320718622.0
320918074.0
321128607.0
321316978.0
321527511.0
321726963.0
321915334.0
322125867.0
322325318.0
322524771.0
322724222.0
322923674.0
323123126.0
323322578.0
323522031.0
323721481.0
323920933.0
324120386.0
324319837.0
324519290.0
324718741.0
324918193.0
325117645.0
325328177.0
325516548.0
325727081.0
325926533.0
326125985.0
326325437.0
326524888.0
326724341.0
326923792.0
327123257.0
327322696.0
327522148.0
327721600.0
327921052.0
328120504.0
328319956.0
328519408.0
328718860.0
328918311.0
329117765.0
329328296.0
329527748.0
329727200.0
329926652.0
330126103.0
330325555.0
330525007.0
330724459.0
330923911.0
331123363.0
331322814.0
331522267.0
331721719.0
331921171.0
332120622.0
332320074.0
332519526.0
332718978.0
332918430.0
333117882.0
333328415.0
333527867.0
333727319.0
333926771.0
334126222.0
334325674.0
334525126.0
334724578.0
334924031.0
335123482.0
335322933.0
335522386.0
335721838.0
335921291.0
336120742.0
336320193.0
336519645.0
336719097.0
336929629.0
337129081.0
337328533.0
337527985.0
337727437.0
337926889.0
338126341.0
338325793.0
338525245.0
338724696.0
338924149.0
339123600.0
339323052.0
339522504.0
339721956.0
339921409.0
340120860.0
340320312.0
340519764.0
340730296.0
340929748.0
341129200.0
341328652.0
341528103.0
341716476.0
341927007.0
342126459.0
342325912.0
342525363.0
342724815.0
342924267.0
343123719.0
343323171.0
343522622.0
343733155.0
343921526.0
344120978.0
344320429.0
344519882.0
344719333.0
344929866.0
345129319.0
345328771.0
345528222.0
345727674.0
345927126.0
346126578.0
346326029.0
346525482.0
346724934.0
346924385.0
347123837.0
347323289.0
347522741.0
347722193.0
347921645.0
348121097.0
348320549.0
348531081.0
348730534.0
348929985.0
349129437.0
349328889.0
349528341.0
349727794.0
349927244.0
350126696.0
350326148.0
350525599.0
350725052.0
350924504.0
351123956.0
351323408.0
351522860.0
351722311.0
351921763.0
352121215.0
352331747.0
352531199.0
352730651.0
352930103.0
353129555.0
353329007.0
353528459.0
353727911.0
353927363.0
354126815.0
354326267.0
354525718.0
354725170.0
354924622.0
355124074.0
355323526.0
355522978.0
355722430.0
355932962.0
356121334.0
356331866.0
356531318.0
356730770.0
356930222.0
357129674.0
357329126.0
357528578.0
357728029.0
357927481.0
358126934.0
358326385.0
358525837.0
358725289.0
358924741.0
359124192.0
359323645.0
359523097.0
359722549.0
359922000.0
360132533.0
360320904.0
360531437.0
360730888.0
360930340.0
361129792.0
361329244.0
361528697.0
361728148.0
361927600.0
362127052.0
362326504.0
362525955.0
362725407.0
362924859.0
363124311.0
363323763.0
363523215.0
363733748.0
363933199.0
364132651.0
364321023.0
364531555.0
364731007.0
364930459.0
365118830.0
365329363.0
365528814.0
365728266.0
365927718.0
366127170.0
366337703.0
366526074.0
366725525.0
366936059.0
367124430.0
367323881.0
367534414.0
367733866.0
367922237.0
368132771.0
368332221.0
368531673.0
368731125.0
368930577.0
369130029.0
369329481.0
369528933.0
369728385.0
369927836.0
370127289.0
370326740.0
370526193.0
370725644.0
370925096.0
371124548.0
371324000.0
371523452.0
371733984.0
371933436.0
372132888.0
372332340.0
372531792.0
372731243.0
372930695.0
373130147.0
373329599.0
373529051.0
373728503.0
373927955.0
374127407.0
374326859.0
374526312.0
374725763.0
374925215.0
375124666.0
375335199.0
375534650.0
375734102.0
375933554.0
376133006.0
376332458.0
376531911.0
376731362.0
376930814.0
377130266.0
377329718.0
377529170.0
377728622.0
377928073.0
378127525.0
378326977.0
378526429.0
378725881.0
378936414.0
379124785.0
379335317.0
379534769.0
379734221.0
379933674.0
380133125.0
380332577.0
380532029.0
380731480.0
380930933.0
381130385.0
381329836.0
381529288.0
381728740.0
381928192.0
382127644.0
382327096.0
382537628.0
382726000.0
382936532.0
383135984.0
383335436.0
383534888.0
383734340.0
383933791.0
384133243.0
384332695.0
384532147.0
384731600.0
384931051.0
385130503.0
385329955.0
385529406.0
385728858.0
385928310.0
386127762.0
386327214.0
386537747.0
386737199.0
386925570.0
387136102.0
387335554.0
387535006.0
387734458.0
387933910.0
388133362.0
388332814.0
388532265.0
388731717.0
388942250.0
389130621.0
389330073.0
389529525.0
389728977.0
389928429.0
390127881.0
390338413.0
390526785.0
390737318.0
390936769.0
391136221.0
391335673.0
391535125.0
391734577.0
391934029.0
392133480.0
392332932.0
392532384.0
392731837.0
392931288.0
393130740.0
393330192.0
393529644.0
393729096.0
393928548.0
394128000.0
394338533.0
394526903.0
394737436.0
394936889.0
395136339.0
395335792.0
395535244.0
395734696.0
395934147.0
396133600.0
396333051.0
396532503.0
396731955.0
396931408.0
397130859.0
397330311.0
397529764.0
397729214.0
397939748.0
398128118.0
398338651.0
398538103.0
398737555.0
398937007.0
399136458.0
399335910.0
399535362.0
399734814.0
399934266.0
400133718.0
400333170.0
400532622.0
400732075.0
400931526.0
401130977.0
401330429.0
401529881.0
401729333.0
401939866.0
402128237.0
402338770.0
402538221.0
402737674.0
402937126.0
403136578.0
403336029.0
403535481.0
403734934.0
403934385.0
404133837.0
404333289.0
404532741.0
404732194.0
404931645.0
405131096.0
405330548.0
405530000.0
405729453.0
405939985.0
406139436.0
406338888.0
406538340.0
406737792.0
406937244.0
407136696.0
407336148.0
407535600.0
407735052.0
407934503.0
408133955.0
408333407.0
408532859.0
408732311.0
408931763.0
409131215.0
409341747.0
409530119.0
409729572.0
409940103.0
410128474.0
410339007.0
410538459.0
410737910.0
410937362.0
411136814.0
411336266.0
411524638.0
411735170.0
411934622.0
412134074.0
412333526.0
412532978.0
412732430.0
412931882.0
413131333.0
413330786.0
413541318.0
413729689.0
413940222.0
414139674.0
414339125.0
414538578.0
414738029.0
414937481.0
415136933.0
415336385.0
415535837.0
415735289.0
415934741.0
416134192.0
416333644.0
416533098.0
416732548.0
416932000.0
417142533.0
417341984.0
417541444.0
417740889.0
417940340.0
418139792.0
418339244.0
418538696.0
418738148.0
418937600.0
419137052.0
419336503.0
419535957.0
419735408.0
419934859.0
420134311.0
420333763.0
420533215.0
420732667.0
420943199.0
421131571.0
421342103.0
421541555.0
421741007.0
421940459.0
422139911.0
422339363.0
422538815.0
422738267.0
422937719.0
423137171.0
423336622.0
423536074.0
423735526.0
423934978.0
424134430.0
424333882.0
424533333.0
424743866.0
424932237.0
425142770.0
425342222.0
425541674.0
425741126.0
425940578.0
426140030.0
426328401.0
426538933.0
426738386.0
426937837.0
427137289.0
427336741.0
427536193.0
427735645.0
427935097.0
428134549.0
428334001.0
428533453.0
428743985.0
428943437.0
429142889.0
429342341.0
429541793.0
429741244.0
429940696.0
430140148.0
430339600.0
430539052.0
430738503.0
430937956.0
431137408.0
431336860.0
431536312.0
431735764.0
431935215.0
432134667.0
432345200.0
432533571.0
432744103.0
432943555.0
433143007.0
433342459.0
433541911.0
433741364.0
433940817.0
434129186.0
434339719.0
434539171.0
434738623.0
434938075.0
435137527.0
435336978.0
435536430.0
435735882.0
435935334.0
436145867.0
436345318.0
436544770.0
436744222.0
436943674.0
437143126.0
437342578.0
437542030.0
437741482.0
437940933.0
438140385.0
438339838.0
438539289.0
438738743.0
438938193.0
439137645.0
439337098.0
439536549.0
439736001.0
439946534.0
440145985.0
440345437.0
440544889.0
440744341.0
440943793.0
441143245.0
441342697.0
441542149.0
441741600.0
441941053.0
442140505.0
442339957.0
442539408.0
442738860.0
442938312.0
443137764.0
443337215.0
443536667.0
443747200.0
443946652.0
444146104.0
444345556.0
444545008.0
444744460.0
444943912.0
445143364.0
445342815.0
445542267.0
445741719.0
445941171.0
446140623.0
446340075.0
446539527.0
446738979.0
446938430.0
447137883.0
447337335.0
447547867.0
447747319.0
447946771.0
448146223.0
448345675.0
448545127.0
448744578.0
448944031.0
449143482.0
449342934.0
449542386.0
449741838.0
449941290.0
450140742.0
450340194.0
450539646.0
450739097.0
450949630.0
451138001.0
451348534.0
451536905.0
451747438.0
451946891.0
452146341.0
452345793.0
452545245.0
452744697.0
452944149.0
453143601.0
453343053.0
453542505.0
453741962.0
453941408.0
454140860.0
454340312.0
454539764.0
454739216.0
454938669.0
455138120.0
455348653.0
455548104.0
455747556.0
455947008.0
456146460.0
456345912.0
456545364.0
456733735.0
456944268.0
457143720.0
457343172.0
457542624.0
457742075.0
457941527.0
458140979.0
458340431.0
458539883.0
458750416.0
458938787.0
459149320.0
459348771.0
459548223.0
459747675.0
459947127.0
460146579.0
460346031.0
460545483.0
460744935.0
460944387.0
461143838.0
461343291.0
461542742.0
461742195.0
461941646.0
462141098.0
462340550.0
462540002.0
462750535.0
462938905.0
463149438.0
463348890.0
463548342.0
463747794.0
463947246.0
464146697.0
464346150.0
464545601.0
464745053.0
464944507.0
465143957.0
465343409.0
465542861.0
465742313.0
465941765.0
466141216.0
466340668.0
466551201.0
466750653.0
466950105.0
467149557.0
467349009.0
467548461.0
467747913.0
467947364.0
468146817.0
468346269.0
468545720.0
468745172.0
468944624.0
469144075.0
469343528.0
469542980.0
469742432.0
469941884.0
470141336.0
470351868.0
470540239.0
470750773.0
470950224.0
471149676.0
471349128.0
471548580.0
471748031.0
471947483.0
472146935.0
472346388.0
472545840.0
472745291.0
472944743.0
473144195.0
473343647.0
473543100.0
473742551.0
473942003.0
474141455.0
474340907.0
474551439.0
474750891.0
474950342.0
475149794.0
475349247.0
475548699.0
475748150.0
475947602.0
476147054.0
476346506.0
476545958.0
476745410.0
476944862.0
477144314.0
477343765.0
477543218.0
477753750.0
477942122.0
478152653.0
478341025.0
478551558.0
478751009.0
478950461.0
479149913.0
479327205.0
479548817.0
479748269.0
479947721.0
480147173.0
480346624.0
480546077.0
480745528.0
480944980.0
481144432.0
481354966.0
481543336.0
481753868.0
481953320.0
482152772.0
482352224.0
482551676.0
482751128.0
482950580.0
483150032.0
483349484.0
483548935.0
483748388.0
483947839.0
484147291.0
484346744.0
484546196.0
484745647.0
484945099.0
485155631.0
485344003.0
485554535.0
485753987.0
485953439.0
486152891.0
486352343.0
486551795.0
486751247.0
486950699.0
487150150.0
487349603.0
487549057.0
487748506.0
487947958.0
488147410.0
488346862.0
488546314.0
488745766.0
488945218.0
489155750.0
489355202.0
489554654.0
489754106.0
489953558.0
490153009.0
490352461.0
490551913.0
490751365.0
490950817.0
491150269.0
491349721.0
491549173.0
491748625.0
491948077.0
492147529.0
492346980.0
492546432.0
492745884.0
492945337.0
493144788.0
493355321.0
493554773.0
493754225.0
493953676.0
494153129.0
494352580.0
494552032.0
494751484.0
494950936.0
495150388.0
495349840.0
495549292.0
495748744.0
495948196.0
496147648.0
496347099.0
496546551.0
496746003.0
496956535.0
497155987.0
497355439.0
497554892.0
497754343.0
497953795.0
498153247.0
498352699.0
498552151.0
498751603.0
498951054.0
499150508.0
499349958.0
499549410.0
499748862.0
499948314.0
500147766.0
500347218.0
500557750.0
500746122.0
500956654.0
501156106.0
501355559.0
501555011.0
501754462.0
501942833.0
502153366.0
502352818.0
502552269.0
502751722.0
502951173.0
503150625.0
503350078.0
503549529.0
503748981.0
503959513.0
504158966.0
504347337.0
504557869.0
504746240.0
504956774.0
505156225.0
505355677.0
505555129.0
505754581.0
505954032.0
506153485.0
506352936.0
506552388.0
506751840.0
506951292.0
507150744.0
507350196.0
507549648.0
507749099.0
507948551.0
508159084.0
508347456.0
508557988.0
508757440.0
508956892.0
509156344.0
509355795.0
509555247.0
509754699.0
509954151.0
510153603.0
510353055.0
510552507.0
510751959.0
510951411.0
511150863.0
511350315.0
511549767.0
511749219.0
511948681.0
512148122.0
512347574.0
512558106.0
512757558.0
512957011.0
513156462.0
513355914.0
513555366.0
513754818.0
513954270.0
514153722.0
514353174.0
514552626.0
514752078.0
514951530.0
515150982.0
515350433.0
515549885.0
515760418.0
515948789.0
516159321.0
516358773.0
516558225.0
516757679.0
516957129.0
517156581.0
517356033.0
517555485.0
517754937.0
517954389.0
518153841.0
518353293.0
518552744.0
518752196.0
518951648.0
519151100.0
519350552.0
519550005.0
519760537.0
519959988.0
520159440.0
520358892.0
520558345.0
520757796.0
520957248.0
521156700.0
521356152.0
521555604.0
521755056.0
521954507.0
522153959.0
522353411.0
522552863.0
522752316.0
522951767.0
523151219.0
523350670.0
523561203.0
523760655.0
523960107.0
524159559.0
524359011.0
524536302.0
524757915.0
524957368.0
525156819.0
525356270.0
525555722.0
525755174.0
525954627.0
526154078.0
526353530.0
526564064.0
526752434.0
526951886.0
527151338.0
527361870.0
527561322.0
527760774.0
527960226.0
528159678.0
528359130.0
528558581.0
528758033.0
528957485.0
529156938.0
529356389.0
529555841.0
529755293.0
529954745.0
530154197.0
530353649.0
530553104.0
530752553.0
530952004.0
531151456.0
531361989.0
531550361.0
531760893.0
531960344.0
532159796.0
532359248.0
532558700.0
532758153.0
532957604.0
533157056.0
533356508.0
533555960.0
533755411.0
533954864.0
534154315.0
534353767.0
534553221.0
534752671.0
534963203.0
535151575.0
535362107.0
535561560.0
535761011.0
535960463.0
536159915.0
536359367.0
536558819.0
536758271.0
536957723.0
537157175.0
537356627.0
537556078.0
537755530.0
537954982.0
538154434.0
538353886.0
538553338.0
538752790.0
538963323.0
539162774.0
539362227.0
539561678.0
539761130.0
539960583.0
540160034.0
540359487.0
540558938.0
540758390.0
540957842.0
541157294.0
541356747.0
541556198.0
541755650.0
541955102.0
542154554.0
542354007.0
542553457.0
542763990.0
542963442.0
543162893.0
543362346.0
543561797.0
543761249.0
543960701.0
544160153.0
544359605.0
544559057.0
544758509.0
544957960.0
545157412.0
545356865.0
545556316.0
545755767.0
545955220.0
546165752.0
546354125.0
546564656.0
546764108.0
546963560.0
547151931.0
547362464.0
547561915.0
547761367.0
547960819.0
548160271.0
548359723.0
548559175.0
548758627.0
548958079.0
549168611.0
549356983.0
549556435.0
549755887.0
549955338.0
550154790.0
550354243.0
550564775.0
550764227.0
550963678.0
551163130.0
551362582.0
551562034.0
551761486.0
551960938.0
552160391.0
552359843.0
552559294.0
552758746.0
552958198.0
553157649.0
553357101.0
553556553.0
553767086.0
553966538.0
554154909.0
554365441.0
554553813.0
554764345.0
554963801.0
555163269.0
555362701.0
555562153.0
555761605.0
555961057.0
556160509.0
556359961.0
556559412.0
556758864.0
556958316.0
557157768.0
557357220.0
557556672.0
557756124.0
557966656.0
558155028.0
558365560.0
558565012.0
558764464.0
558963916.0
559163368.0
559362820.0
559562272.0
559761723.0
559961175.0
560160627.0
560360079.0
560559531.0
560758983.0
560958437.0
561157887.0
561357339.0
561556791.0
561767323.0
561966775.0
562166227.0
562365679.0
562565131.0
562764582.0
562964035.0
563163486.0
563362938.0
563562390.0
563761842.0
563961295.0
564160746.0
564360198.0
564559650.0
564759101.0
564958554.0
565158005.0
565357457.0
565556909.0
565767442.0
565966894.0
566166345.0
566365797.0
566565250.0
566764701.0
566964153.0
567163605.0
567363057.0
567562509.0
567761960.0
567961412.0
568160865.0
568360317.0
568559769.0
568759220.0
568958672.0
569158124.0
569357576.0
569557028.0
569756480.0
569967012.0
570166464.0
570365916.0
570565368.0
570764820.0
570964271.0
571163723.0
571363175.0
571562628.0
571773160.0
571961532.0
572160983.0
572360435.0
572559887.0
572759339.0
572969871.0
573158243.0
573368775.0
573568227.0
573767679.0
573967131.0
574166583.0
574366035.0
574565487.0
574764939.0
574964391.0
575163843.0
575363294.0
575562746.0
575762198.0
575961650.0
576161102.0
576360554.0
576560006.0
576759458.0
576969990.0
577169442.0
577368894.0
577568346.0
577767798.0
577967249.0
578166701.0
578366154.0
578565605.0
578765057.0
578964509.0
579163961.0
579363413.0
579562865.0
579762318.0
579961769.0
580161220.0
580360673.0
580571205.0
580759576.0
580970109.0
581169561.0
581369013.0
581568465.0
581767917.0
581967369.0
582166820.0
582366272.0
582565724.0
582765176.0
582964628.0
583164080.0
583363532.0
583562984.0
583762436.0
583961887.0
584161339.0
584360791.0
584560243.0
584759695.0
584970228.0
585169680.0
585369131.0
585568583.0
585768035.0
585967487.0
586166939.0
586366391.0
586565843.0
586765295.0
586964746.0
587164198.0
587363650.0
587563102.0
587762554.0
587962006.0
588161458.0
588360910.0
588560362.0
588770894.0
588970346.0
589169798.0
589369250.0
589568702.0
589768153.0
589967605.0
590167057.0
590366509.0
590565961.0
590765413.0
590964865.0
591164317.0
591363769.0
591563221.0
591762673.0
591962125.0
592172657.0
592361028.0
592560480.0
592771013.0
592970465.0
593169916.0
593369368.0
593568820.0
593768272.0
593967724.0
594167176.0
594377709.0
594566080.0
594765532.0
594964983.0
595164436.0
595363887.0
595563339.0
595762792.0
595962243.0
596161695.0
596372228.0
596571679.0
596771132.0
596970583.0
597170035.0
597369488.0
597568939.0
597768391.0
597967843.0
598167294.0
598366747.0
598566199.0
598765651.0
598965103.0
599164554.0
599364006.0
599563458.0
