11080
22160
33240
44321
55402
66482
77563
88644
99724
110805
121885
132966
144047
155127
166208
177289
188369
199450
210531
221611
232692
243773
254853
265933
277014
288095
299175
310256
321337
332417
343498
354579
365659
376740
387821
398901
409982
421062
432143
443224
454304
465385
476466
487546
498627
509709
520789
531869
542950
554031
565111
576192
587273
598353
609434
620516
631595
642676
653757
664837
675918
686998
698079
709160
720240
731321
742402
753482
764563
775644
786724
797805
808885
819966
831047
842129
853209
864289
875369
886450
897531
908612
919692
930772
941855
952934
964014
975095
986175
997256
1008338
1019417
1030498
1041579
1052659
1063740
1074821
1085901
1096982
1108063
1119143
1130224
1141304
1152385
1163466
1174546
1185627
1196708
1207789
1218869
1229951
1241030
1252110
1263192
1274272
1285352
1296433
1307514
1318594
1329675
1340756
1351836
1362917
1373998
1385078
1396159
1407240
1418320
1429401
1440482
1451562
1462643
1473723
1484804
1495885
1506966
1518046
1529126
1540207
1551288
1562368
1573449
1584529
1595610
1606691
1617772
1628852
1639933
1651014
1662094
1673175
1684255
1695336
1706417
1717497
1728578
1739659
1750739
1761820
1772900
1783981
1795063
1806142
1817223
1828304
1839387
1850465
1861545
1872627
1883706
1894787
1905868
1916948
1928029
1939110
1950190
1961271
1972352
1983432
1994513
2005594
2016674
2027755
2038836
2049916
2060997
2072077
2083158
2094239
2105319
2116400
2127481
2138561
2149642
2160723
2171803
2182884
2193966
2205045
2216125
2227206
2238287
2249367
2260448
2271528
2282609
2293690
2304771
2315851
2326932
2338014
2349093
2360174
2371254
2382335
2393416
2404496
2415577
2426658
2437739
2448820
2459900
2470980
2482062
2493141
2504222
2515303
2526383
2537464
2548544
2559625
2570706
2581786
2592867
2603948
2615028
2626109
2637190
2648271
2659351
2670432
2681512
2692593
2703673
2714754
2725835
2736915
2747996
2759076
2770157
2781238
2792318
2803399
2814479
2825560
2836641
2847722
2858802
2869883
2880963
2892044
2903124
2914205
2925286
2936366
2947447
2958528
2969608
2980689
2991770
3002851
3013931
3025012
3036092
3047173
3058254
3069334
3080415
3091495
3102576
3113657
3124739
3135818
3146898
3157980
3169060
3180140
3191221
3202301
3213382
3224463
3235544
3246625
3257705
3268785
3279866
3290947
3302027
3313108
3324188
3335269
3346350
3357430
3368511
3379591
3390673
3401753
3412834
3423914
3434995
3446077
3457156
3468237
3479317
3490398
3501479
3512559
3523640
3534720
3545801
3556882
3567963
3579043
3590123
3601204
3612285
3623366
3634446
3645527
3656608
3667688
3678769
3689849
3700930
3712011
3723091
3734172
3745252
3756333
3767415
3778494
3789575
3800656
3811737
3822817
3833899
3844979
3856059
3867139
3878220
3889301
3900381
3911462
3922542
3933624
3944704
3955784
3966865
3977946
3989026
4000108
4011188
4022268
4033349
4044430
4055512
4066591
4077671
4088753
4099833
4110913
4121994
4133075
4144155
4155236
4166317
4177397
4188478
4199558
4210639
4221720
4232800
4243881
4254961
4266042
4277123
4288203
4299284
4310365
4321445
4332526
4343607
4354687
4365768
4376850
4387929
4399010
4410090
4421171
4432252
4443333
4454413
4465494
4476574
4487655
4498736
4509816
4520897
4531977
4543058
4554138
4565219
4576300
4587380
4598462
4609542
4620622
4631703
4642784
4653864
4664947
4676026
4687106
4698189
4709267
4720348
4731429
4742509
4753590
4764671
4775751
4786832
4797913
4808993
4820073
4831156
4842235
4853315
4864396
4875477
4886557
4897638
4908719
4919799
4930880
4941961
4953041
4964122
4975202
4986283
4997364
5008444
5019525
5030606
5041687
5052767
5063848
5074928
5086009
5097090
5108170
5119250
5130331
5141412
5152492
5163574
5174654
5185734
5196815
5207896
5218976
5230057
5241138
5252218
5263299
5274380
5285460
5296541
5307623
5318703
5329783
5340864
5351944
5363025
5374105
5385186
5396267
5407347
5418428
5429509
5440589
5451670
5462751
5473831
5484912
5495992
5507073
5518154
5529235
5540315
5551396
5562476
5573557
5584637
5595719
5606798
5617879
5628963
5640040
5651121
5662202
5673282
5684363
5695444
5706524
5717605
5728686
5739766
5750847
5761928
5773008
5784089
5795169
5806250
5817331
5828412
5839492
5850573
5861653
5872734
5883815
5894895
5905975
5917058
5928137
5939218
5950299
5961379
5972459
5983540
5994621
6005701
6016782
6027863
6038943
6050024
6061105
6072185
6083266
6094346
6105427
6116508
6127588
6138669
6149750
6160830
6171911
6182991
6194072
6205153
6216233
6227314
6238394
6249475
6260556
6271636
6282717
6293798
6304878
6315959
6327040
6338120
6349201
6360281
6371362
6382443
6393523
6404604
6415685
6426766
6437846
6448927
6460007
6471088
6482169
6493249
6504330
6515410
6526491
6537572
6548652
6559734
6570813
6581894
6592975
6604055
6615136
6626217
6637297
6648378
6659460
6670539
6681620
6692700
6703781
6714862
6725942
6737023
6748104
6759184
6770265
6781345
6792426
6803507
6814587
6825670
6836749
6847830
6858910
6869991
6881073
6892152
6903232
6914313
6925394
6936474
6947555
6958637
6969716
6980797
6991878
7002958
7014039
7025120
7036200
7047281
7058361
7069442
7080523
7091603
7102684
7113764
7124845
7135926
7147006
7158087
7169168
7180248
7191329
7202410
7213490
7224572
7235652
7246732
7257813
7268893
7279974
7291054
7302135
7313216
7324297
7335377
7346458
7357538
7368619
7379700
7390780
7401861
7412941
7424022
7435103
7446183
7457264
7468344
7479425
7490506
7501586
7512667
7523748
7534828
7545909
7556990
7568070
7579151
7590231
7601312
7612393
7623474
7634554
7645635
7656716
7667796
7678877
7689957
7701038
7712119
7723199
7734280
7745360
7756441
7767522
7778602
7789683
7800763
7811846
7822925
7834006
7845086
7856166
7867247
7878328
7889408
7900489
7911570
7922650
7933731
7944812
7955892
7966973
7978054
7989134
8000215
8011295
8022376
8033457
8044537
8055618
8066699
8077779
8088860
8099941
8111021
8122102
8133184
8144263
8155344
8166424
8177505
8188586
8199666
8210747
8221828
8232908
8243989
8255070
8266150
8277231
8288311
8299392
8310472
8321553
8332634
8343714
8354795
8365876
8376956
8388037
8399118
8410198
8421281
8432360
8443440
8454522
8465601
8476682
8487763
8498843
8509924
8521005
8532085
8543166
8554247
8565327
8576408
8587488
8598569
8609650
8620730
8631811
8642891
8653972
8665053
8676133
8687214
8698295
8709375
8720456
8731537
8742617
8753698
8764778
8775859
8786940
8798020
8809101
8820184
8831263
8842343
8853423
8864504
8875585
8886666
8897746
8908826
8919908
8930988
8942068
8953149
8964230
8975310
8986391
8997471
9008552
9019634
9030715
9041794
9052875
9063957
9075036
9086117
9097197
9108278
9119359
9130439
9141520
9152601
9163681
9174762
9185842
9196923
9208003
9219084
9230165
9241245
9252326
9263407
9274487
9285568
9296649
9307729
9318810
9329891
9340971
9352052
9363132
9374213
9385295
9396374
9407455
9418536
9429617
9440697
9451778
9462858
9473939
9485020
9496100
9507181
9518262
9529342
9540422
9551503
9562584
9573664
9584745
9595825
9606906
9617987
9629068
9640148
9651229
9662309
9673391
9684471
9695551
9706633
9717713
9728793
9739874
9750955
9762035
9773116
9784197
9795277
9806358
9817440
9828519
9839600
9850680
9861761
9872842
9883922
9895003
9906083
9917164
9928245
9939325
9950407
9961486
9972567
9983648
9994730
10005809
10016890
10027971
10039051
10050132
10061212
10072293
10083374
10094454
10105535
10116616
10127696
10138777
10149858
10160938
10172019
10183099
10194180
10205261
10216341
10227422
10238502
10249583
10260664
10271744
10282825
10293905
10304986
10316069
10327147
10338228
10349309
10360390
10371470
10382551
10393631
10404712
10415793
10426873
10437954
10449035
10460115
10471196
10482277
10493357
10504438
10515518
10526599
10537679
10548760
10559841
10570922
10582002
10593082
10604165
10615244
10626324
10637406
10648486
10659566
10670647
10681728
10692808
10703889
10714969
10726050
10737131
10748211
10759292
10770373
10781453
10792534
10803615
10814697
10825776
10836857
10847937
10859018
10870099
10881179
10892259
10903340
10914421
10925501
10936582
10947663
10958743
10969824
10980905
10991985
11003066
11014147
11025227
11036308
11047388
11058469
11069550
11080630
11091711
11102792
11113872
11124953
11136034
11147114
11158195
11169276
11180356
11191437
11202518
11213598
11224679
11235759
11246841
11257920
11269001
11280082
11291162
11302243
11313324
11324404
11335485
11346565
11357646
11368727
11379808
11390888
11401969
11413050
11424130
11435211
11446291
11457372
11468452
11479533
11490614
11501695
11512775
11523856
11534937
11546017
11557097
11568180
11579259
11590339
11601420
11612501
11623582
11634662
11645743
11656823
11667904
11678984
11690065
11701146
11712226
11723307
11734388
11745468
11756549
11767630
11778710
11789791
11800872
11811953
11823033
11834113
11845194
11856276
11867355
11878436
11889517
11900597
11911678
11922758
11933839
11944920
11956000
11967081
11978162
11989242
12000323
12011403
12022484
12033565
12044645
12055726
12066807
12077887
12088968
12100049
12111129
12122210
12133291
12144371
12155452
12166532
12177613
12188693
12199774
12210855
12221936
12233016
12244097
12255177
12266258
12277338
12288419
12299500
12310581
12321661
12332742
12343822
12354903
12365984
12377064
12388145
12399226
12410307
12421387
12432467
12443548
12454629
12465709
12476790
12487870
12498953
12510032
12521112
12532194
12543273
12554354
12565435
12576515
12587596
12598677
12609757
12620839
12631919
12643000
12654080
12665161
12676241
12687322
12698402
12709483
12720564
12731644
12742725
12753806
12764886
12775967
12787048
12798128
12809209
12820291
12831370
12842451
12853531
12864612
12875693
12886773
12897854
12908935
12920015
12931096
12942176
12953257
12964338
12975420
12986499
12997579
13008660
13019741
13030821
13041902
13052983
13064063
13075144
13086225
13097305
13108387
13119466
13130547
13141629
13152708
13163789
13174870
13185950
13197031
13208112
13219192
13230273
13241354
13252434
13263515
13274596
13285676
13296757
13307838
13318918
13329998
13341079
13352160
13363240
13374321
13385402
13396482
13407563
13418644
13429724
13440805
13451885
13462966
13474047
13485128
13496208
13507289
13518369
13529450
13540530
13551611
13562692
13573773
13584853
13595934
13607014
13618095
13629175
13640257
13651337
13662417
13673498
13684579
13695659
13706740
13717821
13728901
13739982
13751064
13762143
13773224
13784305
13795385
13806467
13817546
13828627
13839708
13850788
13861869
13872949
13884030
13895111
13906192
13917272
13928353
13939433
13950514
13961594
13972676
13983756
13994836
14005917
14016998
14028078
14039161
14050240
14061320
14072402
14083481
14094562
14105643
14116723
14127804
14138885
14149965
14161046
14172126
14183207
14194288
14205369
14216449
14227530
14238610
14249691
14260772
14271852
14282933
14294014
14305095
14316175
14327256
14338336
14349417
14360498
14371578
14382659
14393740
14404820
14415901
14426981
14438062
14449142
14460223
14471304
14482384
14493465
14504546
14515626
14526707
14537788
14548868
14559949
14571029
14582110
14593191
14604271
14615352
14626433
14637513
14648593
14659675
14670755
14681835
14692916
14703997
14715078
14726158
14737239
14748319
14759400
14770481
14781561
14792642
14803724
14814803
14825884
14836964
14848045
14859126
14870207
14881287
14892368
14903448
14914529
14925610
14936690
14947771
14958852
14969934
14981012
14992093
15003175
15014254
15025336
15036416
15047496
15058577
15069658
15080738
15091819
15102900
15113980
15125061
15136142
15147222
15158303
15169383
15180464
15191545
15202625
15213706
15224786
15235867
15246948
15258029
15269109
15280190
15291272
15302351
15313431
15324513
15335593
15346673
15357754
15368835
15379915
15390996
15402077
15413157
15424238
15435318
15446399
15457480
15468561
15479641
15490722
15501802
15512883
15523964
15535044
15546125
15557206
15568286
15579367
15590448
15601528
15612611
15623689
15634770
15645851
15656931
15668012
15679092
15690173
15701253
15712334
15723415
15734496
15745576
15756657
15767737
15778818
15789899
15800981
15812060
15823141
15834221
15845302
15856382
15867463
15878544
15889624
15900705
15911786
15922866
15933948
15945028
15956108
15967189
15978269
15989350
16000431
16011512
16022592
16033672
16044753
16055834
16066914
16077995
16089076
16100157
16111237
16122318
16133398
16144479
16155560
16166640
16177721
16188802
16199882
16210963
16222044
16233124
16244204
16255287
16266366
16277447
16288527
16299608
16310688
16321769
16332850
16343930
16355011
16366092
16377172
16388253
16399334
16410414
16421495
16432575
16443656
16454737
16465818
16476898
16487978
16499059
16510140
16521220
16532301
16543383
16554462
16565543
16576624
16587704
16598785
16609866
16620946
16632027
16643107
16654188
16665269
16676349
16687430
16698510
16709591
16720672
16731752
16742833
16753913
16764994
16776075
16787155
16798236
16809317
16820397
16831478
16842559
16853639
16864720
16875800
16886881
16897962
16909042
16920124
16931203
16942284
16953365
16964446
16975526
16986607
16997688
17008769
17019849
17030929
17042010
17053091
17064171
17075252
17086332
17097413
17108494
17119574
17130657
17141736
17152816
17163897
17174978
17186060
17197139
17208220
17219300
17230381
17241461
17252542
17263623
17274703
17285784
17296865
17307945
17319026
17330107
17341187
17352268
17363348
17374429
17385510
17396590
17407671
17418752
17429832
17440913
17451993
17463074
17474155
17485235
17496316
17507398
17518477
17529558
17540639
17551719
17562800
17573880
17584961
17596042
17607123
17618203
17629284
17640364
17651445
17662525
17673606
17684686
17695768
17706848
17717928
17729009
17740090
17751170
17762251
17773332
17784412
17795495
17806574
17817654
17828736
17839816
17850896
17861977
17873057
17884138
17895219
17906299
17917380
17928461
17939541
17950622
17961703
17972783
17983864
17994945
18006025
18017105
18028186
18039267
18050347
18061428
18072509
18083589
18094670
18105750
18116831
18127912
18138992
18150073
18161154
18172234
18183315
18194396
18205477
18216557
18227638
18238718
18249799
18260880
18271960
18283041
18294122
18305202
18316282
18327363
18338444
18349524
18360605
18371686
18382766
18393847
18404929
18416008
18427089
18438171
18449250
18460332
18471411
18482492
18493573
18504653
18515734
18526815
18537895
18548976
18560057
18571137
18582218
18593299
18604380
18615460
18626540
18637621
18648702
18659783
18670863
18681944
18693024
18704105
18715186
18726268
18737347
18748427
18759509
18770589
18781669
18792752
18803831
18814911
18825992
18837072
18848153
18859234
18870314
18881395
18892476
18903556
18914637
18925718
18936798
18947879
18958960
18970040
18981121
18992201
19003283
19014363
19025444
19036523
19047606
19058685
19069766
19080847
19091927
19103007
19114088
19125169
19136249
19147330
19158411
19169492
19180572
19191653
19202733
19213814
19224895
19235975
19247056
19258137
19269217
19280298
19291379
19302459
19313540
19324620
19335701
19346782
19357862
19368943
19380024
19391104
19402184
19413265
19424346
19435426
19446507
19457588
19468668
19479749
19490830
19501910
19512991
19524072
19535152
19546233
19557314
19568394
19579475
19590556
19601636
19612717
19623798
19634878
19645959
19657039
19668120
19679200
19690283
19701362
19712442
19723523
19734603
19745684
19756765
19767845
19778926
19790008
19801088
19812168
19823248
19834329
19845410
19856491
19867571
19878652
19889732
19900813
19911894
19922974
19934055
19945136
19956216
19967297
19978378
19989458
20000539
20011620
20022700
20033780
20044861
20055942
20067022
20078103
20089184
20100265
20111345
20122426
20133506
20144587
20155668
20166748
20177829
20188910
20199991
20211071
20222151
20233232
20244313
20255393
20266474
20277555
20288635
20299717
20310797
20321877
20332958
20344038
20355119
20366199
20377280
20388361
20399442
20410522
20421603
20432683
20443764
20454845
20465925
20477006
20488086
20499167
20510248
20521328
20532409
20543490
20554570
20565651
20576732
20587813
20598893
20609974
20621054
20632135
20643215
20654296
20665377
20676457
20687538
20698618
20709699
20720780
20731860
20742941
20754022
20765102
20776183
20787265
20798344
20809425
20820506
20831586
20842667
20853747
20864828
20875909
20886989
20898070
20909151
20920232
20931312
20942394
20953473
20964554
20975634
20986715
20997796
21008876
21019958
21031037
21042118
21053198
21064279
21075360
21086441
21097521
21108602
21119682
21130763
21141844
21152924
21164005
21175086
21186166
21197247
21208327
21219408
21230490
21241569
21252650
21263731
21274811
21285892
21296972
21308053
21319134
21330215
21341295
21352375
21363457
21374537
21385618
21396699
21407779
21418860
21429940
21441021
21452102
21463182
21474263
21485343
21496424
21507505
21518585
21529666
21540746
21551829
21562908
21573988
21585070
21596150
21607230
21618311
21629391
21640473
21651553
21662633
21673714
21684795
21695875
21706956
21718037
21729117
21740198
21751279
21762359
21773440
21784522
21795601
21806682
21817762
21828843
21839925
21851004
21862085
21873167
21884246
21895328
21906407
21917488
21928569
21939649
21950731
21961810
21972891
21983972
21995053
22006133
22017214
22028294
22039375
22050459
22061536
22072617
22083697
22094778
22105859
22116940
22128020
22139100
22150182
22161262
22172342
22183423
22194505
22205584
22216665
22227746
22238826
22249907
22260987
22272068
22283149
22294229
22305311
22316391
22327471
22338552
22349633
22360713
22371794
22382875
22393955
22405036
22416117
22427197
22438278
22449359
22460439
22471519
22482601
22493681
22504761
22515843
22526923
22538003
22549084
22560165
22571245
22582326
22593407
22604487
22615569
22626648
22637729
22648810
22659891
22670971
22682052
22693132
22704213
22715294
22726374
22737455
22748535
22759616
22770696
22781778
22792858
22803938
22815019
22826100
22837180
22848261
22859342
22870422
22881503
22892584
22903664
22914745
22925826
22936906
22947987
22959067
22970148
22981229
22992309
23003390
23014471
23025551
23036632
23047713
23058793
23069874
23080954
23092035
23103116
23114196
23125278
23136357
23147438
23158519
23169599
23180681
23191761
23202841
23213922
23225002
23236083
23247164
23258245
23269325
23280407
23291486
23302567
23313648
23324728
23335809
23346890
23357970
23369051
23380132
23391212
23402293
23413374
23424454
23435535
23446616
23457696
23468776
23479857
23490938
23502018
23513099
23524180
23535261
23546341
23557421
23568502
23579583
23590664
23601744
23612825
23623905
23634986
23646067
23657147
23668228
23679309
23690389
23701470
23712550
23723631
23734713
23745792
23756873
23767954
23779036
23790115
23801195
23812276
23823357
23834437
23845518
23856598
23867679
23878760
23889840
23900921
23912002
23923082
23934163
23945244
23956324
23967405
23978486
23989566
24000647
24011727
24022808
24033889
24044969
24056050
24067131
24078211
24089292
24100373
24111453
24122534
24133614
24144695
24155776
24166856
24177937
24189017
24200098
24211179
24222259
24233340
24244420
24255501
24266582
24277663
24288743
24299824
24310905
24321985
24333066
24344147
24355227
24366308
24377390
24388469
24399550
24410631
24421710
24432792
24443872
24454952
24466033
24477114
24488195
24499275
24510356
24521436
24532517
24543598
24554678
24565759
24576840
24587920
24599001
24610082
24621162
24632243
24643323
24654404
24665486
24676565
24687646
24698728
24709807
24720888
24731969
24743049
24754130
24765210
24776293
24787372
24798452
24809533
24820613
24831694
24842775
24853855
24864936
24876017
24887097
24898178
24909259
24920339
24931420
24942501
24953581
24964662
24975742
24986825
24997904
25008984
25020066
25031146
25042226
25053307
25064387
25075468
25086548
25097629
25108710
25119790
25130871
25141952
25153032
25164113
25175194
25186275
25197355
25208435
25219516
25230597
25241677
25252758
25263839
25274919
25286000
25297081
25308161
25319242
25330323
25341403
25352484
25363565
25374645
25385726
25396806
25407887
25418968
25430048
25441129
25452209
25463290
25474371
25485451
25496532
25507613
25518693
25529774
25540854
25551935
25563016
25574096
25585177
25596258
25607338
25618419
25629501
25640581
25651661
25662741
25673822
25684903
25695984
25707064
25718145
25729225
25740306
25751386
25762467
25773549
25784629
25795709
25806790
25817870
25828951
25840032
25851112
25862193
25873273
25884354
25895435
25906515
25917597
25928676
25939757
25950838
25961919
25972999
25984080
25995160
26006241
26017322
26028402
26039483
26050564
26061644
26072725
26083805
26094886
26105967
26117047
26128128
26139209
26150290
26161370
26172451
26183532
26194612
26205693
26216773
26227853
26238936
26250015
26261095
26272177
26283257
26294337
26305418
26316498
26327579
26338660
26349741
26360821
26371902
26382983
26394063
26405144
26416224
26427305
26438386
26449466
26460547
26471628
26482708
26493789
26504870
26515950
26527031
26538112
26549192
26560273
26571353
26582434
26593514
26604595
26615676
26626756
26637837
26648918
26659998
26671079
26682159
26693240
26704321
26715401
26726482
26737563
26748643
26759724
26770805
26781886
26792966
26804047
26815127
26826208
26837288
26848370
26859449
26870531
26881612
26892691
26903772
26914853
26925933
26937014
26948094
26959175
26970256
26981337
26992417
27003498
27014578
27025659
27036740
27047820
27058901
27069982
27081062
27092143
27103224
27114304
27125385
27136466
27147546
27158626
27169709
27180788
27191868
27202950
27214030
27225110
27236192
27247272
27258352
27269433
27280514
27291594
27302675
27313756
27324836
27335917
27346997
27358078
27369159
27380239
27391320
27402401
27413481
27424562
27435643
27446723
27457804
27468884
27479965
27491048
27502126
27513207
27524288
27535368
27546449
27557530
27568610
27579691
27590772
27601852
27612933
27624013
27635094
27646174
27657255
27668336
27679416
27690497
27701578
27712659
27723739
27734820
27745900
27756981
27768062
27779143
27790223
27801304
27812385
27823465
27834545
27845626
27856707
27867787
27878868
27889948
27901029
27912110
27923190
27934271
27945351
27956432
27967513
27978594
27989674
28000755
28011835
28022916
28033997
28045077
28056158
28067239
28078319
28089400
28100483
28111561
28122642
28133723
28144803
28155884
28166964
28178045
28189125
28200206
28211287
28222368
28233448
28244528
28255609
28266690
28277770
28288851
28299932
28311012
28322093
28333174
28344254
28355335
28366416
28377496
28388577
28399657
28410738
28421821
28432900
28443980
28455061
28466141
28477222
28488303
28499383
28510464
28521545
28532625
28543706
28554786
28565867
28576947
28588028
28599109
28610189
28621270
28632351
28643431
28654512
28665592
28676673
28687754
28698835
28709915
28720996
28732076
28743157
28754238
28765320
28776399
28787480
28798560
28809641
28820722
28831802
28842883
28853963
28865044
28876124
28887206
28898286
28909366
28920448
28931529
28942609
28953689
28964770
28975851
28986931
28998011
29009092
29020173
29031254
29042334
29053415
29064497
29075576
29086657
29097738
29108818
29119899
29130979
29142060
29153141
29164221
29175302
29186382
29197463
29208544
29219624
29230705
29241785
29252866
29263947
29275028
29286108
29297189
29308269
29319350
29330431
29341511
29352594
29363673
29374753
29385835
29396914
29407995
29419076
29430156
29441237
29452317
29463398
29474479
29485560
29496640
29507721
29518801
29529882
29540963
29552043
29563124
29574205
29585285
29596366
29607446
29618527
29629607
29640689
29651769
29662849
29673932
29685011
29696091
29707172
29718253
29729333
29740414
29751495
29762577
29773656
29784737
29795817
29806898
29817978
29829059
29840140
29851220
29862301
29873382
29884462
29895542
29906623
29917704
29928785
29939865
29950946
29962027
29973108
29984188
29995268
30006349
30017430
30028510
30039591
30050671
30061752
30072833
30083914
30094994
30106075
30117155
30128236
30139317
30150397
30161478
30172559
30183639
30194720
30205800
30216881
30227962
30239042
30250123
30261204
30272284
30283365
30294445
30305526
30316608
30327687
30338768
30349849
30360930
30372010
30383090
30394171
30405252
30416332
30427414
30438494
30449574
30460655
30471736
30482816
30493897
30504978
30516058
30527139
30538220
30549300
30560381
30571462
30582542
30593623
30604704
30615784
30626865
30637946
30649026
30660107
30671187
30682267
30693348
30704429
30715509
30726590
30737671
30748752
30759834
30770913
30781993
30793074
30804154
30815235
30826316
30837396
30848477
30859558
30870638
30881719
30892800
30903880
30914961
30926044
30937122
30948202
30959284
30970364
30981444
30992525
31003606
31014686
31025767
31036848
31047928
31059009
31070090
31081170
31092251
31103331
31114412
31125493
31136573
31147654
31158735
31169816
31180896
31191977
31203057
31214138
31225219
31236299
31247380
31258461
31269541
31280622
31291702
31302783
31313863
31324944
31336025
31347105
31358186
31369267
31380348
31391428
31402509
31413589
31424670
31435751
31446831
31457912
31468993
31480073
31491154
31502234
31513315
31524396
31535477
31546557
31557638
31568719
31579798
31590881
31601960
31613041
31624121
31635202
31646282
31657363
31668444
31679524
31690605
31701686
31712766
31723847
31734927
31746008
31757091
31768170
31779250
31790331
31801411
31812492
31823573
31834653
31845734
31856816
31867895
31878976
31890058
31901137
31912218
31923299
31934379
31945460
31956541
31967621
31978702
31989782
32000863
32011943
32023024
32034105
32045185
32056266
32067346
32078427
32089508
32100588
32111669
32122750
32133830
32144911
32155992
32167073
32178155
32189234
32200314
32211395
32222475
32233556
32244637
32255718
32266798
32277879
32288959
32300040
32311121
32322201
32333282
32344362
32355443
32366524
32377604
32388685
32399765
32410847
32421927
32433007
32444088
32455169
32466249
32477330
32488411
32499491
32510572
32521653
32532733
32543814
32554895
32565975
32577056
32588137
32599217
32610298
32621378
32632459
32643539
32654620
32665700
32676781
32687862
32698942
32710023
32721104
32732184
32743265
32754346
32765426
32776507
32787589
32798668
32809749
32820830
32831910
32842991
32854072
32865152
32876233
32887314
32898394
32909475
32920556
32931636
32942717
32953797
32964878
32975959
32987039
32998120
33009200
33020281
33031361
33042442
33053523
33064603
33075684
33086765
33097845
33108928
33120006
33131087
33142168
33153249
33164329
33175410
33186490
33197571
33208652
33219732
33230813
33241894
33252975
33264055
33275135
33286216
33297297
33308377
33319458
33330538
33341619
33352700
33363781
33374861
33385942
33397022
33408103
33419184
33430266
33441345
33452425
33463506
33474587
33485667
33496748
33507829
33518909
33529990
33541071
33552151
33563232
33574313
33585393
33596474
33607554
33618635
33629716
33640796
33651877
33662957
33674038
33685119
33696199
33707280
33718361
33729441
33740522
33751605
33762684
33773764
33784844
33795925
33807006
33818086
33829167
33840248
33851328
33862409
33873490
33884570
33895651
33906732
33917812
33928893
33939973
33951055
33962135
33973215
33984296
33995376
34006457
34017538
34028618
34039700
34050780
34061860
34072941
34084022
34095102
34106183
34117263
34128344
34139425
34150506
34161586
34172667
34183747
34194828
34205909
34216989
34228070
34239150
34250231
34261312
34272392
34283473
34294553
34305634
34316715
34327795
34338876
34349957
34361039
34372118
34383198
34394279
34405360
34416440
34427521
34438601
34449682
34460763
34471844
34482924
34494005
34505085
34516166
34527247
34538327
34549408
34560489
34571569
34582650
34593730
34604811
34615893
34626972
34638053
34649134
34660215
34671295
34682375
34693456
34704537
34715617
34726698
34737779
34748860
34759940
34771021
34782101
34793182
34804262
34815343
34826424
34837504
34848585
34859666
34870747
34881827
34892908
34903988
34915069
34926149
34937230
34948311
34959392
34970473
34981553
34992633
35003715
35014795
35025875
35036956
35048037
35059117
35070198
35081280
35092359
35103440
35114521
35125601
35136681
35147762
35158843
35169923
35181004
35192085
35203165
35214246
35225326
35236407
35247488
35258568
35269649
35280730
35291812
35302891
35313972
35325053
35336133
35347214
35358294
35369374
35380456
35391536
35402617
35413698
35424778
35435859
35446939
35458020
35469100
35480181
35491262
35502342
35513423
35524503
35535584
35546666
35557746
35568826
35579907
35590988
35602068
35613150
35624229
35635310
35646391
35657471
35668552
35679633
35690713
35701794
35712874
35723955
35735035
35746118
35757198
35768277
35779358
35790439
35801519
35812600
35823681
35834761
35845842
35856923
35868003
35879084
35890164
35901245
35912326
35923406
35934487
35945568
35956649
35967729
35978810
35989890
36000971
36012052
36023132
36034212
36045293
36056374
36067454
36078535
36089616
36100696
36111777
36122858
36133938
36145019
36156100
36167180
36178261
36189341
36200422
36211503
36222585
36233664
36244745
36255826
36266906
36277987
36289067
36300148
36311229
36322309
36333390
36344471
36355551
36366632
36377712
36388793
36399874
36410955
36422035
36433115
36444196
36455277
36466358
36477438
36488518
36499599
36510680
36521760
36532841
36543924
36555003
36566083
36577165
36588244
36599325
36610406
36621486
36632567
36643647
36654728
36665809
36676890
36687970
36699051
36710131
36721212
36732293
36743375
36754454
36765535
36776615
36787696
36798777
36809857
36820938
36832018
36843099
36854179
36865262
36876341
36887421
36898502
36909583
36920663
36931744
36942825
36953906
36964986
36976067
36987147
36998228
37009308
37020389
37031470
37042550
37053631
37064711
37075792
37086873
37097953
37109034
37120115
37131195
37142276
37153357
37164437
37175518
37186598
37197679
37208760
37219842
37230921
37242002
37253082
37264163
37275243
37286324
37297405
37308485
37319566
37330647
37341728
37352808
37363889
37374969
37386050
37397131
37408212
37419291
37430372
37441453
37452533
37463614
37474696
37485775
37496856
37507937
37519017
37530098
37541179
37552259
37563340
37574421
37585501
37596582
37607662
37618743
37629824
37640904
37651985
37663066
37674146
37685227
37696308
37707388
37718468
37729549
37740631
37751711
37762791
37773872
37784952
37796035
37807114
37818194
37829275
37840356
37851436
37862517
37873597
37884678
37895759
37906840
37917920
37929001
37940082
37951163
37962243
37973323
37984404
37995485
38006565
38017646
38028727
38039807
38050888
38061968
38073049
38084129
38095210
38106291
38117373
38128452
38139533
38150614
38161694
38172775
38183855
38194936
38206016
38217097
38228178
38239259
38250339
38261420
38272500
38283581
38294662
38305742
38316823
38327904
38338984
38350065
38361146
38372226
38383307
38394387
38405468
38416548
38427629
38438710
38449790
38460871
38471951
38483032
38494113
38505194
38516274
38527355
38538436
38549516
38560597
38571678
38582758
38593839
38604919
38616000
38627081
38638161
38649242
38660322
38671403
38682484
38693565
38704645
38715725
38726808
38737888
38748968
38760049
38771129
38782209
38793290
38804370
38815451
38826532
38837612
38848693
38859774
38870855
38881935
38893015
38904096
38915177
38926258
38937338
38948419
38959499
38970580
38981661
38992741
39003822
39014903
39025983
39037064
39048146
39059225
39070306
39081386
39092467
39103547
39114628
39125709
39136790
39147871
39158951
39170031
39181112
39192193
39203273
39214354
39225434
39236515
39247596
39258677
39269757
39280838
39291918
39302999
39314080
39325160
39336244
39347322
39358402
39369484
39380564
39391644
39402725
39413805
39424886
39435967
39447047
39458128
39469209
39480289
39491370
39502450
39513531
39524612
39535692
39546773
39557854
39568935
39580015
39591095
39602176
39613257
39624337
39635418
39646499
39657580
39668660
39679740
39690822
39701902
39712982
39724063
39735145
39746224
39757305
39768386
39779466
39790547
39801628
39812708
39823789
39834870
39845950
39857030
39868111
39879192
39890272
39901355
39912434
39923514
39934595
39945676
39956756
39967837
39978919
