11080
22161
33242
44323
55403
66484
77564
88645
99726
110806
121887
132967
144048
155129
166210
177291
188370
199452
210532
221612
232694
243774
254854
265935
277016
288096
299177
310258
321338
332420
343502
354580
365661
376742
387822
398903
409983
421064
432145
443225
454306
465387
476467
487548
498628
509709
520790
531870
542951
554032
565112
576193
587274
598354
609435
620515
631597
642678
653758
664840
675919
686999
698080
709160
720241
731322
742403
753483
764564
775644
786725
797806
808886
819967
831048
842129
853209
864289
875370
886451
897532
908612
919692
930773
941854
952936
964015
975096
986177
997257
1008338
1019418
1030499
1041580
1052660
1063741
1074821
1085902
1096982
1108063
1119144
1130225
1141305
1152386
1163466
1174547
1185628
1196708
1207789
1218870
1229950
1241031
1252112
1263192
1274272
1285353
1296434
1307515
1318595
1329676
1340757
1351837
1362918
1373998
1385079
1396159
1407240
1418321
1429402
1440482
1451563
1462643
1473724
1484805
1495885
1506966
1518047
1529127
1540208
1551288
1562369
1573449
1584530
1595612
1606691
1617772
1628853
1639933
1651014
1662095
1673176
1684256
1695337
1706417
1717498
1728578
1739659
1750740
1761820
1772901
1783982
1795062
1806143
1817224
1828304
1839386
1850466
1861546
1872627
1883708
1894788
1905868
1916951
1928030
1939110
1950191
1961272
1972352
1983433
1994514
2005594
2016675
2027756
2038836
2049917
2060997
2072078
2083159
2094240
2105320
2116401
2127481
2138562
2149643
2160723
2171804
2182885
2193965
2205047
2216126
2227207
2238288
2249368
2260449
2271529
2282611
2293691
2304771
2315852
2326932
2338014
2349094
2360174
2371255
2382336
2393416
2404497
2415578
2426658
2437739
2448820
2459900
2470981
2482062
2493142
2504223
2515303
2526386
2537465
2548545
2559626
2570706
2581787
2592868
2603948
2615029
2626110
2637191
2648271
2659351
2670433
2681513
2692594
2703674
2714755
2725835
2736916
2747997
2759077
2770158
2781239
2792319
2803400
2814481
2825561
2836642
2847724
2858803
2869884
2880964
2892045
2903126
2914206
2925286
2936367
2947448
2958529
2969609
2980690
2991770
3002853
3013932
3025012
3036093
3047174
3058254
3069335
3080416
3091496
3102578
3113657
3124738
3135819
3146899
3157980
3169062
3180141
3191222
3202302
3213383
3224464
3235545
3246625
3257706
3268786
3279867
3290948
3302028
3313109
3324189
3335270
3346351
3357431
3368512
3379592
3390673
3401754
3412835
3423915
3434996
3446077
3457157
3468238
3479318
3490404
3501480
3512561
3523641
3534722
3545802
3556883
3567963
3579044
3590125
3601205
3612286
3623367
3634448
3645529
3656609
3667689
3678769
3689851
3700931
3712012
3723093
3734173
3745253
3756334
3767415
3778497
3789576
3800657
3811738
3822818
3833900
3844980
3856060
3867140
3878221
3889302
3900382
3911463
3922544
3933624
3944705
3955785
3966866
3977947
3989027
4000108
4011189
4022270
4033351
4044431
4055511
4066593
4077672
4088753
4099835
4110914
4121995
4133076
4144156
4155237
4166318
4177398
4188479
4199559
4210640
4221721
4232802
4243883
4254963
4266043
4277124
4288205
4299285
4310366
4321447
4332527
4343607
4354688
4365769
4376849
4387932
4399011
4410091
4421173
4432253
4443333
4454414
4465495
4476575
4487656
4498737
4509817
4520898
4531978
4543059
4554140
4565220
4576301
4587382
4598462
4609543
4620623
4631704
4642785
4653865
4664946
4676026
4687107
4698188
4709268
4720349
4731430
4742510
4753591
4764672
4775752
4786833
4797914
4808994
4820075
4831157
4842236
4853317
4864397
4875478
4886559
4897639
4908719
4919800
4930881
4941962
4953043
4964123
4975203
4986284
4997365
5008446
5019526
5030609
5041687
5052769
5063849
5074929
5086010
5097091
5108171
5119252
5130332
5141413
5152494
5163578
5174655
5185736
5196816
5207897
5218978
5230058
5241139
5252220
5263300
5274381
5285461
5296542
5307623
5318704
5329784
5340864
5351946
5363026
5374106
5385187
5396268
5407348
5418429
5429510
5440590
5451671
5462751
5473832
5484913
5495994
5507074
5518155
5529235
5540316
5551397
5562477
5573558
5584639
5595719
5606800
5617880
5628961
5640044
5651122
5662203
5673285
5684364
5695445
5706526
5717606
5728687
5739767
5750848
5761928
5773009
5784090
5795170
5806251
5817332
5828413
5839494
5850574
5861654
5872735
5883816
5894896
5905977
5917057
5928138
5939219
5950299
5961380
5972461
5983541
5994622
6005703
6016783
6027864
6038944
6050025
6061105
6072186
6083267
6094347
6105428
6116509
6127589
6138670
6149750
6160831
6171912
6182993
6194073
6205154
6216234
6227315
6238396
6249476
6260557
6271638
6282720
6293799
6304880
6315960
6327041
6338121
6349202
6360282
6371363
6382444
6393525
6404605
6415685
6426766
6437848
6448927
6460008
6471089
6482170
6493250
6504331
6515411
6526492
6537573
6548653
6559734
6570816
6581895
6592976
6604058
6615137
6626218
6637299
6648379
6659460
6670540
6681621
6692702
6703782
6714863
6725943
6737024
6748104
6759185
6770266
6781346
6792427
6803508
6814589
6825671
6836751
6847830
6858911
6869992
6881072
6892155
6903234
6914314
6925395
6936476
6947556
6958637
6969717
6980798
6991879
7002960
7014040
7025121
7036201
7047282
7058362
7069443
7080524
7091604
7102685
7113766
7124846
7135927
7147007
7158088
7169169
7180249
7191330
7202411
7213491
7224572
7235653
7246733
7257814
7268895
7279975
7291056
7302136
7313217
7324298
7335378
7346459
7357540
7368620
7379700
7390781
7401862
7412943
7424025
7435104
7446184
7457265
7468346
7479426
7490507
7501588
7512668
7523749
7534831
7545910
7556991
7568071
7579152
7590233
7601313
7612394
7623475
7634556
7645636
7656717
7667797
7678878
7689959
7701039
7712119
7723200
7734281
7745361
7756442
7767523
7778603
7789684
7800765
7811845
7822928
7834007
7845087
7856169
7867248
7878329
7889410
7900490
7911571
7922652
7933732
7944813
7955894
7966974
7978055
7989136
8000216
8011297
8022378
8033458
8044539
8055620
8066700
8077781
8088861
8099942
8111022
8122103
8133184
8144266
8155346
8166426
8177507
8188587
8199667
8210748
8221829
8232909
8243990
8255071
8266151
8277232
8288313
8299393
8310474
8321555
8332635
8343716
8354796
8365877
8376958
8388038
8399119
8410200
8421280
8432362
8443442
8454522
8465604
8476683
8487764
8498844
8509925
8521006
8532086
8543168
8554247
8565328
8576409
8587490
8598570
8609651
8620732
8631812
8642893
8653974
8665054
8676135
8687215
8698296
8709376
8720457
8731538
8742619
8753700
8764780
8775860
8786942
8798021
8809102
8820184
8831264
8842344
8853425
8864505
8875586
8886667
8897747
8908828
8919909
8930989
8942070
8953151
8964231
8975312
8986393
8997473
9008554
9019635
9030715
9041796
9052876
9063957
9075038
9086118
9097199
9108280
9119360
9130440
9141521
9152602
9163682
9174763
9185844
9196924
9208005
9219086
9230166
9241247
9252327
9263408
9274489
9285569
9296650
9307731
9318812
9329892
9340973
9352053
9363134
9374215
9385295
9396376
9407456
9418538
9429618
9440698
9451779
9462860
9473940
9485021
9496102
9507182
9518263
9529343
9540424
9551504
9562585
9573666
9584746
9595827
9606908
9617989
9629069
9640150
9651231
9662311
9673392
9684472
9695553
9706633
9717715
9728795
9739875
9750956
9762037
9773118
9784198
9795278
9806359
9817441
9828521
9839601
9850682
9861762
9872843
9883923
9895004
9906085
9917165
9928247
9939327
9950407
9961488
9972569
9983650
9994730
10005811
10016891
10027972
10039053
10050133
10061214
10072294
10083375
10094456
10105536
10116617
10127697
10138778
10149859
10160940
10172020
10183101
10194181
10205262
10216343
10227423
10238504
10249584
10260665
10271746
10282826
10293907
10304988
10316068
10327150
10338230
10349310
10360391
10371471
10382552
10393633
10404713
10415794
10426875
10437955
10449036
10460117
10471197
10482278
10493359
10504439
10515519
10526600
10537681
10548761
10559842
10570923
10582003
10593084
10604165
10615245
10626326
10637406
10648488
10659568
10670648
10681729
10692810
10703890
10714971
10726052
10737132
10748213
10759293
10770374
10781454
10792535
10803616
10814697
10825777
10836858
10847938
10859019
10870100
10881180
10892261
10903342
10914422
10925503
10936583
10947664
10958745
10969827
10980906
10991987
11003067
11014148
11025229
11036309
11047390
11058471
11069551
11080632
11091712
11102793
11113873
11124954
11136035
11147116
11158196
11169277
11180357
11191438
11202519
11213600
11224680
11235760
11246841
11257923
11269002
11280083
11291165
11302244
11313326
11324406
11335486
11346567
11357648
11368728
11379809
11390889
11401970
11413051
11424132
11435212
11446292
11457373
11468454
11479535
11490615
11501696
11512776
11523857
11534937
11546018
11557099
11568179
11579262
11590341
11601421
11612503
11623583
11634663
11645744
11656825
11667905
11678986
11690066
11701147
11712228
11723309
11734389
11745470
11756550
11767631
11778711
11789792
11800873
11811955
11823035
11834115
11845195
11856276
11867356
11878437
11889518
11900598
11911679
11922760
11933840
11944921
11956002
11967082
11978163
11989243
12000324
12011405
12022486
12033566
12044647
12055727
12066808
12077888
12088969
12100050
12111130
12122211
12133292
12144373
12155453
12166533
12177614
12188696
12199775
12210856
12221938
12233017
12244098
12255179
12266259
12277340
12288420
12299501
12310583
12321662
12332743
12343824
12354904
12365985
12377066
12388147
12399227
12410308
12421389
12432469
12443549
12454630
12465711
12476792
12487872
12498953
12510034
12521114
12532195
12543276
12554356
12565437
12576517
12587598
12598678
12609759
12620840
12631920
12643001
12654081
12665162
12676243
12687323
12698404
12709485
12720565
12731646
12742726
12753807
12764888
12775968
12787049
12798130
12809211
12820291
12831373
12842452
12853533
12864614
12875694
12886775
12897855
12908936
12920016
12931097
12942178
12953258
12964339
12975420
12986500
12997581
13008662
13019742
13030823
13041903
13052985
13064065
13075145
13086226
13097307
13108387
13119468
13130549
13141630
13152710
13163791
13174871
13185952
13197032
13208113
13219194
13230274
13241355
13252435
13263516
13274597
13285677
13296758
13307839
13318919
13330000
13341081
13352161
13363242
13374322
13385403
13396484
13407565
13418645
13429726
13440807
13451887
13462968
13474050
13485129
13496209
13507290
13518371
13529451
13540532
13551612
13562694
13573774
13584854
13595935
13607016
13618096
13629177
13640258
13651338
13662419
13673500
13684580
13695661
13706742
13717822
13728903
13739983
13751064
13762146
13773226
13784306
13795387
13806469
13817548
13828629
13839709
13850789
13861871
13872951
13884032
13895112
13906193
13917274
13928354
13939435
13950515
13961596
13972677
13983757
13994838
14005919
14016999
14028080
14039160
14050241
14061322
14072402
14083485
14094564
14105644
14116725
14127806
14138886
14149967
14161048
14172128
14183209
14194289
14205370
14216451
14227531
14238612
14249693
14260773
14271854
14282935
14294015
14305096
14316176
14327257
14338338
14349418
14360499
14371579
14382660
14393741
14404821
14415902
14426983
14438063
14449144
14460225
14471305
14482386
14493467
14504547
14515628
14526708
14537789
14548870
14559950
14571031
14582112
14593192
14604273
14615354
14626434
14637515
14648595
14659676
14670756
14681837
14692919
14703998
14715079
14726160
14737240
14748321
14759401
14770482
14781563
14792644
14803725
14814806
14825885
14836966
14848047
14859127
14870208
14881288
14892369
14903450
14914530
14925611
14936692
14947772
14958853
14969933
14981014
14992095
15003176
15014258
15025337
15036417
15047499
15058578
15069659
15080740
15091820
15102901
15113982
15125063
15136143
15147224
15158304
15169385
15180466
15191546
15202627
15213708
15224788
15235868
15246950
15258031
15269111
15280191
15291272
15302352
15313433
15324514
15335594
15346675
15357755
15368836
15379917
15390998
15402078
15413159
15424239
15435320
15446401
15457481
15468563
15479643
15490723
15501804
15512884
15523965
15535046
15546127
15557207
15568288
15579368
15590449
15601530
15612610
15623691
15634772
15645852
15656934
15668013
15679094
15690175
15701255
15712336
15723416
15734497
15745578
15756658
15767739
15778820
15789900
15800983
15812062
15823142
15834223
15845303
15856384
15867465
15878545
15889626
15900707
15911787
15922868
15933948
15945030
15956109
15967191
15978272
15989352
16000433
16011513
16022593
16033674
16044755
16055835
16066916
16077997
16089077
16100158
16111239
16122319
16133401
16144480
16155561
16166642
16177723
16188803
16199884
16210964
16222045
16233125
16244206
16255287
16266369
16277448
16288529
16299610
16310690
16321770
16332851
16343932
16355012
16366093
16377174
16388254
16399335
16410416
16421496
16432577
16443657
16454738
16465819
16476899
16487980
16499061
16510141
16521222
16532302
16543383
16554464
16565544
16576625
16587706
16598787
16609867
16620947
16632029
16643109
16654189
16665270
16676351
16687431
16698512
16709593
16720673
16731754
16742835
16753915
16764996
16776076
16787157
16798240
16809319
16820399
16831480
16842560
16853641
16864721
16875803
16886883
16897964
16909045
16920125
16931205
16942286
16953367
16964447
16975528
16986608
16997689
17008770
17019850
17030931
17042012
17053093
17064173
17075253
17086334
17097415
17108496
17119576
17130657
17141737
17152818
17163899
17174979
17186060
17197142
17208221
17219302
17230383
17241463
17252544
17263625
17274705
17285785
17296866
17307947
17319028
17330108
17341189
17352270
17363350
17374431
17385511
17396592
17407672
17418753
17429834
17440914
17451995
17463076
17474156
17485237
17496317
17507398
17518481
17529559
17540640
17551721
17562801
17573882
17584963
17596044
17607124
17618204
17629285
17640366
17651447
17662527
17673608
17684688
17695769
17706850
17717930
17729011
17740091
17751172
17762253
17773334
17784414
17795495
17806575
17817656
17828737
17839817
17850898
17861978
17873059
17884140
17895220
17906301
17917382
17928462
17939543
17950624
17961704
17972785
17983866
17994946
18006026
18017107
18028188
18039268
18050349
18061430
18072510
18083591
18094671
18105752
18116833
18127915
18138994
18150075
18161156
18172236
18183317
18194398
18205478
18216559
18227639
18238720
18249801
18260881
18271962
18283043
18294123
18305204
18316284
18327365
18338446
18349526
18360607
18371688
18382768
18393849
18404930
18416010
18427091
18438171
18449253
18460333
18471413
18482495
18493575
18504655
18515736
18526816
18537897
18548978
18560058
18571139
18582220
18593300
18604382
18615461
18626542
18637623
18648703
18659784
18670865
18681945
18693026
18704107
18715187
18726267
18737349
18748429
18759510
18770592
18781671
18792753
18803832
18814913
18825993
18837074
18848155
18859235
18870316
18881397
18892477
18903558
18914638
18925719
18936800
18947880
18958961
18970042
18981122
18992203
19003284
19014364
19025445
19036526
19047606
19058687
19069767
19080848
19091928
19103009
19114090
19125171
19136251
19147332
19158412
19169493
19180574
19191654
19202735
19213816
19224896
19235977
19247057
19258138
19269219
19280299
19291380
19302461
19313541
19324622
19335703
19346783
19357864
19368944
19380027
19391106
19402186
19413268
19424347
19435428
19446509
19457589
19468670
19479750
19490831
19501912
19512993
19524073
19535154
19546234
19557315
19568396
19579476
19590557
19601638
19612718
19623799
19634880
19645960
19657041
19668122
19679202
19690282
19701365
19712444
19723525
19734606
19745686
19756766
19767847
19778928
19790010
19801089
19812170
19823251
19834331
19845411
19856492
19867573
19878653
19889734
19900815
19911895
19922976
19934057
19945137
19956218
19967299
19978379
19989461
20000541
20011621
20022703
20033783
20044863
20055943
20067024
20078105
20089185
20100266
20111347
20122428
20133508
20144588
20155669
20166750
20177830
20188911
20199992
20211072
20222153
20233234
20244314
20255395
20266476
20277556
20288637
20299717
20310799
20321879
20332960
20344040
20355121
20366201
20377282
20388363
20399443
20410524
20421604
20432685
20443766
20454846
20465927
20477007
20488088
20499169
20510249
20521330
20532411
20543491
20554572
20565653
20576733
20587814
20598895
20609975
20621057
20632138
20643217
20654297
20665379
20676459
20687540
20698620
20709701
20720781
20731862
20742943
20754023
20765104
20776184
20787267
20798347
20809427
20820507
20831588
20842668
20853749
20864830
20875910
20886991
20898072
20909152
20920233
20931313
20942394
20953477
20964555
20975636
20986717
20997798
21008878
21019958
21031039
21042120
21053200
21064281
21075362
21086442
21097523
21108603
21119684
21130765
21141845
21152926
21164007
21175087
21186168
21197249
21208329
21219410
21230490
21241571
21252652
21263732
21274815
21285894
21296974
21308055
21319135
21330216
21341297
21352377
21363458
21374539
21385620
21396700
21407781
21418861
21429942
21441022
21452103
21463184
21474265
21485345
21496426
21507506
21518587
21529667
21540748
21551829
21562911
21573990
21585071
21596153
21607232
21618313
21629393
21640474
21651554
21662635
21673716
21684796
21695877
21706958
21718038
21729119
21740200
21751280
21762361
21773442
21784524
21795603
21806684
21817764
21828844
21839925
21851006
21862086
21873168
21884249
21895328
21906409
21917490
21928570
21939651
21950732
21961812
21972893
21983974
21995054
22006135
22017215
22028296
22039377
22050457
22061538
22072619
22083699
22094780
22105861
22116941
22128021
22139102
22150183
22161263
22172345
22183426
22194505
22205588
22216667
22227747
22238828
22249909
22260989
22272070
22283151
22294231
22305312
22316392
22327473
22338554
22349634
22360715
22371796
22382876
22393957
22405038
22416118
22427199
22438280
22449360
22460440
22471521
22482602
22493682
22504764
22515844
22526924
22538005
22549086
22560166
22571247
22582328
22593408
22604489
22615570
22626650
22637731
22648811
22659892
22670973
22682053
22693134
22704215
22715295
22726376
22737457
22748537
22759618
22770699
22781779
22792860
22803941
22815022
22826102
22837182
22848263
22859343
22870424
22881505
22892586
22903666
22914746
22925827
22936908
22947989
22959069
22970150
22981231
22992311
23003392
23014472
23025553
23036633
23047714
23058795
23069875
23080956
23092037
23103117
23114199
23125279
23136361
23147440
23158521
23169602
23180682
23191762
23202843
23213924
23225004
23236085
23247166
23258246
23269327
23280408
23291488
23302569
23313650
23324730
23335811
23346891
23357972
23369052
23380134
23391214
23402295
23413375
23424457
23435536
23446617
23457699
23468779
23479859
23490940
23502020
23513100
23524182
23535262
23546342
23557423
23568504
23579585
23590665
23601746
23612826
23623907
23634988
23646068
23657149
23668230
23679310
23690391
23701472
23712552
23723633
23734713
23745794
23756875
23767955
23779037
23790117
23801197
23812278
23823359
23834439
23845520
23856601
23867681
23878761
23889842
23900923
23912003
23923084
23934165
23945245
23956326
23967407
23978487
23989568
24000648
24011729
24022810
24033891
24044971
24056052
24067133
24078213
24089294
24100375
24111455
24122536
24133616
24144697
24155777
24166858
24177939
24189019
24200100
24211180
24222261
24233342
24244422
24255503
24266583
24277665
24288745
24299826
24310906
24321987
24333067
24344148
24355229
24366309
24377390
24388472
24399551
24410632
24421713
24432793
24443875
24454954
24466035
24477116
24488197
24499277
24510358
24521438
24532519
24543599
24554680
24565760
24576842
24587922
24599003
24610084
24621164
24632244
24643325
24654406
24665486
24676568
24687648
24698729
24709810
24720890
24731970
24743051
24754132
24765212
24776295
24787374
24798454
24809535
24820615
24831696
24842776
24853858
24864938
24876018
24887099
24898179
24909260
24920341
24931421
24942503
24953584
24964663
24975744
24986825
24997905
25008986
25020067
25031147
25042228
25053309
25064389
25075470
25086551
25097631
25108713
25119792
25130873
25141954
25153034
25164115
25175196
25186276
25197357
25208438
25219518
25230599
25241679
25252760
25263841
25274921
25286002
25297082
25308163
25319245
25330324
25341405
25352486
25363566
25374647
25385728
25396808
25407889
25418969
25430050
25441131
25452211
25463292
25474373
25485453
25496534
25507614
25518695
25529776
25540856
25551937
25563017
25574099
25585179
25596259
25607341
25618421
25629501
25640584
25651663
25662743
25673825
25684905
25695985
25707066
25718146
25729227
25740308
25751388
25762469
25773550
25784631
25795711
25806792
25817872
25828953
25840033
25851114
25862195
25873275
25884356
25895437
25906517
25917598
25928680
25939760
25950840
25961922
25973001
25984082
25995163
26006243
26017324
26028404
26039485
26050565
26061646
26072727
26083807
26094888
26105969
26117049
26128130
26139210
26150291
26161372
26172453
26183533
26194614
26205694
26216775
26227856
26238936
26250017
26261098
26272178
26283259
26294340
26305420
26316500
26327581
26338662
26349742
26360823
26371904
26382984
26394065
26405146
26416226
26427307
26438388
26449468
26460549
26471629
26482710
26493791
26504871
26515952
26527033
26538113
26549194
26560275
26571357
26582436
26593517
26604598
26615678
26626758
26637839
26648919
26660000
26671081
26682161
26693243
26704323
26715403
26726484
26737565
26748645
26759726
26770808
26781887
26792968
26804048
26815129
26826210
26837290
26848371
26859452
26870532
26881613
26892695
26903774
26914855
26925935
26937017
26948097
26959177
26970258
26981339
26992419
27003500
27014580
27025661
27036742
27047822
27058903
27069984
27081064
27092145
27103226
27114306
27125387
27136467
27147548
27158629
27169710
27180790
27191871
27202951
27214033
27225113
27236193
27247274
27258354
27269436
27280516
27291596
27302677
27313758
27324838
27335919
27347000
27358080
27369161
27380242
27391322
27402402
27413483
27424564
27435645
27446725
27457806
27468887
27479967
27491048
27502130
27513209
27524290
27535371
27546451
27557531
27568612
27579693
27590774
27601854
27612935
27624015
27635096
27646176
27657257
27668338
27679418
27690499
27701580
27712660
27723741
27734822
27745902
27756983
27768064
27779144
27790225
27801305
27812386
27823468
27834547
27845628
27856708
27867789
27878870
27889951
27901031
27912112
27923192
27934275
27945354
27956434
27967515
27978596
27989676
28000757
28011837
28022918
28033999
28045079
28056160
28067240
28078321
28089402
28100483
28111564
28122644
28133724
28144806
28155885
28166966
28178047
28189127
28200208
28211289
28222369
28233450
28244531
28255611
28266692
28277773
28288853
28299934
28311014
28322095
28333175
28344257
28355337
28366418
28377498
28388579
28399659
28410740
28421821
28432901
28443982
28455063
28466143
28477224
28488305
28499385
28510466
28521546
28532627
28543708
28554789
28565869
28576950
28588030
28599111
28610191
28621272
28632353
28643434
28654514
28665595
28676675
28687756
28698836
28709917
28720998
28732078
28743159
28754241
28765322
28776401
28787482
28798562
28809643
28820723
28831804
28842885
28853965
28865046
28876127
28887207
28898288
28909369
28920449
28931530
28942611
28953691
28964772
28975853
28986933
28998014
29009094
29020175
29031256
29042337
29053417
29064497
29075579
29086658
29097740
29108820
29119900
29130981
29142062
29153142
29164224
29175304
29186384
29197465
29208546
29219626
29230707
29241788
29252868
29263950
29275030
29286110
29297191
29308271
29319352
29330432
29341513
29352594
29363677
29374756
29385835
29396918
29407997
29419078
29430158
29441239
29452319
29463400
29474481
29485561
29496642
29507723
29518803
29529884
29540965
29552045
29563126
29574207
29585287
29596368
29607449
29618529
29629610
29640690
29651771
29662851
29673932
29685013
29696093
29707174
29718254
29729335
29740416
29751496
29762579
29773659
29784738
29795819
29806900
29817980
29829061
29840141
29851222
29862303
29873384
29884464
29895545
29906625
29917706
29928788
29939867
29950948
29962029
29973110
29984190
29995271
30006353
30017431
30028512
30039593
30050674
30061754
30072835
30083916
30094997
30106077
30117157
30128238
30139319
30150400
30161480
30172561
30183642
30194722
30205802
30216883
30227964
30239044
30250125
30261206
30272286
30283367
30294448
30305528
30316609
30327691
30338770
30349851
30360932
30372012
30383093
30394173
30405254
30416335
30427415
30438496
30449576
30460657
30471738
30482818
30493899
30504979
30516060
30527141
30538221
30549302
30560383
30571463
30582544
30593625
30604705
30615787
30626866
30637947
30649029
30660108
30671189
30682270
30693350
30704431
30715512
30726592
30737673
30748754
30759835
30770915
30781995
30793076
30804157
30815238
30826318
30837398
30848479
30859560
30870640
30881721
30892801
30903883
30914963
30926044
30937124
30948205
30959286
30970367
30981447
30992527
31003608
31014689
31025769
31036850
31047931
31059011
31070092
31081174
31092253
31103334
31114415
31125495
31136575
31147657
31158737
31169817
31180898
31191978
31203059
31214140
31225221
31236301
31247382
31258464
31269543
31280624
31291704
31302785
31313866
31324946
31336027
31347108
31358188
31369269
31380350
31391430
31402511
31413592
31424672
31435752
31446833
31457914
31468994
31480075
31491156
31502236
31513318
31524398
31535478
31546560
31557640
31568720
31579802
31590882
31601962
31613043
31624123
31635204
31646285
31657365
31668446
31679526
31690607
31701688
31712769
31723849
31734930
31746010
31757092
31768172
31779252
31790333
31801414
31812494
31823575
31834655
31845736
31856817
31867899
31878978
31890059
31901140
31912220
31923301
31934381
31945462
31956543
31967623
31978704
31989784
32000865
32011946
32023026
32034107
32045188
32056268
32067349
32078430
32089510
32100591
32111671
32122752
32133833
32144913
32155994
32167075
32178155
32189236
32200316
32211397
32222477
32233558
32244639
32255720
32266800
32277881
32288962
32300042
32311123
32322203
32333284
32344365
32355445
32366526
32377606
32388687
32399768
32410848
32421929
32433010
32444090
32455171
32466251
32477333
32488413
32499493
32510576
32521654
32532735
32543816
32554897
32565977
32577058
32588139
32599219
32610300
32621380
32632461
32643542
32654622
32665703
32676783
32687864
32698946
32710025
32721106
32732187
32743267
32754348
32765429
32776509
32787590
32798672
32809751
32820831
32831913
32842993
32854074
32865154
32876234
32887315
32898396
32909477
32920558
32931638
32942719
32953800
32964880
32975960
32987041
32998122
33009202
33020283
33031364
33042444
33053525
33064606
33075686
33086767
33097848
33108928
33120010
33131090
33142170
33153252
33164331
33175412
33186492
33197573
33208654
33219734
33230815
33241896
33252977
33264057
33275138
33286218
33297299
33308379
33319460
33330541
33341621
33352702
33363783
33374863
33385944
33397025
33408105
33419187
33430266
33441349
33452428
33463509
33474589
33485669
33496750
33507831
33518911
33529992
33541073
33552154
33563234
33574315
33585395
33596476
33607557
33618637
33629718
33640798
33651879
33662960
33674041
33685121
33696202
33707282
33718363
33729445
33740524
33751606
33762687
33773766
33784847
33795927
33807008
33818088
33829169
33840250
33851330
33862411
33873492
33884572
33895653
33906733
33917815
33928895
33939975
33951056
33962137
33973217
33984298
33995379
34006459
34017540
34028621
34039701
34050784
34061862
34072943
34084026
34095105
34106185
34117266
34128346
34139427
34150508
34161588
34172668
34183749
34194830
34205911
34216991
34228072
34239152
34250234
34261314
34272394
34283475
34294556
34305636
34316717
34327798
34338878
34349959
34361040
34372120
34383201
34394282
34405362
34416443
34427523
34438604
34449684
34460765
34471846
34482926
34494007
34505088
34516168
34527249
34538329
34549411
34560491
34571571
34582652
34593733
34604814
34615894
34626975
34638055
34649136
34660217
34671297
34682378
34693460
34704539
34715620
34726700
34737781
34748863
34759943
34771023
34782103
34793184
34804265
34815345
34826426
34837507
34848587
34859668
34870749
34881829
34892910
34903991
34915072
34926152
34937232
34948313
34959394
34970475
34981555
34992635
35003717
35014798
35025877
35036958
35048039
35059119
35070200
35081281
35092361
35103442
35114522
35125603
35136684
35147765
35158845
35169925
35181006
35192087
35203168
35214248
35225329
35236410
35247490
35258571
35269651
35280732
35291812
35302895
35313974
35325054
35336136
35347216
35358296
35369377
35380458
35391538
35402619
35413700
35424780
35435861
35446941
35458022
35469103
35480183
35491264
35502345
35513425
35524506
35535587
35546667
35557748
35568829
35579909
35590989
35602071
35613151
35624232
35635312
35646393
35657473
35668554
35679635
35690715
35701796
35712876
35723957
35735038
35746120
35757199
35768280
35779360
35790441
35801522
35812602
35823683
35834764
35845844
35856925
35868005
35879086
35890167
35901248
35912329
35923409
35934490
35945572
35956650
35967731
35978812
35989892
36000973
36012054
36023134
36034215
36045296
36056376
36067457
36078538
36089618
36100699
36111779
36122860
36133941
36145022
36156102
36167182
36178263
36189344
36200424
36211505
36222586
36233669
36244747
36255828
36266909
36277989
36289070
36300150
36311231
36322312
36333393
36344474
36355554
36366634
36377715
36388795
36399876
36410957
36422037
36433118
36444198
36455279
36466360
36477440
36488521
36499601
36510682
36521763
36532844
36543925
36555007
36566085
36577166
36588247
36599327
36610408
36621489
36632569
36643650
36654730
36665811
36676892
36687972
36699053
36710133
36721215
36732295
36743376
36754457
36765537
36776617
36787698
36798779
36809859
36820940
36832021
36843101
36854182
36865263
36876343
36887424
36898504
36909585
36920665
36931746
36942827
36953908
36964988
36976069
36987150
36998230
37009310
37020391
37031472
37042552
37053634
37064714
37075795
37086875
37097956
37109036
37120117
37131197
37142278
37153359
37164440
37175520
37186601
37197682
37208762
37219843
37230923
37242004
37253085
37264165
37275246
37286326
37297407
37308488
37319568
37330649
37341730
37352810
37363891
37374971
37386052
37397132
37408213
37419294
37430375
37441455
37452536
37463617
37474697
37485780
37496858
37507939
37519021
37530100
37541181
37552262
37563342
37574425
37585504
37596584
37607665
37618746
37629826
37640906
37651987
37663068
37674149
37685229
37696310
37707390
37718471
37729552
37740633
37751713
37762793
37773874
37784955
37796035
37807118
37818197
37829278
37840358
37851439
37862519
37873600
37884681
37895761
37906842
37917922
37929003
37940084
37951165
37962245
37973325
37984407
37995487
38006567
38017648
38028728
38039809
38050890
38061971
38073052
38084132
38095212
38106293
38117374
38128454
38139536
38150616
38161696
38172777
38183858
38194938
38206019
38217100
38228180
38239262
38250341
38261422
38272503
38283583
38294664
38305744
38316825
38327906
38338987
38350068
38361148
38372228
38383309
38394390
38405471
38416552
38427631
38438712
38449794
38460873
38471954
38483035
38494116
38505196
38516277
38527357
38538438
38549519
38560599
38571680
38582760
38593841
38604922
38616002
38627083
38638164
38649244
38660325
38671405
38682486
38693567
38704647
38715728
38726808
38737892
38748970
38760050
38771132
38782212
38793292
38804374
38815454
38826534
38837615
38848695
38859776
38870857
38881937
38893018
38904099
38915179
38926260
38937341
38948422
38959502
38970582
38981663
38992744
39003824
39014905
39025986
39037066
39048147
39059229
39070309
39081389
39092470
39103550
39114631
39125711
39136792
39147873
39158953
39170034
39181114
39192195
39203276
39214356
39225437
39236518
39247598
39258679
39269759
39280840
39291921
39303001
39314082
39325163
39336244
39347325
39358405
39369486
39380567
39391647
39402727
39413808
39424888
39435969
39447049
39458130
39469211
39480291
39491372
39502453
39513533
39524614
39535695
39546775
39557856
39568937
39580017
39591098
39602178
39613259
39624340
39635420
39646501
39657582
39668663
39679743
39690824
39701905
39712985
39724066
39735148
39746227
39757307
39768388
39779469
39790549
39801630
39812710
39823792
39834872
39845952
39857033
39868114
39879194
39890275
39901356
39912436
39923517
39934598
39945678
39956759
39967839
39978920
