11081
22161
33242
44324
55403
66484
77565
88646
99726
110807
121887
132968
144050
155129
166210
177291
188371
199452
210532
221613
232694
243774
254855
265936
277016
288097
299177
310258
321338
332419
343500
354580
365661
376742
387822
398903
409984
421064
432147
443226
454306
465388
476467
487548
498629
509710
520790
531871
542951
554032
565112
576193
587274
598355
609435
620516
631596
642677
653758
664838
675919
687000
698080
709161
720241
731322
742403
753485
764564
775645
786726
797806
808887
819967
831048
842130
853209
864290
875370
886451
897532
908612
919693
930773
941854
952935
964016
975096
986177
997257
1008338
1019418
1030499
1041581
1052661
1063741
1074823
1085902
1096983
1108063
1119144
1130225
1141305
1152386
1163467
1174548
1185628
1196709
1207789
1218870
1229950
1241031
1252112
1263192
1274273
1285354
1296434
1307515
1318596
1329676
1340757
1351837
1362920
1373999
1385079
1396161
1407240
1418321
1429402
1440483
1451563
1462644
1473724
1484805
1495886
1506967
1518047
1529128
1540208
1551289
1562369
1573450
1584531
1595611
1606692
1617773
1628854
1639934
1651015
1662095
1673176
1684258
1695337
1706417
1717499
1728579
1739659
1750740
1761821
1772901
1783982
1795062
1806143
1817224
1828305
1839386
1850467
1861546
1872627
1883708
1894788
1905869
1916950
1928030
1939111
1950192
1961272
1972353
1983434
1994514
2005595
2016675
2027756
2038837
2049918
2060998
2072078
2083159
2094240
2105320
2116401
2127481
2138562
2149643
2160723
2171804
2182885
2193966
2205046
2216127
2227207
2238288
2249369
2260449
2271530
2282611
2293692
2304772
2315852
2326934
2338014
2349095
2360175
2371256
2382336
2393417
2404497
2415578
2426659
2437740
2448820
2459900
2470981
2482062
2493142
2504224
2515304
2526384
2537465
2548546
2559626
2570707
2581788
2592868
2603949
2615031
2626110
2637191
2648273
2659352
2670433
2681513
2692594
2703674
2714755
2725836
2736916
2747997
2759078
2770158
2781239
2792319
2803400
2814481
2825561
2836644
2847723
2858804
2869884
2880965
2892045
2903126
2914206
2925287
2936370
2947449
2958529
2969610
2980690
2991771
3002852
3013932
3025013
3036094
3047174
3058255
3069336
3080416
3091496
3102577
3113658
3124738
3135819
3146900
3157980
3169063
3180142
3191222
3202303
3213384
3224464
3235545
3246626
3257706
3268787
3279867
3290948
3302029
3313110
3324190
3335271
3346351
3357432
3368512
3379593
3390674
3401755
3412835
3423916
3434997
3446077
3457157
3468238
3479319
3490399
3501480
3512561
3523641
3534722
3545803
3556883
3567964
3579046
3590125
3601206
3612286
3623367
3634448
3645529
3656609
3667690
3678770
3689851
3700931
3712012
3723093
3734173
3745254
3756335
3767415
3778496
3789577
3800657
3811738
3822818
3833902
3844980
3856060
3867142
3878221
3889302
3900384
3911463
3922544
3933625
3944705
3955786
3966867
3977947
3989028
4000109
4011189
4022270
4033351
4044431
4055512
4066592
4077673
4088754
4099834
4110915
4121995
4133076
4144157
4155237
4166318
4177398
4188481
4199560
4210640
4221721
4232802
4243882
4254963
4266044
4277124
4288205
4299286
4310366
4321447
4332528
4343608
4354689
4365769
4376850
4387931
4399012
4410092
4421173
4432253
4443334
4454414
4465495
4476575
4487657
4498738
4509817
4520898
4531979
4543059
4554140
4565221
4576301
4587382
4598463
4609543
4620624
4631705
4642785
4653866
4664947
4676027
4687108
4698188
4709269
4720350
4731430
4742511
4753592
4764672
4775752
4786833
4797915
4808995
4820075
4831158
4842237
4853317
4864398
4875478
4886559
4897640
4908720
4919801
4930882
4941962
4953043
4964124
4975204
4986285
4997366
5008446
5019527
5030608
5041688
5052769
5063849
5074930
5086010
5097091
5108172
5119254
5130333
5141414
5152495
5163575
5174656
5185736
5196817
5207898
5218978
5230059
5241139
5252220
5263301
5274381
5285462
5296542
5307623
5318704
5329785
5340865
5351946
5363026
5374107
5385187
5396268
5407349
5418430
5429511
5440592
5451671
5462752
5473833
5484913
5495994
5507074
5518155
5529236
5540317
5551397
5562477
5573558
5584639
5595720
5606800
5617881
5628962
5640042
5651123
5662204
5673284
5684365
5695445
5706526
5717606
5728687
5739768
5750849
5761929
5773010
5784090
5795171
5806251
5817332
5828414
5839494
5850574
5861655
5872735
5883816
5894896
5905977
5917058
5928138
5939219
5950300
5961380
5972461
5983542
5994623
6005703
6016784
6027864
6038945
6050027
6061106
6072187
6083268
6094348
6105429
6116509
6127590
6138670
6149751
6160832
6171912
6182993
6194074
6205154
6216235
6227315
6238396
6249477
6260557
6271638
6282719
6293799
6304880
6315960
6327042
6338122
6349202
6360283
6371366
6382444
6393525
6404606
6415686
6426767
6437848
6448928
6460009
6471089
6482170
6493251
6504332
6515412
6526492
6537573
6548654
6559735
6570815
6581895
6592976
6604057
6615137
6626219
6637299
6648379
6659461
6670541
6681621
6692704
6703783
6714864
6725944
6737025
6748105
6759186
6770267
6781347
6792428
6803509
6814590
6825671
6836750
6847831
6858911
6869992
6881073
6892153
6903234
6914315
6925395
6936476
6947557
6958637
6969718
6980800
6991879
7002960
7014041
7025121
7036202
7047282
7058363
7069444
7080524
7091605
7102686
7113766
7124847
7135927
7147008
7158089
7169170
7180250
7191331
7202411
7213492
7224572
7235654
7246734
7257814
7268895
7279976
7291056
7302138
7313217
7324298
7335379
7346459
7357540
7368621
7379701
7390782
7401863
7412943
7424024
7435104
7446185
7457266
7468346
7479427
7490508
7501588
7512669
7523750
7534830
7545910
7556991
7568072
7579153
7590233
7601314
7612394
7623477
7634556
7645636
7656718
7667798
7678878
7689959
7701040
7712120
7723201
7734281
7745362
7756443
7767523
7778604
7789685
7800765
7811846
7822928
7834007
7845088
7856169
7867249
7878329
7889411
7900491
7911571
7922652
7933733
7944813
7955894
7966975
7978055
7989137
8000217
8011299
8022378
8033459
8044540
8055620
8066700
8077781
8088862
8099943
8111023
8122104
8133184
8144265
8155346
8166426
8177507
8188587
8199668
8210749
8221830
8232911
8243991
8255071
8266152
8277232
8288313
8299394
8310475
8321555
8332636
8343716
8354797
8365877
8376958
8388039
8399120
8410200
8421281
8432361
8443442
8454523
8465603
8476684
8487765
8498845
8509926
8521006
8532087
8543168
8554250
8565329
8576410
8587491
8598571
8609652
8620732
8631813
8642893
8653974
8665054
8676136
8687216
8698296
8709378
8720458
8731538
8742619
8753700
8764780
8775861
8786941
8798022
8809103
8820185
8831264
8842345
8853425
8864506
8875588
8886667
8897748
8908829
8919909
8930990
8942070
8953151
8964232
8975312
8986393
8997473
9008554
9019636
9030715
9041796
9052877
9063957
9075038
9086119
9097199
9108280
9119361
9130441
9141522
9152603
9163683
9174764
9185844
9196925
9208006
9219086
9230172
9241248
9252328
9263409
9274490
9285570
9296650
9307731
9318812
9329892
9340973
9352054
9363134
9374215
9385296
9396376
9407457
9418538
9429618
9440699
9451779
9462860
9473941
9485023
9496102
9507183
9518264
9529344
9540425
9551505
9562586
9573666
9584747
9595828
9606909
9617989
9629070
9640150
9651231
9662312
9673392
9684473
9695554
9706634
9717715
9728795
9739876
9750957
9762037
9773118
9784198
9795279
9806362
9817441
9828521
9839602
9850682
9861763
9872843
9883924
9895005
9906086
9917166
9928247
9939328
9950408
9961489
9972569
9983650
9994730
10005811
10016892
10027973
10039053
10050134
10061214
10072295
10083375
10094458
10105537
10116617
10127700
10138779
10149860
10160940
10172021
10183101
10194182
10205262
10216343
10227424
10238504
10249585
10260666
10271746
10282827
10293908
10304988
10316069
10327150
10338230
10349311
10360391
10371472
10382552
10393633
10404714
10415795
10426875
10437956
10449036
10460117
10471198
10482278
10493359
10504440
10515520
10526601
10537681
10548762
10559843
10570923
10582004
10593085
10604165
10615246
10626326
10637407
10648488
10659569
10670649
10681730
10692810
10703891
10714971
10726052
10737134
10748213
10759295
10770375
10781455
10792536
10803616
10814698
10825779
10836858
10847939
10859020
10870101
10881181
10892262
10903342
10914423
10925504
10936584
10947665
10958745
10969826
10980907
10991987
11003068
11014149
11025230
11036310
11047390
11058473
11069552
11080633
11091713
11102793
11113874
11124955
11136035
11147116
11158197
11169278
11180358
11191439
11202519
11213600
11224681
11235761
11246842
11257923
11269003
11280084
11291164
11302245
11313326
11324407
11335487
11346568
11357648
11368729
11379811
11390890
11401970
11413052
11424132
11435212
11446293
11457374
11468454
11479537
11490616
11501696
11512777
11523858
11534938
11546019
11557100
11568180
11579261
11590342
11601422
11612503
11623584
11634664
11645745
11656825
11667906
11678987
11690067
11701148
11712228
11723309
11734390
11745470
11756551
11767631
11778712
11789793
11800873
11811956
11823035
11834115
11845196
11856277
11867357
11878438
11889519
11900599
11911680
11922761
11933841
11944922
11956002
11967083
11978164
11989246
12000325
12011406
12022487
12033566
12044648
12055728
12066809
12077889
12088970
12100050
12111131
12122212
12133292
12144374
12155453
12166534
12177615
12188696
12199776
12210857
12221938
12233018
12244099
12255179
12266260
12277341
12288421
12299502
12310585
12321663
12332744
12343825
12354905
12365985
12377066
12388147
12399227
12410309
12421389
12432469
12443550
12454631
12465711
12476792
12487873
12498954
12510034
12521115
12532195
12543276
12554356
12565437
12576518
12587598
12598680
12609761
12620841
12631922
12643002
12654082
12665163
12676243
12687324
12698405
12709485
12720566
12731647
12742727
12753808
12764889
12775969
12787050
12798131
12809213
12820293
12831372
12842453
12853533
12864614
12875695
12886775
12897856
12908937
12920019
12931098
12942178
12953260
12964340
12975421
12986501
12997582
13008663
13019743
13030824
13041904
13052985
13064066
13075146
13086227
13097308
13108388
13119469
13130550
13141630
13152710
13163792
13174872
13185952
13197033
13208114
13219195
13230275
13241357
13252436
13263517
13274598
13285678
13296759
13307840
13318920
13330001
13341081
13352162
13363243
13374323
13385404
13396485
13407565
13418646
13429727
13440807
13451887
13462969
13474049
13485129
13496210
13507291
13518371
13529454
13540533
13551613
13562695
13573775
13584855
13595936
13607017
13618097
13629178
13640259
13651339
13662420
13673500
13684581
13695662
13706742
13717823
13728904
13739985
13751065
13762146
13773226
13784306
13795387
13806470
13817549
13828629
13839710
13850790
13861871
13872952
13884032
13895113
13906194
13917274
13928355
13939436
13950516
13961597
13972679
13983758
13994839
14005920
14017000
14028081
14039161
14050242
14061323
14072403
14083484
14094564
14105645
14116726
14127806
14138887
14149968
14161048
14172130
14183210
14194290
14205371
14216452
14227532
14238612
14249694
14260774
14271854
14282935
14294016
14305097
14316177
14327258
14338338
14349419
14360500
14371580
14382661
14393741
14404822
14415903
14426984
14438064
14449145
14460225
14471306
14482387
14493469
14504548
14515629
14526709
14537789
14548870
14559951
14571032
14582112
14593193
14604274
14615354
14626435
14637516
14648596
14659677
14670757
14681838
14692919
14703999
14715080
14726161
14737241
14748322
14759403
14770483
14781565
14792644
14803726
14814807
14825886
14836967
14848047
14859128
14870209
14881289
14892370
14903450
14914531
14925612
14936692
14947773
14958854
14969936
14981015
14992095
15003176
15014257
15025337
15036418
15047499
15058579
15069660
15080741
15091821
15102902
15113983
15125063
15136144
15147225
15158305
15169386
15180466
15191547
15202628
15213709
15224789
15235869
15246950
15258031
15269111
15280192
15291272
15302353
15313434
15324514
15335595
15346676
15357756
15368837
15379918
15390998
15402079
15413160
15424242
15435321
15446401
15457482
15468563
15479644
15490724
15501805
15512885
15523966
15535047
15546127
15557208
15568288
15579369
15590450
15601531
15612611
15623691
15634773
15645853
15656933
15668014
15679095
15690175
15701256
15712337
15723417
15734498
15745580
15756659
15767740
15778820
15789901
15800983
15812063
15823143
15834224
15845304
15856385
15867465
15878546
15889627
15900707
15911788
15922868
15933949
15945030
15956110
15967191
15978272
15989353
16000434
16011514
16022594
16033676
16044756
16055836
16066918
16077998
16089078
16100159
16111239
16122320
16133401
16144481
16155562
16166643
16177723
16188804
16199886
16210965
16222045
16233126
16244207
16255288
16266368
16277449
16288529
16299610
16310691
16321771
16332852
16343933
16355013
16366094
16377175
16388255
16399336
16410417
16421497
16432578
16443658
16454739
16465820
16476900
16487981
16499061
16510142
16521223
16532303
16543384
16554464
16565545
16576626
16587706
16598787
16609868
16620948
16632029
16643110
16654190
16665271
16676353
16687432
16698513
16709594
16720674
16731755
16742836
16753916
16764997
16776077
16787158
16798240
16809320
16820400
16831480
16842561
16853642
16864722
16875803
16886883
16897964
16909045
16920126
16931206
16942287
16953367
16964450
16975529
16986610
16997691
17008771
17019851
17030932
17042012
17053093
17064174
17075254
17086335
17097416
17108496
17119577
17130659
17141738
17152819
17163899
17174980
17186061
17197142
17208222
17219303
17230384
17241464
17252544
17263625
17274706
17285788
17296867
17307948
17319029
17330109
17341189
17352270
17363351
17374431
17385512
17396593
17407673
17418754
17429835
17440915
17451996
17463077
17474157
17485238
17496318
17507399
17518480
17529560
17540641
17551722
17562802
17573883
17584964
17596044
17607125
17618206
17629287
17640367
17651447
17662528
17673609
17684689
17695770
17706850
17717931
17729012
17740093
17751173
17762254
17773334
17784415
17795497
17806576
17817657
17828737
17839818
17850899
17861979
17873060
17884140
17895222
17906302
17917383
17928465
17939543
17950625
17961706
17972785
17983866
17994947
18006027
18017108
18028189
18039269
18050350
18061431
18072511
18083592
18094673
18105753
18116834
18127915
18138995
18150076
18161156
18172237
18183318
18194398
18205479
18216561
18227640
18238721
18249803
18260882
18271962
18283043
18294124
18305204
18316285
18327366
18338446
18349527
18360608
18371688
18382769
18393850
18404930
18416011
18427091
18438172
18449253
18460335
18471414
18482495
18493575
18504656
18515737
18526817
18537899
18548979
18560059
18571141
18582220
18593301
18604382
18615463
18626543
18637624
18648704
18659785
18670866
18681946
18693027
18704108
18715188
18726269
18737349
18748430
18759510
18770592
18781672
18792754
18803833
18814914
18825994
18837075
18848156
18859238
18870317
18881398
18892478
18903559
18914639
18925720
18936801
18947881
18958962
18970043
18981123
18992204
19003285
19014365
19025446
19036526
19047607
19058688
19069768
19080849
19091929
19103010
19114091
19125172
19136252
19147334
19158413
19169494
19180576
19191655
19202736
19213817
19224897
19235978
19247058
19258139
19269220
19280300
19291381
19302462
19313542
19324623
19335704
19346784
19357864
19368945
19380026
19391107
19402187
19413268
19424348
19435429
19446510
19457590
19468673
19479752
19490832
19501914
19512993
19524074
19535155
19546235
19557316
19568397
19579477
19590558
19601639
19612719
19623800
19634880
19645961
19657042
19668123
19679203
19690283
19701364
19712445
19723525
19734606
19745687
19756767
19767848
19778929
19790010
19801090
19812170
19823251
19834332
19845412
19856495
19867574
19878654
19889735
19900816
19911896
19922977
19934058
19945138
19956219
19967299
19978380
19989461
20000542
20011622
20022703
20033783
20044864
20055945
20067025
20078106
20089186
20100267
20111349
20122429
20133509
20144589
20155670
20166751
20177831
20188912
20199993
20211074
20222154
20233235
20244315
20255396
20266476
20277557
20288638
20299719
20310800
20321880
20332960
20344041
20355122
20366202
20377283
20388364
20399446
20410525
20421605
20432687
20443766
20454848
20465928
20477008
20488089
20499170
20510250
20521331
20532412
20543492
20554573
20565654
20576734
20587815
20598895
20609976
20621058
20632137
20643218
20654299
20665379
20676460
20687540
20698621
20709702
20720784
20731863
20742943
20754025
20765105
20776185
20787267
20798347
20809427
20820508
20831589
20842669
20853750
20864831
20875911
20886992
20898072
20909153
20920234
20931315
20942395
20953476
20964556
20975637
20986718
20997798
21008879
21019959
21031040
21042121
21053201
21064282
21075369
21086443
21097524
21108604
21119686
21130766
21141846
21152927
21164008
21175088
21186169
21197250
21208330
21219411
21230491
21241572
21252653
21263734
21274814
21285895
21296975
21308056
21319136
21330218
21341298
21352378
21363461
21374540
21385621
21396701
21407782
21418862
21429943
21441024
21452105
21463185
21474266
21485346
21496427
21507507
21518588
21529668
21540749
21551830
21562910
21573991
21585072
21596152
21607233
21618314
21629394
21640475
21651558
21662636
21673717
21684798
21695878
21706959
21718039
21729120
21740201
21751281
21762362
21773443
21784525
21795605
21806685
21817765
21828845
21839926
21851007
21862088
21873168
21884249
21895329
21906410
21917491
21928571
21939652
21950733
21961813
21972895
21983975
21995055
22006136
22017216
22028297
22039378
22050458
22061539
22072620
22083700
22094781
22105861
22116943
22128022
22139103
22150184
22161264
22172345
22183426
22194506
22205587
22216668
22227748
22238829
22249910
22260990
22272071
22283152
22294232
22305313
22316393
22327474
22338555
22349635
22360716
22371797
22382877
22393958
22405039
22416119
22427200
22438280
22449361
22460442
22471523
22482603
22493683
22504764
22515845
22526925
22538006
22549087
22560167
22571248
22582331
22593409
22604490
22615572
22626651
22637732
22648812
22659893
22670974
22682054
22693135
22704216
22715296
22726377
22737458
22748538
22759618
22770699
22781781
22792861
22803941
22815022
22826103
22837184
22848264
22859344
22870425
22881506
22892587
22903668
22914748
22925828
22936909
22947990
22959070
22970151
22981232
22992312
23003393
23014473
23025554
23036635
23047715
23058796
23069876
23080957
23092038
23103118
23114199
23125280
23136360
23147441
23158522
23169602
23180683
23191765
23202844
23213925
23225007
23236086
23247166
23258248
23269328
23280409
23291489
23302570
23313650
23324731
23335812
23346892
23357973
23369054
23380134
23391215
23402296
23413376
23424457
23435537
23446618
23457699
23468779
23479860
23490940
23502021
23513102
23524182
23535263
23546344
23557424
23568505
23579586
23590666
23601747
23612828
23623908
23634989
23646069
23657150
23668231
23679311
23690392
23701473
23712553
23723634
23734714
23745795
23756876
23767956
23779038
23790117
23801198
23812279
23823360
23834441
23845521
23856601
23867683
23878762
23889843
23900924
23912005
23923085
23934166
23945246
23956327
23967408
23978488
23989569
24000649
24011730
24022811
24033891
24044972
24056053
24067134
24078214
24089295
24100375
24111456
24122537
24133617
24144698
24155780
24166859
24177940
24189021
24200101
24211181
24222262
24233342
24244423
24255504
24266585
24277665
24288746
24299827
24310907
24321988
24333068
24344149
24355230
24366310
24377392
24388472
24399552
24410633
24421714
24432794
24443877
24454955
24466036
24477118
24488197
24499278
24510359
24521439
24532520
24543600
24554681
24565762
24576843
24587923
24599004
24610085
24621165
24632246
24643326
24654407
24665487
24676568
24687649
24698729
24709810
24720891
24731971
24743052
24754132
24765214
24776295
24787375
24798456
24809536
24820616
24831697
24842778
24853858
24864939
24876019
24887100
24898181
24909261
24920342
24931423
24942504
24953584
24964664
24975745
24986826
24997906
25008987
25020068
25031148
25042229
25053310
25064390
25075471
25086553
25097632
25108713
25119794
25130874
25141955
25153035
25164116
25175197
25186277
25197358
25208438
25219519
25230599
25241680
25252761
25263841
25274922
25286003
25297084
25308164
25319245
25330325
25341406
25352487
25363567
25374648
25385729
25396809
25407891
25418970
25430051
25441133
25452212
25463293
25474374
25485454
25496535
25507615
25518696
25529777
25540858
25551938
25563018
25574099
25585180
25596260
25607342
25618422
25629502
25640583
25651664
25662744
25673825
25684906
25695986
25707067
25718147
25729228
25740309
25751389
25762470
25773552
25784632
25795712
25806793
25817873
25828954
25840034
25851115
25862196
25873276
25884357
25895438
25906518
25917599
25928680
25939761
25950841
25961922
25973002
25984083
25995163
26006244
26017325
26028405
26039486
26050567
26061648
26072728
26083808
26094889
26105970
26117050
26128131
26139211
26150292
26161373
26172454
26183534
26194615
26205695
26216776
26227857
26238937
26250018
26261099
26272181
26283260
26294340
26305421
26316501
26327582
26338664
26349743
26360824
26371907
26382986
26394066
26405147
26416227
26427308
26438389
26449469
26460550
26471630
26482711
26493792
26504872
26515953
26527034
26538114
26549195
26560276
26571356
26582437
26593517
26604598
26615678
26626760
26637840
26648920
26660003
26671082
26682162
26693243
26704324
26715404
26726485
26737566
26748646
26759727
26770809
26781888
26792969
26804049
26815130
26826211
26837291
26848372
26859453
26870533
26881614
26892695
26903775
26914856
26925936
26937017
26948098
26959179
26970261
26981339
26992420
27003500
27014581
27025661
27036742
27047822
27058903
27069984
27081064
27092145
27103226
27114306
27125387
27136467
27147548
27158629
27169710
27180790
27191871
27202951
27214032
27225113
27236193
27247274
27258355
27269436
27280516
27291597
27302678
27313758
27324838
27335919
27347000
27358080
27369161
27380242
27391322
27402403
27413484
27424564
27435645
27446725
27457806
27468886
27479967
27491048
27502128
27513209
27524290
27535370
27546451
27557532
27568613
27579693
27590775
27601854
27612935
27624016
27635096
27646177
27657257
27668338
27679419
27690499
27701580
27712661
27723741
27734822
27745902
27756983
27768064
27779145
27790225
27801306
27812386
27823467
27834547
27845628
27856709
27867789
27878870
27889951
27901031
27912113
27923193
27934273
27945354
27956434
27967515
27978596
27989676
28000757
28011838
28022918
28033999
28045079
28056160
28067241
28078321
28089402
28100483
28111563
28122644
28133724
28144805
28155886
28166966
28178047
28189128
28200208
28211289
28222369
28233450
28244531
28255611
28266692
28277773
28288853
28299934
28311015
28322095
28333176
28344256
28355337
28366418
28377498
28388579
28399660
28410740
28421821
28432902
28443982
28455063
28466143
28477224
28488305
28499385
28510466
28521546
28532627
28543708
28554789
28565869
28576950
28588030
28599111
28610192
28621272
28632353
28643434
28654514
28665595
28676675
28687756
28698837
28709917
28720998
28732079
28743160
28754239
28765321
28776401
28787482
28798562
28809643
28820724
28831804
28842887
28853965
28865046
28876127
28887207
28898288
28909369
28920449
28931530
28942611
28953691
28964772
28975852
28986933
28998014
29009094
29020175
29031256
29042336
29053417
29064497
29075578
29086659
29097739
29108820
29119901
29130981
29142062
29153143
29164225
29175304
29186384
29197465
29208546
29219626
29230707
29241788
29252868
29263949
29275030
29286110
29297191
29308272
29319352
29330433
29341513
29352594
29363675
29374755
29385836
29396916
29407997
29419078
29430159
29441239
29452320
29463401
29474481
29485561
29496642
29507723
29518803
29529884
29540965
29552045
29563126
29574207
29585287
29596368
29607449
29618529
29629610
29640690
29651771
29662852
29673932
29685013
29696093
29707174
29718255
29729335
29740416
29751497
29762578
29773659
29784738
29795819
29806900
29817981
29829061
29840142
29851222
29862303
29873384
29884464
29895545
29906626
29917706
29928787
29939867
29950948
29962029
29973110
29984190
29995271
30006351
30017432
30028512
30039593
30050674
30061754
30072835
30083916
30094998
30106077
30117158
30128238
30139319
30150399
30161480
30172561
30183641
30194722
30205803
30216883
30227964
30239044
30250125
30261206
30272286
30283368
30294448
30305528
30316609
30327689
30338770
30349851
30360932
30372012
30383096
30394174
30405255
30416337
30427416
30438497
30449578
30460658
30471739
30482819
30493901
30504980
30516061
30527142
30538222
30549303
30560384
30571464
30582545
30593627
30604706
30615787
30626867
30637948
30649029
30660109
30671190
30682271
30693351
30704433
30715513
30726593
30737675
30748755
30759837
30770916
30781996
30793077
30804157
30815238
30826319
30837399
30848480
30859561
30870641
30881722
30892803
30903883
30914964
30926045
30937125
30948206
30959287
30970367
30981448
30992528
31003609
31014690
31025772
31036851
31047932
31059013
31070093
31081174
31092254
31103334
31114415
31125496
31136576
31147657
31158738
31169819
31180899
31191980
31203060
31214141
31225222
31236302
31247383
31258464
31269544
31280625
31291705
31302786
31313868
31324947
31336028
31347110
31358189
31369270
31380350
31391431
31402511
31413593
31424673
31435753
31446834
31457915
31468995
31480076
31491157
31502237
31513318
31524399
31535479
31546560
31557641
31568721
31579802
31590883
31601963
31613044
31624125
31635205
31646286
31657366
31668447
31679528
31690608
31701692
31712769
31723850
31734931
31746011
31757093
31768173
31779253
31790334
31801414
31812495
31823576
31834657
31845737
31856818
31867898
31878979
31890059
31901140
31912221
31923302
31934383
31945463
31956545
31967624
31978705
31989786
32000866
32011946
32023027
32034109
32045189
32056269
32067350
32078430
32089511
32100591
32111672
32122753
32133834
32144914
32155995
32167076
32178156
32189236
32200317
32211398
32222478
32233559
32244640
32255721
32266801
32277883
32288962
32300043
32311124
32322204
32333285
32344366
32355446
32366527
32377607
32388688
32399769
32410849
32421930
32433010
32444091
32455172
32466252
32477333
32488414
32499495
32510575
32521655
32532736
32543817
32554898
32565980
32577059
32588139
32599221
32610301
32621381
32632462
32643542
32654623
32665704
32676784
32687865
32698946
32710026
32721107
32732187
32743268
32754349
32765430
32776510
32787590
32798671
32809752
32820832
32831913
32842993
32854074
32865155
32876236
32887316
32898397
32909478
32920558
32931639
32942719
32953800
32964881
32975961
32987042
32998123
33009203
33020284
33031365
33042445
33053526
33064607
33075687
33086768
33097849
33108929
33120009
33131090
33142170
33153251
33164332
33175413
33186493
33197574
33208656
33219735
33230816
33241897
33252977
33264058
33275138
33286219
33297300
33308380
33319461
33330542
33341622
33352703
33363784
33374864
33385945
33397025
33408106
33419187
33430267
33441348
33452428
33463509
33474590
33485670
33496751
33507832
33518912
33529995
33541074
33552154
33563235
33574315
33585397
33596477
33607557
33618638
33629719
33640799
33651880
33662961
33674041
33685122
33696203
33707283
33718364
33729444
33740525
33751606
33762687
33773767
33784848
33795928
33807009
33818090
33829170
33840251
33851333
33862412
33873492
33884573
33895654
33906734
33917815
33928896
33939976
33951057
33962138
33973218
33984299
33995380
34006460
34017541
34028621
34039702
34050783
34061863
34072944
34084025
34095106
34106186
34117267
34128347
34139428
34150509
34161589
34172669
34183750
34194831
34205911
34216992
34228073
34239153
34250235
34261314
34272395
34283476
34294557
34305637
34316718
34327798
34338879
34349960
34361040
34372121
34383201
34394282
34405363
34416444
34427524
34438605
34449685
34460768
34471846
34482927
34494008
34505089
34516169
34527250
34538330
34549411
34560492
34571572
34582653
34593733
34604814
34615895
34626975
34638056
34649137
34660217
34671298
34682378
34693459
34704540
34715621
34726701
34737782
34748865
34759944
34771024
34782106
34793185
34804265
34815346
34826427
34837508
34848588
34859669
34870750
34881830
34892911
34903991
34915072
34926153
34937233
34948314
34959394
34970475
34981556
34992636
35003717
35014798
35025878
35036959
35048039
35059120
35070202
35081282
35092362
35103444
35114523
35125604
35136685
35147765
35158847
35169926
35181007
35192087
35203169
35214249
35225329
35236411
35247491
35258571
35269652
35280733
35291813
35302894
35313975
35325055
35336136
35347217
35358298
35369378
35380458
35391539
35402620
35413700
35424781
35435862
35446942
35458023
35469104
35480184
35491265
35502345
35513426
35524507
35535587
35546669
35557749
35568829
35579910
35590990
35602071
35613152
35624232
35635313
35646394
35657474
35668555
35679635
35690716
35701797
35712879
35723958
35735039
35746122
35757200
35768281
35779361
35790442
35801523
35812603
35823684
35834764
35845845
35856925
35868006
35879087
35890167
35901248
35912329
35923409
35934490
35945571
35956651
35967732
35978812
35989893
36000975
36012054
36023135
36034217
36045296
36056377
36067458
36078539
36089619
36100700
36111780
36122861
36133942
36145022
36156103
36167183
36178264
36189345
36200425
36211506
36222586
36233667
36244748
36255828
36266909
36277989
36289070
36300151
36311231
36322314
36333393
36344474
36355555
36366635
36377715
36388796
36399877
36410958
36422038
36433119
36444199
36455280
36466361
36477441
36488522
36499602
36510683
36521764
36532844
36543925
36555005
36566086
36577167
36588247
36599328
36610408
36621489
36632570
36643651
36654731
36665812
36676893
36687973
36699054
36710134
36721215
36732296
36743378
36754457
36765537
36776618
36787699
36798780
36809860
36820941
36832021
36843102
36854183
36865263
36876344
36887425
36898505
36909586
36920666
36931747
36942828
36953908
36964991
36976069
36987150
36998231
37009311
37020392
37031473
37042553
37053634
37064715
37075795
37086876
37097956
37109037
37120118
37131198
37142279
37153360
37164440
37175521
37186602
37197682
37208762
37219843
37230924
37242005
37253086
37264166
37275246
37286329
37297408
37308488
37319569
37330649
37341730
37352811
37363891
37374972
37386053
37397133
37408214
37419295
37430375
37441456
37452537
37463617
37474698
37485779
37496859
37507940
37519021
37530101
37541182
37552263
37563343
37574424
37585504
37596585
37607665
37618746
37629827
37640907
37651988
37663068
37674149
37685230
37696310
37707391
37718472
37729553
37740635
37751714
37762794
37773875
37784956
37796036
37807117
37818198
37829278
37840359
37851439
37862520
37873601
37884681
37895763
37906843
37917923
37929004
37940085
37951165
37962246
37973326
37984407
37995487
38006568
38017649
38028729
38039810
38050891
38061971
38073052
38084133
38095213
38106294
38117375
38128455
38139536
38150617
38161697
38172778
38183858
38194938
38206020
38217102
38228181
38239262
38250342
38261422
38272503
38283584
38294664
38305745
38316826
38327906
38338987
38350068
38361148
38372229
38383310
38394390
38405471
38416552
38427632
38438713
38449793
38460874
38471955
38483035
38494116
38505197
38516277
38527358
38538440
38549520
38560600
38571681
38582761
38593841
38604922
38616003
38627083
38638165
38649245
38660325
38671406
38682487
38693567
38704648
38715728
38726809
38737890
38748971
38760051
38771132
38782212
38793293
38804374
38815454
38826535
38837615
38848696
38859777
38870857
38881938
38893019
38904100
38915180
38926260
38937341
38948422
38959502
38970583
38981664
38992744
39003825
39014906
39025986
39037067
39048147
39059228
39070309
39081390
39092470
39103551
39114631
39125712
39136793
39147875
39158954
39170034
39181115
39192196
39203276
39214357
39225438
39236519
39247599
39258680
39269760
39280841
39291922
39303002
39314082
39325163
39336244
39347325
39358405
39369486
39380566
39391647
39402728
39413808
39424889
39435970
39447050
39458131
39469213
39480292
39491373
39502453
39513534
39524615
39535695
39546776
39557857
39568938
39580018
39591099
39602179
39613260
39624341
39635421
39646501
39657582
39668663
39679743
39690824
39701905
39712985
39724066
39735148
39746228
39757310
39768389
39779469
39790551
39801631
39812711
39823792
39834872
39845953
39857034
39868114
39879195
39890276
39901356
39912437
39923518
39934598
39945678
39956759
39967840
39978921
