11081
22162
33242
44323
55404
66484
77565
88645
99726
110807
121887
132968
144049
155129
166210
177291
188371
199451
210532
221613
232693
243774
254855
265935
277016
288097
299177
310258
321341
332419
343500
354581
365661
376742
387822
398903
409984
421064
432145
443226
454306
465387
476468
487548
498628
509710
520790
531870
542951
554032
565112
576193
587274
598354
609435
620515
631596
642678
653758
664838
675919
686999
698080
709161
720241
731322
742403
753483
764564
775644
786725
797805
808886
819967
831048
842129
853209
864289
875370
886451
897531
908612
919693
930775
941854
952934
964016
975096
986176
997257
1008338
1019418
1030499
1041580
1052661
1063741
1074822
1085902
1096983
1108063
1119144
1130225
1141305
1152386
1163466
1174547
1185628
1196709
1207789
1218869
1229950
1241031
1252114
1263192
1274273
1285354
1296434
1307515
1318595
1329676
1340757
1351837
1362918
1373999
1385079
1396160
1407241
1418321
1429402
1440482
1451563
1462644
1473724
1484805
1495885
1506967
1518047
1529127
1540208
1551288
1562369
1573451
1584530
1595611
1606692
1617772
1628853
1639934
1651014
1662095
1673176
1684256
1695337
1706418
1717498
1728579
1739659
1750740
1761822
1772901
1783982
1795063
1806143
1817223
1828304
1839387
1850466
1861547
1872627
1883707
1894789
1905869
1916949
1928030
1939111
1950191
1961272
1972352
1983433
1994514
2005595
2016675
2027756
2038836
2049917
2060998
2072078
2083159
2094240
2105320
2116401
2127481
2138562
2149642
2160723
2171805
2182884
2193965
2205046
2216126
2227207
2238288
2249368
2260449
2271529
2282610
2293691
2304771
2315852
2326933
2338014
2349094
2360175
2371255
2382336
2393416
2404497
2415578
2426658
2437739
2448820
2459900
2470981
2482062
2493142
2504225
2515303
2526384
2537465
2548545
2559626
2570706
2581788
2592868
2603948
2615029
2626110
2637190
2648271
2659352
2670433
2681513
2692593
2703674
2714755
2725835
2736916
2747996
2759077
2770158
2781238
2792319
2803400
2814480
2825562
2836642
2847723
2858803
2869883
2880964
2892045
2903125
2914206
2925287
2936367
2947448
2958529
2969609
2980690
2991771
3002851
3013931
3025012
3036093
3047174
3058254
3069335
3080415
3091496
3102577
3113658
3124738
3135819
3146901
3157980
3169061
3180141
3191222
3202303
3213383
3224464
3235544
3246625
3257706
3268786
3279867
3290948
3302028
3313109
3324190
3335270
3346350
3357431
3368512
3379593
3390673
3401754
3412835
3423915
3434996
3446076
3457157
3468237
3479318
3490399
3501479
3512560
3523640
3534721
3545802
3556882
3567965
3579044
3590124
3601205
3612286
3623366
3634447
3645528
3656608
3667689
3678770
3689850
3700931
3712012
3723092
3734172
3745253
3756335
3767415
3778495
3789576
3800656
3811737
3822818
3833900
3844979
3856059
3867140
3878221
3889301
3900382
3911463
3922543
3933624
3944705
3955785
3966866
3977946
3989027
4000108
4011188
4022269
4033350
4044430
4055511
4066592
4077674
4088753
4099834
4110914
4121995
4133075
4144156
4155236
4166317
4177398
4188478
4199559
4210640
4221720
4232803
4243882
4254962
4266043
4277124
4288204
4299285
4310366
4321446
4332528
4343607
4354688
4365770
4376849
4387930
4399012
4410091
4421171
4432253
4443334
4454414
4465494
4476575
4487655
4498737
4509817
4520897
4531978
4543058
4554139
4565220
4576301
4587381
4598462
4609542
4620623
4631704
4642785
4653865
4664946
4676026
4687107
4698188
4709268
4720348
4731429
4742510
4753590
4764671
4775752
4786832
4797913
4808994
4820074
4831157
4842236
4853316
4864397
4875477
4886558
4897639
4908719
4919800
4930881
4941961
4953042
4964123
4975203
4986284
4997365
5008446
5019526
5030607
5041688
5052768
5063848
5074929
5086009
5097090
5108171
5119251
5130332
5141413
5152493
5163574
5174654
5185735
5196816
5207897
5218977
5230058
5241139
5252219
5263300
5274380
5285461
5296542
5307622
5318703
5329785
5340864
5351945
5363026
5374106
5385187
5396267
5407348
5418429
5429509
5440590
5451670
5462751
5473832
5484912
5495993
5507073
5518154
5529235
5540315
5551396
5562477
5573557
5584638
5595719
5606799
5617881
5628961
5640041
5651124
5662203
5673283
5684364
5695444
5706525
5717606
5728686
5739767
5750847
5761928
5773009
5784089
5795170
5806250
5817331
5828414
5839493
5850573
5861654
5872734
5883815
5894896
5905976
5917057
5928137
5939218
5950299
5961379
5972460
5983541
5994622
6005702
6016783
6027863
6038944
6050024
6061105
6072186
6083266
6094347
6105427
6116508
6127589
6138669
6149750
6160831
6171911
6182992
6194073
6205153
6216234
6227315
6238396
6249476
6260558
6271637
6282718
6293799
6304879
6315960
6327040
6338121
6349202
6360282
6371362
6382444
6393524
6404604
6415685
6426766
6437846
6448927
6460008
6471088
6482169
6493251
6504330
6515411
6526491
6537572
6548653
6559734
6570814
6581896
6592976
6604056
6615137
6626217
6637298
6648378
6659459
6670540
6681620
6692701
6703781
6714862
6725943
6737023
6748104
6759184
6770265
6781346
6792427
6803507
6814588
6825670
6836749
6847830
6858910
6869991
6881072
6892152
6903235
6914314
6925394
6936475
6947555
6958636
6969717
6980797
6991879
7002959
7014039
7025120
7036201
7047281
7058362
7069442
7080523
7091603
7102684
7113765
7124845
7135926
7147007
7158088
7169168
7180249
7191331
7202410
7213491
7224572
7235652
7246732
7257813
7268894
7279974
7291055
7302136
7313216
7324297
7335377
7346458
7357539
7368620
7379700
7390781
7401861
7412942
7424023
7435103
7446184
7457264
7468345
7479426
7490507
7501587
7512669
7523748
7534829
7545910
7556990
7568071
7579151
7590232
7601312
7612393
7623474
7634555
7645635
7656716
7667796
7678877
7689957
7701038
7712119
7723200
7734280
7745361
7756442
7767522
7778603
7789683
7800764
7811845
7822926
7834009
7845087
7856167
7867248
7878329
7889409
7900490
7911570
7922651
7933731
7944812
7955893
7966973
7978054
7989135
8000215
8011296
8022377
8033458
8044538
8055618
8066699
8077780
8088860
8099941
8111021
8122102
8133183
8144263
8155344
8166425
8177505
8188586
8199667
8210747
8221828
8232909
8243989
8255070
8266150
8277231
8288312
8299393
8310473
8321554
8332634
8343715
8354796
8365876
8376957
8388037
8399118
8410198
8421279
8432360
8443442
8454521
8465602
8476683
8487763
8498844
8509924
8521005
8532085
8543166
8554247
8565328
8576408
8587489
8598569
8609650
8620731
8631811
8642892
8653974
8665053
8676134
8687214
8698295
8709376
8720456
8731537
8742618
8753698
8764780
8775859
8786940
8798021
8809101
8820184
8831263
8842343
8853424
8864504
8875585
8886666
8897746
8908827
8919908
8930988
8942069
8953150
8964230
8975310
8986392
8997472
9008553
9019633
9030714
9041794
9052876
9063956
9075036
9086119
9097198
9108278
9119359
9130439
9141520
9152601
9163681
9174762
9185843
9196923
9208004
9219085
9230166
9241246
9252326
9263407
9274488
9285569
9296649
9307729
9318811
9329891
9340971
9352052
9363133
9374213
9385294
9396375
9407455
9418537
9429617
9440697
9451778
9462859
9473939
9485020
9496100
9507181
9518262
9529342
9540423
9551503
9562584
9573664
9584746
9595826
9606906
9617987
9629068
9640148
9651230
9662310
9673391
9684471
9695553
9706632
9717713
9728794
9739874
9750955
9762036
9773116
9784197
9795277
9806358
9817440
9828520
9839600
9850681
9861761
9872842
9883923
9895003
9906084
9917164
9928245
9939326
9950406
9961487
9972568
9983650
9994729
10005809
10016892
10027971
10039051
10050133
10061212
10072293
10083374
10094454
10105535
10116616
10127696
10138777
10149858
10160938
10172019
10183100
10194180
10205261
10216342
10227422
10238503
10249583
10260664
10271745
10282826
10293906
10304986
10316068
10327148
10338230
10349309
10360389
10371470
10382551
10393631
10404712
10415793
10426873
10437954
10449035
10460115
10471196
10482277
10493357
10504438
10515519
10526599
10537680
10548760
10559841
10570922
10582002
10593083
10604163
10615244
10626325
10637405
10648487
10659567
10670647
10681728
10692809
10703889
10714970
10726050
10737131
10748212
10759292
10770373
10781453
10792534
10803615
10814697
10825776
10836857
10847937
10859018
10870099
10881179
10892259
10903340
10914421
10925502
10936583
10947663
10958743
10969824
10980906
10991985
11003067
11014147
11025228
11036308
11047388
11058469
11069550
11080630
11091711
11102792
11113872
11124953
11136034
11147115
11158196
11169276
11180356
11191437
11202518
11213598
11224679
11235759
11246840
11257921
11269003
11280082
11291162
11302244
11313325
11324404
11335485
11346565
11357647
11368727
11379807
11390888
11401969
11413050
11424130
11435211
11446291
11457372
11468453
11479533
11490614
11501695
11512775
11523856
11534937
11546017
11557098
11568179
11579259
11590341
11601420
11612502
11623582
11634662
11645743
11656823
11667904
11678985
11690065
11701146
11712226
11723307
11734388
11745468
11756549
11767630
11778710
11789791
11800872
11811954
11823033
11834113
11845194
11856274
11867355
11878436
11889517
11900597
11911678
11922758
11933839
11944920
11956000
11967081
11978162
11989242
12000323
12011404
12022484
12033565
12044645
12055726
12066807
12077887
12088968
12100049
12111129
12122210
12133290
12144371
12155452
12166532
12177613
12188693
12199775
12210855
12221936
12233017
12244097
12255177
12266258
12277338
12288420
12299500
12310581
12321661
12332742
12343822
12354903
12365983
12377064
12388145
12399226
12410306
12421387
12432467
12443548
12454628
12465709
12476790
12487870
12498951
12510032
12521114
12532193
12543274
12554355
12565435
12576516
12587596
12598677
12609758
12620838
12631919
12642999
12654080
12665161
12676241
12687322
12698402
12709483
12720564
12731644
12742725
12753806
12764886
12775967
12787048
12798128
12809212
12820290
12831370
12842452
12853531
12864612
12875693
12886773
12897854
12908935
12920015
12931096
12942177
12953257
12964338
12975419
12986500
12997579
13008661
13019741
13030821
13041902
13052983
13064064
13075144
13086225
13097305
13108386
13119467
13130548
13141628
13152708
13163790
13174870
13185950
13197031
13208112
13219192
13230273
13241354
13252434
13263515
13274596
13285676
13296756
13307838
13318918
13329998
13341079
13352160
13363240
13374321
13385402
13396482
13407563
13418644
13429724
13440805
13451887
13462966
13474049
13485128
13496208
13507289
13518369
13529450
13540531
13551611
13562692
13573773
13584853
13595933
13607015
13618095
13629176
13640256
13651337
13662417
13673498
13684579
13695659
13706740
13717820
13728901
13739982
13751063
13762143
13773226
13784305
13795385
13806468
13817547
13828627
13839708
13850788
13861868
13872949
13884030
13895111
13906191
13917272
13928352
13939433
13950514
13961594
13972676
13983755
13994836
14005917
14016998
14028078
14039159
14050239
14061320
14072401
14083481
14094562
14105643
14116723
14127804
14138885
14149965
14161046
14172127
14183207
14194289
14205369
14216449
14227530
14238610
14249691
14260772
14271852
14282933
14294013
14305094
14316174
14327255
14338336
14349417
14360497
14371578
14382659
14393739
14404821
14415902
14426981
14438062
14449142
14460223
14471304
14482384
14493465
14504546
14515626
14526707
14537787
14548868
14559949
14571029
14582110
14593191
14604272
14615352
14626432
14637513
14648593
14659674
14670755
14681835
14692916
14703998
14715077
14726158
14737239
14748319
14759400
14770481
14781561
14792642
14803724
14814804
14825884
14836964
14848045
14859126
14870206
14881287
14892368
14903448
14914529
14925609
14936690
14947770
14958851
14969933
14981012
14992093
15003174
15014255
15025337
15036416
15047496
15058577
15069658
15080738
15091819
15102900
15113980
15125061
15136142
15147222
15158303
15169383
15180464
15191544
15202625
15213706
15224786
15235867
15246947
15258028
15269109
15280189
15291270
15302351
15313431
15324512
15335592
15346673
15357754
15368834
15379915
15390996
15402077
15413161
15424238
15435319
15446399
15457480
15468561
15479641
15490721
15501802
15512883
15523963
15535044
15546124
15557205
15568286
15579366
15590447
15601528
15612608
15623689
15634771
15645850
15656931
15668013
15679092
15690173
15701253
15712334
15723415
15734495
15745576
15756657
15767737
15778818
15789899
15800981
15812060
15823141
15834221
15845302
15856382
15867463
15878544
15889624
15900705
15911785
15922866
15933946
15945027
15956110
15967189
15978269
15989351
16000431
16011511
16022592
16033672
16044753
16055834
16066914
16077995
16089075
16100156
16111237
16122317
16133398
16144479
16155560
16166640
16177720
16188801
16199882
16210963
16222043
16233124
16244204
16255285
16266365
16277448
16288527
16299608
16310689
16321769
16332849
16343930
16355011
16366091
16377172
16388252
16399333
16410414
16421494
16432575
16443656
16454736
16465819
16476898
16487978
16499059
16510139
16521220
16532300
16543382
16554462
16565542
16576623
16587704
16598784
16609865
16620946
16632027
16643107
16654188
16665268
16676349
16687429
16698510
16709591
16720671
16731752
16742833
16753913
16764994
16776075
16787155
16798237
16809317
16820397
16831477
16842558
16853639
16864719
16875800
16886883
16897961
16909042
16920124
16931203
16942284
16953364
16964446
16975526
16986607
16997687
17008768
17019848
17030929
17042010
17053090
17064171
17075252
17086332
17097413
17108493
17119574
17130655
17141735
17152816
17163897
17174977
17186058
17197139
17208221
17219300
17230381
17241462
17252542
17263622
17274703
17285783
17296865
17307945
17319025
17330106
17341187
17352267
17363348
17374429
17385509
17396590
17407671
17418751
17429832
17440912
17451993
17463074
17474154
17485235
17496316
17507396
17518477
17529559
17540638
17551719
17562800
17573880
17584960
17596041
17607123
17618202
17629283
17640364
17651444
17662525
17673605
17684686
17695767
17706848
17717928
17729009
17740090
17751170
17762251
17773331
17784412
17795494
17806573
17817654
17828734
17839815
17850896
17861976
17873057
17884137
17895218
17906299
17917379
17928460
17939541
17950621
17961702
17972782
17983863
17994944
18006025
18017105
18028186
18039266
18050347
18061428
18072508
18083589
18094670
18105750
18116831
18127912
18138994
18150073
18161153
18172235
18183314
18194395
18205477
18216556
18227637
18238718
18249798
18260879
18271960
18283040
18294121
18305201
18316282
18327363
18338443
18349524
18360605
18371685
18382766
18393847
18404927
18416008
18427089
18438169
18449249
18460332
18471411
18482492
18493573
18504653
18515733
18526815
18537895
18548975
18560056
18571137
18582217
18593298
18604379
18615459
18626541
18637621
18648701
18659782
18670862
18681943
18693024
18704104
18715185
18726266
18737346
18748427
18759507
18770588
18781670
18792751
18803830
18814911
18825991
18837072
18848152
18859233
18870314
18881394
18892475
18903555
18914636
18925717
18936798
18947878
18958959
18970039
18981120
18992201
19003281
19014362
19025443
19036523
19047604
19058685
19069765
19080846
19091927
19103008
19114088
19125169
19136249
19147330
19158410
19169491
19180571
19191652
19202733
19213813
19224894
19235974
19247055
19258136
19269216
19280297
19291378
19302458
19313539
19324620
19335700
19346781
19357861
19368942
19380023
19391105
19402184
19413265
19424346
19435426
19446506
19457588
19468668
19479749
19490829
19501910
19512990
19524071
19535151
19546232
19557313
19568393
19579474
19590555
19601635
19612716
19623797
19634877
19645958
19657039
19668119
19679200
19690280
19701361
19712443
19723522
19734603
19745684
19756764
19767844
19778926
19790008
19801087
19812167
19823248
19834329
19845409
19856490
19867571
19878651
19889732
19900812
19911893
19922974
19934054
19945135
19956216
19967296
19978377
19989458
20000538
20011619
20022699
20033780
20044861
20055941
20067022
20078103
20089183
20100263
20111344
20122425
20133506
20144586
20155667
20166747
20177828
20188909
20199990
20211070
20222151
20233231
20244312
20255392
20266473
20277554
20288635
20299715
20310796
20321876
20332957
20344038
20355120
20366199
20377280
20388361
20399441
20410522
20421602
20432683
20443763
20454844
20465924
20477005
20488086
20499166
20510247
20521328
20532409
20543489
20554569
20565650
20576731
20587812
20598893
20609973
20621054
20632134
20643216
20654295
20665376
20676458
20687537
20698618
20709699
20720779
20731860
20742940
20754021
20765101
20776182
20787264
20798344
20809424
20820505
20831585
20842666
20853746
20864827
20875908
20886988
20898070
20909150
20920230
20931311
20942392
20953472
20964554
20975634
20986714
20997796
21008876
21019956
21031037
21042117
21053198
21064279
21075359
21086440
21097520
21108601
21119682
21130762
21141843
21152923
21164004
21175085
21186165
21197246
21208327
21219407
21230488
21241568
21252649
21263730
21274810
21285891
21296972
21308052
21319133
21330214
21341294
21352375
21363456
21374536
21385617
21396698
21407778
21418858
21429939
21441020
21452101
21463181
21474262
21485342
21496423
21507504
21518584
21529665
21540746
21551826
21562907
21573988
21585068
21596149
21607231
21618311
21629391
21640471
21651552
21662633
21673713
21684794
21695874
21706955
21718036
21729116
21740197
21751278
21762358
21773439
21784521
21795601
21806681
21817761
21828842
21839922
21851004
21862084
21873164
21884245
21895327
21906406
21917487
21928569
21939648
21950729
21961810
21972890
21983972
21995052
22006132
22017213
22028293
22039374
22050455
22061535
22072616
22083697
22094777
22105858
22116939
22128019
22139100
22150181
22161261
22172341
22183422
22194503
22205583
22216666
22227745
22238825
22249907
22260987
22272067
22283148
22294228
22305309
22316390
22327470
22338551
22349632
22360713
22371793
22382874
22393954
22405035
22416116
22427196
22438277
22449358
22460438
22471518
22482599
22493680
22504760
22515841
22526922
22538002
22549083
22560164
22571244
22582325
22593406
22604486
22615567
22626647
22637728
22648809
22659889
22670970
22682051
22693131
22704212
22715293
22726373
22737453
22748535
22759615
22770695
22781778
22792857
22803937
22815018
22826099
22837179
22848260
22859342
22870421
22881502
22892582
22903663
22914744
22925825
22936905
22947986
22959067
22970147
22981228
22992309
23003389
23014470
23025550
23036631
23047712
23058792
23069872
23080953
23092034
23103114
23114196
23125276
23136357
23147438
23158518
23169598
23180680
23191760
23202840
23213921
23225002
23236082
23247163
23258243
23269324
23280405
23291485
23302566
23313647
23324727
23335808
23346888
23357969
23369050
23380131
23391211
23402292
23413372
23424453
23435534
23446614
23457695
23468777
23479856
23490936
23502018
23513098
23524178
23535259
23546340
23557420
23568501
23579582
23590662
23601743
23612824
23623904
23634985
23646066
23657146
23668227
23679308
23690388
23701469
23712549
23723630
23734710
23745791
23756872
23767952
23779034
23790114
23801194
23812275
23823356
23834436
23845517
23856598
23867678
23878759
23889839
23900920
23912001
23923081
23934162
23945243
23956323
23967404
23978484
23989565
24000646
24011726
24022807
24033888
24044968
24056049
24067130
24078211
24089290
24100371
24111454
24122532
24133613
24144694
24155774
24166855
24177936
24189016
24200097
24211178
24222258
24233339
24244420
24255500
24266581
24277662
24288742
24299823
24310903
24321984
24333065
24344145
24355226
24366306
24377387
24388468
24399550
24410629
24421709
24432791
24443871
24454951
24466032
24477113
24488193
24499274
24510354
24521435
24532516
24543596
24554677
24565758
24576839
24587919
24599000
24610081
24621161
24632242
24643322
24654403
24665484
24676564
24687645
24698725
24709806
24720888
24731967
24743048
24754129
24765209
24776292
24787371
24798451
24809532
24820612
24831693
24842774
24853854
24864935
24876015
24887096
24898177
24909257
24920338
24931419
24942500
24953580
24964661
24975741
24986822
24997902
25008983
25020064
25031144
25042226
25053306
25064386
25075467
25086547
25097628
25108709
25119790
25130870
25141950
25153031
25164112
25175192
25186273
25197354
25208434
25219515
25230596
25241676
25252757
25263838
25274919
25285999
25297079
25308160
25319241
25330322
25341402
25352482
25363565
25374644
25385724
25396805
25407886
25418966
25430047
25441128
25452208
25463289
25474369
25485450
25496531
25507611
25518692
25529773
25540853
25551934
25563015
25574095
25585176
25596256
25607337
25618418
25629498
25640579
25651661
25662740
25673821
25684902
25695982
25707062
25718144
25729224
25740305
25751385
25762466
25773548
25784627
25795708
25806788
25817869
25828950
25840030
25851111
25862191
25873272
25884353
25895433
25906514
25917595
25928675
25939756
25950836
25961917
25972998
25984078
25995159
26006239
26017320
26028401
26039485
26050562
26061643
26072724
26083804
26094885
26105966
26117046
26128127
26139207
26150288
26161368
26172449
26183530
26194610
26205691
26216772
26227852
26238933
26250014
26261094
26272175
26283255
26294337
26305417
26316497
26327578
26338659
26349739
26360820
26371901
26382982
26394062
26405143
26416223
26427304
26438385
26449465
26460546
26471626
26482707
26493787
26504868
26515949
26527029
26538110
26549191
26560271
26571352
26582433
26593513
26604594
26615676
26626755
26637836
26648916
26659997
26671078
26682158
26693239
26704319
26715400
26726480
26737562
26748642
26759723
26770805
26781885
26792964
26804045
26815126
26826206
26837287
26848368
26859448
26870529
26881610
26892690
26903773
26914852
26925932
26937014
26948093
26959174
26970256
26981336
26992416
27003497
27014577
27025658
27036738
27047819
27058899
27069980
27081061
27092141
27103222
27114302
27125383
27136464
27147545
27158625
27169706
27180787
27191867
27202948
27214028
27225109
27236190
27247270
27258351
27269432
27280512
27291593
27302674
27313754
27324835
27335916
27346996
27358076
27369157
27380238
27391318
27402399
27413480
27424560
27435641
27446722
27457802
27468883
27479964
27491044
27502125
27513205
27524286
27535368
27546449
27557528
27568609
27579689
27590770
27601851
27612931
27624012
27635092
27646173
27657254
27668334
27679415
27690496
27701576
27712657
27723738
27734818
27745899
27756979
27768061
27779141
27790221
27801302
27812382
27823463
27834545
27845625
27856705
27867787
27878866
27889947
27901029
27912108
27923189
27934270
27945350
27956431
27967512
27978592
27989673
28000754
28011834
28022915
28033995
28045076
28056156
28067237
28078318
28089398
28100479
28111559
28122640
28133721
28144801
28155884
28166963
28178044
28189125
28200205
28211285
28222366
28233447
28244527
28255608
28266689
28277769
28288850
28299930
28311011
28322092
28333172
28344253
28355333
28366414
28377495
28388575
28399656
28410737
28421817
28432898
28443978
28455059
28466140
28477220
28488301
28499382
28510462
28521543
28532624
28543704
28554785
28565865
28576946
28588027
28599108
28610188
28621269
28632349
28643430
28654511
28665591
28676672
28687752
28698833
28709913
28720995
28732075
28743155
28754236
28765320
28776397
28787478
28798560
28809639
28820720
28831801
28842881
28853962
28865042
28876123
28887204
28898284
28909365
28920446
28931528
28942607
28953688
28964768
28975849
28986930
28998010
29009091
29020171
29031252
29042333
29053413
29064494
29075574
29086657
29097736
29108816
29119898
29130978
29142058
29153139
29164220
29175300
29186381
29197461
29208542
29219623
29230703
29241784
29252865
29263945
29275026
29286106
29297187
29308268
29319348
29330429
29341510
29352590
29363671
29374752
29385832
29396913
29407994
29419074
29430155
29441236
29452316
29463397
29474477
29485558
29496638
29507719
29518800
29529880
29540961
29552042
29563122
29574203
29585283
29596365
29607445
29618525
29629606
29640687
29651768
29662848
29673929
29685009
29696090
29707171
29718251
29729332
29740412
29751493
29762575
29773655
29784735
29795815
29806896
29817977
29829057
29840138
29851219
29862299
29873380
29884461
29895541
29906622
29917702
29928783
29939863
29950944
29962025
29973106
29984186
29995267
30006347
30017428
30028508
30039589
30050671
30061751
30072831
30083912
30094992
30106073
30117154
30128234
30139315
30150395
30161476
30172557
30183638
30194718
30205798
30216879
30227960
30239041
30250121
30261202
30272282
30283363
30294444
30305524
30316605
30327685
30338767
30349847
30360928
30372010
30383089
30394169
30405250
30416331
30427411
30438492
30449572
30460653
30471734
30482814
30493895
30504976
30516056
30527137
30538218
30549298
30560379
30571460
30582540
30593621
30604701
30615782
30626863
30637944
30649024
30660106
30671185
30682266
30693347
30704427
30715508
30726589
30737669
30748749
30759832
30770911
30781992
30793072
30804153
30815233
30826314
30837395
30848475
30859556
30870637
30881717
30892798
30903879
30914959
30926040
30937120
30948201
30959282
30970362
30981444
30992524
31003604
31014685
31025765
31036846
31047927
31059007
31070088
31081168
31092250
31103330
31114410
31125491
31136572
31147653
31158733
31169814
31180894
31191975
31203055
31214136
31225217
31236297
31247378
31258459
31269539
31280620
31291701
31302783
31313862
31324943
31336023
31347103
31358185
31369265
31380345
31391426
31402507
31413587
31424668
31435749
31446829
31457910
31468991
31480071
31491152
31502233
31513313
31524394
31535474
31546555
31557636
31568717
31579797
31590879
31601958
31613039
31624121
31635200
31646280
31657361
31668442
31679522
31690603
31701684
31712765
31723845
31734926
31746006
31757088
31768168
31779248
31790329
31801409
31812490
31823571
31834652
31845732
31856813
31867894
31878974
31890054
31901135
31912216
31923298
31934377
31945457
31956539
31967619
31978700
31989780
32000861
32011941
32023023
32034103
32045184
32056264
32067345
32078425
32089506
32100586
32111667
32122748
32133828
32144909
32155990
32167071
32178151
32189232
32200312
32211393
32222474
32233556
32244635
32255716
32266796
32277877
32288957
32300038
32311119
32322199
32333280
32344361
32355441
32366522
32377602
32388683
32399763
32410844
32421925
32433006
32444086
32455167
32466247
32477328
32488409
32499489
32510570
32521651
32532731
32543812
32554894
32565973
32577054
32588135
32599215
32610296
32621376
32632457
32643538
32654618
32665699
32676779
32687860
32698940
32710021
32721102
32732182
32743264
32754345
32765425
32776505
32787586
32798666
32809747
32820828
32831908
32842991
32854070
32865150
32876232
32887311
32898392
32909473
32920554
32931634
32942714
32953796
32964876
32975956
32987037
32998118
33009198
33020279
33031359
33042440
33053521
33064601
33075682
33086763
33097843
33108924
33120004
33131085
33142166
33153248
33164327
33175408
33186488
33197569
33208650
33219730
33230811
33241891
33252973
33264053
33275134
33286214
33297294
33308376
33319456
33330536
33341617
33352698
33363779
33374859
33385940
33397020
33408101
33419182
33430262
33441343
33452423
33463504
33474585
33485667
33496746
33507827
33518907
33529988
33541069
33552149
33563230
33574310
33585391
33596472
33607552
33618633
33629713
33640794
33651875
33662955
33674036
33685117
33696198
33707278
33718359
33729439
33740520
33751602
33762681
33773763
33784842
33795923
33807005
33818085
33829165
33840246
33851326
33862407
33873487
33884567
33895648
33906729
33917809
33928890
33939970
33951051
33962132
33973213
33984293
33995374
34006454
34017535
34028615
34039696
34050777
34061857
34072938
34084019
34095100
34106180
34117260
34128342
34139422
34150502
34161583
34172664
34183744
34194825
34205906
34216986
34228067
34239148
34250228
34261309
34272389
34283470
34294550
34305631
34316712
34327792
34338873
34349954
34361034
34372115
34383196
34394276
34405357
34416437
34427518
34438599
34449679
34460760
34471841
34482921
34494002
34505082
34516163
34527244
34538325
34549405
34560486
34571566
34582647
34593728
34604808
34615889
34626970
34638050
34649131
34660211
34671292
34682373
34693453
34704534
34715614
34726695
34737777
34748857
34759937
34771018
34782098
34793179
34804259
34815340
34826421
34837501
34848582
34859663
34870743
34881824
34892905
34903985
34915066
34926146
34937227
34948308
34959388
34970469
34981550
34992630
35003711
35014792
35025872
35036953
35048034
35059115
35070195
35081276
35092356
35103436
35114517
35125598
35136679
35147759
35158840
35169920
35181001
35192082
35203162
35214243
35225324
35236404
35247485
35258565
35269646
35280727
35291808
35302888
35313969
35325049
35336130
35347212
35358291
35369372
35380453
35391533
35402614
35413695
35424775
35435856
35446936
35458017
35469097
35480178
35491259
35502339
35513420
35524501
35535581
35546662
35557743
35568824
35579905
35590985
35602066
35613147
35624227
35635308
35646389
35657469
35668550
35679630
35690711
35701791
35712873
35723953
35735033
35746116
35757195
35768275
35779356
35790437
35801517
35812598
35823679
35834759
35845840
35856920
35868001
35879082
35890162
35901243
35912324
35923404
35934485
35945566
35956646
35967726
35978807
35989889
36000968
36012049
36023130
36034210
36045291
36056372
36067452
36078533
36089614
36100694
36111775
36122856
36133936
36145017
36156098
36167178
36178259
36189339
36200420
36211501
36222581
36233662
36244743
36255823
36266904
36277985
36289065
36300145
36311228
36322307
36333387
36344468
36355549
36366629
36377710
36388790
36399872
36410952
36422032
36433114
36444194
36455274
36466355
36477436
36488517
36499597
36510678
36521758
36532839
36543920
36555000
36566081
36577162
36588242
36599324
36610403
36621484
36632565
36643646
36654726
36665806
36676887
36687968
36699048
36710129
36721209
36732290
36743372
36754452
36765532
36776613
36787694
36798774
36809855
36820935
36832016
36843097
36854178
36865258
36876338
36887419
36898500
36909581
36920662
36931742
36942822
36953903
36964983
36976064
36987145
36998225
37009306
37020387
37031467
37042548
37053628
37064709
37075790
37086870
37097951
37109032
37120112
37131193
37142274
37153354
37164435
37175515
37186596
37197677
37208757
37219838
37230919
37242001
37253080
37264161
37275241
37286322
37297403
37308483
37319563
37330644
37341725
37352806
37363886
37374967
37386047
37397128
37408209
37419289
37430370
37441450
37452531
37463612
37474693
37485773
37496854
37507934
37519015
37530097
37541176
37552257
37563339
37574419
37585498
37596579
37607660
37618740
37629821
37640902
37651982
37663063
37674144
37685224
37696305
37707386
37718466
37729547
37740629
37751708
37762789
37773869
37784950
37796031
37807111
37818192
37829274
37840353
37851434
37862515
37873595
37884676
37895757
37906837
37917918
37928998
37940079
37951160
37962240
37973321
37984402
37995482
38006563
38017643
38028724
38039804
38050885
38061966
38073047
38084128
38095208
38106288
38117369
38128450
38139531
38150611
38161692
38172774
38183853
38194934
38206014
38217095
38228175
38239257
38250337
38261417
38272498
38283578
38294659
38305740
38316820
38327901
38338982
38350062
38361143
38372223
38383304
38394385
38405466
38416546
38427627
38438707
38449788
38460869
38471949
38483030
38494112
38505191
38516272
38527352
38538433
38549514
38560594
38571675
38582755
38593837
38604917
38615998
38627078
38638158
38649239
38660320
38671400
38682481
38693562
38704642
38715723
38726804
38737885
38748965
38760046
38771126
38782207
38793287
38804368
38815450
38826529
38837610
38848691
38859771
38870852
38881933
38893013
38904094
38915174
38926255
38937336
38948417
38959497
38970577
38981658
38992739
39003819
39014900
39025981
39037061
39048142
39059223
39070303
39081384
39092464
39103545
39114626
39125706
39136787
39147868
39158948
39170029
39181109
39192190
39203271
39214352
39225432
39236513
39247593
39258674
39269755
39280835
39291916
39302996
39314077
39325158
39336238
39347319
39358399
39369480
39380561
39391641
39402722
39413803
39424885
39435964
39447045
39458126
39469206
39480287
39491367
39502448
39513528
39524609
39535690
39546771
39557851
39568932
39580012
39591093
39602174
39613254
39624335
39635416
39646496
39657576
39668657
39679738
39690818
39701899
39712980
39724060
39735143
39746224
39757302
39768383
39779464
39790544
39801625
39812706
39823786
39834867
39845947
39857028
39868109
39879189
39890270
39901351
39912431
39923511
39934594
39945674
39956754
39967834
39978915
