11081
22161
33242
121887
132968
144050
155129
166210
177291
188371
199452
288097
299177
310258
321338
332419
343500
354580
365661
454306
465388
476467
487548
498629
509710
520790
531871
620516
631596
642677
653758
664838
675919
687000
698080
786726
797806
808887
819967
831048
842130
853209
864290
952935
964016
975096
986177
997257
1008338
1019418
1030499
1119144
1130225
1141305
1152386
1163467
1174548
1185628
1196709
1296434
1307515
1318596
1329676
1340757
1351837
1362920
1462644
1473724
1484805
1495886
1506967
1518047
1529128
1628854
1639934
1651015
1662095
1673176
1684258
1695337
1795062
1806143
1817224
1828305
1839386
1850467
1861546
1961272
1972353
1983434
1994514
2005595
2016675
2027756
2127481
2138562
2149643
2160723
2171804
2182885
2193966
2293692
2304772
2315852
2326934
2338014
2349095
2360175
2459900
2470981
2482062
2493142
2504224
2515304
2526384
2626110
2637191
2648273
2659352
2670433
2681513
2692594
2792319
2803400
2814481
2825561
2836644
2847723
2858804
2958529
2969610
2980690
2991771
3002852
3013932
3025013
3036094
3124738
3135819
3146900
3157980
3169063
3180142
3191222
3202303
3290948
3302029
3313110
3324190
3335271
3346351
3357432
3368512
3457157
3468238
3479319
3490399
3501480
3512561
3523641
3534722
3623367
3634448
3645529
3656609
3667690
3678770
3689851
3700931
3789577
3800657
3811738
3822818
3833902
3844980
3856060
3867142
3955786
3966867
3977947
3989028
4000109
4011189
4022270
4033351
4121995
4133076
4144157
4155237
4166318
4177398
4188481
4199560
4288205
4299286
4310366
4321447
4332528
4343608
4354689
4365769
4454414
4465495
4476575
4487657
4498738
4509817
4520898
4531979
4620624
4631705
4642785
4653866
4664947
4676027
4687108
4698188
4786833
4797915
4808995
4820075
4831158
4842237
4853317
4864398
4953043
4964124
4975204
4986285
4997366
5008446
5019527
5030608
5119254
5130333
5141414
5152495
5163575
5174656
5185736
5196817
5285462
5296542
5307623
5318704
5329785
5340865
5351946
5363026
5462752
5473833
5484913
5495994
5507074
5518155
5529236
5628962
5640042
5651123
5662204
5673284
5684365
5695445
5795171
5806251
5817332
5828414
5839494
5850574
5861655
5961380
5972461
5983542
5994623
6005703
6016784
6027864
6127590
6138670
6149751
6160832
6171912
6182993
6194074
6293799
6304880
6315960
6327042
6338122
6349202
6360283
6460009
6471089
6482170
6493251
6504332
6515412
6526492
6626219
6637299
6648379
6659461
6670541
6681621
6692704
6792428
6803509
6814590
6825671
6836750
6847831
6858911
6958637
6969718
6980800
6991879
7002960
7014041
7025121
7036202
7124847
7135927
7147008
7158089
7169170
7180250
7191331
7202411
7291056
7302138
7313217
7324298
7335379
7346459
7357540
7368621
7457266
7468346
7479427
7490508
7501588
7512669
7523750
7534830
7623477
7634556
7645636
7656718
7667798
7678878
7689959
7701040
7789685
7800765
7811846
7822928
7834007
7845088
7856169
7867249
7955894
7966975
7978055
7989137
8000217
8011299
8022378
8033459
8122104
8133184
8144265
8155346
8166426
8177507
8188587
8199668
8288313
8299394
8310475
8321555
8332636
8343716
8354797
8365877
8454523
8465603
8476684
8487765
8498845
8509926
8521006
8532087
8620732
8631813
8642893
8653974
8665054
8676136
8687216
8698296
8786941
8798022
8809103
8820185
8831264
8842345
8853425
8864506
8953151
8964232
8975312
8986393
8997473
9008554
9019636
9030715
9119361
9130441
9141522
9152603
9163683
9174764
9185844
9196925
9285570
9296650
9307731
9318812
9329892
9340973
9352054
9363134
9462860
9473941
9485023
9496102
9507183
9518264
9529344
9629070
9640150
9651231
9662312
9673392
9684473
9695554
9795279
9806362
9817441
9828521
9839602
9850682
9861763
9961489
9972569
9983650
9994730
10005811
10016892
10027973
10127700
10138779
10149860
10160940
10172021
10183101
10194182
10293908
10304988
10316069
10327150
10338230
10349311
10360391
10460117
10471198
10482278
10493359
10504440
10515520
10526601
10626326
10637407
10648488
10659569
10670649
10681730
10692810
10792536
10803616
10814698
10825779
10836858
10847939
10859020
10958745
10969826
10980907
10991987
11003068
11014149
11025230
11036310
11124955
11136035
11147116
11158197
11169278
11180358
11191439
11202519
11291164
11302245
11313326
11324407
11335487
11346568
11357648
11368729
11457374
11468454
11479537
11490616
11501696
11512777
11523858
11534938
11623584
11634664
11645745
11656825
11667906
11678987
11690067
11701148
11789793
11800873
11811956
11823035
11834115
11845196
11856277
11867357
11956002
11967083
11978164
11989246
12000325
12011406
12022487
12033566
12122212
12133292
12144374
12155453
12166534
12177615
12188696
12199776
12288421
12299502
12310585
12321663
12332744
12343825
12354905
12365985
12454631
12465711
12476792
12487873
12498954
12510034
12521115
12532195
12620841
12631922
12643002
12654082
12665163
12676243
12687324
12698405
12787050
12798131
12809213
12820293
12831372
12842453
12853533
12864614
12953260
12964340
12975421
12986501
12997582
13008663
13019743
13030824
13119469
13130550
13141630
13152710
13163792
13174872
13185952
13197033
13285678
13296759
13307840
13318920
13330001
13341081
13352162
13363243
13462969
13474049
13485129
13496210
13507291
13518371
13529454
13629178
13640259
13651339
13662420
13673500
13684581
13695662
13795387
13806470
13817549
13828629
13839710
13850790
13861871
13961597
13972679
13983758
13994839
14005920
14017000
14028081
14127806
14138887
14149968
14161048
14172130
14183210
14194290
14294016
14305097
14316177
14327258
14338338
14349419
14360500
14460225
14471306
14482387
14493469
14504548
14515629
14526709
14626435
14637516
14648596
14659677
14670757
14681838
14692919
14792644
14803726
14814807
14825886
14836967
14848047
14859128
14958854
14969936
14981015
14992095
15003176
15014257
15025337
15125063
15136144
15147225
15158305
15169386
15180466
15191547
15202628
15291272
15302353
15313434
15324514
15335595
15346676
15357756
15368837
15457482
15468563
15479644
15490724
15501805
15512885
15523966
15535047
15623691
15634773
15645853
15656933
15668014
15679095
15690175
15701256
15789901
15800983
15812063
15823143
15834224
15845304
15856385
15867465
15956110
15967191
15978272
15989353
16000434
16011514
16022594
16033676
16122320
16133401
16144481
16155562
16166643
16177723
16188804
16199886
16288529
16299610
16310691
16321771
16332852
16343933
16355013
16366094
16454739
16465820
16476900
16487981
16499061
16510142
16521223
16532303
16620948
16632029
16643110
16654190
16665271
16676353
16687432
16698513
16787158
16798240
16809320
16820400
16831480
16842561
16853642
16864722
16953367
16964450
16975529
16986610
16997691
17008771
17019851
17030932
17119577
17130659
17141738
17152819
17163899
17174980
17186061
17197142
17285788
17296867
17307948
17319029
17330109
17341189
17352270
17363351
17463077
17474157
17485238
17496318
17507399
17518480
17529560
17629287
17640367
17651447
17662528
17673609
17684689
17695770
17795497
17806576
17817657
17828737
17839818
17850899
17861979
17961706
17972785
17983866
17994947
18006027
18017108
18028189
18127915
18138995
18150076
18161156
18172237
18183318
18194398
18294124
18305204
18316285
18327366
18338446
18349527
18360608
18460335
18471414
18482495
18493575
18504656
18515737
18526817
18626543
18637624
18648704
18659785
18670866
18681946
18693027
18792754
18803833
18814914
18825994
18837075
18848156
18859238
18958962
18970043
18981123
18992204
19003285
19014365
19025446
19125172
19136252
19147334
19158413
19169494
19180576
19191655
19202736
19291381
19302462
19313542
19324623
19335704
19346784
19357864
19368945
19457590
19468673
19479752
19490832
19501914
19512993
19524074
19535155
19623800
19634880
19645961
19657042
19668123
19679203
19690283
19701364
19790010
19801090
19812170
19823251
19834332
19845412
19856495
19867574
19956219
19967299
19978380
19989461
20000542
20011622
20022703
20033783
20122429
20133509
20144589
20155670
20166751
20177831
20188912
20199993
20288638
20299719
20310800
20321880
20332960
20344041
20355122
20366202
20454848
20465928
20477008
20488089
20499170
20510250
20521331
20532412
20621058
20632137
20643218
20654299
20665379
20676460
20687540
20698621
20787267
20798347
20809427
20820508
20831589
20842669
20853750
20864831
20953476
20964556
20975637
20986718
20997798
21008879
21019959
21031040
21119686
21130766
21141846
21152927
21164008
21175088
21186169
21197250
21285895
21296975
21308056
21319136
21330218
21341298
21352378
21363461
21463185
21474266
21485346
21496427
21507507
21518588
21529668
21629394
21640475
21651558
21662636
21673717
21684798
21695878
21795605
21806685
21817765
21828845
21839926
21851007
21862088
21961813
21972895
21983975
21995055
22006136
22017216
22028297
22128022
22139103
22150184
22161264
22172345
22183426
22194506
22294232
22305313
22316393
22327474
22338555
22349635
22360716
22460442
22471523
22482603
22493683
22504764
22515845
22526925
22626651
22637732
22648812
22659893
22670974
22682054
22693135
22792861
22803941
22815022
22826103
22837184
22848264
22859344
22959070
22970151
22981232
22992312
23003393
23014473
23025554
23125280
23136360
23147441
23158522
23169602
23180683
23191765
23202844
23291489
23302570
23313650
23324731
23335812
23346892
23357973
23369054
23457699
23468779
23479860
23490940
23502021
23513102
23524182
23535263
23623908
23634989
23646069
23657150
23668231
23679311
23690392
23701473
23790117
23801198
23812279
23823360
23834441
23845521
23856601
23867683
23956327
23967408
23978488
23989569
24000649
24011730
24022811
24033891
24122537
24133617
24144698
24155780
24166859
24177940
24189021
24200101
24288746
24299827
24310907
24321988
24333068
24344149
24355230
24366310
24454955
24466036
24477118
24488197
24499278
24510359
24521439
24532520
24621165
24632246
24643326
24654407
24665487
24676568
24687649
24698729
24787375
24798456
24809536
24820616
24831697
24842778
24853858
24864939
24953584
24964664
24975745
24986826
24997906
25008987
25020068
25031148
25119794
25130874
25141955
25153035
25164116
25175197
25186277
25197358
25286003
25297084
25308164
25319245
25330325
25341406
25352487
25363567
25463293
25474374
25485454
25496535
25507615
25518696
25529777
25629502
25640583
25651664
25662744
25673825
25684906
25695986
25795712
25806793
25817873
25828954
25840034
25851115
25862196
25961922
25973002
25984083
25995163
26006244
26017325
26028405
26128131
26139211
26150292
26161373
26172454
26183534
26194615
26294340
26305421
26316501
26327582
26338664
26349743
26360824
26460550
26471630
26482711
26493792
26504872
26515953
26527034
26626760
26637840
26648920
26660003
26671082
26682162
26693243
26792969
26804049
26815130
26826211
26837291
26848372
26859453
26959179
26970261
26981339
26992420
27003500
27014581
27025661
27125387
27136467
27147548
27158629
27169710
27180790
27191871
27202951
27291597
27302678
27313758
27324838
27335919
27347000
27358080
27369161
27457806
27468886
27479967
27491048
27502128
27513209
27524290
27535370
27624016
27635096
27646177
27657257
27668338
27679419
27690499
27701580
27790225
27801306
27812386
27823467
27834547
27845628
27856709
27867789
27956434
27967515
27978596
27989676
28000757
28011838
28022918
28033999
28122644
28133724
28144805
28155886
28166966
28178047
28189128
28200208
28288853
28299934
28311015
28322095
28333176
28344256
28355337
28366418
28455063
28466143
28477224
28488305
28499385
28510466
28521546
28532627
28621272
28632353
28643434
28654514
28665595
28676675
28687756
28698837
28787482
28798562
28809643
28820724
28831804
28842887
28853965
28865046
28953691
28964772
28975852
28986933
28998014
29009094
29020175
29031256
29119901
29130981
29142062
29153143
29164225
29175304
29186384
29197465
29286110
29297191
29308272
29319352
29330433
29341513
29352594
29363675
29463401
29474481
29485561
29496642
29507723
29518803
29529884
29629610
29640690
29651771
29662852
29673932
29685013
29696093
29795819
29806900
29817981
29829061
29840142
29851222
29862303
29962029
29973110
29984190
29995271
30006351
30017432
30028512
30128238
30139319
30150399
30161480
30172561
30183641
30194722
30294448
30305528
30316609
30327689
30338770
30349851
30360932
30460658
30471739
30482819
30493901
30504980
30516061
30527142
30626867
30637948
30649029
30660109
30671190
30682271
30693351
30793077
30804157
30815238
30826319
30837399
30848480
30859561
30959287
30970367
30981448
30992528
31003609
31014690
31025772
31125496
31136576
31147657
31158738
31169819
31180899
31191980
31203060
31291705
31302786
31313868
31324947
31336028
31347110
31358189
31369270
31457915
31468995
31480076
31491157
31502237
31513318
31524399
31535479
31624125
31635205
31646286
31657366
31668447
31679528
31690608
31701692
31790334
31801414
31812495
31823576
31834657
31845737
31856818
31867898
31956545
31967624
31978705
31989786
32000866
32011946
32023027
32034109
32122753
32133834
32144914
32155995
32167076
32178156
32189236
32200317
32288962
32300043
32311124
32322204
32333285
32344366
32355446
32366527
32455172
32466252
32477333
32488414
32499495
32510575
32521655
32532736
32621381
32632462
32643542
32654623
32665704
32676784
32687865
32698946
32787590
32798671
32809752
32820832
32831913
32842993
32854074
32865155
32953800
32964881
32975961
32987042
32998123
33009203
33020284
33031365
33120009
33131090
33142170
33153251
33164332
33175413
33186493
33197574
33286219
33297300
33308380
33319461
33330542
33341622
33352703
33363784
33452428
33463509
33474590
33485670
33496751
33507832
33518912
33529995
33629719
33640799
33651880
33662961
33674041
33685122
33696203
33795928
33807009
33818090
33829170
33840251
33851333
33862412
33962138
33973218
33984299
33995380
34006460
34017541
34028621
34128347
34139428
34150509
34161589
34172669
34183750
34194831
34294557
34305637
34316718
34327798
34338879
34349960
34361040
34460768
34471846
34482927
34494008
34505089
34516169
34527250
34626975
34638056
34649137
34660217
34671298
34682378
34693459
34793185
34804265
34815346
34826427
34837508
34848588
34859669
34959394
34970475
34981556
34992636
35003717
35014798
35025878
35125604
35136685
35147765
35158847
35169926
35181007
35192087
35203169
35291813
35302894
35313975
35325055
35336136
35347217
35358298
35369378
35458023
35469104
35480184
35491265
35502345
35513426
35524507
35535587
35624232
35635313
35646394
35657474
35668555
35679635
35690716
35701797
35790442
35801523
35812603
35823684
35834764
35845845
35856925
35868006
35956651
35967732
35978812
35989893
36000975
36012054
36023135
36034217
36122861
36133942
36145022
36156103
36167183
36178264
36189345
36200425
36289070
36300151
36311231
36322314
36333393
36344474
36355555
36366635
36455280
36466361
36477441
36488522
36499602
36510683
36521764
36532844
36621489
36632570
36643651
36654731
36665812
36676893
36687973
36699054
36787699
36798780
36809860
36820941
36832021
36843102
36854183
36865263
36953908
36964991
36976069
36987150
36998231
37009311
37020392
37031473
37120118
37131198
37142279
37153360
37164440
37175521
37186602
37197682
37286329
37297408
37308488
37319569
37330649
37341730
37352811
37363891
37452537
37463617
37474698
37485779
37496859
37507940
37519021
37530101
37629827
37640907
37651988
37663068
37674149
37685230
37696310
37796036
37807117
37818198
37829278
37840359
37851439
37862520
37962246
37973326
37984407
37995487
38006568
38017649
38028729
38128455
38139536
38150617
38161697
38172778
38183858
38194938
38294664
38305745
38316826
38327906
38338987
38350068
38361148
38460874
38471955
38483035
38494116
38505197
38516277
38527358
38627083
38638165
38649245
38660325
38671406
38682487
38693567
38793293
38804374
38815454
38826535
38837615
38848696
38859777
38959502
38970583
38981664
38992744
39003825
39014906
39025986
39125712
39136793
39147875
39158954
39170034
39181115
39192196
39203276
39291922
39303002
39314082
39325163
39336244
39347325
39358405
39369486
39458131
39469213
39480292
39491373
39502453
39513534
39524615
39535695
39624341
39635421
39646501
39657582
39668663
39679743
39690824
39701905
39790551
39801631
39812711
39823792
39834872
39845953
39857034
39868114
39956759
39967840
39978921
