66484
77564
88645
99726
110806
121887
132967
144048
232694
243774
254854
265935
277016
288096
299177
310258
398903
409983
421064
432145
443225
454306
465387
476467
565112
576193
587274
598354
609435
620515
631597
642678
731322
742403
753483
764564
775644
786725
797806
808886
897532
908612
919692
930773
941854
952936
964015
975096
1063741
1074821
1085902
1096982
1108063
1119144
1130225
1141305
1229950
1241031
1252112
1263192
1274272
1285353
1296434
1307515
1396159
1407240
1418321
1429402
1440482
1451563
1462643
1473724
1573449
1584530
1595612
1606691
1617772
1628853
1639933
1739659
1750740
1761820
1772901
1783982
1795062
1806143
1905868
1916951
1928030
1939110
1950191
1961272
1972352
2072078
2083159
2094240
2105320
2116401
2127481
2138562
2238288
2249368
2260449
2271529
2282611
2293691
2304771
2404497
2415578
2426658
2437739
2448820
2459900
2470981
2570706
2581787
2592868
2603948
2615029
2626110
2637191
2736916
2747997
2759077
2770158
2781239
2792319
2803400
2903126
2914206
2925286
2936367
2947448
2958529
2969609
3069335
3080416
3091496
3102578
3113657
3124738
3135819
3235545
3246625
3257706
3268786
3279867
3290948
3302028
3313109
3401754
3412835
3423915
3434996
3446077
3457157
3468238
3479318
3567963
3579044
3590125
3601205
3612286
3623367
3634448
3645529
3734173
3745253
3756334
3767415
3778497
3789576
3800657
3811738
3900382
3911463
3922544
3933624
3944705
3955785
3966866
3977947
4066593
4077672
4088753
4099835
4110914
4121995
4133076
4144156
4232802
4243883
4254963
4266043
4277124
4288205
4299285
4310366
4399011
4410091
4421173
4432253
4443333
4454414
4465495
4476575
4565220
4576301
4587382
4598462
4609543
4620623
4631704
4642785
4731430
4742510
4753591
4764672
4775752
4786833
4797914
4808994
4897639
4908719
4919800
4930881
4941962
4953043
4964123
4975203
5063849
5074929
5086010
5097091
5108171
5119252
5130332
5141413
5230058
5241139
5252220
5263300
5274381
5285461
5296542
5307623
5396268
5407348
5418429
5429510
5440590
5451671
5462751
5473832
5573558
5584639
5595719
5606800
5617880
5628961
5640044
5739767
5750848
5761928
5773009
5784090
5795170
5806251
5905977
5917057
5928138
5939219
5950299
5961380
5972461
6072186
6083267
6094347
6105428
6116509
6127589
6138670
6238396
6249476
6260557
6271638
6282720
6293799
6304880
6404605
6415685
6426766
6437848
6448927
6460008
6471089
6570816
6581895
6592976
6604058
6615137
6626218
6637299
6737024
6748104
6759185
6770266
6781346
6792427
6803508
6903234
6914314
6925395
6936476
6947556
6958637
6969717
7069443
7080524
7091604
7102685
7113766
7124846
7135927
7235653
7246733
7257814
7268895
7279975
7291056
7302136
7313217
7401862
7412943
7424025
7435104
7446184
7457265
7468346
7479426
7568071
7579152
7590233
7601313
7612394
7623475
7634556
7645636
7734281
7745361
7756442
7767523
7778603
7789684
7800765
7811845
7900490
7911571
7922652
7933732
7944813
7955894
7966974
7978055
8066700
8077781
8088861
8099942
8111022
8122103
8133184
8144266
8232909
8243990
8255071
8266151
8277232
8288313
8299393
8310474
8399119
8410200
8421280
8432362
8443442
8454522
8465604
8476683
8565328
8576409
8587490
8598570
8609651
8620732
8631812
8642893
8731538
8742619
8753700
8764780
8775860
8786942
8798021
8809102
8897747
8908828
8919909
8930989
8942070
8953151
8964231
8975312
9063957
9075038
9086118
9097199
9108280
9119360
9130440
9141521
9230166
9241247
9252327
9263408
9274489
9285569
9296650
9307731
9396376
9407456
9418538
9429618
9440698
9451779
9462860
9473940
9573666
9584746
9595827
9606908
9617989
9629069
9640150
9739875
9750956
9762037
9773118
9784198
9795278
9806359
9906085
9917165
9928247
9939327
9950407
9961488
9972569
10072294
10083375
10094456
10105536
10116617
10127697
10138778
10238504
10249584
10260665
10271746
10282826
10293907
10304988
10404713
10415794
10426875
10437955
10449036
10460117
10471197
10570923
10582003
10593084
10604165
10615245
10626326
10637406
10737132
10748213
10759293
10770374
10781454
10792535
10803616
10903342
10914422
10925503
10936583
10947664
10958745
10969827
11069551
11080632
11091712
11102793
11113873
11124954
11136035
11235760
11246841
11257923
11269002
11280083
11291165
11302244
11313326
11401970
11413051
11424132
11435212
11446292
11457373
11468454
11479535
11568179
11579262
11590341
11601421
11612503
11623583
11634663
11645744
11734389
11745470
11756550
11767631
11778711
11789792
11800873
11811955
11900598
11911679
11922760
11933840
11944921
11956002
11967082
11978163
12066808
12077888
12088969
12100050
12111130
12122211
12133292
12144373
12233017
12244098
12255179
12266259
12277340
12288420
12299501
12310583
12399227
12410308
12421389
12432469
12443549
12454630
12465711
12476792
12565437
12576517
12587598
12598678
12609759
12620840
12631920
12643001
12731646
12742726
12753807
12764888
12775968
12787049
12798130
12809211
12897855
12908936
12920016
12931097
12942178
12953258
12964339
12975420
13064065
13075145
13086226
13097307
13108387
13119468
13130549
13141630
13230274
13241355
13252435
13263516
13274597
13285677
13296758
13307839
13396484
13407565
13418645
13429726
13440807
13451887
13462968
13474050
13573774
13584854
13595935
13607016
13618096
13629177
13640258
13739983
13751064
13762146
13773226
13784306
13795387
13806469
13906193
13917274
13928354
13939435
13950515
13961596
13972677
14072402
14083485
14094564
14105644
14116725
14127806
14138886
14238612
14249693
14260773
14271854
14282935
14294015
14305096
14404821
14415902
14426983
14438063
14449144
14460225
14471305
14571031
14582112
14593192
14604273
14615354
14626434
14637515
14737240
14748321
14759401
14770482
14781563
14792644
14803725
14903450
14914530
14925611
14936692
14947772
14958853
14969933
15069659
15080740
15091820
15102901
15113982
15125063
15136143
15235868
15246950
15258031
15269111
15280191
15291272
15302352
15313433
15402078
15413159
15424239
15435320
15446401
15457481
15468563
15479643
15568288
15579368
15590449
15601530
15612610
15623691
15634772
15645852
15734497
15745578
15756658
15767739
15778820
15789900
15800983
15812062
15900707
15911787
15922868
15933948
15945030
15956109
15967191
15978272
16066916
16077997
16089077
16100158
16111239
16122319
16133401
16144480
16233125
16244206
16255287
16266369
16277448
16288529
16299610
16310690
16399335
16410416
16421496
16432577
16443657
16454738
16465819
16476899
16565544
16576625
16587706
16598787
16609867
16620947
16632029
16643109
16731754
16742835
16753915
16764996
16776076
16787157
16798240
16809319
16897964
16909045
16920125
16931205
16942286
16953367
16964447
16975528
17064173
17075253
17086334
17097415
17108496
17119576
17130657
17141737
17230383
17241463
17252544
17263625
17274705
17285785
17296866
17307947
17396592
17407672
17418753
17429834
17440914
17451995
17463076
17474156
17573882
17584963
17596044
17607124
17618204
17629285
17640366
17740091
17751172
17762253
17773334
17784414
17795495
17806575
17906301
17917382
17928462
17939543
17950624
17961704
17972785
18072510
18083591
18094671
18105752
18116833
18127915
18138994
18238720
18249801
18260881
18271962
18283043
18294123
18305204
18404930
18416010
18427091
18438171
18449253
18460333
18471413
18571139
18582220
18593300
18604382
18615461
18626542
18637623
18737349
18748429
18759510
18770592
18781671
18792753
18803832
18903558
18914638
18925719
18936800
18947880
18958961
18970042
19069767
19080848
19091928
19103009
19114090
19125171
19136251
19235977
19247057
19258138
19269219
19280299
19291380
19302461
19313541
19402186
19413268
19424347
19435428
19446509
19457589
19468670
19479750
19568396
19579476
19590557
19601638
19612718
19623799
19634880
19645960
19734606
19745686
19756766
19767847
19778928
19790010
19801089
19812170
19900815
19911895
19922976
19934057
19945137
19956218
19967299
19978379
20067024
20078105
20089185
20100266
20111347
20122428
20133508
20144588
20233234
20244314
20255395
20266476
20277556
20288637
20299717
20310799
20399443
20410524
20421604
20432685
20443766
20454846
20465927
20477007
20565653
20576733
20587814
20598895
20609975
20621057
20632138
20643217
20731862
20742943
20754023
20765104
20776184
20787267
20798347
20809427
20898072
20909152
20920233
20931313
20942394
20953477
20964555
20975636
21064281
21075362
21086442
21097523
21108603
21119684
21130765
21141845
21230490
21241571
21252652
21263732
21274815
21285894
21296974
21308055
21396700
21407781
21418861
21429942
21441022
21452103
21463184
21474265
21562911
21573990
21585071
21596153
21607232
21618313
21629393
21640474
21740200
21751280
21762361
21773442
21784524
21795603
21806684
21906409
21917490
21928570
21939651
21950732
21961812
21972893
22072619
22083699
22094780
22105861
22116941
22128021
22139102
22238828
22249909
22260989
22272070
22283151
22294231
22305312
22405038
22416118
22427199
22438280
22449360
22460440
22471521
22571247
22582328
22593408
22604489
22615570
22626650
22637731
22737457
22748537
22759618
22770699
22781779
22792860
22803941
22903666
22914746
22925827
22936908
22947989
22959069
22970150
23069875
23080956
23092037
23103117
23114199
23125279
23136361
23236085
23247166
23258246
23269327
23280408
23291488
23302569
23313650
23402295
23413375
23424457
23435536
23446617
23457699
23468779
23479859
23568504
23579585
23590665
23601746
23612826
23623907
23634988
23646068
23734713
23745794
23756875
23767955
23779037
23790117
23801197
23812278
23900923
23912003
23923084
23934165
23945245
23956326
23967407
23978487
24067133
24078213
24089294
24100375
24111455
24122536
24133616
24144697
24233342
24244422
24255503
24266583
24277665
24288745
24299826
24310906
24399551
24410632
24421713
24432793
24443875
24454954
24466035
24477116
24565760
24576842
24587922
24599003
24610084
24621164
24632244
24643325
24731970
24743051
24754132
24765212
24776295
24787374
24798454
24809535
24898179
24909260
24920341
24931421
24942503
24953584
24964663
24975744
25064389
25075470
25086551
25097631
25108713
25119792
25130873
25141954
25230599
25241679
25252760
25263841
25274921
25286002
25297082
25308163
25396808
25407889
25418969
25430050
25441131
25452211
25463292
25474373
25563017
25574099
25585179
25596259
25607341
25618421
25629501
25640584
25740308
25751388
25762469
25773550
25784631
25795711
25806792
25906517
25917598
25928680
25939760
25950840
25961922
25973001
26072727
26083807
26094888
26105969
26117049
26128130
26139210
26238936
26250017
26261098
26272178
26283259
26294340
26305420
26405146
26416226
26427307
26438388
26449468
26460549
26471629
26571357
26582436
26593517
26604598
26615678
26626758
26637839
26737565
26748645
26759726
26770808
26781887
26792968
26804048
26903774
26914855
26925935
26937017
26948097
26959177
26970258
27069984
27081064
27092145
27103226
27114306
27125387
27136467
27236193
27247274
27258354
27269436
27280516
27291596
27302677
27313758
27402402
27413483
27424564
27435645
27446725
27457806
27468887
27479967
27568612
27579693
27590774
27601854
27612935
27624015
27635096
27646176
27734822
27745902
27756983
27768064
27779144
27790225
27801305
27812386
27901031
27912112
27923192
27934275
27945354
27956434
27967515
27978596
28067240
28078321
28089402
28100483
28111564
28122644
28133724
28144806
28233450
28244531
28255611
28266692
28277773
28288853
28299934
28311014
28399659
28410740
28421821
28432901
28443982
28455063
28466143
28477224
28565869
28576950
28588030
28599111
28610191
28621272
28632353
28643434
28732078
28743159
28754241
28765322
28776401
28787482
28798562
28809643
28898288
28909369
28920449
28931530
28942611
28953691
28964772
28975853
29064497
29075579
29086658
29097740
29108820
29119900
29130981
29142062
29230707
29241788
29252868
29263950
29275030
29286110
29297191
29308271
29396918
29407997
29419078
29430158
29441239
29452319
29463400
29474481
29563126
29574207
29585287
29596368
29607449
29618529
29629610
29640690
29740416
29751496
29762579
29773659
29784738
29795819
29806900
29906625
29917706
29928788
29939867
29950948
29962029
29973110
30072835
30083916
30094997
30106077
30117157
30128238
30139319
30239044
30250125
30261206
30272286
30283367
30294448
30305528
30405254
30416335
30427415
30438496
30449576
30460657
30471738
30571463
30582544
30593625
30604705
30615787
30626866
30637947
30737673
30748754
30759835
30770915
30781995
30793076
30804157
30903883
30914963
30926044
30937124
30948205
30959286
30970367
31070092
31081174
31092253
31103334
31114415
31125495
31136575
31236301
31247382
31258464
31269543
31280624
31291704
31302785
31402511
31413592
31424672
31435752
31446833
31457914
31468994
31480075
31568720
31579802
31590882
31601962
31613043
31624123
31635204
31646285
31734930
31746010
31757092
31768172
31779252
31790333
31801414
31812494
31901140
31912220
31923301
31934381
31945462
31956543
31967623
31978704
32067349
32078430
32089510
32100591
32111671
32122752
32133833
32144913
32233558
32244639
32255720
32266800
32277881
32288962
32300042
32311123
32399768
32410848
32421929
32433010
32444090
32455171
32466251
32477333
32565977
32577058
32588139
32599219
32610300
32621380
32632461
32643542
32732187
32743267
32754348
32765429
32776509
32787590
32798672
32809751
32898396
32909477
32920558
32931638
32942719
32953800
32964880
32975960
33064606
33075686
33086767
33097848
33108928
33120010
33131090
33142170
33230815
33241896
33252977
33264057
33275138
33286218
33297299
33308379
33397025
33408105
33419187
33430266
33441349
33452428
33463509
33474589
33563234
33574315
33585395
33596476
33607557
33618637
33629718
33640798
33740524
33751606
33762687
33773766
33784847
33795927
33807008
33906733
33917815
33928895
33939975
33951056
33962137
33973217
34072943
34084026
34095105
34106185
34117266
34128346
34139427
34239152
34250234
34261314
34272394
34283475
34294556
34305636
34405362
34416443
34427523
34438604
34449684
34460765
34471846
34571571
34582652
34593733
34604814
34615894
34626975
34638055
34737781
34748863
34759943
34771023
34782103
34793184
34804265
34903991
34915072
34926152
34937232
34948313
34959394
34970475
35070200
35081281
35092361
35103442
35114522
35125603
35136684
35236410
35247490
35258571
35269651
35280732
35291812
35302895
35402619
35413700
35424780
35435861
35446941
35458022
35469103
35480183
35568829
35579909
35590989
35602071
35613151
35624232
35635312
35646393
35735038
35746120
35757199
35768280
35779360
35790441
35801522
35812602
35901248
35912329
35923409
35934490
35945572
35956650
35967731
35978812
36067457
36078538
36089618
36100699
36111779
36122860
36133941
36145022
36233669
36244747
36255828
36266909
36277989
36289070
36300150
36311231
36399876
36410957
36422037
36433118
36444198
36455279
36466360
36477440
36566085
36577166
36588247
36599327
36610408
36621489
36632569
36643650
36732295
36743376
36754457
36765537
36776617
36787698
36798779
36809859
36898504
36909585
36920665
36931746
36942827
36953908
36964988
36976069
37064714
37075795
37086875
37097956
37109036
37120117
37131197
37142278
37230923
37242004
37253085
37264165
37275246
37286326
37297407
37308488
37397132
37408213
37419294
37430375
37441455
37452536
37463617
37474697
37563342
37574425
37585504
37596584
37607665
37618746
37629826
37640906
37740633
37751713
37762793
37773874
37784955
37796035
37807118
37906842
37917922
37929003
37940084
37951165
37962245
37973325
38073052
38084132
38095212
38106293
38117374
38128454
38139536
38239262
38250341
38261422
38272503
38283583
38294664
38305744
38405471
38416552
38427631
38438712
38449794
38460873
38471954
38571680
38582760
38593841
38604922
38616002
38627083
38638164
38737892
38748970
38760050
38771132
38782212
38793292
38804374
38904099
38915179
38926260
38937341
38948422
38959502
38970582
39070309
39081389
39092470
39103550
39114631
39125711
39136792
39236518
39247598
39258679
39269759
39280840
39291921
39303001
39402727
39413808
39424888
39435969
39447049
39458130
39469211
39480291
39568937
39580017
39591098
39602178
39613259
39624340
39635420
39646501
39735148
39746227
39757307
39768388
39779469
39790549
39801630
39812710
39901356
39912436
39923517
39934598
39945678
39956759
39967839
39978920
