77563
88644
99724
110805
121885
132966
144047
155127
243773
254853
265933
277014
288095
299175
310256
321337
409982
421062
432143
443224
454304
465385
476466
487546
576192
587273
598353
609434
620516
631595
642676
653757
742402
753482
764563
775644
786724
797805
808885
819966
908612
919692
930772
941855
952934
964014
975095
986175
1085901
1096982
1108063
1119143
1130224
1141304
1152385
1252110
1263192
1274272
1285352
1296433
1307514
1318594
1418320
1429401
1440482
1451562
1462643
1473723
1484804
1584529
1595610
1606691
1617772
1628852
1639933
1651014
1750739
1761820
1772900
1783981
1795063
1806142
1817223
1916948
1928029
1939110
1950190
1961271
1972352
1983432
2083158
2094239
2105319
2116400
2127481
2138561
2149642
2249367
2260448
2271528
2282609
2293690
2304771
2315851
2415577
2426658
2437739
2448820
2459900
2470980
2482062
2581786
2592867
2603948
2615028
2626109
2637190
2648271
2659351
2747996
2759076
2770157
2781238
2792318
2803399
2814479
2825560
2914205
2925286
2936366
2947447
2958528
2969608
2980689
2991770
3080415
3091495
3102576
3113657
3124739
3135818
3146898
3157980
3246625
3257705
3268785
3279866
3290947
3302027
3313108
3324188
3412834
3423914
3434995
3446077
3457156
3468237
3479317
3490398
3579043
3590123
3601204
3612285
3623366
3634446
3645527
3656608
3745252
3756333
3767415
3778494
3789575
3800656
3811737
3822817
3911462
3922542
3933624
3944704
3955784
3966865
3977946
3989026
4077671
4088753
4099833
4110913
4121994
4133075
4144155
4155236
4243881
4254961
4266042
4277123
4288203
4299284
4310365
4321445
4410090
4421171
4432252
4443333
4454413
4465494
4476574
4487655
4576300
4587380
4598462
4609542
4620622
4631703
4642784
4653864
4742509
4753590
4764671
4775751
4786832
4797913
4808993
4820073
4908719
4919799
4930880
4941961
4953041
4964122
4975202
4986283
5086009
5097090
5108170
5119250
5130331
5141412
5152492
5252218
5263299
5274380
5285460
5296541
5307623
5318703
5418428
5429509
5440589
5451670
5462751
5473831
5484912
5584637
5595719
5606798
5617879
5628963
5640040
5651121
5750847
5761928
5773008
5784089
5795169
5806250
5817331
5917058
5928137
5939218
5950299
5961379
5972459
5983540
6083266
6094346
6105427
6116508
6127588
6138669
6149750
6249475
6260556
6271636
6282717
6293798
6304878
6315959
6415685
6426766
6437846
6448927
6460007
6471088
6482169
6581894
6592975
6604055
6615136
6626217
6637297
6648378
6748104
6759184
6770265
6781345
6792426
6803507
6814587
6825670
6914313
6925394
6936474
6947555
6958637
6969716
6980797
6991878
7080523
7091603
7102684
7113764
7124845
7135926
7147006
7158087
7246732
7257813
7268893
7279974
7291054
7302135
7313216
7324297
7412941
7424022
7435103
7446183
7457264
7468344
7479425
7490506
7579151
7590231
7601312
7612393
7623474
7634554
7645635
7656716
7745360
7756441
7767522
7778602
7789683
7800763
7811846
7822925
7911570
7922650
7933731
7944812
7955892
7966973
7978054
7989134
8077779
8088860
8099941
8111021
8122102
8133184
8144263
8155344
8243989
8255070
8266150
8277231
8288311
8299392
8310472
8321553
8410198
8421281
8432360
8443440
8454522
8465601
8476682
8487763
8576408
8587488
8598569
8609650
8620730
8631811
8642891
8653972
8742617
8753698
8764778
8775859
8786940
8798020
8809101
8820184
8908826
8919908
8930988
8942068
8953149
8964230
8975310
8986391
9086117
9097197
9108278
9119359
9130439
9141520
9152601
9252326
9263407
9274487
9285568
9296649
9307729
9318810
9418536
9429617
9440697
9451778
9462858
9473939
9485020
9584745
9595825
9606906
9617987
9629068
9640148
9651229
9750955
9762035
9773116
9784197
9795277
9806358
9817440
9917164
9928245
9939325
9950407
9961486
9972567
9983648
10083374
10094454
10105535
10116616
10127696
10138777
10149858
10249583
10260664
10271744
10282825
10293905
10304986
10316069
10415793
10426873
10437954
10449035
10460115
10471196
10482277
10582002
10593082
10604165
10615244
10626324
10637406
10648486
10748211
10759292
10770373
10781453
10792534
10803615
10814697
10825776
10914421
10925501
10936582
10947663
10958743
10969824
10980905
10991985
11080630
11091711
11102792
11113872
11124953
11136034
11147114
11158195
11246841
11257920
11269001
11280082
11291162
11302243
11313324
11324404
11413050
11424130
11435211
11446291
11457372
11468452
11479533
11490614
11579259
11590339
11601420
11612501
11623582
11634662
11645743
11656823
11745468
11756549
11767630
11778710
11789791
11800872
11811953
11823033
11911678
11922758
11933839
11944920
11956000
11967081
11978162
11989242
12077887
12088968
12100049
12111129
12122210
12133291
12144371
12155452
12244097
12255177
12266258
12277338
12288419
12299500
12310581
12321661
12410307
12421387
12432467
12443548
12454629
12465709
12476790
12487870
12576515
12587596
12598677
12609757
12620839
12631919
12643000
12654080
12742725
12753806
12764886
12775967
12787048
12798128
12809209
12820291
12908935
12920015
12931096
12942176
12953257
12964338
12975420
12986499
13086225
13097305
13108387
13119466
13130547
13141629
13152708
13252434
13263515
13274596
13285676
13296757
13307838
13318918
13418644
13429724
13440805
13451885
13462966
13474047
13485128
13584853
13595934
13607014
13618095
13629175
13640257
13651337
13751064
13762143
13773224
13784305
13795385
13806467
13817546
13917272
13928353
13939433
13950514
13961594
13972676
13983756
14083481
14094562
14105643
14116723
14127804
14138885
14149965
14249691
14260772
14271852
14282933
14294014
14305095
14316175
14415901
14426981
14438062
14449142
14460223
14471304
14482384
14582110
14593191
14604271
14615352
14626433
14637513
14648593
14748319
14759400
14770481
14781561
14792642
14803724
14814803
14825884
14914529
14925610
14936690
14947771
14958852
14969934
14981012
14992093
15080738
15091819
15102900
15113980
15125061
15136142
15147222
15158303
15246948
15258029
15269109
15280190
15291272
15302351
15313431
15324513
15413157
15424238
15435318
15446399
15457480
15468561
15479641
15490722
15579367
15590448
15601528
15612611
15623689
15634770
15645851
15656931
15745576
15756657
15767737
15778818
15789899
15800981
15812060
15823141
15911786
15922866
15933948
15945028
15956108
15967189
15978269
15989350
16077995
16089076
16100157
16111237
16122318
16133398
16144479
16155560
16244204
16255287
16266366
16277447
16288527
16299608
16310688
16321769
16410414
16421495
16432575
16443656
16454737
16465818
16476898
16487978
16576624
16587704
16598785
16609866
16620946
16632027
16643107
16654188
16742833
16753913
16764994
16776075
16787155
16798236
16809317
16820397
16909042
16920124
16931203
16942284
16953365
16964446
16975526
16986607
17086332
17097413
17108494
17119574
17130657
17141736
17152816
17252542
17263623
17274703
17285784
17296865
17307945
17319026
17418752
17429832
17440913
17451993
17463074
17474155
17485235
17584961
17596042
17607123
17618203
17629284
17640364
17651445
17751170
17762251
17773332
17784412
17795495
17806574
17817654
17917380
17928461
17939541
17950622
17961703
17972783
17983864
18083589
18094670
18105750
18116831
18127912
18138992
18150073
18249799
18260880
18271960
18283041
18294122
18305202
18316282
18416008
18427089
18438171
18449250
18460332
18471411
18482492
18582218
18593299
18604380
18615460
18626540
18637621
18648702
18748427
18759509
18770589
18781669
18792752
18803831
18814911
18825992
18914637
18925718
18936798
18947879
18958960
18970040
18981121
18992201
19080847
19091927
19103007
19114088
19125169
19136249
19147330
19158411
19247056
19258137
19269217
19280298
19291379
19302459
19313540
19324620
19413265
19424346
19435426
19446507
19457588
19468668
19479749
19490830
19579475
19590556
19601636
19612717
19623798
19634878
19645959
19657039
19745684
19756765
19767845
19778926
19790008
19801088
19812168
19823248
19911894
19922974
19934055
19945136
19956216
19967297
19978378
19989458
20078103
20089184
20100265
20111345
20122426
20133506
20144587
20155668
20244313
20255393
20266474
20277555
20288635
20299717
20310797
20321877
20410522
20421603
20432683
20443764
20454845
20465925
20477006
20488086
20576732
20587813
20598893
20609974
20621054
20632135
20643215
20654296
20742941
20754022
20765102
20776183
20787265
20798344
20809425
20820506
20909151
20920232
20931312
20942394
20953473
20964554
20975634
20986715
21086441
21097521
21108602
21119682
21130763
21141844
21152924
21252650
21263731
21274811
21285892
21296972
21308053
21319134
21418860
21429940
21441021
21452102
21463182
21474263
21485343
21585070
21596150
21607230
21618311
21629391
21640473
21651553
21751279
21762359
21773440
21784522
21795601
21806682
21817762
21917488
21928569
21939649
21950731
21961810
21972891
21983972
22083697
22094778
22105859
22116940
22128020
22139100
22150182
22249907
22260987
22272068
22283149
22294229
22305311
22316391
22416117
22427197
22438278
22449359
22460439
22471519
22482601
22582326
22593407
22604487
22615569
22626648
22637729
22648810
22748535
22759616
22770696
22781778
22792858
22803938
22815019
22826100
22914745
22925826
22936906
22947987
22959067
22970148
22981229
22992309
23080954
23092035
23103116
23114196
23125278
23136357
23147438
23158519
23247164
23258245
23269325
23280407
23291486
23302567
23313648
23324728
23413374
23424454
23435535
23446616
23457696
23468776
23479857
23490938
23579583
23590664
23601744
23612825
23623905
23634986
23646067
23657147
23745792
23756873
23767954
23779036
23790115
23801195
23812276
23823357
23912002
23923082
23934163
23945244
23956324
23967405
23978486
23989566
24078211
24089292
24100373
24111453
24122534
24133614
24144695
24155776
24244420
24255501
24266582
24277663
24288743
24299824
24310905
24321985
24410631
24421710
24432792
24443872
24454952
24466033
24477114
24488195
24576840
24587920
24599001
24610082
24621162
24632243
24643323
24654404
24743049
24754130
24765210
24776293
24787372
24798452
24809533
24820613
24909259
24920339
24931420
24942501
24953581
24964662
24975742
24986825
25086548
25097629
25108710
25119790
25130871
25141952
25153032
25252758
25263839
25274919
25286000
25297081
25308161
25319242
25418968
25430048
25441129
25452209
25463290
25474371
25485451
25585177
25596258
25607338
25618419
25629501
25640581
25651661
25751386
25762467
25773549
25784629
25795709
25806790
25817870
25917597
25928676
25939757
25950838
25961919
25972999
25984080
26083805
26094886
26105967
26117047
26128128
26139209
26150290
26250015
26261095
26272177
26283257
26294337
26305418
26316498
26416224
26427305
26438386
26449466
26460547
26471628
26482708
26582434
26593514
26604595
26615676
26626756
26637837
26648918
26748643
26759724
26770805
26781886
26792966
26804047
26815127
26826208
26914853
26925933
26937014
26948094
26959175
26970256
26981337
26992417
27081062
27092143
27103224
27114304
27125385
27136466
27147546
27158626
27247272
27258352
27269433
27280514
27291594
27302675
27313756
27324836
27413481
27424562
27435643
27446723
27457804
27468884
27479965
27491048
27579691
27590772
27601852
27612933
27624013
27635094
27646174
27657255
27745900
27756981
27768062
27779143
27790223
27801304
27812385
27823465
27912110
27923190
27934271
27945351
27956432
27967513
27978594
27989674
28078319
28089400
28100483
28111561
28122642
28133723
28144803
28155884
28244528
28255609
28266690
28277770
28288851
28299932
28311012
28322093
28410738
28421821
28432900
28443980
28455061
28466141
28477222
28488303
28576947
28588028
28599109
28610189
28621270
28632351
28643431
28654512
28743157
28754238
28765320
28776399
28787480
28798560
28809641
28820722
28909366
28920448
28931529
28942609
28953689
28964770
28975851
28986931
29075576
29086657
29097738
29108818
29119899
29130979
29142060
29153141
29252866
29263947
29275028
29286108
29297189
29308269
29319350
29419076
29430156
29441237
29452317
29463398
29474479
29485560
29585285
29596366
29607446
29618527
29629607
29640689
29651769
29751495
29762577
29773656
29784737
29795817
29806898
29817978
29917704
29928785
29939865
29950946
29962027
29973108
29984188
30083914
30094994
30106075
30117155
30128236
30139317
30150397
30250123
30261204
30272284
30283365
30294445
30305526
30316608
30416332
30427414
30438494
30449574
30460655
30471736
30482816
30582542
30593623
30604704
30615784
30626865
30637946
30649026
30748752
30759834
30770913
30781993
30793074
30804154
30815235
30826316
30914961
30926044
30937122
30948202
30959284
30970364
30981444
30992525
31081170
31092251
31103331
31114412
31125493
31136573
31147654
31158735
31247380
31258461
31269541
31280622
31291702
31302783
31313863
31324944
31413589
31424670
31435751
31446831
31457912
31468993
31480073
31491154
31579798
31590881
31601960
31613041
31624121
31635202
31646282
31657363
31746008
31757091
31768170
31779250
31790331
31801411
31812492
31823573
31912218
31923299
31934379
31945460
31956541
31967621
31978702
31989782
32078427
32089508
32100588
32111669
32122750
32133830
32144911
32155992
32244637
32255718
32266798
32277879
32288959
32300040
32311121
32322201
32410847
32421927
32433007
32444088
32455169
32466249
32477330
32488411
32577056
32588137
32599217
32610298
32621378
32632459
32643539
32654620
32743265
32754346
32765426
32776507
32787589
32798668
32809749
32820830
32909475
32920556
32931636
32942717
32953797
32964878
32975959
32987039
33075684
33086765
33097845
33108928
33120006
33131087
33142168
33153249
33252975
33264055
33275135
33286216
33297297
33308377
33319458
33419184
33430266
33441345
33452425
33463506
33474587
33485667
33585393
33596474
33607554
33618635
33629716
33640796
33651877
33751605
33762684
33773764
33784844
33795925
33807006
33818086
33917812
33928893
33939973
33951055
33962135
33973215
33984296
34084022
34095102
34106183
34117263
34128344
34139425
34150506
34250231
34261312
34272392
34283473
34294553
34305634
34316715
34416440
34427521
34438601
34449682
34460763
34471844
34482924
34582650
34593730
34604811
34615893
34626972
34638053
34649134
34748860
34759940
34771021
34782101
34793182
34804262
34815343
34826424
34915069
34926149
34937230
34948311
34959392
34970473
34981553
34992633
35081280
35092359
35103440
35114521
35125601
35136681
35147762
35158843
35247488
35258568
35269649
35280730
35291812
35302891
35313972
35325053
35413698
35424778
35435859
35446939
35458020
35469100
35480181
35491262
35579907
35590988
35602068
35613150
35624229
35635310
35646391
35657471
35746118
35757198
35768277
35779358
35790439
35801519
35812600
35823681
35912326
35923406
35934487
35945568
35956649
35967729
35978810
35989890
36078535
36089616
36100696
36111777
36122858
36133938
36145019
36156100
36244745
36255826
36266906
36277987
36289067
36300148
36311229
36322309
36410955
36422035
36433115
36444196
36455277
36466358
36477438
36488518
36577165
36588244
36599325
36610406
36621486
36632567
36643647
36654728
36743375
36754454
36765535
36776615
36787696
36798777
36809857
36820938
36909583
36920663
36931744
36942825
36953906
36964986
36976067
36987147
37075792
37086873
37097953
37109034
37120115
37131195
37142276
37153357
37253082
37264163
37275243
37286324
37297405
37308485
37319566
37419291
37430372
37441453
37452533
37463614
37474696
37485775
37585501
37596582
37607662
37618743
37629824
37640904
37651985
37751711
37762791
37773872
37784952
37796035
37807114
37818194
37917920
37929001
37940082
37951163
37962243
37973323
37984404
38084129
38095210
38106291
38117373
38128452
38139533
38150614
38250339
38261420
38272500
38283581
38294662
38305742
38316823
38416548
38427629
38438710
38449790
38460871
38471951
38483032
38582758
38593839
38604919
38616000
38627081
38638161
38649242
38748968
38760049
38771129
38782209
38793290
38804370
38815451
38915177
38926258
38937338
38948419
38959499
38970580
38981661
38992741
39081386
39092467
39103547
39114628
39125709
39136790
39147871
39158951
39247596
39258677
39269757
39280838
39291918
39302999
39314080
39325160
39413805
39424886
39435967
39447047
39458128
39469209
39480289
39491370
39580015
39591095
39602176
39613257
39624337
39635418
39646499
39657580
39746224
39757305
39768386
39779466
39790547
39801628
39812708
39823789
39912434
39923514
39934595
39945676
39956756
39967837
39978919
