11081
132968
299177
465387
631596
808886
975096
1141305
1307515
1473724
1639934
1806143
1972352
2138562
2304771
2470981
2637190
2803400
2969609
3135819
3302028
3468237
3634447
3800656
3966866
4133075
4299285
4465494
4631704
4808994
4975203
5141413
5307622
5473832
5640041
5806250
5972460
6138669
6304879
6471088
6637298
6803507
6969717
7135926
7302136
7468345
7634555
7800764
7966973
8133183
8299393
8465602
8631811
8809101
8975310
9141520
9307729
9473939
9640148
9806358
9972568
10138777
10304986
10471196
10637405
10803615
10969824
11136034
11302244
11468453
11634662
11800872
11967081
12133290
12299500
12465709
12631919
12798128
12975419
13141628
13307838
13474049
13640256
13806468
13972676
14138885
14305094
14471304
14637513
14803724
14969933
15136142
15302351
15468561
15634771
15800981
15967189
16133398
16299608
16465819
16632027
16798237
16975526
17141735
17307945
17474154
17640364
17806573
17972782
18138994
18305201
18471411
18637621
18803830
18970039
19136249
19302458
19468668
19634877
19801087
19967296
20133506
20299715
20465924
20632134
20798344
20975634
21141843
21308052
21474262
21640471
21806681
21972890
22139100
22305309
22471518
22637728
22803937
22970147
23136357
23302566
23468777
23634985
23801194
23967404
24133613
24299823
24466032
24632242
24798451
24975741
25141950
25308160
25474369
25640579
25806788
25972998
26139207
26305417
26471626
26637836
26804045
26970256
27136464
27302674
27468883
27635092
27801302
27967512
28133721
28299930
28466140
28632349
28798560
28975849
29142058
29308268
29474477
29640687
29806896
29973106
30139315
30305524
30471734
30637944
30804153
30970362
31136572
31302783
31468991
31635200
31801409
31967619
32133828
32300038
32466247
32632457
32798666
32975956
33142166
33308376
33474585
33640794
33807005
33973213
34139422
34305631
34471841
34638050
34804259
34970469
35136679
35302888
35469097
35635308
35801517
35967726
36133936
36300145
36466355
36632565
36798774
36976064
37142274
37308483
37474693
37640902
37807111
37973321
38139531
38305740
38471949
38638158
38804368
38970577
39136787
39302996
39469206
39635416
39801625
39967834
