177290
343501
509709
675918
842131
1008338
1185627
1351837
1518046
1684256
1850466
2016675
2182884
2349094
2515303
2681512
2847722
3013932
3180141
3346352
3512560
3678770
3844979
4011188
4177398
4343607
4509817
4676026
4842235
5008445
5185736
5351945
5518154
5684364
5850575
6016783
6182992
6349202
6515411
6681621
6847830
7014040
7180249
7346458
7512668
7678877
7845087
8011296
8177506
8343716
8509925
8676135
8842344
9008553
9185844
9352053
9518262
9684472
9850682
10016891
10183100
10349310
10515519
10681729
10847938
11014148
11180358
11346567
11512776
11678986
11845195
12011405
12177614
12343824
12510033
12676242
12842452
13008663
13185951
13352161
13518370
13684580
13850789
14016999
14183209
14349418
14515627
14681837
14848046
15014256
15180465
15346675
15512886
15679094
15845303
16011513
16177722
16343932
16510141
16676350
16842560
17008769
17174979
17352269
17518478
17684688
17850897
18017109
18183317
18349526
18515736
18681945
18848154
19014364
19180573
19346783
19512992
19679202
19845411
20011620
20177830
20344040
20510249
20676459
20842669
21008878
21175087
21352377
21518587
21684796
21851006
22017215
22183425
22349634
22515844
22682053
22848262
23014472
23180682
23346892
23513100
23679310
23845519
24011729
24177939
24344148
24510357
24676567
24842776
25008986
25175196
25352486
25518695
25684904
25851114
26017323
26183533
26349742
26515952
26682161
26848371
27014580
27180790
27346999
27513209
27679420
27845628
28011837
28178047
28344256
28510466
28676675
28842885
29009094
29175304
29352594
29518803
29685013
29851222
30017431
30183641
30349851
30516060
30682270
30848479
31014689
31180898
31347108
31513317
31679527
31845736
32011945
32178155
32344365
32510574
32676783
32842993
33009204
33175412
33352702
33518911
33685121
33851331
34017540
34183749
34349959
34516168
34682378
34848587
35014797
35181006
35347216
35513427
35679635
35845844
36012053
36178263
36344473
36510682
36676891
36843101
37009310
37175520
37352810
37519020
37685229
37851439
38017649
38183857
38350067
38516276
38682486
38848695
39014905
39181114
39347324
39513533
39679743
39845952
