3
6
9
11
26
42
49
56
71
78
85
101
107
115
130
136
144
160
174
189
195
203
219
228
234
241
248
256
263
270
278
286
293
299
307
322
331
337
352
367
374
381
396
411
426
440
456
470
478
485
499
508
515
521
524
529
537
544
551
559
566
574
582
589
595
603
618
633
641
648
662
677
693
707
722
736
751
766
781
788
795
811
817
825
833
840
848
854
862
870
879
884
891
899
907
914
921
929
943
958
973
980
988
1003
1017
1033
1047
1062
1077
1091
1107
1121
1129
1136
1142
1150
1158
1166
1175
1180
1188
1195
1201
1209
1225
1239
1246
1254
1269
1284
1299
1313
1328
1343
1358
1372
1387
1403
1417
1431
1446
1453
1462
1470
1476
1484
1491
1500
1505
1513
1521
1535
1543
1550
1565
1572
1580
1595
1603
1609
1624
1631
1639
1654
1668
1683
1698
1713
1728
1742
1750
1757
1772
1787
1801
1809
1817
1825
1831
1838
1847
1860
1868
1876
1891
1897
1905
1920
1927
1935
1950
1964
1979
1994
2002
2009
2024
2038
2054
2068
2075
2082
2097
2106
2113
2121
2127
2135
2142
2149
2156
2172
2186
2193
2201
2216
2223
2231
2246
2252
2260
2275
2290
2305
2319
2334
2349
2364
2378
2393
2408
2423
2438
2446
2452
2460
2469
2482
2489
2498
2512
2527
2542
2548
2557
2571
2578
2586
2601
2615
2630
2645
2653
2660
2675
2689
2697
2704
2719
2733
2740
2748
2756
2764
2772
2778
2785
2794
2799
2807
2815
2823
2837
2844
2853
2867
2874
2882
2897
2911
2926
2941
2956
2970
2985
3001
3015
3030
3045
3060
3075
3081
3089
3097
3104
3111
3119
3134
3140
3149
3163
3170
3178
3193
3199
3207
3222
3229
3237
3245
3252
3267
3281
3296
3311
3325
3341
3355
3370
3377
3385
3393
3399
3407
3416
3422
3430
3436
3444
3458
3466
3474
3489
3495
3504
3518
3533
3548
3554
3562
3577
3593
3607
3622
3629
3636
3652
3666
3681
3696
3704
3711
3719
3725
3732
3740
3748
3754
3762
3771
3778
3784
3791
3799
3813
3821
3829
3844
3858
3873
3888
3903
3917
3925
3932
3947
3962
3969
3977
3991
4007
4021
4029
4036
4051
4058
4066
4073
4080
4087
4095
4103
4110
4117
4125
4139
4146
4154
4169
4176
4184
4189
4198
4213
4228
4257
4272
4287
4303
4316
4331
4346
4354
4362
4370
4375
4383
4392
4397
4406
4421
4435
4442
4450
4465
4472
4480
4485
4494
4509
4516
4524
4539
4553
4569
4576
4583
4599
4612
4628
4642
4650
4658
4666
4671
4679
4687
4695
4701
4709
4718
4724
4731
4738
4746
4761
4768
4776
4790
4805
4820
4835
4849
4864
4872
4879
4895
4908
4924
4938
4946
4954
4967
4983
4991
4997
5005
5013
5017
5020
5026
5034
5043
5057
5064
5072
5086
5093
5101
5116
5123
5131
5136
5145
5160
5175
5190
5204
5220
5226
5234
5249
5263
5270
5278
5293
5301
5309
5313
5316
5322
5330
5338
5347
5352
5360
5368
5381
5389
5398
5405
5412
5419
5428
5441
5456
5471
5486
5500
5515
5523
5530
5545
5559
5574
5589
5596
5604
5609
5618
5626
5634
5648
5656
5664
5668
5671
5677
5693
5708
5715
5723
5737
5744
5752
5767
5782
5796
5811
5819
5826
5841
5855
5870
5877
5885
5893
5900
5914
5921
5923
5930
5944
5953
5960
5964
5967
5973
5981
5989
5997
6003
6020
6033
6040
6048
6063
6070
6072
6079
6092
6107
6122
6137
6151
6166
6181
6196
6210
6218
6225
6240
6247
6255
6263
6269
6278
6285
6293
6299
6307
6314
6328
6345
6359
6366
6374
6388
6403
6418
6433
6447
6462
6470
6477
6492
6506
6522
6536
6544
6551
6559
6565
6573
6581
6589
6595
6604
6610
6615
6624
6640
6655
6662
6671
6684
6691
6699
6714
6721
6729
6734
6743
6759
6773
6788
6795
6802
6818
6832
6840
6847
6861
6868
6870
6876
6891
6900
6907
6915
6920
6928
6936
6942
6944
6950
6958
6967
6980
6987
6995
7010
7017
7026
7039
7046
7054
7069
7084
7098
7113
7128
7138
7143
7157
7172
7187
7194
7202
7216
7225
7232
7240
7246
7254
7263
7267
7275
7283
7291
7306
7313
7322
7335
7342
7350
7365
7372
7380
7386
7394
7409
7424
7439
7453
7469
7483
7490
7498
7512
7521
7528
7542
7558
7565
7571
7579
7588
7602
7609
7618
7631
7638
7647
7661
7668
7677
7690
7705
7720
7735
7749
7764
7779
7787
7794
7808
7816
7824
7838
7853
7861
7867
7876
7883
7891
7897
7905
7913
7926
7934
7942
7957
7964
7973
7979
7986
7993
8002
8016
8031
8045
8060
8075
8090
8096
8104
8120
8134
8142
8149
8155
8163
8172
8179
8185
8187
8194
8201
8208
8216
8223
8229
8238
8246
8253
8267
8275
8282
8297
8312
8327
8334
8341
8357
8371
8379
8386
8392
8400
8416
8430
8445
8460
8468
8475
8483
8490
8497
8504
8510
8519
8525
8534
8542
8549
8555
8563
8571
8578
8593
8608
8623
8637
8646
8653
8660
8667
8682
8696
8712
8718
8726
8741
8747
8756
8771
8786
8793
8800
8807
8815
8823
8830
8838
8845
8852
8859
8867
8874
8880
8889
8897
8904
8918
8933
8942
8949
8956
8963
8978
8985
8992
9008
9014
9022
9037
9051
9059
9067
9073
9081
9089
9096
9111
9119
9126
9141
9148
9155
9163
9170
9176
9185
9193
9200
9214
9229
9238
9244
9259
9267
9274
9288
9304
9318
9333
9347
9354
9363
9369
9377
9392
9407
9415
9422
9429
9437
9444
9451
9459
9466
9473
9481
9489
9496
9501
9510
9525
9540
9555
9569
9584
9600
9614
9629
9643
9650
9659
9665
9667
9673
9688
9702
9710
9718
9732
9740
9747
9755
9762
9770
9777
9785
9792
9799
9806
9814
9821
9830
9836
9851
9865
9873
9880
9896
9903
9910
9925
9939
9955
9961
9969
9977
9984
9990
9998
10006
10014
10029
10036
10043
10058
10066
10073
10088
10095
10102
10110
10117
10132
10147
10161
10176
10191
10206
10221
10227
10235
10251
10265
10273
10280
10286
10294
10301
10310
10316
10324
10332
10339
10345
10353
10362
10369
10377
10383
10391
10398
10406
10413
10419
10428
10443
10457
10472
10488
10502
10510
10516
10525
10531
10547
10561
10576
10582
10590
10597
10606
10620
10635
10641
10649
10658
10665
10679
10687
10694
10702
10709
10717
10724
10739
10753
10768
10783
10798
10806
10812
10821
10827
10843
10850
10857
10872
10886
10893
10902
10908
10916
10931
10937
10945
10953
10961
10975
10983
10990
11005
11011
11013
11020
11034
11040
11049
11064
11079
11094
11108
11123
11138
11153
11168
11182
11189
11198
11204
11212
11227
11233
11241
11249
11257
11271
11278
11286
11294
11301
11308
11316
11324
11330
11339
11345
11360
11369
11375
11389
11419
11435
11449
11464
11470
11478
11485
11494
11508
11523
11529
11537
11553
11567
11574
11582
11590
11597
11603
11612
11620
11626
11633
11641
11649
11656
11671
11686
11694
11701
11708
11715
11730
11745
11760
11774
11781
11790
11796
11804
11810
11819
11825
11833
11849
11863
11871
11878
11885
11893
11900
11908
11916
11922
11928
11937
11945
11952
11958
11967
11975
11981
11996
12004
12011
12027
12034
12040
12056
12070
12086
12092
12099
12115
12129
12137
12145
12151
12154
12159
12167
12174
12182
12189
12197
12204
12218
12224
12233
12241
12248
12254
12263
12277
12292
12307
12316
12322
12337
12345
12352
12366
12382
12388
12395
12411
12417
12425
12433
12441
12450
12455
12470
12478
12484
12493
12500
12506
12514
12520
12529
12537
12544
12550
12559
12574
12579
12582
12588
12596
12603
12610
12618
12632
12648
12655
12662
12678
12691
12707
12721
12728
12737
12743
12746
12751
12766
12781
12789
12796
12803
12810
12818
12825
12833
12840
12846
12855
12869
12876
12884
12892
12899
12914
12928
12937
12943
12958
12974
12987
13003
13017
13024
13033
13046
13053
13062
13076
13085
13092
13101
13106
13114
13121
13129
13136
13142
13151
13158
13165
13172
13180
13188
13195
13210
13224
13233
13239
13254
13270
13283
13299
13313
13329
13343
13350
13358
13372
13379
13388
13402
13410
13417
13425
13431
13438
13440
13447
13454
13461
13467
13476
13484
13491
13498
13506
13511
13520
13535
13543
13550
13559
13566
13579
13594
13609
13625
13638
13645
13654
13668
13684
13693
13697
13705
13713
13719
13727
13736
13743
13750
13757
13764
13772
13780
13786
13794
13802
13816
13823
13831
13846
13861
13869
13875
13882
13884
13890
13905
13921
13934
13942
13949
13956
13964
13973
13980
13993
14000
14009
14015
14023
14032
14039
14046
14053
14060
14068
14082
14089
14098
14102
14112
14119
14127
14142
14157
14171
14178
14187
14201
14216
14230
14245
14260
14275
14289
14304
14319
14328
14335
14344
14348
14356
14364
14372
14378
14387
14394
14401
14408
14415
14423
14431
14438
14445
14453
14458
14467
14482
14490
14497
14504
14512
14517
14526
14541
14556
14571
14585
14601
14615
14631
14640
14644
14653
14660
14666
14669
14674
14683
14690
14697
14703
14711
14719
14727
14733
14741
14749
14757
14763
14770
14778
14793
14808
14822
14829
14838
14845
14852
14867
14881
14897
14903
14911
14926
14940
14956
14962
14971
14979
14985
14993
14999
15006
15015
15023
15030
15044
15059
15066
15074
15089
15104
15118
15125
15133
15148
15163
15177
15192
15207
15222
15236
15252
15266
15274
15282
15290
15295
15303
15311
15319
15325
15340
15345
15348
15355
15362
15370
15378
15385
15392
15400
15405
15414
15421
15423
15429
15437
15444
15453
15459
15473
15488
15503
15518
15532
15547
15562
15570
15577
15591
15600
15607
15616
15621
15630
15636
15641
15644
15650
15658
15666
15674
15680
15688
15696
15710
15717
15725
15740
15747
15749
15755
15760
15769
15784
15799
15814
15828
15843
15858
15873
15887
15895
15903
15909
15917
15924
15932
15940
15946
15962
15970
15976
15984
15992
15999
16006
16021
16036
16043
16051
16065
16072
16074
16081
16095
16110
16124
16139
16147
16154
16169
16183
16199
16213
16221
16228
16242
16251
16258
16266
16272
16280
16287
16292
16295
16301
16317
16331
16339
16347
16361
16368
16377
16391
16406
16420
16436
16450
16465
16479
16495
16501
16509
16517
16524
16538
16545
16554
16560
16562
16568
16577
16583
16588
16591
16597
16605
16613
16628
16644
16657
16664
16672
16687
16694
16702
16716
16731
16746
16761
16768
16775
16791
16805
16820
16834
16843
16849
16864
16880
16887
16893
16901
16909
16917
16923
16931
16939
16953
16960
16968
16983
16990
16999
17012
17019
17027
17042
17057
17071
17086
17094
17101
17116
17130
17145
17160
17167
17175
17189
17205
17213
17219
17227
17235
17242
17248
17256
17265
17272
17279
17286
17294
17308
17315
17323
17338
17345
17354
17367
17382
17397
17413
17426
17442
17456
17471
17485
17501
17515
17523
17531
17538
17544
17552
17560
17574
17590
17603
17611
17619
17634
17649
17663
17678
17693
17708
17722
17738
17745
17753
17768
17782
17796
17812
17819
17821
17826
17840
17848
17857
17864
17871
17878
17886
17892
17900
17907
17915
17930
17936
17945
17959
17966
17975
17989
18004
18018
18033
18048
18063
18078
18092
18099
18108
18115
18122
18136
18152
18166
18174
18181
18189
18195
18203
18211
18225
18233
18240
18255
18262
18270
18285
18300
18314
18321
18329
18344
18358
18373
18388
18404
18413
18418
18433
18448
18463
18470
18477
18492
18499
18508
18515
18522
18529
18537
18551
18558
18566
18580
18587
18595
18610
18625
18640
18654
18669
18684
18699
18710
18713
18721
18729
18744
18759
18766
18773
18788
18795
18804
18817
18825
18832
18839
18847
18854
18863
18877
18883
18891
18897
18905
18913
18921
18936
18950
18965
18972
18981
18995
19009
19024
19039
19047
19055
19069
19084
19099
19113
19121
19129
19142
19150
19158
19166
19173
19180
19187
19201
19209
19217
19231
19238
19246
19261
19276
19291
19305
19320
19335
19351
19365
19380
19394
19410
19423
19438
19447
19454
19468
19476
19484
19491
19498
19505
19513
19528
19534
19543
19557
19564
19572
19587
19601
19616
19631
19646
19661
19676
19690
19705
19713
19719
19734
19749
19756
19764
19772
19779
19787
19793
19801
19809
19815
19817
19824
19830
19839
19853
19860
19868
19882
19889
19897
19912
19927
19942
19956
19971
19987
19994
20001
20016
20030
20045
20060
20068
20075
20089
20097
20105
20113
20119
20127
20134
20140
20148
20156
20165
20178
20185
20194
20208
20215
20223
20238
20252
20267
20282
20297
20312
20319
20326
20341
20356
20364
20370
20385
20394
20401
20409
20415
20423
20431
20445
20460
20474
20481
20489
20504
20511
20519
20534
20548
20563
20570
20578
20586
20593
20607
20622
20638
20645
20652
20666
20681
20690
20696
20711
20718
20726
20734
20740
20748
20756
20770
20777
20786
20800
20807
20815
20830
20836
20844
20859
20874
20889
20903
20918
20934
20948
20963
20978
20992
21007
21021
21036
21045
21052
21066
21073
21081
21095
21103
21111
21125
21132
21140
21155
21162
21170
21184
21191
21199
21214
21229
21244
21258
21266
21273
21289
21303
21310
21318
21332
21339
21348
21362
21370
21377
21391
21399
21408
21413
21415
21422
21428
21436
21451
21458
21467
21481
21487
21495
21510
21517
21525
21532
21540
21555
21569
21585
21599
21613
21620
21628
21636
21643
21658
21673
21681
21687
21695
21703
21712
21717
21724
21733
21740
21747
21762
21777
21783
21791
21806
21821
21836
21842
21850
21865
21880
21895
21910
21924
21939
21946
21954
21961
21968
21983
21990
21999
22006
22013
22020
22028
22036
22042
22059
22072
22079
22087
22101
22109
22117
22132
22138
22146
22161
22168
22176
22191
22206
22213
22220
22236
22250
22265
22279
22288
22294
22309
22324
22332
22338
22346
22354
22362
22368
22375
22384
22391
22398
22405
22413
22427
22434
22442
22457
22464
22466
22472
22487
22501
22516
22531
22546
22561
22575
22590
22605
22619
22634
22643
22650
22658
22664
22671
22679
22687
22693
22701
22709
22723
22730
22739
22753
22760
22768
22783
22789
22797
22812
22827
22842
22856
22871
22886
22901
22916
22930
22939
22946
22954
22960
22967
22975
22983
22989
22997
23005
23012
23019
23026
23034
23042
23049
23056
23064
23078
23087
23093
23108
23115
23123
23137
23153
23167
23182
23196
23211
23218
23226
23234
23242
23251
23255
23264
23271
23279
23285
23294
23301
23308
23314
23321
23330
23338
23345
23352
23360
23374
23383
23389
23397
23404
23413
23419
23424
23433
23449
23463
23479
23492
23508
23522
23529
23538
23547
23551
23567
23573
23582
23589
23597
23601
23604
23611
23619
23626
23634
23641
23648
23656
23670
23676
23685
23693
23700
23715
23720
23729
23745
23759
23775
23788
23804
23810
23818
23834
23847
23863
23869
23871
23877
23886
23893
23901
23907
23915
23922
23930
23937
23945
23952
23966
23972
23981
23996
24011
24025
24034
24040
24055
24071
24075
24084
24100
24114
24130
24143
24150
24159
24165
24173
24180
24189
24202
24211
24218
24226
24233
24240
24248
24252
24262
24270
24277
24285
24292
24298
24301
24307
24312
24321
24330
24336
24351
24366
24371
24380
24396
24410
24425
24439
24446
24455
24463
24469
24476
24484
24498
24507
24514
24520
24523
24528
24536
24544
24548
24552
24557
24566
24573
24581
24588
24594
24603
24607
24616
24632
24647
24662
24667
24676
24692
24699
24706
24721
24728
24735
24751
24765
24772
24780
24795
24801
24810
24816
24824
24832
24840
24844
24853
24862
24869
24877
24884
24891
24899
24903
24913
24919
24928
24943
24952
24958
24963
24972
24987
25002
25017
25031
25047
25054
25061
25068
25076
25083
25091
25098
25106
25120
25128
25136
25140
25149
25158
25165
25173
25180
25195
25209
25215
25218
25224
25239
25254
25259
25268
25283
25298
25313
25318
25327
25343
25357
25372
25386
25393
25402
25408
25416
25424
25431
25446
25453
25461
25469
25476
25484
25491
25498
25505
25511
25520
25535
25550
25555
25564
25580
25594
25603
25609
25623
25639
25645
25653
25668
25682
25689
25698
25704
25712
25720
25728
25741
25750
25757
25765
25772
25780
25787
25794
25801
25807
25809
25816
25824
25831
25846
25860
25869
25875
25883
25890
25905
25910
25912
25919
25935
25942
25949
25964
25978
25985
25994
26000
26008
26015
26023
26028
26037
26046
26053
26067
26076
26083
26090
26097
26105
26112
26120
26127
26133
26142
26156
26171
26186
26201
26215
26231
26245
26260
26274
26281
26290
26298
26304
26311
26319
26325
26327
26333
26341
26349
26364
26378
26386
26393
26401
26408
26423
26429
26438
26445
26452
26467
26482
26497
26504
26511
26527
26541
26556
26563
26570
26586
26600
26607
26615
26621
26629
26637
26645
26651
26659
26667
26674
26682
26689
26697
26704
26712
26719
26726
26733
26741
26748
26763
26778
26793
26807
26822
26837
26845
26852
26866
26873
26882
26896
26903
26911
26917
26925
26941
26947
26955
26963
26970
26976
26985
26993
27000
27015
27022
27029
27037
27044
27050
27059
27067
27074
27089
27103
27112
27119
27133
27148
27162
27178
27184
27192
27207
27213
27221
27229
27237
27243
27251
27259
27266
27280
27289
27296
27304
27311
27318
27325
27333
27340
27346
27348
27355
27363
27370
27376
27385
27392
27399
27408
27415
27429
27444
27451
27458
27474
27488
27496
27503
27517
27524
27533
27547
27555
27562
27568
27576
27584
27592
27600
27607
27614
27621
27629
27636
27642
27651
27659
27666
27672
27680
27688
27695
27704
27710
27718
27725
27740
27754
27770
27784
27799
27805
27813
27829
27835
27843
27851
27858
27872
27881
27888
27896
27903
27908
27910
27917
27931
27938
27947
27955
27962
27969
27976
27984
27991
28006
28014
28021
28035
28043
28049
28065
28073
28080
28095
28109
28125
28131
28139
28154
28168
28184
28190
28199
28206
28213
28221
28228
28235
28243
28251
28258
28263
28265
28272
28280
28287
28293
28296
28302
28317
28325
28331
28339
28346
28355
28362
28369
28376
28391
28405
28421
28435
28443
28450
28464
28480
28486
28494
28502
28509
28517
28523
28531
28539
28547
28553
28561
28568
28576
28583
28598
28606
28613
28619
28627
28642
28657
28672
28686
28701
28717
28731
28739
28745
28752
28760
28768
28776
28790
28805
28811
28819
28828
28835
28843
28849
28855
28857
28864
28872
28878
28894
28902
28909
28915
28923
28937
28953
28961
28968
28982
28997
29013
29027
29041
29056
29064
29071
29086
29101
29115
29124
29131
29137
29145
29151
29153
29160
29168
29174
29183
29190
29196
29198
29204
29211
29219
29227
29233
29241
29249
29263
29272
29278
29286
29293
29300
29308
29322
29337
29352
29367
29375
29382
29390
29396
29403
29411
29427
29441
29449
29456
29470
29479
29486
29494
29500
29508
29515
29523
29529
29537
29545
29560
29566
29574
29589
29596
29604
29619
29633
29648
29663
29678
29692
29707
29722
29737
29745
29752
29766
29774
29782
29790
29796
29804
29811
29819
29825
29833
29841
29855
29862
29871
29885
29892
29900
29915
29929
29944
29959
29974
29988
29996
30003
30019
30033
30047
30062
30069
30078
30086
30092
30100
30107
30121
30129
30137
30143
30151
30158
30166
30181
30188
30196
30211
30219
30226
30240
30247
30255
30270
30284
30299
30315
30329
30344
30350
30358
30373
30388
30403
30417
30426
30433
30440
30447
30454
30462
30470
30476
30484
30492
30507
30513
30521
30536
30543
30545
30551
30566
30581
30596
30610
30625
30639
30647
30654
30670
30684
30692
30698
30713
30729
30737
30743
30750
30758
30766
30772
30780
30788
30796
30802
30809
30818
30832
30839
30847
30862
30868
30876
30891
30906
30921
30935
30943
30950
30965
30980
30995
31009
31016
31024
31039
31047
31054
31068
31076
31084
31091
31093
31098
31105
31114
31127
31135
31143
31158
31164
31173
31187
31194
31202
31217
31223
31231
31246
31261
31276
31291
31305
31320
31335
31350
31364
31373
31380
31388
31394
31401
31410
31417
31423
31431
31440
31453
31460
31468
31483
31490
31498
31513
31527
31542
31549
31557
31572
31587
31594
31601
31616
31631
31639
31645
31660
31668
31676
31690
31697
31705
31719
31727
31735
31749
31756
31764
31772
31779
31786
31794
31809
31815
31824
31838
31853
31868
31882
31897
31913
31927
31942
31957
31965
31971
31986
31993
32001
32009
32016
32023
32032
32038
32046
32052
32061
32075
32082
32090
32105
32111
32119
32134
32141
32150
32164
32170
32178
32193
32208
32223
32237
32245
32253
32267
32282
32297
32312
32319
32328
32341
32348
32356
32364
32371
32378
32386
32400
32407
32415
32429
32437
32445
32450
32459
32474
32489
32496
32504
32515
32518
32533
32548
32564
32578
32592
32607
32637
32645
32652
32667
32674
32683
32689
32696
32703
32712
32725
32742
32746
32755
32762
32771
32785
32800
32805
32814
32829
32844
32859
32874
32889
32904
32918
32932
32941
32948
32962
32971
32978
32986
32991
32999
33007
33013
33021
33029
33038
33051
33058
33067
33081
33088
33096
33101
33110
33125
33140
33155
33169
33185
33192
33199
33214
33228
33236
33243
33258
33274
33281
33287
33295
33303
33311
33317
33325
33333
33339
33346
33354
33362
33370
33376
33384
33392
33397
33406
33413
33422
33436
33443
33451
33459
33465
33480
33488
33495
33511
33525
33540
33555
33563
33569
33583
33598
33613
33621
33629
33636
33638
33643
33650
33658
33664
33672
33680
33688
33702
33709
33717
33732
33739
33747
33752
33761
33768
33777
33791
33807
33820
33835
33850
33866
33880
33895
33910
33925
33939
33946
33954
33962
33969
33976
33984
33998
34005
34014
34019
34027
34035
34043
34048
34057
34072
34087
34094
34101
34103
34116
34131
34146
34161
34176
34191
34206
34214
34221
34235
34251
34264
34272
34280
34287
34294
34301
34309
34324
34331
34340
34344
34352
34360
34368
34383
34390
34398
34403
34412
34427
34442
34457
34471
34487
34502
34516
34530
34546
34560
34575
34583
34589
34597
34605
34613
34619
34627
34635
34649
34656
34664
34679
34686
34695
34699
34708
34715
34723
34738
34753
34767
34782
34790
34797
34812
34826
34841
34848
34856
34871
34879
34885
34893
34901
34915
34923
34931
34938
34944
34952
34960
34975
34982
34990
35004
35011
35019
35034
35050
35063
35078
35093
35108
35115
35122
35138
35152
35159
35167
35181
35196
35205
35211
35220
35227
35240
35248
35256
35262
35264
35271
35278
35287
35300
35307
35315
35330
35337
35346
35350
35359
35366
35374
35389
35404
35418
35434
35448
35463
35469
35477
35484
35492
35507
35522
35530
35536
35544
35552
35566
35574
35583
35589
35596
35603
35611
35626
35633
35641
35655
35662
35670
35685
35692
35700
35714
35729
35744
35759
35773
35789
35795
35803
35818
35832
35841
35848
35856
35862
35870
35878
35885
35891
35899
35908
35915
35922
35929
35937
35951
35958
35966
35981
35997
36010
36025
36040
36055
36062
36069
36085
36099
36114
36128
36144
36150
36158
36166
36173
36179
36182
36187
36195
36204
36211
36217
36225
36232
36247
36254
36263
36277
36284
36293
36306
36321
36336
36351
36365
36380
36388
36395
36410
36424
36432
36439
36454
36470
36475
36477
36483
36491
36498
36507
36513
36521
36528
36542
36550
36559
36573
36589
36602
36609
36617
36632
36647
36653
36661
36676
36691
36706
36720
36736
36742
36750
36758
36765
36779
36786
36795
36803
36809
36817
36824
36832
36838
36846
36854
36860
36862
36868
36875
36884
36898
36905
36913
36928
36934
36943
36957
36964
36972
36987
37002
37016
37031
37046
37054
37061
37075
37083
37090
37105
37113
37120
37134
37143
37150
37158
37164
37172
37179
37193
37209
37224
37231
37238
37253
37260
37268
37276
37283
37297
37305
37312
37327
37342
37356
37371
37387
37401
37409
37416
37422
37430
37438
37446
37454
37460
37466
37468
37475
37483
37489
37505
37520
37526
37534
37549
37564
37579
37593
37608
37623
37638
37652
37667
37682
37697
37705
37712
37726
37735
37742
37748
37750
37756
37764
37771
37777
37779
37786
37794
37801
37815
37822
37830
37838
37845
37852
37860
37868
37875
37889
37897
37904
37913
37920
37934
37949
37963
37979
37985
37993
38001
38008
38022
38030
38038
38044
38052
38060
38067
38075
38082
38090
38097
38105
38112
38117
38119
38126
38134
38141
38148
38156
38171
38185
38200
38209
38216
38230
38245
38252
38259
38275
38281
38289
38297
38304
38310
38318
38325
38334
38348
38356
38363
38371
38378
38386
38393
38400
38408
38415
38422
38430
38437
38443
38445
38452
38460
38467
38473
38481
38489
38496
38511
38526
38541
38555
38571
38585
38600
38608
38614
38622
38630
38636
38644
38652
38659
38673
38682
38689
38695
38703
38711
38718
38733
38740
38748
38756
38763
38768
38770
38777
38785
38792
38807
38822
38830
38836
38851
38867
38874
38881
38896
38910
38926
38940
38955
38961
38969
38985
38991
38999
39007
39014
39029
39037
39044
39058
39064
39066
39073
39088
39094
39103
39117
39132
39147
39162
39177
39192
39206
39222
39236
39251
39265
39273
39281
39287
39295
39303
39310
39316
39325
39333
39340
39348
39354
39362
39369
39377
39384
39390
39399
39413
39429
39443
39452
39458
39473
39487
39495
39502
39518
39525
39532
39547
39561
39568
39577
39591
39606
39612
39614
39620
39627
39636
39644
39650
39658
39665
39673
39680
39686
39695
39710
39715
39718
39724
39739
39748
39754
39769
39784
39798
39814
39821
39828
39843
39857
39864
39873
39879
39887
39902
39908
39916
39925
39932
39946
39954
39961
39969
39976
39984
39991
40005
40014
40020
40035
40050
40065
40073
40080
40088
40094
40110
40124
40139
40153
40160
40169
40175
40178
40183
40190
40198
40204
40212
40221
40228
40236
40242
40250
40257
40265
40272
40278
40280
40287
40295
40301
40307
40310
40316
40331
40346
40361
40369
40376
40390
40406
40420
40435
40449
40456
40465
40474
40479
40485
40494
40500
40508
40516
40524
40538
40546
40553
40568
40574
40576
40583
40591
40597
40604
40612
40620
40627
40642
40657
40665
40671
40679
40686
40702
40715
40731
40737
40745
40761
40770
40775
40781
40790
40796
40804
40820
40829
40834
40842
40849
40857
40864
40870
40879
40893
40899
40908
40923
40932
40938
40952
40961
40967
40982
40998
41012
41027
41041
41057
41071
41077
41086
41092
41100
41108
41116
41125
41130
41137
41145
41153
41160
41167
41175
41189
41197
41204
41212
41219
41225
41234
41249
41263
41278
41287
41294
41308
41323
41337
41353
41367
41373
41382
41396
41412
41418
41421
41426
41441
41456
41464
41471
41478
41485
41492
41500
41508
41515
41521
41530
41544
41559
41574
41583
41589
41603
41619
41633
41649
41663
41678
41692
41699
41708
41716
41722
41729
41737
41752
41760
41767
41774
41781
41789
41796
41804
41811
41817
41826
41833
41840
41846
41855
41863
41870
41885
41899
41908
41915
41929
41945
41958
41965
41974
41980
41988
42004
42013
42017
42025
42033
42039
42047
42056
42063
42069
42077
42085
42092
42100
42107
42113
42122
42136
42142
42151
42159
42166
42181
42195
42211
42225
42234
42241
42245
42254
42270
42276
42284
42300
42313
42321
42329
42335
42343
42359
42367
42373
42381
42388
42403
42409
42418
42425
42432
42438
42447
42455
42462
42468
42477
42491
42498
42500
42506
42514
42521
42537
42550
42566
42580
42596
42609
42616
42625
42631
42639
42655
42664
42668
42677
42684
42690
42692
42699
42707
42714
42718
42721
42728
42734
42743
42751
42758
42764
42773
42778
42787
42796
42802
42810
42817
42826
42832
42837
42846
42853
42862
42876
42892
42905
42921
42935
42942
42951
42964
42972
42980
42986
42988
42994
43002
43010
43017
43024
43030
43039
43047
43054
43061
43069
43083
43098
43106
43113
43122
43128
43133
43142
43151
43157
43172
43187
43201
43217
43223
43231
43239
43246
43260
43268
43276
43282
43290
43299
43305
43314
43320
43328
43335
43343
43350
43356
43364
43379
43394
43399
43409
43418
43424
43438
43453
43461
43468
43475
43483
43497
43513
43527
43542
43556
43572
43578
43586
43594
43601
43609
43615
43624
43631
43637
43639
43646
43652
43660
43675
43681
43690
43705
43720
43725
43734
43743
43749
43764
43773
43779
43793
43809
43823
43838
43852
43859
43868
43882
43891
43897
43911
43920
43927
43935
43941
43949
43956
43964
43971
43986
43994
44001
44008
44015
44021
44030
44045
44053
44060
44067
44075
44089
44104
44119
44134
44148
44164
44178
44193
44207
44215
44223
44231
44237
44246
44252
44260
44267
44274
44282
44290
44297
44304
44311
44319
44326
44333
44341
44356
44371
44378
44385
44392
44401
44415
44430
44444
44459
44474
44483
44489
44503
44519
44525
44533
44541
44548
44556
44562
44571
44578
44586
44592
44600
44608
44622
44637
44652
44666
44674
44681
44688
44696
44711
44726
44740
44755
44770
44778
44785
44791
44799
44815
44821
44829
44837
44844
44850
44852
44858
44867
44874
44882
44888
44897
44903
44909
44911
44917
44933
44948
44955
44964
44977
44984
44992
45007
45022
45036
45051
45066
45081
45095
45111
45117
45125
45133
45140
45154
45161
45170
45184
45192
45199
45207
45213
45221
45229
45237
45243
45251
45258
45273
45280
45289
45303
45310
45318
45332
45347
45362
45377
45391
45406
45421
45429
45437
45442
45450
45458
45466
45472
45480
45487
45495
45503
45509
45517
45525
45533
45539
45547
45555
45562
45568
45585
45599
45606
45614
45628
45635
45643
45658
45673
45688
45703
45710
45717
45732
45739
45746
45762
45768
45776
45784
45791
45797
45805
45821
45829
45835
45843
45851
45856
45864
45880
45895
45910
45924
45939
45954
45969
45983
45999
46013
46028
46035
46042
46057
46064
46072
46080
46087
46101
46110
46117
46131
46139
46146
46153
46155
46160
46168
46176
46184
46190
46198
46206
46220
46227
46235
46250
46256
46265
46279
46286
46294
46309
46324
46338
46354
46368
46376
46383
46397
46405
46413
46419
46427
46435
46442
46450
46456
46465
46472
46480
46486
46493
46501
46516
46531
46546
46552
46560
46575
46584
46590
46605
46619
46634
46650
46664
46678
46693
46708
46723
46731
46738
46744
46752
46760
46768
46776
46782
46790
46797
46803
46805
46811
46827
46842
46848
46856
46871
46878
46886
46901
46915
46930
46946
46960
46974
46989
47004
47019
47027
47034
47048
47055
47057
47064
47072
47078
47086
47093
47101
47107
47115
47123
47138
47144
47152
47167
47174
47182
47197
47211
47226
47233
47241
47256
47270
47285
47300
47315
47323
47329
47344
47351
47360
47374
47382
47389
47403
47412
47419
47427
47433
47441
47448
47456
47462
47479
47493
47499
47507
47522
47537
47552
47566
47581
47596
47604
47611
47626
47632
47640
47656
47670
47678
47684
47699
47708
47715
47721
47729
47737
47744
47752
47758
47766
47774
47789
47795
47803
47818
47825
47833
47848
47862
47877
47892
47907
47921
47936
47951
47959
47966
47974
47981
47995
48002
48004
48011
48025
48033
48040
48048
48054
48062
48070
48076
48078
48084
48091
48100
48114
48121
48129
48144
48150
48158
48173
48180
48188
48203
48217
48232
48247
48262
48270
48277
48291
48298
48306
48321
48329
48336
48344
48350
48358
48366
48374
48380
48387
48395
48409
48425
48440
48446
48454
48469
48476
48484
48499
48513
48528
48543
48558
48572
48587
48602
48609
48617
48625
48632
48638
48646
48654
48662
48670
48676
48684
48691
48697
48699
48705
48713
48721
48735
48742
48751
48758
48765
48772
48780
48795
48809
48824
48840
48854
48868
48876
48883
48899
48913
48927
48934
48942
48949
48957
48972
48987
48996
49001
49009
49017
49023
49031
49038
49046
49060
49068
49076
49090
49105
49120
49127
49135
49150
49164
49179
49194
49209
49224
49238
49246
49254
49268
49283
49297
49305
49313
49321
49328
49334
49343
49348
49356
49364
49372
49387
49393
49402
49416
49423
49431
49446
49460
49475
49490
49498
49505
49520
49534
49549
49564
49572
49579
49593
49608
49617
49623
49630
49638
49653
49660
49668
49683
49689
49697
49712
49719
49727
49742
49756
49771
49778
49786
49801
49815
49830
49846
49853
49860
49875
49889
49904
49919
49934
49948
49957
49964
49971
49978
49985
49994
50008
50015
50023
50038
50044
50052
50067
50083
50097
50111
50126
50141
50156
50171
50177
50185
50200
50215
50221
50229
50232
50240
50243
50253
50260
50268
50274
50281
50289
50297
50304
50311
50319
50333
50340
50349
50363
50370
50378
50393
50399
50401
50407
50414
50422
50437
50452
50466
50474
50481
50496
50511
50525
50540
50556
50564
50570
50578
50585
50593
50599
50607
50615
50621
50629
50645
50659
50666
50674
50689
50703
50718
50733
50748
50762
50777
50792
50807
50822
50836
50844
50852
50866
50881
50889
50895
50903
50911
50918
50925
50932
50940
50954
50962
50971
50984
50991
50999
51014
51021
51029
51044
51058
51073
51088
51103
51118
51132
51148
51162
51168
51176
51191
51207
51214
51221
51228
51236
51244
51250
51258
51266
51280
51287
51296
51310
51317
51325
51339
51346
51354
51369
51384
51398
51414
51421
51428
51444
51457
51472
51487
51502
51516
51532
51546
51554
51563
51569
51576
51583
51592
51605
51613
51622
51635
51642
51651
51665
51672
51680
51688
51694
51709
51724
51739
51753
51769
51775
51783
51812
51828
51842
51850
51858
51862
51865
51871
51879
51888
51902
51909
51917
51931
51938
51946
51961
51968
51976
51981
51990
52005
52020
52035
52049
52065
52079
52094
52108
52117
52124
52138
52146
52154
52162
52167
52175
52183
52191
52197
52205
52214
52219
52227
52234
52242
52257
52264
52272
52286
52293
52301
52316
52323
52331
52345
52360
52368
52375
52391
52404
52419
52434
52443
52449
52463
52478
52487
52493
52501
52509
52516
52518
52522
52530
52538
52546
52553
52560
52569
52582
52589
52597
52612
52619
52627
52635
52641
52656
52671
52686
52700
52715
52722
52730
52739
52745
52759
52767
52775
52789
52796
52798
52804
52812
52819
52827
52834
52842
52848
52856
52864
52878
52885
52893
52898
52908
52915
52923
52937
52944
52946
52952
52967
52982
52996
53011
53019
53026
53041
53055
53071
53085
53094
53100
53105
53114
53123
53130
53138
53145
53153
53159
53167
53174
53180
53189
53197
53204
53218
53224
53233
53248
53263
53278
53292
53308
53322
53337
53351
53358
53367
53373
53381
53389
53397
53410
53419
53426
53434
53441
53449
53455
53463
53470
53476
53485
53493
53500
53507
53514
53529
53544
53552
53559
53574
53579
53588
53604
53618
53633
53647
53663
53669
53677
53684
53692
53706
53713
53722
53728
53737
53745
53751
53759
53766
53772
53774
53781
53789
53796
53802
53810
53815
53818
53825
53831
53840
53848
53855
53870
53877
53884
53900
53914
53929
53943
53959
53965
53973
53988
54002
54018
54024
54033
54041
54047
54062
54070
54077
54092
54098
54106
54114
54121
54127
54136
54144
54151
54166
54173
54180
54189
54196
54210
54225
54230
54239
54255
54269
54284
54298
54305
54314
54320
54328
54336
54343
54358
54366
54373
54381
54388
54396
54402
54410
54417
54423
54432
54447
54453
54462
54469
54476
54491
54506
54521
54535
54551
54565
54580
54586
54594
54601
54610
54624
54639
54645
54653
54662
54669
54678
54684
54698
54706
54713
54720
54728
54736
54743
54749
54757
54765
54772
54787
54802
54817
54831
54846
54861
54876
54890
54906
54920
54930
54935
54941
54949
54956
54965
54971
54979
54987
54995
55009
55017
55024
55032
55039
55046
55054
55068
55083
55098
55113
55120
55127
55142
55157
55165
55172
55186
55202
55208
55216
55224
55231
55245
55253
55261
55267
55276
55283
55285
55290
55305
55313
55320
55335
55342
55350
55357
55364
55370
55373
55379
55394
55400
55409
55423
55432
55439
55453
55461
55468
55482
55498
55506
55512
55520
55527
55541
55548
55557
55563
55571
55579
55586
55601
55609
55616
55624
55631
55638
55645
55653
55660
55666
55675
55683
55690
55705
55719
55734
55742
55749
55757
55764
55771
55778
55794
55800
55808
55823
55829
55837
55844
55853
55859
55867
55882
55896
55905
55912
55927
55934
55941
55956
55962
55971
55979
55986
56000
56015
56024
56030
56038
56045
56060
56074
56090
56097
56104
56119
56133
56149
56163
56171
56178
56192
56201
56208
56223
56230
56237
56245
56252
56258
56267
56275
56282
56296
56304
56311
56326
56341
56356
56370
56386
56393
56400
56415
56421
56429
56445
56459
56467
56474
56480
56488
56497
56504
56519
56526
56533
56539
56541
56548
56554
56563
56569
56571
56578
56585
56592
56600
56607
56613
56616
56622
56637
56651
56666
56682
56689
56696
56711
56717
56725
56741
56747
56755
56770
56776
56784
56800
56815
56822
56829
56835
56844
56852
56859
56867
56874
56879
56881
56888
56896
56903
56909
56912
56918
56926
56933
56947
56962
56971
56978
56992
57007
57014
57021
57037
57043
57051
57059
57066
57080
57096
57102
57110
57118
57125
57133
57140
57148
57155
57163
57170
57175
57184
57192
57199
57206
57214
57222
57229
57243
57258
57273
57281
57288
57303
57310
57317
57333
57347
57355
57362
57376
57383
57392
57406
57414
57421
57427
57436
57444
57451
57459
57465
57473
57480
57488
57495
57501
57510
57518
57524
57531
57539
57547
57554
57563
57569
57577
57584
57599
57613
57629
57636
57643
57658
57664
57672
57688
57701
57710
57717
57723
57731
57740
57747
57755
57761
57769
57776
57784
57791
57798
57806
57814
57820
57827
57835
57843
57850
57865
57873
57879
57888
57894
57902
57909
57925
57938
57954
57968
57984
57990
57998
58013
58027
58043
58051
58058
58065
58072
58078
58080
58086
58094
58102
58110
58117
58131
58139
58146
58153
58161
58175
58184
58191
58205
58212
58220
58228
58234
58249
58264
58280
58286
58294
58309
58323
58339
58345
58353
58360
58368
58376
58383
58391
58398
58406
58412
58419
58427
58435
58442
58448
58457
58465
58472
58486
58494
58501
58508
58516
58530
58546
58560
58575
58590
58605
58611
58619
58635
58641
58649
58656
58664
58672
58678
58686
58694
58702
58708
58716
58723
58731
58737
58753
58767
58783
58797
58812
58826
58835
58841
58856
58871
58885
58900
58915
58930
58937
58945
58952
58960
58974
58983
58990
58996
59004
59012
59019
59027
59033
59041
59049
59057
59063
59078
59093
59100
59109
59123
59129
59131
59137
59152
59167
59182
59197
59211
59226
59241
59255
59262
59270
59278
59286
59300
59308
59315
59323
59329
59345
59353
59359
59366
59375
59388
59404
59418
59425
59433
59448
59455
59463
59478
59492
59507
59522
59537
59551
59559
59566
59581
59596
59603
59611
59617
59619
59625
59634
59641
59648
59655
59662
59670
59676
59678
59684
59692
59701
59714
59729
59744
59759
59773
59780
59788
59803
59818
59833
59847
59862
59878
59892
59906
59921
59928
59936
59945
59951
59966
59975
59980
59988
59997
60003
60011
60017
60026
60039
60047
60055
60070
60076
60084
60099
60114
60129
60143
60158
60173
60188
60202
60217
60232
60247
60261
60270
60276
60284
60292
60300
60306
60313
60321
60335
60343
60351
60366
60372
60380
60395
60402
60410
60425
60439
60454
60469
60484
60498
60514
60529
60543
60558
60572
60581
60588
60596
60602
60609
60618
60632
60639
60647
60661
60668
60677
60691
60698
60706
60711
60720
60735
60750
60765
60779
60794
60809
60825
60839
60854
60869
60884
60898
60905
60913
60928
60935
60943
60950
60957
60964
60972
60986
60994
61002
61007
61015
61023
61031
61046
61061
61066
61075
61090
61105
61120
61134
61150
61157
61165
61180
61193
61201
61209
61223
61239
61247
61252
61260
61268
61282
61290
61298
61312
61319
61328
61342
61349
61357
61371
61387
61401
61416
61430
61445
61460
61476
61490
61505
61520
61534
61548
61556
61564
61578
61586
61594
61608
61615
61623
61638
61645
61653
61667
61674
61682
61697
61704
61712
61717
61726
61741
61756
61772
61785
61801
61816
61831
61845
61852
61860
61874
61882
61890
61894
61898
61903
61911
61919
61933
61941
61949
61963
61970
61978
61993
62000
62009
62013
62022
62037
62052
62068
62081
62096
62112
62126
62141
62149
62157
62171
62186
62200
62207
62216
62229
62237
62245
62259
62274
62280
62288
62296
62304
62318
62325
62333
62348
62355
62363
62377
62392
62407
62423
62436
62467
62482
62496
62504
62512
62526
62541
62555
62562
62570
62578
62584
62592
62599
62614
62621
62629
62644
62651
62658
62664
62673
62680
62688
62703
62718
62732
62747
62762
62778
62792
62808
62822
62837
62851
62858
62867
62874
62881
62888
62896
62903
62909
62917
62925
62931
62940
62947
62954
62960
62968
62976
62984
62999
63006
63014
63019
63028
63044
63058
63074
63087
63104
63119
63133
63147
63163
63172
63177
63184
63192
63196
63206
63213
63222
63228
63231
63236
63243
63250
63256
63264
63272
63280
63286
63294
63302
63309
63315
63324
63331
63339
63354
63369
63383
63399
63413
63424
63429
63443
63451
63459
63473
63488
63495
63502
63509
63517
63532
63539
63547
63553
63560
63568
63576
63582
63591
63598
63605
63611
63619
63627
63635
63650
63657
63665
63670
63679
63694
63709
63725
63738
63754
63769
63784
63798
63814
63828
63835
63842
63850
63856
63864
63873
63878
63887
63901
63915
63923
63931
63946
63953
63962
63975
63990
64005
64021
64034
64049
64064
64080
64094
64110
64124
64132
64139
64153
64160
64168
64176
64183
64190
64198
64204
64211
64219
64227
64241
64249
64257
64270
64278
64286
64300
64308
64317
64330
64345
64360
64376
64390
64406
64420
64435
64449
64465
64479
64486
64494
64501
64508
64515
64523
64530
64537
64545
64553
64558
64566
64574
64582
64597
64604
64611
64626
64642
64656
64672
64686
64700
64715
64726
64731
64745
64761
64775
64784
64790
64795
64804
64811
64820
64834
64841
64849
64854
64862
64870
64879
64884
64893
64900
64907
64921
64929
64937
64952
64967
64981
64996
65012
65027
65040
65057
65071
65078
65086
65100
65116
65130
65136
65145
65152
65159
65166
65174
65181
65189
65195
65203
65209
65217
65225
65233
65248
65255
65263
65276
65292
65306
65322
65336
65352
65366
65377
65382
65397
65412
65421
65426
65435
65441
65449
65455
65462
65471
65484
65492
65499
65506
65514
65521
65529
65535
65539
65544
65550
65558
65573
65580
65588
65603
65617
65632
65647
65664
65673
65676
65691
65708
65723
65729
65737
65751
65767
65781
65788
65796
65802
65810
65817
65825
65831
65839
65846
65855
65860
65864
65868
65876
65884
65899
65903
65913
65928
65943
65958
65972
65987
66002
66010
66018
66032
66038
66047
66055
66062
66076
66084
66091
66105
66113
66121
66129
66136
66143
66151
66165
66172
66180
66195
66201
66210
66224
66240
66254
66268
66275
66283
66298
66313
66324
66327
66335
66343
66358
66372
66387
66401
66417
66431
66439
66446
66454
66461
66468
66476
66490
66497
66505
66520
66527
66535
66550
66556
66564
66579
66594
66609
66624
66639
66654
66669
66682
66697
66713
66727
66735
66742
66756
66764
66772
66780
66786
66801
66816
66823
66832
66846
66852
66860
66875
66890
66905
66919
66934
66949
66964
66979
66994
67008
67023
67031
67037
67052
67068
67082
67097
67105
67112
67119
67127
67142
67148
67156
67171
67178
67186
67201
67207
67215
67230
67245
67260
67275
67282
67289
67304
67319
67327
67333
67348
67364
67372
67378
67386
67393
67407
67415
67424
67438
67445
67453
67467
67474
67483
67497
67511
67526
67533
67541
67548
67556
67570
67585
67601
67608
67615
67629
67636
67644
67652
67659
67674
67682
67689
67703
67712
67719
67727
67733
67741
67748
67756
67762
67770
67778
67786
67792
67799
67807
67822
67837
67852
67866
67881
67896
67911
67925
67940
67949
67955
67970
67978
67985
67999
68008
68015
68023
68029
68035
68037
68044
68052
68058
68066
68074
68082
68088
68095
68103
68118
68133
68141
68147
68156
68162
68177
68193
68206
68222
68236
68252
68266
68281
68287
68295
68311
68317
68319
68325
68332
68340
68346
68348
68354
68361
68370
68384
68399
68407
68414
68429
68443
68452
68458
68466
68473
68482
68489
68496
68502
68518
68525
68532
68548
68554
68562
68577
68591
68599
68607
68616
68621
68629
68636
68651
68659
68666
68674
68680
68686
68695
68703
68710
68716
68725
68733
68739
68754
68769
68785
68798
68814
68821
68828
68844
68858
68873
68887
68903
68912
68917
68925
68932
68940
68947
68955
68962
68970
68976
68982
68984
68991
68999
69006
69012
69021
69029
69035
69041
69050
69058
69065
69080
69094
69110
69117
69124
69140
69154
69169
69175
69183
69199
69205
69208
69213
69228
69234
69243
69251
69258
69272
69280
69287
69295
69302
69308
69317
69331
69337
69346
69354
69361
69376
69391
69399
69406
69420
69436
69450
69465
69479
69495
69509
69516
69524
69530
69538
69546
69554
69562
69568
69576
69583
69589
69598
69605
69612
69619
69626
69632
69641
69649
69656
69671
69679
69685
69700
69708
69715
69731
69744
69760
69774
69790
69803
69819
69825
69833
69841
69849
69858
69863
69871
69878
69884
69893
69901
69908
69923
69928
69937
69945
69952
69958
69967
69975
69982
69996
70011
70027
70040
70056
70063
70070
70086
70100
70107
70115
70121
70129
70137
70145
70151
70154
70159
70167
70174
70182
70189
70197
70204
70211
70218
70224
70233
70241
70248
70255
70263
70277
70283
70292
70307
70322
70327
70336
70351
70366
70382
70395
70402
70411
70425
70432
70441
70454
70462
70470
70485
70493
70500
70507
70514
70522
70529
70537
70544
70550
70559
70573
70579
70582
70588
70596
70603
70618
70623
70632
70648
70662
70678
70691
70707
70713
70721
70737
70750
70758
70766
70772
70780
70789
70796
70804
70810
70818
70825
70833
70840
70846
70855
70869
70875
70884
70892
70899
70914
70919
70928
70944
70958
70967
70974
70978
70987
71003
71017
71033
71046
71053
71062
71076
71092
71099
71105
71114
71121
71127
71129
71136
71142
71151
71158
71165
71171
71180
71188
71195
71202
71204
71210
71224
71233
71239
71247
71254
71270
71283
71299
71313
71329
71342
71358
71364
71372
71380
71388
71394
71397
71401
71410
71417
71425
71432
71440
71447
71454
71461
71467
71476
71484
71491
71498
71506
71520
71535
71543
71550
71559
71565
71570
71579
71594
71609
71624
71638
71645
71654
71660
71668
71683
71697
71705
71713
71719
71727
71736
71742
71750
71756
71763
71772
71780
71786
71793
71801
71816
71823
71831
71846
71861
71875
71891
71905
71920
71934
71949
71964
71973
71979
71993
72009
72023
72031
72038
72053
72059
72068
72076
72082
72090
72097
72105
72112
72119
72127
72142
72149
72157
72162
72171
72180
72186
72201
72216
72230
72245
72260
72275
72289
72296
72305
72319
72334
72348
72357
72364
72372
72378
72387
72394
72401
72407
72423
72431
72438
72453
72458
72467
72482
72490
72497
72513
72517
72526
72541
72556
72571
72585
72601
72615
72622
72630
72644
72652
72660
72668
72674
72683
72689
72694
72697
72703
72711
72719
72727
72734
72741
72748
72756
72763
72770
72778
72793
72809
72813
72815
72822
72829
72831
72837
72852
72867
72881
72897
72903
72911
72926
72940
72956
72962
72970
72978
72985
72990
72993
72999
73007
73015
73023
73029
73038
73045
73052
73059
73074
73089
73104
73118
73133
73148
73163
73177
73192
73207
73222
73236
73251
73258
73266
73274
73281
73287
73289
73295
73303
73311
73319
73325
73334
73341
73346
73348
73354
73370
73378
73385
73392
73400
73414
73429
73444
73451
73459
73473
73488
73503
73518
73532
73547
73562
73577
73591
73599
73607
73613
73616
73621
73636
73644
73650
73658
73666
73681
73695
73710
73717
73725
73740
73747
73755
73762
73769
73784
73799
73814
73828
73843
73858
73866
73873
73887
73895
73903
73917
73924
73932
73940
73946
73954
73962
73970
73976
73984
73992
74006
74022
74029
74036
74043
74051
74065
74072
74080
74095
74110
74124
74140
74147
74154
74169
74183
74198
74213
74221
74228
74242
74258
74266
74272
74280
74288
74295
74301
74317
74332
74339
74347
74361
74368
74376
74391
74406
74420
74435
74443
74450
74465
74479
74494
74509
74517
74525
74538
74545
74547
74554
74568
74576
74583
74591
74597
74605
74613
74621
74627
74634
74643
74657
74664
74672
74687
74702
74716
74731
74746
74761
74768
74775
74790
74798
74805
74813
74820
74834
74842
74850
74856
74864
74872
74879
74887
74893
74902
74909
74917
74923
74931
74938
74952
74969
74976
74983
74989
74997
75012
75019
75027
75042
75057
75071
75086
75094
75101
75115
75130
75146
75160
75168
75175
75189
75198
75205
75219
75227
75234
75242
75248
75265
75279
75285
75293
75308
75323
75338
75352
75367
75383
75397
75411
75426
75442
75448
75456
75470
75485
75501
75515
75523
75530
75538
75544
75552
75561
75575
75581
75589
75604
75611
75619
75634
75648
75663
75670
75678
75693
75707
75722
75738
75752
75766
75781
75788
75790
75797
75811
75819
75826
75840
75848
75856
75864
75870
75878
75886
75900
75907
75915
75929
75936
75944
75959
75974
75989
76003
76018
76033
76048
76062
76070
76078
76093
76108
76115
76122
76136
76144
76152
76158
76167
76174
76181
76188
76196
76203
76211
76226
76232
76240
76255
76262
76270
76285
76299
76314
76329
76344
76358
76373
76388
76403
76419
76433
76441
76449
76463
76478
76492
76499
76507
76514
76522
76529
76536
76542
76551
76558
76566
76572
76581
76587
76595
76610
76617
76625
76640
76655
76669
76684
76699
76713
76729
76744
76758
76766
76774
76788
76795
76804
76818
76825
76832
76839
76847
76854
76863
76868
76877
76883
76891
76905
76913
76921
76935
76950
76965
76980
76995
77009
77024
77041
77054
77070
77084
77099
77114
77129
77143
77150
77158
77165
77173
77187
77201
77209
77217
77232
77238
77246
77261
77268
77277
77291
77306
77320
77335
77351
77365
77380
77396
77409
77417
77425
77439
77446
77455
77469
77475
77484
77490
77498
77505
77513
77527
77534
77542
77557
77564
77572
77587
77602
77616
77631
77646
77660
77676
77691
77705
77721
77735
77743
77750
77764
77771
77780
77787
77793
77801
77809
77824
77830
77838
77844
77853
77860
77868
77883
77889
77897
77912
77919
77927
77942
77956
77971
77986
78001
78016
78031
78039
78046
78060
78068
78074
78089
78097
78106
78113
78120
78126
78134
78140
78149
78156
78164
78178
78185
78193
78208
78215
78223
78238
78244
78252
78267
78282
78297
78312
78319
78327
78342
78356
78364
78371
78385
78393
78401
78409
78415
78422
78430
78438
78445
78452
78460
78474
78481
78489
78504
78511
78519
78534
78540
78548
78563
78570
78578
78593
78607
78622
78638
78652
78667
78682
78696
78711
78719
78726
78734
78740
78748
78757
78763
78770
78777
78786
78800
78807
78815
78830
78836
78844
78859
78874
78882
78889
78904
78918
78934
78948
78963
78977
78992
79007
79013
79015
79021
79036
79052
79060
79066
79073
79081
79089
79095
79112
79126
79132
79140
79155
79162
79170
79185
79191
79199
79214
79229
79244
79258
79273
79288
79303
79317
79332
79339
79348
79362
79369
79377
79386
79391
79399
79407
79414
79421
79428
79436
79450
79458
79467
79481
79487
79495
79510
79517
79525
79540
79546
79555
79569
79584
79599
79614
79628
79636
79643
79658
79672
79687
79696
79703
79710
79717
79724
79733
79747
79762
79776
79783
79791
79806
79813
79821
79835
79842
79850
79865
79880
79894
79909
79924
79940
79953
79961
79968
79983
79990
79992
79999
80003
80006
80012
80020
80028
80036
80042
80050
80058
80066
80072
80079
80088
80095
80102
80109
80117
80131
80138
80146
80161
80176
80190
80205
80213
80220
80236
80249
80264
80279
80286
80288
80294
80299
80308
80316
80324
80330
80332
80338
80346
80355
80361
80367
80375
80383
80391
80398
80405
80413
80427
80434
80442
80457
80464
80472
80477
80480
80486
80501
80516
80532
80545
80561
80575
80583
80590
80604
80620
80634
80642
80650
80658
80664
80671
80679
80685
80687
80693
80701
80710
80723
80730
80738
80752
80760
80769
80773
80782
80789
80797
80812
80827
80841
80857
80864
80871
80886
80900
80908
80915
80930
80945
80954
80959
80968
80975
80984
80989
80997
81005
81011
81019
81026
81034
81049
81056
81065
81078
81085
81093
81108
81123
81137
81153
81159
81167
81182
81196
81212
81226
81233
81241
81255
81264
81270
81279
81285
81293
81301
81308
81314
81331
81344
81352
81361
81374
81381
81390
81404
81411
81420
81424
81433
81440
81449
81463
81478
81492
81508
81522
81537
81551
81560
81566
81581
81590
81596
81604
81610
81618
81626
81634
81640
81655
81670
81686
81700
81707
81715
81729
81744
81759
81774
81788
81803
81811
81818
81833
81847
81862
81877
81885
81892
81906
81914
81922
81930
81936
81945
81951
81959
81965
81973
81982
81989
81996
82003
82011
82016
82025
82032
82040
82048
82055
82062
82070
82084
82099
82114
82129
82143
82150
82159
82173
82188
82202
82210
82218
82224
82232
82241
82247
82252
82255
82261
82268
82277
82285
82292
82299
82306
82321
82328
82336
82344
82351
82366
82373
82380
82387
82389
82395
82410
82425
82439
82455
82461
82469
82476
82484
82498
82514
82528
82537
82543
82551
82566
82573
82581
82588
82594
82596
82602
82610
82617
82624
82632
82647
82661
82669
82676
82685
82692
82699
82706
82721
82735
82751
82765
82780
82786
82794
82810
82816
82824
82839
82854
82862
82869
82876
82884
82891
82898
82906
82913
82919
82928
82936
82943
82949
82957
82965
82972
82987
83002
83017
83024
83031
83047
83061
83076
83090
83097
83106
83120
83135
83141
83149
83165
83180
83194
83202
83209
83216
83224
83232
83239
83245
83254
83268
83283
83298
83313
83327
83342
83357
83372
83386
83402
83416
83431
83437
83445
83461
83475
83483
83490
83505
83513
83520
83535
83542
83550
83564
83572
83579
83594
83609
83623
83638
83653
83668
83675
83682
83698
83712
83720
83727
83733
83741
83749
83757
83763
83771
83779
83786
83792
83800
83809
83816
83830
83838
83846
83853
83860
83866
83868
83875
83889
83905
83919
83934
83942
83949
83957
83964
83972
83978
83994
84001
84008
84016
84023
84029
84037
84045
84053
84067
84075
84082
84088
84096
84104
84112
84126
84134
84142
84149
84156
84162
84171
84186
84201
84215
84230
84245
84253
84260
84267
84274
84290
84304
84319
84333
84340
84349
84355
84364
84371
84378
84384
84392
84401
84408
84422
84430
84437
84445
84452
84459
84467
84482
84487
84496
84511
84520
84526
84541
84549
84556
84570
84585
84600
84615
84629
84636
84645
84651
84653
84660
84667
84674
84688
84695
84704
84710
84718
84726
84733
84748
84754
84763
84771
84778
84792
84801
84807
84822
84837
84845
84852
84866
84882
84896
84911
84917
84925
84932
84941
84955
84963
84970
84976
84984
84993
85000
85007
85015
85022
85029
85037
85044
85052
85059
85067
85074
85080
85088
85103
85118
85133
85148
85162
85178
85192
85207
85221
85237
85243
85245
85251
85266
85280
85288
85296
85302
85310
85318
85325
85340
85348
85355
85363
85370
85375
85384
85392
85399
85405
85408
85414
85429
85444
85458
85473
85488
85503
85517
85533
85539
85547
85562
85568
85576
85584
85592
85607
85614
85621
85629
85636
85644
85651
85666
85673
85680
85695
85701
85710
85725
85739
85754
85763
85769
85784
85792
85798
85806
85813
85829
85843
85858
85864
85872
85880
85888
85894
85902
85910
85917
85924
85932
85940
85947
85955
85961
85967
85969
85976
85984
85991
85997
86006
86014
86020
86035
86050
86059
86065
86073
86080
86095
86109
86125
86131
86139
86154
86160
86168
86176
86184
86190
86198
86206
86213
86228
86236
86243
86249
86251
86257
86265
86272
86280
86287
86294
86302
86310
86316
86331
86346
86355
86362
86376
86384
86391
86405
86421
86435
86450
86464
86471
86480
86486
86494
86509
86524
86532
86539
86545
86553
86561
86568
86576
86583
86589
86598
86612
86619
86627
86635
86642
86651
86657
86665
86672
86687
86694
86701
86717
86730
86746
86752
86760
86776
86782
86789
86805
86811
86820
86828
86835
86843
86849
86857
86864
86871
86879
86885
86894
86902
86908
86915
86923
86931
86938
86953
86967
86976
86982
86997
87013
87026
87042
87056
87063
87072
87078
87086
87101
87115
87124
87131
87145
87153
87160
87166
87168
87174
87182
87190
87198
87204
87211
87219
87227
87234
87241
87249
87263
87278
87286
87293
87300
87308
87322
87338
87352
87368
87381
87388
87397
87411
87427
87436
87441
87448
87456
87464
87470
87479
87486
87494
87500
87506
87515
87523
87530
87537
87545
87560
87574
87589
87605
87618
87634
87648
87663
87678
87693
87699
87707
87723
87729
87737
87752
87766
87774
87782
87790
87796
87802
87811
87819
87826
87832
87841
87849
87855
87862
87864
87870
87885
87894
87900
87908
87914
87930
87944
87959
87974
87988
87995
88003
88011
88019
88033
88048
88054
88062
88070
88078
88092
88100
88107
88113
88115
88121
88128
88137
88151
88166
88181
88188
88196
88210
88226
88240
88247
88256
88270
88284
88299
88306
88315
88329
88335
88344
88358
88374
88383
88388
88396
88403
88409
88412
88417
88426
88433
88440
88447
88462
88470
88477
88483
88492
88506
88521
88536
88543
88545
88551
88565
88580
88595
88610
88625
88632
88640
88654
88670
88684
88691
88699
88705
88713
88721
88729
88736
88743
88758
88766
88772
88780
88788
88802
88809
88817
88832
88847
88862
88870
88876
88891
88906
88921
88936
88950
88959
88966
88980
88995
89009
89017
89025
89032
89039
89046
89054
89062
89068
89076
89084
89091
89098
89113
89127
89135
89143
89157
89164
89172
89180
89187
89202
89216
89232
89246
89261
89275
89290
89305
89312
89314
89320
89334
89343
89350
89358
89364
89372
89380
89384
89387
89393
89409
89423
89431
89439
89444
89453
89460
89468
89483
89490
89498
89512
89528
89542
89558
89571
89587
89601
89616
89630
89637
89646
89660
89669
89676
89684
89689
89697
89705
89720
89735
89749
89756
89764
89779
89794
89799
89808
89815
89823
89838
89853
89867
89882
89897
89913
89926
89942
89956
89963
89972
89976
89980
89985
89994
90001
90009
90015
90023
90031
90035
90038
90044
90061
90075
90082
90090
90104
90119
90134
90150
90163
90178
90186
90193
90209
90222
90238
90252
90260
90267
90281
90288
90290
90297
90305
90311
90319
90327
90331
90334
90340
90348
90356
90364
90370
90378
90387
90391
90400
90407
90415
90430
90437
90445
90450
90453
90459
90474
90489
90504
90518
90533
90548
90563
90577
90585
90593
90599
90607
90622
90627
90630
90636
90644
90652
90660
90666
90683
90688
90696
90703
90712
90719
90726
90733
90741
90755
90762
90770
90785
90800
90814
90830
90844
90859
90873
90888
90903
90918
90923
90932
90940
90948
90962
90970
90978
90985
90991
91007
91022
91029
91037
91051
91058
91067
91081
91088
91096
91110
91125
91140
91155
91169
91184
91199
91207
91214
91228
91237
91244
91252
91258
91266
91273
91281
91287
91295
91303
91318
91325
91333
91347
91354
91363
91377
91384
91393
91406
91421
91436
91450
91465
91481
91488
91496
91510
91525
91533
91540
91555
91563
91570
91583
91591
91600
91607
91614
91621
91630
91642
91650
91659
91672
91680
91688
91702
91709
91717
91732
91748
91761
91776
91791
91802
91806
91821
91836
91851
91859
91866
91880
91896
91909
91917
91925
91931
91939
91946
91954
91969
91976
91983
91989
91998
92005
92013
92027
92035
92043
92057
92073
92087
92103
92116
92132
92146
92157
92162
92176
92191
92205
92213
92221
92234
92242
92250
92264
92272
92280
92293
92301
92309
92324
92331
92338
92352
92360
92368
92383
92399
92412
92427
92444
92453
92458
92470
92472
92487
92502
92517
92531
92547
92554
92561
92568
92576
92590
92597
92605
92620
92627
92635
92649
92656
92664
92679
92693
92708
92723
92738
92754
92767
92783
92797
92813
92827
92833
92835
92842
92857
92864
92872
92877
92879
92885
92893
92901
92908
92916
92923
92931
92936
92944
92952
92960
92975
92982
92989
93004
93019
93034
93050
93063
93078
93094
93109
93123
93138
93153
93160
93168
93182
93189
93198
93205
93211
93219
93226
93233
93241
93248
93256
93271
93277
93286
93300
93307
93315
93330
93345
93359
93375
93389
93404
93418
93434
93449
93456
93464
93478
93486
93494
93508
93515
93523
93530
93537
93544
93552
93558
93567
93573
93582
93587
93595
93603
93611
93625
93633
93641
93655
93662
93670
93685
93700
93714
93729
93744
93759
93774
93782
93790
93803
93811
93819
93833
93840
93848
93856
93862
93870
93877
93892
93899
93907
93913
93921
93928
93936
93951
93958
93966
93981
93995
94010
94025
94040
94054
94069
94084
94086
94100
94107
94114
94129
94136
94145
94159
94166
94174
94181
94188
94195
94203
94209
94217
94224
94232
94246
94254
94262
94277
94291
94306
94313
94321
94336
94350
94365
94381
94388
94396
94410
94425
94433
94439
94454
94462
94469
94477
94483
94491
94500
94513
94521
94528
94542
94550
94558
94573
94579
94588
94602
94617
94632
94646
94661
94676
94684
94691
94705
94720
94735
94750
94758
94764
94779
94788
94795
94803
94809
94817
94825
94832
94838
94846
94854
94869
94875
94884
94898
94905
94913
94928
94942
94957
94972
94987
95001
95009
95016
95032
95046
95054
95060
95075
95083
95091
95105
95113
95120
95134
95142
95151
95158
95165
95172
95179
95194
95201
95209
95224
95230
95238
95253
95260
95268
95283
95297
95312
95327
95342
95357
95371
95387
95401
95409
95416
95430
95439
95446
95454
95460
95468
95475
95490
95497
95505
95526
95535
95549
95556
95564
95578
95593
95608
95624
95631
95638
95653
95660
95667
95682
95697
95705
95712
95726
95741
95750
95756
95764
95771
95779
95785
95793
95802
95815
95822
95830
95845
95852
95861
95875
95881
95889
95904
95911
95919
95934
95948
95963
95979
95993
96008
96022
96031
96038
96052
96060
96067
96075
96081
96089
96097
96112
96119
96126
96141
96148
96156
96171
96177
96185
96200
96215
96230
96244
96259
96275
96289
96304
96319
96334
96348
96355
96362
96377
96386
96393
96407
96423
96436
96444
96453
96466
96473
96481
96496
96503
96511
96525
96540
96555
96570
96578
96585
96599
96607
96614
96630
96644
96658
96673
96688
96703
96718
96740
96748
96754
96756
96762
96769
96777
96792
96799
96807
96822
96828
96836
96851
96858
96866
96881
96895
96902
96910
96925
96940
96955
96961
96969
96985
96999
97007
97014
97022
97028
97036
97044
97052
97058
97073
97081
97088
97095
97103
97117
97124
97132
97140
97147
97156
97163
97176
97185
97191
97199
97206
97222
97236
97251
97257
97265
97281
97287
97295
97310
97324
97332
97340
97348
97354
97360
97369
97377
97384
97390
97399
97407
97413
97420
97422
97428
97443
97458
97466
97472
97481
97487
97502
97518
97531
97547
97553
97561
97577
97591
97597
97606
97612
97620
97636
97651
97658
97665
97680
97686
97688
97695
97709
97715
97724
97732
97739
97745
97754
97768
97777
97783
97791
97798
97807
97814
97827
97843
97857
97873
97879
97887
97893
97902
97916
97932
97938
97941
97946
97953
97961
97967
97976
97984
97991
97998
98005
98011
98020
98028
98035
98041
98050
98065
98079
98087
98094
98103
98109
98123
98132
98139
98146
98153
98169
98182
98198
98204
98212
98228
98237
98242
98257
98265
98272
98280
98287
98294
98301
98308
98316
98324
98331
98338
98346
98353
98360
98375
98383
98390
98405
98419
98435
98449
98465
98494
98500
98508
98515
98524
98533
98538
98553
98559
98568
98576
98583
98590
98597
98605
98612
98627
98633
98642
98656
98662
98671
98679
98686
98701
98715
98722
98724
98730
98745
98761
98774
98790
98804
98820
98829
98833
98840
98849
98863
98879
98887
98893
98901
98908
98916
98923
98929
98938
98945
98952
98958
98967
98975
98982
98988
98997
99002
99011
99027
99041
99050
99056
99070
99086
99100
99107
99116
99129
99136
99145
99159
99175
99184
99188
99196
99204
99211
99219
99227
99234
99248
99256
99263
99271
99278
99284
99293
99298
99307
99322
99337
99346
99352
99357
99366
99382
99396
99412
99425
99432
99441
99455
99462
99471
99479
99484
99492
99500
99515
99523
99530
99534
99537
99544
99552
99559
99567
99574
99580
99589
99603
99618
99633
99642
99649
99653
99662
99677
99692
99708
99721
99737
99751
99758
99767
99776
99780
99787
99796
99802
99810
99818
99826
99833
99840
99848
99855
99863
99870
99876
99885
99892
99899
99905
99914
99922
99929
99944
99958
99974
99988
100003
100008
100017
100033
100039
100047
100062
100076
100083
100092
100098
100106
100121
100136
100143
100151
100159
100166
100172
100180
100188
100195
100202
100210
100218
100225
100231
100234
100240
100245
100254
100269
100277
100284
100299
100313
100329
100343
100350
100358
100372
100379
100388
100402
100417
100424
100432
100440
100447
100455
100462
100468
100470
100476
100491
100497
100506
100514
100521
100527
100536
100550
100565
100573
100580
100595
100609
100625
100632
100639
100654
100668
100684
100690
100698
100706
100713
100728
100736
100743
100758
100766
100772
100780
100787
100793
100802
100810
100817
100824
100831
100846
100861
100869
100876
100885
100891
100896
100905
100921
100935
100950
100964
100980
100986
100994
101009
101023
101039
101045
101053
101061
101068
101076
101083
101089
101091
101098
101106
101113
101119
101127
101135
101142
101149
101157
101165
101172
101181
101186
101194
101201
101217
101231
101246
101260
101276
101290
101305
101319
101327
101335
101350
101358
101364
101372
101379
101387
101394
101401
101409
101415
101417
101423
101431
101438
101444
101453
101468
101477
101483
101488
101490
101497
101506
101512
101520
101527
101542
101547
101556
101572
101586
101593
101602
101607
101615
101622
101631
101645
101660
101666
101674
101683
101690
101698
101704
101712
101719
101727
101734
101740
101749
101757
101764
101771
101778
101793
101802
101808
101816
101823
101830
101838
101845
101852
101868
101875
101882
101897
101911
101927
101941
101956
101970
101979
101986
101994
102000
102015
102021
102023
102030
102036
102045
102053
102059
102067
102075
102089
102096
102104
102119
102134
102148
102155
102163
102178
102193
102207
102223
102237
102244
102252
102258
102266
102274
102282
102296
102304
102311
102319
102325
102334
102341
102349
102355
102371
102378
102385
102400
102415
102422
102430
102444
102451
102460
102474
102489
102496
102503
102518
102533
102548
102554
102562
102578
102584
102592
102600
102607
102621
102630
102637
102645
102651
102659
102666
102672
102680
102697
102711
102718
102726
102740
102747
102755
102770
102785
102799
102814
102829
102844
102858
102874
102880
102888
102896
102903
102917
102924
102933
102947
102955
102963
102970
102976
102984
102993
103007
103014
103022
103036
103043
103052
103066
103081
103095
103110
103125
103140
103147
103154
103170
103185
103199
103213
103228
103243
103251
103258
103266
103272
103280
103288
103296
103302
103310
103318
103331
103339
103347
103362
103368
103376
103391
103398
103406
103421
103435
103450
103465
103473
103480
103495
103509
103524
103531
103539
103547
103554
103568
103576
103584
103592
103598
103606
103613
103621
103627
103635
103644
103651
103658
103664
103672
103687
103694
103703
103717
103731
103746
103762
103776
103790
103798
103805
103821
103835
103843
103850
103864
103871
103879
103894
103902
103909
103923
103931
103940
103947
103953
103961
103969
103983
103990
103998
104013
104019
104027
104042
104049
104058
104064
104072
104086
104101
104117
104131
104146
104160
104167
104175
104190
104198
104205
104219
104227
104235
104250
104257
104265
104278
104286
104294
104309
104315
104324
104338
104345
104353
104368
104382
104397
104412
104427
104442
104449
104457
104472
104478
104486
104494
104500
104515
104523
104531
104539
104545
104553
104561
104575
104582
104590
104604
104612
104619
104633
104641
104649
104664
104678
104693
104708
104723
104737
104752
104768
104782
104797
104812
104820
104827
104841
104849
104856
104864
104870
104878
104886
104894
104901
104908
104915
104930
104937
104945
104960
104966
104974
104989
104996
105005
105019
105033
105041
105048
105063
105071
105078
105092
105108
105123
105137
105145
105151
105167
105174
105182
105197
105204
105211
105219
105225
105233
105241
105247
105256
105262
105270
105284
105292
105300
105315
105322
105329
105344
105351
105360
105374
105388
105403
105418
105433
105448
105463
105478
105492
105500
105507
105513
105522
105529
105537
105545
105551
105559
105566
105572
105581
105588
105596
105611
105617
105625
105640
105647
105656
105670
105684
105699
105714
105722
105729
105743
105751
105759
105774
105788
105802
105804
105818
105825
105833
105847
105862
105877
105884
105892
105907
105913
105921
105936
105943
105952
105965
105980
105995
106002
106010
106025
106040
106054
106070
106084
106098
106113
106129
106143
106150
106158
106172
106180
106188
106196
106203
106209
106217
106232
106239
106248
106261
106268
106276
106291
106306
106321
106335
106350
106365
106380
106394
106409
106425
106439
106447
106454
106468
106476
106484
106498
106505
106514
106528
106535
106543
106558
106564
106573
106578
106586
106594
106602
106617
106623
106631
106646
106661
106676
106690
106705
106721
106735
106750
106765
106773
106779
106794
106801
106810
106817
106823
106831
106839
106846
106854
106860
106868
106882
106890
106898
106913
106919
106927
106942
106949
106957
106972
106986
107001
107016
107031
107045
107061
107076
107090
107098
107105
107120
107127
107136
107143
107150
107156
107164
107171
107179
107186
107194
107200
107209
107215
107223
107238
107245
107253
107268
107282
107297
107312
107327
107341
107357
107372
107386
107401
107416
107424
107432
107439
107446
107461
107475
107482
107491
107498
107504
107511
107519
107534
107541
107549
107564
107570
107578
107593
107600
107608
107623
107638
107652
107667
107682
107697
107712
107727
107741
107756
107771
107778
107787
107794
107801
107807
107815
107822
107830
107837
107845
107860
107866
107874
107889
107896
107904
107919
107925
107934
107948
107964
107971
107978
107992
108007
108022
108037
108045
108052
108067
108082
108096
108103
108112
108119
108125
108133
108141
108147
108149
108155
108162
108170
108185
108192
108200
108205
108214
108221
108229
108244
108259
108273
108288
108303
108318
108333
108348
108363
108379
108387
108392
108408
108422
108429
108438
108445
108451
108458
108466
108481
108488
108496
108501
108510
108517
108525
108540
108547
108555
108560
108569
108576
108584
108599
108614
108628
108644
108651
108658
108673
108688
108702
108717
108733
108741
108747
108754
108762
108770
108776
108784
108792
108798
108806
108813
108821
108835
108843
108851
108865
108881
108895
108902
108910
108915
108924
108939
108947
108954
108969
108984
108999
109014
109029
109043
109058
109073
109080
109089
109095
109101
109109
109117
109132
109139
109148
109152
109161
109168
109176
109191
109206
109211
109220
109227
109235
109250
109265
109279
109294
109302
109310
109325
109338
109354
109368
109377
109384
109392
109397
109405
109413
109428
109435
109443
109457
109464
109472
109486
109494
109502
109507
109516
109531
109546
109562
109575
109590
109605
109621
109635
109650
109665
109680
109684
109693
109701
109710
109723
109731
109739
109746
109753
109760
109768
109782
109790
109798
109803
109811
109819
109827
109842
109858
109862
109871
109886
109901
109917
109931
109946
109961
109975
109990
110005
110019
110027
110035
110048
110056
110065
110071
110079
110086
110094
110108
110115
110124
110138
110145
110153
110158
110167
110174
110182
110197
110212
110226
110242
110249
110256
110271
110285
110300
110315
110330
110344
110353
110360
110374
110382
110390
110397
110403
110411
110419
110434
110441
110449
110463
110470
110478
110493
110508
110522
110537
110552
110567
110581
110597
110611
110619
110626
110640
110655
110662
110670
110678
110685
110690
110699
110707
110716
110721
110730
110737
110746
110759
110766
110774
110789
110796
110805
110809
110818
110833
110848
110863
110877
110892
110907
110922
110936
110944
110951
110966
110973
110981
110989
110995
111003
111011
111019
111025
111033
111041
111055
111062
111071
111085
111092
111101
111114
111129
111144
111151
111159
111173
111188
111203
111218
111232
111248
111262
111270
111277
111291
111298
111307
111321
111330
111336
111341
111344
111350
111358
111366
111374
111380
111396
111410
111417
111425
111440
111447
111455
111462
111469
111484
111499
111514
111528
111543
111558
111573
111587
111595
111603
111617
111625
111632
111640
111646
111655
111662
111670
111676
111691
111706
111713
111721
111736
111751
111758
111765
111772
111774
111780
111795
111810
111824
111840
111854
111861
111869
111883
111890
111899
111905
111913
111921
111928
111942
111949
111951
111958
111973
111980
111987
111995
112002
112008
112017
112032
112046
112054
112061
112070
112076
112091
112106
112120
112136
112150
112158
112165
112171
112179
112186
112195
112209
112217
112224
112230
112238
112247
112254
112260
112269
112276
112283
112291
112298
112304
112313
112321
112328
112335
112342
112350
112357
112372
112387
112402
112416
112425
112432
112446
112461
112467
112475
112491
112505
112520
112526
112534
112542
112550
112564
112572
112574
112580
112594
112602
112609
112617
112624
112631
112639
112653
112668
112683
112698
112712
112727
112742
112750
112757
112764
112771
112787
112801
112809
112816
112830
112837
112846
112852
112860
112868
112875
112881
112883
112889
112898
112905
112913
112919
112927
112934
112942
112949
112955
112964
112979
112993
113008
113017
113023
113038
113046
113053
113061
113067
113083
113090
113097
113112
113126
113133
113142
113156
113164
113171
113177
113185
113193
113201
113216
113223
113230
113238
113245
113251
113253
113260
113275
113280
113289
113304
113319
113334
113342
113349
113363
113379
113385
113393
113401
113408
113422
113429
113438
113444
113452
113460
113467
113481
113489
113497
113503
113511
113519
113526
113535
113540
113549
113556
113571
113576
113585
113600
113615
113630
113638
113644
113659
113675
113689
113704
113718
113725
113734
113740
113748
113756
113763
113769
113777
113793
113808
113815
113822
113830
113837
113845
113852
113860
113867
113874
113881
113896
113911
113926
113940
113955
113971
113985
114000
114014
114030
114044
114059
114065
114073
114081
114089
114104
114111
114113
114118
114126
114133
114140
114148
114156
114163
114168
114170
114177
114185
114192
114207
114222
114237
114251
114267
114281
114289
114296
114310
114326
114340
114355
114369
114377
114385
114391
114399
114407
114414
114429
114437
114444
114458
114466
114473
114481
114488
114494
114503
114518
114532
114547
114562
114577
114585
114592
114606
114622
114636
114644
114651
114665
114673
114681
114687
114689
114695
114703
114710
114724
114731
114733
114740
114754
114762
114769
114777
114784
114790
114792
114799
114807
114813
114828
114843
114852
114859
114873
114888
114902
114918
114932
114947
114961
114968
114977
114983
114991
115006
115012
115020
115036
115043
115050
115058
115065
115080
115088
115095
115103
115110
115115
115124
115132
115139
115148
115154
115169
115183
115191
115198
115214
115228
115243
115257
115264
115273
115287
115302
115308
115316
115325
115332
115346
115354
115361
115369
115376
115382
115391
115399
115406
115412
115420
115428
115435
115444
115450
115464
115479
115487
115494
115510
115524
115539
115553
115569
115583
115598
115604
115612
115620
115628
115642
115650
115657
115672
115680
115687
115695
115701
115707
115716
115731
115737
115746
115754
115760
115775
115783
115790
115806
115819
115835
115849
115856
115865
115871
115878
115894
115908
115915
115924
115930
115933
115938
115946
115953
115961
115968
115976
115983
115991
115997
116003
116005
116012
116020
116027
116033
116042
116050
116057
116065
116071
116079
116086
116095
116101
116115
116131
116145
116161
116167
116174
116190
116196
116204
116220
116229
116233
116249
116255
116264
116272
116279
116285
116287
116293
116299
116308
116316
116323
116329
116338
116346
116352
116361
116367
116375
116382
116397
116411
116426
116434
116441
116457
116470
116486
116492
116500
116516
116530
116545
116551
116559
116568
116575
116589
116597
116604
116612
116619
116625
116634
116648
116655
116663
116671
116678
116687
116693
116708
116716
116722
116737
116753
116766
116782
116796
116812
116818
116825
116841
116855
116871
116879
116885
116892
116900
116906
116908
116914
116922
116930
116937
116944
116950
116959
116967
116974
116981
116989
117003
117010
117012
117018
117026
117033
117042
117049
117062
117078
117092
117108
117121
117137
117143
117151
117167
117176
117181
117189
117196
117203
117211
117219
117226
117233
117240
117246
117255
117263
117270
117277
117285
117299
117308
117314
117329
117338
117344
117358
117367
117374
117388
117404
117417
117433
117439
117447
117454
117463
117477
117492
117498
117500
117506
117515
117522
117529
117536
117542
117551
117559
117566
117572
117581
117595
117602
117610
117625
117640
117645
117654
117663
117669
117677
117684
117700
117713
117729
117743
117750
117759
117772
117788
117802
117810
117818
117825
117832
117840
117847
117862
117868
117877
117891