0
11080
22161
33241
44323
55403
66483
77564
88644
99725
110806
121886
132967
144049
155129
166214
177292
188371
199452
210532
221613
232694
243774
254855
265935
277016
288097
299177
310258
321339
332419
343500
354580
365661
376742
387822
398903
409984
421064
432145
443226
454306
465387
476468
487548
498629
509710
520790
531871
542952
554032
565113
576194
587274
598355
609435
620516
631597
642678
653758
664838
675919
687000
698080
709161
720242
731323
742403
753483
764564
775644
786725
797806
808887
819967
831048
842130
853211
864290
875371
886453
897532
908612
919693
930774
941854
952935
964015
975096
986177
997258
1008339
1019419
1030499
1041581
1052662
1063741
1074822
1085903
1096983
1108064
1119144
1130225
1141306
1152386
1163467
1174548
1185628
1196709
1207789
1218870
1229951
1241033
1252112
1263193
1274273
1285354
1296435
1307515
1318596
1329676
1340758
1351839
1362919
1373999
1385080
1396161
1407241
1418321
1429402
1440483
1451563
1462644
1473725
1484805
1495886
1506967
1518047
1529128
1540209
1551289
1562370
1573450
1584531
1595612
1606692
1617773
1628854
1639935
1651015
1662095
1673176
1684257
1695338
1706418
1717499
1728579
1739660
1750741
1761821
1772902
1783982
1795063
1806144
1817225
1828305
1839387
1850468
1861547
1872628
1883708
1894789
1905870
1916950
1928031
1939111
1950192
1961273
1972353
1983434
1994515
2005595
2016677
2027756
2038837
2049918
2060998
2072079
2083160
2094240
2105321
2116403
2127482
2138563
2149644
2160724
2171806
2182885
2193966
2205047
2216128
2227208
2238289
2249369
2260450
2271530
2282611
2293692
2304772
2315853
2326934
2338015
2349095
2360175
2371257
2382337
2393417
2404498
2415579
2426659
2437740
2448821
2459901
2470982
2482063
2493143
2504224
2515304
2526385
2537466
2548546
2559627
2570707
2581788
2592869
2603950
2615030
2626111
2637192
2648272
2659353
2670433
2681515
2692595
2703675
2714756
2725837
2736917
2747998
2759078
2770159
2781240
2792320
2803401
2814481
2825562
2836644
2847724
2858804
2869885
2880966
2892046
2903127
2914207
2925288
2936369
2947449
2958530
2969611
2980691
2991772
3002855
3013933
3025014
3036095
3047176
3058256
3069336
3080417
3091498
3102578
3113659
3124739
3135820
3146901
3157981
3169062
3180143
3191224
3202304
3213385
3224465
3235547
3246627
3257707
3268788
3279874
3290949
3302030
3313110
3324191
3335271
3346353
3357433
3368513
3379594
3390675
3401755
3412836
3423917
3434999
3446078
3457158
3468239
3479320
3490400
3501481
3512561
3523642
3534723
3545803
3556884
3567965
3579045
3590126
3601207
3612287
3623368
3634450
3645529
3656610
3667691
3678771
3689852
3700932
3712013
3723094
3734174
3745255
3756336
3767416
3778497
3789578
3800658
3811739
3822820
3833901
3844982
3856062
3867142
3878223
3889303
3900384
3911465
3922545
3933626
3944707
3955787
3966868
3977953
3989029
4000109
4011190
4022271
4033352
4044432
4055513
4066594
4077674
4088755
4099835
4110916
4121997
4133077
4144158
4155239
4166320
4177400
4188481
4199561
4210642
4221722
4232804
4243884
4254964
4266046
4277126
4288206
4299287
4310368
4321448
4332529
4343609
4354690
4365771
4376852
4387932
4399012
4410093
4421174
4432255
4443335
4454416
4465496
4476577
4487658
4498738
4509819
4520900
4531980
4543061
4554142
4565222
4576303
4587383
4598464
4609545
4620625
4631707
4642787
4653867
4664948
4676029
4687110
4698190
4709271
4720351
4731432
4742512
4753593
4764673
4775754
4786835
4797916
4808996
4820077
4831159
4842239
4853318
4864399
4875480
4886561
4897641
4908722
4919802
4930883
4941964
4953044
4964125
4975206
4986287
4997367
5008447
5019528
5030609
5041690
5052770
5063850
5074931
5086012
5097092
5108173
5119254
5130334
5141415
5152496
5163576
5174657
5185738
5196818
5207899
5218979
5230061
5241141
5252222
5263302
5274383
5285463
5296544
5307625
5318705
5329786
5340867
5351948
5363027
5374109
5385189
5396270
5407350
5418431
5429512
5440592
5451673
5462754
5473834
5484915
5495996
5507077
5518157
5529237
5540318
5551399
5562479
5573560
5584640
5595721
5606802
5617882
5628964
5640044
5651124
5662206
5673286
5684366
5695447
5706527
5717608
5728689
5739769
5750850
5761931
5773011
5784092
5795173
5806253
5817334
5828416
5839495
5850576
5861656
5872737
5883817
5894898
5905979
5917061
5928140
5939221
5950301
5961382
5972463
5983543
5994624
6005704
6016785
6027866
6038947
6050027
6061108
6072188
6083269
6094349
6105430
6116511
6127592
6138672
6149753
6160833
6171914
6182995
6194075
6205156
6216237
6227318
6238398
6249479
6260559
6271640
6282720
6293801
6304882
6315962
6327044
6338124
6349216
6360285
6371366
6382446
6393527
6404608
6415688
6426769
6437850
6448930
6460011
6471091
6482172
6493253
6504334
6515413
6526494
6537575
6548656
6559736
6570817
6581898
6592978
6604059
6615140
6626221
6637301
6648381
6659462
6670543
6681623
6692704
6703785
6714865
6725946
6737026
6748107
6759188
6770268
6781349
6792430
6803510
6814591
6825672
6836752
6847833
6858913
6869994
6881075
6892156
6903236
6914317
6925397
6936478
6947559
6958639
6969720
6980800
6991882
7002962
7014042
7025123
7036203
7047284
7058365
7069445
7080526
7091607
7102687
7113768
7124849
7135929
7147010
7158091
7169171
7180252
7191333
7202413
7213494
7224575
7235655
7246736
7257816
7268897
7279978
7291058
7302139
7313220
7324300
7335382
7346461
7357542
7368623
7379703
7390784
7401865
7412945
7424027
7435107
7446187
7457268
7468348
7479429
7490510
7501590
7512671
7523751
7534832
7545913
7556993
7568074
7579155
7590235
7601316
7612396
7623478
7634558
7645639
7656719
7667799
7678880
7689961
7701042
7712123
7723203
7734283
7745364
7756445
7767526
7778606
7789687
7800767
7811849
7822930
7834011
7845090
7856171
7867252
7878332
7889412
7900493
7911574
7922654
7933735
7944816
7955896
7966977
7978058
7989138
8000220
8011299
8022381
8033461
8044542
8055622
8066703
8077783
8088865
8099945
8111025
8122106
8133186
8144267
8155348
8166428
8177509
8188590
8199670
8210751
8221832
8232912
8243993
8255074
8266154
8277236
8288315
8299396
8310477
8321557
8332638
8343719
8354799
8365880
8376961
8388041
8399122
8410202
8421283
8432364
8443444
8454525
8465606
8476686
8487767
8498851
8509928
8521009
8532089
8543170
8554250
8565331
8576412
8587493
8598573
8609654
8620735
8631815
8642896
8653976
8665058
8676138
8687219
8698299
8709379
8720460
8731541
8742621
8753702
8764783
8775864
8786944
8798025
8809105
8820188
8831268
8842347
8853428
8864508
8875589
8886670
8897750
8908831
8919911
8930992
8942073
8953153
8964234
8975315
8986395
8997476
9008557
9019638
9030718
9041799
9052879
9063960
9075040
9086121
9097201
9108282
9119363
9130444
9141524
9152606
9163686
9174767
9185847
9196927
9208008
9219089
9230169
9241250
9252331
9263411
9274492
9285573
9296653
9307734
9318814
9329895
9340976
9352056
9363137
9374218
9385298
9396379
9407460
9418541
9429621
9440701
9451782
9462862
9473943
9485024
9496104
9507185
9518267
9529346
9540427
9551508
9562588
9573669
9584750
9595830
9606911
9617992
9629072
9640153
9651234
9662314
9673395
9684475
9695556
9706637
9717717
9728798
9739878
9750959
9762039
9773120
9784201
9795282
9806362
9817444
9828524
9839604
