1008342.0
1019422.0
1030503.0
1041584.0
1052665.0
1063746.0
1074827.0
1085907.0
1096988.0
1108069.0
1119150.0
1130230.0
1141310.0
1152391.0
1163472.0
1174553.0
1185633.0
1196714.0
1207795.0
1218875.0
1229956.0
1241036.0
1252117.0
1263198.0
1274279.0
1285359.0
1296440.0
1307521.0
1318601.0
1329682.0
1340763.0
1351843.0
1362924.0
1374005.0
1385085.0
1396166.0
1407247.0
1418328.0
1429408.0
1440489.0
1451569.0
1462650.0
1473731.0
1484811.0
1495892.0
1506974.0
1518054.0
1529134.0
1540215.0
1551295.0
1562376.0
1573457.0
1584537.0
1595618.0
1606699.0
1617780.0
1628860.0
1639941.0
1651022.0
1662102.0
1673183.0
1684263.0
1695344.0
1706425.0
1717506.0
1728586.0
1739667.0
1750748.0
1761828.0
1772909.0
1783990.0
1795070.0
1806151.0
1817232.0
1828313.0
1839393.0
1850474.0
1861554.0
1872635.0
1883716.0
1894796.0
1905877.0
1916958.0
1928039.0
1939119.0
1950200.0
1961280.0
1972361.0
1983442.0
1994522.0
2005603.0
2016684.0
2027764.0
2038848.0
2049926.0
2061006.0
2072087.0
2083168.0
2094249.0
2105329.0
2116410.0
2127490.0
2138571.0
2149652.0
2160733.0
2171813.0
2182894.0
2193975.0
2205055.0
2216135.0
2227217.0
2238297.0
2249378.0
2260459.0
2271539.0
2282620.0
2293701.0
2304781.0
2315862.0
2326942.0
2338023.0
2349104.0
2360185.0
2371265.0
2382346.0
2393427.0
2404507.0
2415588.0
2426669.0
2437749.0
2448830.0
2459911.0
2470991.0
2482072.0
2493153.0
2504235.0
2515315.0
2526395.0
2537475.0
2548556.0
2559637.0
2570717.0
2581798.0
2592879.0
2603959.0
2615040.0
2626121.0
2637201.0
2648282.0
2659363.0
2670443.0
2681524.0
2692605.0
2703685.0
2714767.0
2725847.0
2736928.0
2748008.0
2759089.0
2770169.0
2781250.0
2792331.0
2803412.0
2814492.0
2825573.0
2836654.0
2847734.0
2858815.0
2869895.0
2880976.0
2892057.0
2903138.0
2914218.0
2925299.0
2936379.0
2947460.0
2958541.0
2969622.0
2980702.0
2991783.0
3002864.0
3013944.0
3025025.0
3036106.0
3047186.0
3058267.0
3069347.0
3080428.0
3091509.0
3102590.0
3113671.0
3124751.0
3135832.0
3146912.0
3157993.0
3169075.0
3180154.0
3191235.0
3202316.0
3213396.0
3224477.0
3235558.0
3246638.0
3257719.0
3268800.0
3279880.0
3290961.0
3302042.0
3313123.0
3324203.0
3335284.0
3346365.0
3357445.0
3368526.0
3379606.0
3390687.0
3401768.0
3412849.0
3423929.0
3435010.0
3446090.0
3457171.0
3468252.0
3479333.0
3490413.0
3501495.0
3512575.0
3523655.0
3534736.0
3545816.0
3556897.0
3567978.0
3579059.0
3590139.0
3601220.0
3612301.0
3623381.0
3634462.0
3645542.0
3656623.0
3667704.0
3678785.0
3689865.0
3700950.0
3712027.0
3723107.0
3734188.0
3745269.0
3756349.0
3767430.0
3778511.0
3789591.0
3800672.0
3811753.0
3822833.0
3833914.0
3844995.0
3856075.0
3867156.0
3878237.0
3889317.0
3900398.0
3911479.0
3922559.0
3933640.0
3944721.0
3955802.0
3966882.0
3977963.0
3989044.0
4000124.0
4011205.0
4022285.0
4033366.0
4044447.0
4055528.0
4066608.0
4077689.0
4088770.0
4099850.0
4110931.0
4122011.0
4133092.0
4144173.0
4155254.0
4166334.0
4177415.0
4188496.0
4199576.0
4210657.0
4221738.0
4232818.0
4243899.0
4254980.0
4266060.0
4277141.0
4288222.0
4299303.0
4310383.0
4321464.0
4332544.0
4343625.0
4354706.0
4365786.0
4376867.0
4387948.0
4399028.0
4410109.0
4421190.0
4432270.0
4443351.0
4454432.0
4465512.0
4476593.0
4487674.0
4498755.0
4509835.0
4520916.0
4531996.0
4543077.0
4554158.0
4565239.0
4576319.0
4587400.0
4598481.0
4609561.0
4620642.0
4631723.0
4642803.0
4653884.0
4664965.0
4676045.0
4687126.0
4698207.0
4709287.0
4720368.0
4731449.0
4742529.0
4753610.0
4764691.0
4775771.0
4786852.0
4797933.0
4809013.0
4820094.0
4831175.0
4842255.0
4853336.0
4864417.0
4875497.0
4886578.0
4897659.0
4908740.0
4919820.0
4930901.0
4941981.0
4953062.0
4964143.0
4975223.0
4986304.0
4997385.0
5008465.0
5019546.0
5030627.0
5041707.0
5052788.0
5063869.0
5074949.0
5086030.0
5097111.0
5108192.0
5119272.0
5130353.0
5141433.0
5152514.0
5163595.0
5174675.0
5185756.0
5196837.0
5207918.0
5218998.0
5230079.0
5241160.0
5252240.0
5263321.0
5274401.0
5285482.0
5296563.0
5307644.0
5318724.0
5329806.0
5340885.0
5351966.0
5363047.0
5374128.0
5385208.0
5396289.0
5407370.0
5418450.0
5429531.0
5440612.0
5451692.0
5462773.0
5473854.0
5484934.0
5496015.0
5507096.0
5518176.0
5529257.0
5540338.0
5551418.0
5562499.0
5573580.0
5584660.0
5595741.0
5606821.0
5617902.0
5628983.0
5640064.0
5651144.0
5662225.0
5673306.0
5684386.0
5695468.0
5706548.0
5717629.0
5728709.0
5739790.0
5750871.0
5761951.0
5773032.0
5784113.0
5795193.0
5806274.0
5817354.0
5828435.0
5839516.0
5850596.0
5861677.0
5872758.0
5883839.0
5894919.0
5906001.0
5917081.0
5928161.0
5939242.0
5950323.0
5961403.0
5972484.0
5983565.0
5994645.0
6005726.0
6016807.0
6027887.0
6038968.0
6050049.0
6061129.0
6072210.0
6083291.0
6094371.0
6105452.0
6116533.0
6127613.0
6138694.0
6149776.0
6160856.0
6171936.0
6183017.0
6194097.0
6205178.0
6216259.0
6227339.0
6238420.0
6249501.0
6260581.0
6271662.0
6282743.0
6293824.0
6304904.0
6315985.0
6327065.0
6338146.0
6349227.0
6360308.0
6371388.0
6382469.0
6393549.0
6404630.0
6415711.0
6426791.0
6437872.0
6448953.0
6460034.0
6471114.0
6482195.0
6493277.0
6504357.0
6515437.0
6526518.0
6537598.0
6548679.0
6559759.0
6570840.0
6581921.0
6593002.0
6604082.0
6615163.0
6626244.0
6637324.0
6648405.0
6659486.0
6670566.0
6681647.0
6692728.0
6703809.0
6714889.0
6725970.0
6737050.0
6748131.0
6759212.0
6770292.0
6781373.0
6792454.0
6803534.0
6814615.0
6825696.0
6836776.0
6847857.0
6858938.0
6870018.0
6881099.0
6892180.0
6903261.0
6914341.0
6925422.0
6936502.0
6947583.0
6958664.0
6969745.0
6980825.0
6991906.0
7002986.0
7014067.0
7025148.0
7036229.0
7047309.0
7058390.0
7069471.0
7080551.0
7091632.0
7102712.0
7113793.0
7124874.0
7135954.0
7147035.0
7158116.0
7169197.0
7180277.0
7191358.0
7202438.0
7213519.0
7224600.0
7235680.0
7246761.0
7257842.0
7268923.0
7280003.0
7291085.0
7302165.0
7313245.0
7324326.0
7335407.0
7346487.0
7357568.0
7368649.0
7379729.0
7390810.0
7401890.0
7412971.0
7424052.0
7435133.0
7446213.0
7457294.0
7468375.0
7479455.0
7490536.0
7501617.0
7512697.0
7523778.0
7534859.0
7545940.0
7557020.0
7568101.0
7579181.0
7590262.0
7601343.0
7612423.0
7623504.0
7634585.0
7645666.0
7656746.0
7667827.0
7678907.0
7689988.0
7701069.0
7712150.0
7723230.0
7734311.0
7745391.0
7756472.0
7767553.0
7778634.0
7789715.0
7800795.0
7811875.0
7822956.0
7834037.0
7845117.0
7856199.0
7867279.0
7878360.0
7889441.0
7900521.0
7911602.0
7922682.0
7933763.0
7944843.0
7955924.0
7967005.0
7978086.0
7989166.0
8000247.0
8011328.0
8022408.0
8033489.0
8044570.0
8055650.0
8066731.0
8077812.0
8088892.0
8099973.0
8111054.0
8122134.0
8133215.0
8144296.0
8155376.0
8166457.0
8177538.0
8188618.0
8199699.0
8210780.0
8221861.0
8232941.0
8244022.0
8255102.0
8266183.0
8277264.0
8288345.0
8299425.0
8310506.0
8321588.0
8332667.0
8343748.0
8354828.0
8365909.0
8376990.0
8388071.0
8399151.0
8410232.0
8421313.0
8432393.0
8443474.0
8454555.0
8465635.0
8476716.0
8487798.0
8498878.0
8509958.0
8521039.0
8532119.0
8543200.0
8554281.0
8565361.0
8576442.0
8587523.0
8598603.0
8609684.0
8620765.0
8631845.0
8642926.0
8654007.0
8665087.0
8676168.0
8687249.0
8698330.0
8709410.0
8720491.0
8731571.0
8742652.0
8753733.0
8764813.0
8775894.0
8786975.0
8798055.0
8809136.0
8820217.0
8831298.0
8842378.0
8853459.0
8864539.0
8875620.0
8886701.0
8897782.0
8908862.0
8919943.0
8931024.0
8942104.0
8953185.0
8964265.0
8975346.0
8986428.0
8997507.0
9008588.0
9019669.0
9030750.0
9041830.0
9052911.0
9063992.0
9075072.0
9086153.0
9097234.0
9108314.0
9119395.0
9130476.0
9141556.0
9152637.0
9163718.0
9174798.0
9185879.0
9196960.0
9208040.0
9219121.0
9230202.0
9241282.0
9252363.0
9263444.0
9274524.0
9285606.0
9296686.0
9307766.0
9318847.0
9329928.0
9341008.0
9352089.0
9363170.0
9374250.0
9385331.0
9396412.0
9407492.0
9418573.0
9429654.0
9440734.0
9451815.0
9462896.0
9473977.0
9485059.0
9496138.0
9507219.0
9518299.0
9529380.0
9540460.0
9551542.0
9562622.0
9573703.0
9584783.0
9595864.0
9606945.0
9618025.0
9629106.0
9640186.0
9651268.0
9662348.0
9673429.0
9684509.0
9695590.0
9706671.0
9717751.0
9728832.0
9739913.0
9750994.0
9762074.0
9773155.0
9784235.0
9795316.0
9806397.0
9817477.0
9828558.0
9839639.0
9850719.0
9861800.0
9872881.0
9883961.0
9895042.0
9906123.0
9917203.0
9928284.0
9939365.0
9950445.0
9961526.0
9972607.0
9983687.0
9994768.0
10005849.0
10016929.0
10028010.0
10039091.0
10050171.0
10061252.0
10072333.0
10083414.0
10094494.0
10105575.0
10116655.0
10127736.0
10138817.0
10149897.0
10160978.0
10172059.0
10183139.0
10194220.0
10205301.0
10216382.0
10227462.0
10238543.0
10249624.0
10260704.0
10271785.0
10282866.0
10293946.0
10305027.0
10316107.0
10327188.0
10338269.0
10349350.0
10360430.0
10371511.0
10382592.0
10393672.0
10404753.0
10415834.0
10426914.0
10437995.0
10449076.0
10460156.0
10471237.0
10482318.0
10493398.0
10504479.0
10515560.0
10526640.0
10537721.0
10548802.0
10559882.0
10570963.0
10582044.0
10593124.0
10604205.0
10615286.0
10626367.0
10637447.0
10648528.0
10659609.0
10670689.0
10681771.0
10692851.0
10703931.0
10715012.0
10726092.0
10737173.0
10748254.0
10759335.0
10770415.0
10781497.0
10792577.0
10803657.0
10814738.0
10825819.0
10836899.0
10847980.0
10859061.0
10870141.0
10881222.0
10892303.0
10903384.0
10914464.0
10925544.0
10936626.0
10947706.0
10958787.0
10969867.0
10980948.0
10992029.0
11003109.0
11014190.0
11025270.0
11036351.0
11047432.0
11058513.0
11069593.0
11080674.0
11091755.0
11102835.0
11113916.0
11124996.0
11136077.0
11147160.0
11158239.0
11169319.0
11180400.0
11191481.0
11202561.0
11213642.0
11224723.0
11235803.0
11246884.0
11257965.0
11269045.0
11280126.0
11291207.0
11302288.0
11313368.0
11324449.0
11335530.0
11346610.0
11357691.0
11368772.0
11379852.0
11390933.0
11402013.0
11413094.0
11424175.0
11435256.0
11446336.0
11457417.0
11468497.0
11479579.0
11490660.0
11501740.0
11512820.0
11523901.0
11534982.0
11546062.0
11557143.0
11568223.0
11579304.0
11590385.0
11601466.0
11612546.0
11623627.0
11634708.0
11645788.0
11656869.0
11667950.0
11679030.0
11690112.0
11701192.0
11712273.0
11723353.0
11734434.0
11745514.0
11756595.0
11767676.0
11778756.0
11789837.0
11800918.0
11812000.0
11823079.0
11834160.0
11845240.0
11856321.0
11867402.0
11878483.0
11889563.0
11900644.0
11911724.0
11922805.0
11933886.0
11944967.0
11956047.0
11967128.0
11978208.0
11989289.0
12000370.0
12011451.0
12022531.0
12033612.0
12044693.0
12055773.0
12066854.0
12077935.0
12089015.0
12100096.0
12111176.0
12122257.0
12133338.0
12144419.0
12155499.0
12166580.0
12177661.0
12188741.0
12199822.0
12210903.0
12221983.0
12233064.0
12244145.0
12255225.0
12266306.0
12277387.0
12288468.0
12299548.0
12310629.0
12321710.0
12332790.0
12343871.0
12354951.0
12366032.0
12377113.0
12388193.0
12399274.0
12410355.0
12421436.0
12432516.0
12443597.0
12454677.0
12465758.0
12476840.0
12487920.0
12499000.0
12510081.0
12521161.0
12532242.0
12543323.0
12554404.0
12565484.0
12576565.0
12587646.0
12598726.0
12609807.0
12620887.0
12631968.0
12643049.0
12654129.0
12665210.0
12676291.0
12687372.0
12698452.0
12709533.0
12720613.0
12731694.0
12742775.0
12753856.0
12764936.0
12776017.0
12787098.0
12798178.0
12809259.0
12820339.0
12831421.0
12842501.0
12853582.0
12864662.0
12875743.0
12886824.0
12897904.0
12908985.0
12920066.0
12931146.0
12942227.0
12953308.0
12964388.0
12975469.0
12986550.0
12997630.0
13008711.0
13019792.0
13030872.0
13041953.0
13053034.0
13064114.0
13075195.0
13086276.0
13097357.0
13108437.0
13119518.0
13130599.0
13141679.0
13152760.0
13163840.0
13174921.0
13186002.0
13197083.0
13208163.0
13219244.0
13230325.0
13241405.0
13252486.0
13263567.0
13274648.0
13285728.0
13296809.0
13307889.0
13318970.0
13330051.0
13341131.0
13352212.0
13363292.0
13374373.0
13385454.0
13396535.0
13407615.0
13418696.0
13429777.0
13440857.0
13451938.0
13463019.0
13474100.0
13485181.0
13496261.0
13507341.0
13518422.0
13529503.0
13540583.0
13551665.0
13562745.0
13573825.0
13584906.0
13595987.0
13607067.0
13618148.0
13629229.0
13640309.0
13651390.0
13662471.0
13673552.0
13684633.0
13695713.0
13706793.0
13717874.0
13728955.0
13740035.0
13751116.0
13762197.0
13773278.0
13784358.0
13795439.0
13806520.0
13817600.0
13828681.0
13839761.0
13850842.0
13861923.0
13873004.0
13884085.0
13895165.0
13906246.0
13917326.0
13928407.0
13939488.0
13950568.0
13961649.0
13972731.0
13983810.0
13994891.0
14005972.0
14017053.0
14028133.0
14039214.0
14050294.0
14061375.0
14072456.0
14083537.0
14094617.0
14105698.0
14116779.0
14127859.0
14138940.0
14150020.0
14161101.0
14172182.0
14183262.0
14194343.0
14205424.0
14216504.0
14227585.0
14238666.0
14249747.0
14260827.0
14271908.0
14282989.0
14294069.0
14305150.0
14316231.0
14327311.0
14338392.0
14349472.0
14360553.0
14371634.0
14382715.0
14393795.0
14404876.0
14415956.0
14427037.0
14438118.0
14449199.0
14460279.0
14471361.0
14482441.0
14493521.0
14504602.0
14515682.0
14526763.0
14537844.0
14548924.0
14560005.0
14571086.0
14582167.0
14593247.0
14604328.0
14615408.0
14626489.0
14637570.0
14648651.0
14659731.0
14670812.0
14681893.0
14692973.0
14704054.0
14715134.0
14726215.0
14737296.0
14748377.0
14759457.0
14770538.0
14781619.0
14792699.0
14803780.0
14814861.0
14825942.0
14837022.0
14848103.0
14859183.0
14870264.0
14881345.0
14892426.0
14903506.0
14914587.0
14925668.0
14936748.0
14947829.0
14958909.0
14969990.0
14981071.0
14992152.0
15003232.0
15014313.0
15025394.0
15036474.0
15047555.0
15058636.0
15069716.0
15080797.0
15091878.0
15102958.0
15114039.0
15125120.0
15136200.0
15147281.0
15158362.0
15169442.0
15180523.0
15191604.0
15202684.0
15213765.0
15224846.0
15235926.0
15247007.0
15258088.0
15269169.0
15280249.0
15291330.0
15302411.0
15313491.0
15324572.0
15335652.0
15346733.0
15357814.0
15368894.0
15379975.0
15391056.0
15402136.0
15413217.0
15424298.0
15435378.0
15446459.0
15457540.0
15468621.0
15479701.0
15490782.0
15501863.0
15512943.0
15524024.0
15535105.0
15546185.0
15557266.0
15568347.0
15579427.0
15590508.0
15601588.0
15612669.0
15623750.0
15634831.0
15645911.0
15656992.0
15668074.0
15679154.0
15690234.0
15701314.0
15712395.0
15723476.0
15734557.0
15745637.0
15756718.0
15767798.0
15778879.0
15789960.0
15801041.0
15812121.0
15823202.0
15834283.0
15845363.0
15856444.0
15867525.0
15878606.0
15889686.0
15900767.0
15911847.0
15922928.0
15934009.0
15945089.0
15956170.0
15967251.0
15978331.0
15989412.0
16000493.0
16011573.0
16022654.0
16033735.0
16044815.0
16055896.0
16066977.0
16078058.0
16089138.0
16100219.0
16111300.0
16122380.0
16133462.0
16144541.0
16155622.0
16166703.0
16177784.0
16188864.0
16199945.0
16211026.0
16222106.0
16233187.0
16244268.0
16255348.0
16266429.0
16277510.0
16288590.0
16299671.0
16310752.0
16321832.0
16332913.0
16343993.0
16355074.0
16366155.0
16377236.0
16388316.0
16399397.0
16410478.0
16421558.0
16432639.0
16443719.0
16454800.0
16465882.0
16476963.0
16488043.0
16499123.0
16510204.0
16521284.0
16532365.0
16543446.0
16554526.0
16565607.0
16576688.0
16587768.0
16598849.0
16609930.0
16621011.0
16632091.0
16643172.0
16654253.0
16665333.0
16676414.0
16687495.0
16698575.0
16709656.0
16720736.0
16731817.0
16742898.0
16753979.0
16765059.0
16776140.0
16787220.0
16798302.0
16809382.0
16820463.0
16831543.0
16842624.0
16853705.0
16864785.0
16875866.0
16886946.0
16898027.0
16909108.0
16920189.0
16931269.0
16942350.0
16953431.0
16964511.0
16975592.0
16986673.0
16997753.0
17008834.0
17019915.0
17030995.0
17042076.0
17053157.0
17064237.0
17075318.0
17086399.0
17097479.0
17108560.0
17119641.0
17130722.0
17141802.0
17152883.0
17163963.0
17175044.0
17186125.0
17197206.0
17208286.0
17219367.0
17230447.0
17241528.0
17252609.0
17263690.0
17274770.0
17285851.0
17296932.0
17308012.0
17319093.0
17330174.0
17341254.0
17352335.0
17363415.0
17374496.0
17385577.0
17396657.0
17407738.0
17418819.0
17429899.0
17440980.0
17452061.0
17463144.0
17474223.0
17485303.0
17496384.0
17507464.0
17518545.0
17529626.0
17540706.0
17551787.0
17562868.0
17573948.0
17585029.0
17596110.0
17607190.0
17618271.0
17629352.0
17640432.0
17651513.0
17662594.0
17673674.0
17684755.0
17695836.0
17706916.0
17717997.0
17729078.0
17740158.0
17751239.0
17762320.0
17773400.0
17784481.0
17795562.0
17806642.0
17817723.0
17828804.0
17839884.0
17850965.0
17862046.0
17873127.0
17884207.0
17895288.0
17906368.0
17917449.0
17928530.0
17939610.0
17950691.0
17961772.0
17972852.0
17983933.0
17995014.0
18006094.0
18017175.0
18028256.0
18039337.0
18050417.0
18061498.0
18072579.0
18083660.0
18094740.0
18105821.0
18116901.0
18127982.0
18139062.0
18150143.0
18161224.0
18172305.0
18183385.0
18194466.0
18205546.0
18216627.0
18227708.0
18238789.0
18249869.0
18260950.0
18272031.0
18283111.0
18294194.0
18305273.0
18316353.0
18327434.0
18338515.0
18349596.0
18360676.0
18371756.0
18382837.0
18393918.0
18404999.0
18416079.0
18427160.0
18438241.0
18449321.0
18460403.0
18471483.0
18482564.0
18493644.0
18504725.0
18515806.0
18526886.0
18537967.0
18549047.0
18560128.0
18571209.0
18582289.0
18593370.0
18604451.0
18615532.0
18626612.0
18637693.0
18648774.0
18659855.0
18670935.0
18682015.0
18693096.0
18704177.0
18715258.0
18726338.0
18737419.0
18748500.0
18759580.0
18770661.0
18781742.0
18792822.0
18803903.0
18814984.0
18826064.0
18837145.0
18848226.0
18859306.0
18870387.0
18881468.0
18892548.0
18903629.0
18914710.0
18925790.0
18936871.0
18947952.0
18959032.0
18970113.0
18981194.0
18992274.0
19003355.0
19014436.0
19025516.0
19036597.0
19047678.0
19058759.0
19069840.0
19080920.0
19092000.0
19103081.0
19114162.0
19125243.0
19136323.0
19147404.0
19158485.0
19169565.0
19180646.0
19191726.0
19202807.0
19213888.0
19224969.0
19236049.0
19247130.0
19258210.0
19269291.0
19280372.0
19291453.0
19302533.0
19313614.0
19324695.0
19335775.0
19346856.0
19357937.0
19369017.0
19380098.0
19391179.0
19402259.0
19413340.0
19424420.0
19435501.0
19446582.0
19457664.0
19468744.0
19479824.0
19490905.0
19501985.0
19513066.0
19524147.0
19535227.0
19546308.0
19557389.0
19568469.0
19579550.0
19590631.0
19601711.0
19612792.0
19623874.0
19634953.0
19646034.0
19657115.0
19668196.0
19679276.0
19690357.0
19701438.0
19712518.0
19723599.0
19734680.0
19745760.0
19756841.0
19767922.0
19779002.0
19790083.0
19801164.0
19812244.0
19823325.0
19834405.0
19845486.0
19856567.0
19867648.0
19878728.0
19889809.0
19900890.0
19911970.0
19923051.0
19934132.0
19945212.0
19956293.0
19967373.0
19978454.0
19989535.0
20000616.0
20011696.0
20022777.0
20033858.0
20044938.0
20056019.0
20067100.0
20078180.0
20089261.0
20100342.0
20111422.0
20122503.0
20133584.0
20144664.0
20155745.0
20166826.0
20177906.0
20188987.0
20200068.0
20211148.0
20222229.0
20233310.0
20244390.0
20255471.0
20266552.0
20277632.0
20288713.0
20299794.0
20310875.0
20321955.0
20333036.0
20344116.0
20355197.0
20366278.0
20377359.0
20388439.0
20399520.0
20410600.0
20421681.0
20432762.0
20443843.0
20454925.0
20466004.0
20477085.0
20488165.0
20499246.0
20510327.0
20521407.0
20532488.0
20543569.0
20554650.0
20565730.0
20576811.0
20587891.0
20598972.0
20610053.0
20621133.0
20632214.0
20643295.0
20654376.0
20665456.0
20676537.0
20687617.0
20698698.0
20709779.0
20720859.0
20731940.0
20743021.0
20754101.0
20765182.0
20776263.0
20787343.0
20798424.0
20809505.0
20820585.0
20831666.0
20842747.0
20853828.0
20864908.0
20875989.0
20887070.0
20898150.0
20909231.0
20920311.0
20931392.0
20942473.0
20953553.0
20964634.0
20975715.0
20986796.0
20997876.0
21008957.0
21020037.0
21031118.0
21042199.0
21053280.0
21064360.0
21075441.0
21086522.0
21097602.0
21108683.0
21119764.0
21130844.0
21141925.0
21153006.0
21164086.0
21175167.0
21186248.0
21197328.0
21208409.0
21219490.0
21230570.0
21241651.0
21252732.0
21263813.0
21274893.0
21285974.0
21297054.0
21308135.0
21319216.0
21330296.0
21341377.0
21352458.0
21363539.0
21374619.0
21385700.0
21396780.0
21407861.0
21418942.0
21430023.0
21441103.0
21452184.0
21463265.0
21474345.0
21485426.0
21496506.0
21507587.0
21518668.0
21529749.0
21540829.0
21551910.0
21562990.0
21574071.0
21585152.0
21596233.0
21607313.0
21618394.0
21629475.0
21640555.0
21651636.0
21662717.0
21673797.0
21684879.0
21695959.0
21707039.0
21718120.0
21729201.0
21740281.0
21751362.0
21762442.0
21773523.0
21784605.0
21795685.0
21806765.0
21817846.0
21828927.0
21840008.0
21851088.0
21862169.0
21873249.0
21884330.0
21895411.0
21906491.0
21917572.0
21928653.0
21939733.0
21950814.0
21961895.0
21972975.0
21984056.0
21995137.0
22006218.0
22017298.0
22028379.0
22039460.0
22050541.0
22061621.0
22072701.0
22083782.0
22094863.0
22105943.0
22117024.0
22128105.0
22139186.0
22150266.0
22161347.0
22172427.0
22183508.0
22194589.0
22205670.0
22216750.0
22227831.0
22238912.0
22249992.0
22261074.0
22272153.0
22283234.0
22294315.0
22305396.0
22316476.0
22327557.0
22338638.0
22349718.0
22360799.0
22371880.0
22382960.0
22394041.0
22405122.0
22416202.0
22427283.0
22438364.0
22449445.0
22460526.0
22471606.0
22482686.0
22493767.0
22504848.0
22515928.0
22527009.0
22538090.0
22549170.0
22560251.0
22571332.0
22582412.0
22593493.0
22604574.0
22615655.0
22626735.0
22637816.0
22648897.0
22659977.0
22671058.0
22682138.0
22693219.0
22704300.0
22715381.0
22726461.0
22737542.0
22748623.0
22759703.0
22770784.0
22781865.0
22792945.0
22804026.0
22815107.0
22826187.0
22837268.0
22848349.0
22859429.0
22870510.0
22881591.0
22892671.0
22903752.0
22914832.0
22925913.0
22936994.0
22948075.0
22959155.0
22970236.0
22981317.0
22992397.0
23003478.0
23014559.0
23025639.0
23036720.0
23047801.0
23058881.0
23069962.0
23081043.0
23092123.0
23103204.0
23114285.0
23125365.0
23136446.0
23147527.0
23158608.0
23169688.0
23180769.0
23191849.0
23202930.0
23214011.0
23225091.0
23236172.0
23247253.0
23258334.0
23269414.0
23280496.0
23291576.0
23302656.0
23313737.0
23324818.0
23335898.0
23346979.0
23358059.0
23369140.0
23380221.0
23391302.0
23402382.0
23413463.0
23424544.0
23435624.0
23446707.0
23457786.0
23468866.0
23479947.0
23491028.0
23502108.0
23513189.0
23524270.0
23535350.0
23546431.0
23557512.0
23568593.0
23579673.0
23590754.0
23601834.0
23612915.0
23623996.0
23635077.0
23646157.0
23657238.0
23668319.0
23679399.0
23690480.0
23701560.0
23712641.0
23723722.0
23734803.0
23745883.0
23756964.0
23768045.0
23779125.0
23790206.0
23801286.0
23812367.0
23823448.0
23834529.0
23845609.0
23856691.0
23867771.0
23878851.0
23889932.0
23901012.0
23912093.0
23923174.0
23934255.0
23945337.0
23956416.0
23967497.0
23978578.0
23989658.0
24000738.0
24011819.0
24022900.0
24033981.0
24045063.0
24056142.0
24067223.0
24078303.0
24089384.0
24100465.0
24111545.0
24122626.0
24133707.0
24144787.0
24155868.0
24166949.0
24178029.0
24189110.0
24200191.0
24211271.0
24222352.0
24233433.0
24244514.0
24255594.0
24266675.0
24277755.0
24288836.0
24299917.0
24310997.0
24322078.0
24333159.0
24344240.0
24355320.0
24366401.0
24377482.0
24388562.0
24399643.0
24410723.0
24421804.0
24432885.0
24443966.0
24455046.0
24466127.0
24477208.0
24488288.0
24499369.0
24510450.0
24521530.0
24532611.0
24543692.0
24554773.0
24565853.0
24576934.0
24588014.0
24599095.0
24610176.0
24621256.0
24632337.0
24643418.0
24654499.0
24665579.0
24676660.0
24687740.0
24698821.0
24709902.0
24720982.0
24732063.0
24743144.0
24754224.0
24765305.0
24776386.0
24787466.0
24798547.0
24809628.0
24820709.0
24831789.0
24842870.0
24853951.0
24865031.0
24876112.0
24887193.0
24898273.0
24909354.0
24920435.0
24931515.0
24942596.0
24953676.0
24964757.0
24975838.0
24986919.0
24997999.0
25009080.0
25020161.0
25031241.0
25042322.0
25053403.0
25064483.0
25075564.0
25086645.0
25097725.0
25108806.0
25119887.0
25130967.0
25142048.0
25153128.0
25164209.0
25175290.0
25186371.0
25197451.0
25208532.0
25219613.0
25230693.0
25241776.0
25252855.0
25263935.0
25275016.0
25286097.0
25297177.0
25308258.0
25319339.0
25330420.0
25341500.0
25352581.0
25363661.0
25374742.0
25385823.0
25396903.0
25407984.0
25419065.0
25430145.0
25441227.0
25452307.0
25463387.0
25474468.0
25485549.0
25496629.0
25507710.0
25518791.0
25529871.0
25540952.0
25552033.0
25563113.0
25574194.0
25585275.0
25596355.0
25607436.0
25618517.0
25629598.0
25640678.0
25651760.0
25662839.0
25673920.0
25685001.0
25696082.0
25707162.0
25718243.0
25729324.0
25740405.0
25751485.0
25762566.0
25773646.0
25784727.0
25795808.0
25806888.0
25817969.0
25829050.0
25840130.0
25851212.0
25862292.0
25873372.0
25884453.0
25895533.0
25906614.0
25917695.0
25928776.0
25939856.0
25950937.0
25962018.0
25973098.0
25984179.0
25995260.0
26006340.0
26017421.0
26028502.0
26039583.0
26050663.0
26061744.0
26072824.0
26083905.0
26094986.0
26106067.0
26117147.0
26128228.0
26139308.0
26150389.0
26161470.0
26172551.0
26183631.0
26194712.0
26205793.0
26216873.0
26227954.0
26239035.0
26250115.0
26261196.0
26272277.0
26283357.0
26294438.0
26305519.0
26316599.0
26327680.0
26338760.0
26349841.0
26360922.0
26372003.0
26383083.0
26394164.0
26405244.0
26416325.0
26427406.0
26438487.0
26449568.0
26460648.0
26471729.0
26482809.0
26493890.0
26504971.0
26516051.0
26527132.0
26538213.0
26549293.0
26560374.0
26571455.0
26582535.0
26593616.0
26604697.0
26615777.0
26626858.0
26637939.0
26649019.0
26660100.0
26671181.0
26682261.0
26693342.0
26704423.0
26715503.0
26726584.0
26737665.0
26748746.0
26759826.0
26770907.0
26781987.0
26793068.0
26804149.0
26815229.0
26826310.0
26837391.0
26848472.0
26859552.0
26870633.0
26881713.0
26892794.0
26903875.0
26914955.0
26926036.0
26937117.0
26948198.0
26959278.0
26970359.0
26981440.0
26992520.0
27003601.0
27014682.0
27025762.0
27036843.0
27047924.0
27059004.0
27070085.0
27081166.0
27092246.0
27103327.0
27114408.0
27125489.0
27136569.0
27147650.0
27158730.0
27169811.0
27180892.0
27191972.0
27203053.0
27214134.0
27225215.0
27236295.0
27247376.0
27258457.0
27269537.0
27280618.0
27291698.0
27302779.0
27313860.0
27324941.0
27336021.0
27347102.0
27358183.0
27369263.0
27380344.0
27391424.0
27402505.0
27413586.0
27424667.0
27435749.0
27446828.0
27457909.0
27468989.0
27480070.0
27491151.0
27502231.0
27513312.0
27524392.0
27535473.0
27546554.0
27557635.0
27568715.0
27579796.0
27590877.0
27601957.0
27613038.0
27624119.0
27635200.0
27646280.0
27657361.0
27668441.0
27679522.0
27690603.0
27701683.0
27712764.0
27723845.0
27734925.0
27746006.0
27757087.0
27768167.0
27779248.0
27790329.0
27801409.0
27812490.0
27823571.0
27834652.0
27845732.0
27856813.0
27867894.0
27878974.0
27890055.0
27901136.0
27912216.0
27923297.0
27934377.0
27945458.0
27956539.0
27967620.0
27978700.0
27989781.0
28000862.0
28011942.0
28023023.0
28034104.0
28045184.0
28056265.0
28067346.0
28078426.0
28089507.0
28100588.0
28111668.0
28122749.0
28133830.0
28144910.0
28155991.0
28167072.0
28178152.0
28189233.0
28200314.0
28211394.0
28222475.0
28233556.0
28244636.0
28255717.0
28266798.0
28277878.0
28288959.0
28300040.0
28311120.0
28322201.0
28333282.0
28344362.0
28355443.0
28366524.0
28377604.0
28388685.0
28399766.0
28410846.0
28421927.0
28433009.0
28444089.0
28455169.0
28466250.0
28477331.0
28488411.0
28499492.0
28510573.0
28521653.0
28532734.0
28543815.0
28554895.0
28565976.0
28577056.0
28588137.0
28599218.0
28610298.0
28621379.0
28632460.0
28643541.0
28654621.0
28665702.0
28676783.0
28687863.0
28698944.0
28710025.0
28721105.0
28732186.0
28743267.0
28754347.0
28765429.0
28776508.0
28787589.0
28798670.0
28809751.0
28820832.0
28831912.0
28842993.0
28854073.0
28865154.0
28876235.0
28887315.0
28898396.0
28909477.0
28920557.0
28931638.0
28942719.0
28953800.0
28964880.0
28975961.0
28987041.0
28998122.0
29009203.0
29020283.0
29031364.0
29042445.0
29053525.0
29064606.0
29075687.0
29086768.0
29097848.0
29108929.0
29120009.0
29131090.0
29142171.0
29153251.0
29164332.0
29175413.0
29186494.0
29197574.0
29208655.0
29219735.0
29230816.0
29241897.0
29252977.0
29264058.0
29275139.0
29286220.0
29297300.0
29308381.0
29319462.0
29330542.0
29341623.0
29352704.0
29363784.0
29374865.0
29385946.0
29397026.0
29408107.0
29419188.0
29430269.0
29441350.0
29452430.0
29463510.0
29474591.0
29485672.0
29496752.0
29507833.0
29518914.0
29529994.0
29541075.0
29552156.0
29563236.0
29574317.0
29585398.0
29596480.0
29607559.0
29618640.0
29629721.0
29640801.0
29651882.0
29662963.0
29674043.0
29685124.0
29696204.0
29707285.0
29718366.0
29729447.0
29740527.0
29751608.0
29762689.0
29773769.0
29784850.0
29795931.0
29807011.0
29818092.0
29829173.0
29840254.0
29851334.0
29862415.0
29873495.0
29884576.0
29895657.0
29906737.0
29917818.0
29928899.0
29939979.0
29951060.0
29962141.0
29973221.0
29984302.0
29995383.0
30006464.0
30017544.0
30028625.0
30039706.0
30050786.0
30061867.0
30072947.0
30084028.0
30095109.0
30106189.0
30117270.0
30128351.0
30139432.0
30150512.0
30161593.0
30172673.0
30183754.0
30194835.0
30205915.0
30216996.0
30228077.0
30239158.0
30250238.0
30261319.0
30272399.0
30283480.0
30294561.0
30305641.0
30316722.0
30327803.0
30338883.0
30349964.0
30361045.0
30372125.0
30383206.0
30394287.0
30405367.0
30416448.0
30427530.0
30438611.0
30449690.0
30460771.0
30471852.0
30482932.0
30494013.0
30505093.0
30516175.0
30527255.0
30538336.0
30549416.0
30560497.0
30571578.0
30582658.0
30593739.0
30604820.0
30615901.0
30626982.0
30638062.0
30649142.0
30660223.0
30671304.0
30682384.0
30693465.0
30704546.0
30715626.0
30726707.0
30737788.0
30748869.0
30759949.0
30771030.0
30782110.0
30793191.0
30804272.0
30815352.0
30826434.0
30837514.0
30848595.0
30859675.0
30870756.0
30881836.0
30892917.0
30903998.0
30915079.0
30926160.0
30937240.0
30948321.0
30959401.0
30970482.0
30981563.0
30992643.0
31003724.0
31014805.0
31025885.0
31036966.0
31048047.0
31059127.0
31070208.0
31081289.0
31092369.0
31103450.0
31114531.0
31125611.0
31136692.0
31147773.0
31158854.0
31169934.0
31181015.0
31192095.0
31203176.0
31214257.0
31225337.0
31236419.0
31247499.0
31258579.0
31269660.0
31280741.0
31291821.0
31302902.0
31313983.0
31325063.0
31336144.0
31347225.0
31358306.0
31369386.0
31380467.0
31391547.0
31402628.0
31413709.0
31424790.0
31435870.0
31446951.0
31458032.0
31469112.0
31480193.0
31491274.0
31502354.0
31513435.0
31524516.0
31535596.0
31546677.0
31557757.0
31568838.0
31579919.0
31591000.0
31602080.0
31613161.0
31624244.0
31635322.0
31646403.0
31657484.0
31668564.0
31679645.0
31690726.0
31701806.0
31712887.0
31723968.0
31735048.0
31746129.0
31757210.0
31768290.0
31779371.0
31790452.0
31801533.0
31812613.0
31823694.0
31834775.0
31845855.0
31856936.0
31868016.0
31879097.0
31890178.0
31901259.0
31912339.0
31923420.0
31934500.0
31945581.0
31956662.0
31967743.0
31978823.0
31989904.0
32000984.0
32012065.0
32023146.0
32034227.0
32045307.0
32056388.0
32067469.0
32078549.0
32089630.0
32100710.0
32111792.0
32122872.0
32133953.0
32145033.0
32156114.0
32167195.0
32178275.0
32189356.0
32200436.0
32211517.0
32222598.0
32233679.0
32244759.0
32255840.0
32266921.0
32278001.0
32289082.0
32300163.0
32311243.0
32322324.0
32333405.0
32344485.0
32355566.0
32366647.0
32377727.0
32388808.0
32399889.0
32410969.0
32422051.0
32433132.0
32444212.0
32455292.0
32466373.0
32477453.0
32488534.0
32499615.0
32510695.0
32521776.0
32532857.0
32543937.0
32555018.0
32566099.0
32577180.0
32588260.0
32599341.0
32610422.0
32621502.0
32632584.0
32643664.0
32654744.0
32665825.0
32676906.0
32687986.0
32699067.0
32710148.0
32721228.0
32732309.0
32743389.0
32754470.0
32765551.0
32776632.0
32787712.0
32798793.0
32809874.0
32820954.0
32832035.0
32843116.0
32854196.0
32865277.0
32876358.0
32887439.0
32898519.0
32909600.0
32920680.0
32931761.0
32942842.0
32953922.0
32965003.0
32976084.0
32987164.0
32998245.0
33009326.0
33020407.0
33031487.0
33042568.0
33053649.0
33064729.0
33075810.0
33086890.0
33097971.0
33109052.0
33120132.0
33131213.0
33142294.0
33153374.0
33164455.0
33175536.0
33186617.0
33197697.0
33208778.0
33219859.0
33230939.0
33242020.0
33253101.0
33264181.0
33275262.0
33286343.0
33297423.0
33308504.0
33319585.0
33330665.0
33341746.0
33352826.0
33363907.0
33374988.0
33386069.0
33397150.0
33408230.0
33419311.0
33430392.0
33441472.0
33452553.0
33463633.0
33474714.0
33485795.0
33496875.0
33507956.0
33519037.0
33530117.0
33541198.0
33552279.0
33563359.0
33574440.0
33585521.0
33596601.0
33607682.0
33618763.0
33629844.0
33640924.0
33652005.0
33663085.0
33674166.0
33685247.0
33696327.0
33707408.0
33718489.0
33729570.0
33740650.0
33751731.0
33762812.0
33773892.0
33784973.0
33796053.0
33807134.0
33818215.0
33829296.0
33840376.0
33851457.0
33862537.0
33873618.0
33884699.0
33895779.0
33906860.0
33917943.0
33929022.0
33940102.0
33951183.0
33962264.0
33973344.0
33984425.0
33995505.0
34006586.0
34017668.0
34028748.0
34039828.0
34050909.0
34061990.0
34073070.0
34084151.0
34095232.0
34106312.0
34117393.0
34128474.0
34139554.0
34150635.0
34161716.0
34172796.0
34183877.0
34194958.0
34206038.0
34217119.0
34228200.0
34239281.0
34250361.0
34261442.0
34272523.0
34283603.0
34294684.0
34305765.0
34316845.0
34327926.0
34339007.0
34350087.0
34361168.0
34372249.0
34383329.0
34394410.0
34405491.0
34416572.0
34427652.0
34438733.0
34449813.0
34460894.0
34471975.0
34483055.0
34494136.0
34505217.0
34516297.0
34527378.0
34538459.0
34549539.0
34560620.0
34571701.0
34582782.0
34593862.0
34604943.0
34616023.0
34627104.0
34638185.0
34649265.0
34660346.0
34671427.0
34682507.0
34693588.0
34704669.0
34715749.0
34726830.0
34737911.0
34748991.0
34760072.0
34771153.0
34782233.0
34793314.0
34804395.0
34815476.0
34826556.0
34837637.0
34848717.0
34859798.0
34870879.0
34881959.0
34893040.0
34904121.0
34915202.0
34926282.0
34937363.0
34948444.0
34959524.0
34970605.0
34981686.0
34992766.0
35003847.0
35014930.0
35026008.0
35037089.0
35048170.0
35059250.0
35070331.0
35081412.0
35092492.0
35103573.0
35114654.0
35125734.0
35136815.0
35147896.0
35158976.0
35170057.0
35181138.0
35192218.0
35203299.0
35214380.0
35225460.0
35236541.0
35247622.0
35258703.0
35269783.0
35280864.0
35291944.0
35303025.0
35314106.0
35325186.0
35336267.0
35347348.0
35358428.0
35369509.0
35380590.0
35391670.0
35402751.0
35413833.0
35424913.0
35435993.0
35447074.0
35458154.0
35469235.0
35480316.0
35491396.0
35502477.0
35513558.0
35524638.0
35535719.0
35546800.0
35557880.0
35568961.0
35580042.0
35591122.0
35602203.0
35613284.0
35624365.0
35635445.0
35646526.0
35657607.0
35668688.0
35679768.0
35690848.0
35701929.0
35713010.0
35724091.0
35735171.0
35746252.0
35757333.0
35768413.0
35779494.0
35790575.0
35801655.0
35812736.0
35823817.0
35834897.0
35845978.0
35857059.0
35868140.0
35879220.0
35890301.0
35901381.0
35912462.0
35923543.0
35934623.0
35945704.0
35956785.0
35967866.0
35978946.0
35990027.0
36001108.0
36012188.0
36023269.0
36034349.0
36045430.0
36056511.0
36067592.0
36078674.0
36089753.0
36100834.0
36111914.0
36122995.0
36134075.0
36145156.0
36156237.0
36167318.0
36178399.0
36189479.0
36200560.0
36211640.0
36222721.0
36233802.0
36244882.0
36255963.0
36267044.0
36278124.0
36289205.0
36300286.0
36311366.0
36322447.0
36333527.0
36344608.0
36355689.0
36366770.0
36377850.0
36388931.0
36400012.0
36411093.0
36422174.0
36433254.0
36444334.0
36455415.0
36466496.0
36477576.0
36488657.0
36499738.0
36510818.0
36521899.0
36532980.0
36544060.0
36555141.0
36566222.0
36577303.0
36588383.0
36599464.0
36610545.0
36621625.0
36632706.0
36643787.0
36654867.0
36665948.0
36677029.0
36688109.0
36699190.0
36710270.0
36721351.0
36732432.0
36743513.0
36754593.0
36765674.0
36776755.0
36787835.0
36798916.0
36809997.0
36821078.0
36832158.0
36843239.0
36854319.0
36865400.0
36876480.0
36887561.0
36898642.0
36909723.0
36920803.0
36931884.0
36942965.0
36954045.0
36965126.0
36976207.0
36987287.0
36998368.0
37009449.0
37020529.0
37031610.0
37042691.0
37053771.0
37064852.0
37075933.0
37087013.0
37098094.0
37109175.0
37120255.0
37131336.0
37142417.0
37153497.0
37164578.0
37175659.0
37186739.0
37197820.0
37208902.0
37219982.0
37231062.0
37242143.0
37253224.0
37264304.0
37275385.0
37286465.0
37297546.0
37308627.0
37319707.0
37330788.0
37341869.0
37352949.0
37364030.0
37375111.0
37386191.0
37397272.0
37408354.0
37419434.0
37430515.0
37441595.0
37452676.0
37463756.0
37474837.0
37485917.0
37496998.0
37508079.0
37519160.0
37530240.0
37541321.0
37552402.0
37563482.0
37574563.0
37585644.0
37596724.0
37607805.0
37618886.0
37629966.0
37641047.0
37652128.0
37663208.0
37674289.0
37685370.0
37696450.0
37707531.0
37718612.0
37729692.0
37740773.0
37751854.0
37762934.0
37774015.0
37785096.0
37796176.0
37807257.0
37818338.0
37829419.0
37840499.0
37851580.0
37862660.0
37873741.0
37884822.0
37895903.0
37906983.0
37918064.0
37929145.0
37940225.0
37951306.0
37962386.0
37973467.0
37984548.0
37995629.0
38006709.0
38017791.0
38028871.0
38039951.0
38051032.0
38062112.0
38073193.0
38084274.0
38095355.0
38106435.0
38117516.0
38128597.0
38139677.0
38150758.0
38161839.0
38172919.0
38184000.0
38195081.0
38206161.0
38217242.0
38228323.0
38239404.0
38250484.0
38261565.0
38272645.0
38283726.0
38294807.0
38305887.0
38316968.0
38328049.0
38339130.0
38350210.0
38361291.0
38372371.0
38383452.0
38394533.0
38405614.0
38416695.0
38427775.0
38438856.0
38449936.0
38461017.0
38472097.0
38483178.0
38494259.0
38505339.0
38516420.0
38527501.0
38538581.0
38549662.0
38560743.0
38571823.0
38582904.0
38593985.0
38605066.0
38616146.0
38627227.0
38638308.0
38649388.0
38660469.0
38671549.0
38682630.0
38693711.0
38704792.0
38715872.0
38726953.0
38738034.0
38749114.0
38760195.0
38771276.0
38782356.0
38793437.0
38804519.0
38815598.0
38826679.0
38837760.0
38848840.0
38859921.0
38871002.0
38882082.0
38893163.0
38904244.0
38915324.0
38926405.0
38937486.0
38948567.0
38959647.0
38970728.0
38981808.0
38992889.0
39003970.0
39015051.0
39026131.0
39037212.0
39048293.0
39059373.0
39070454.0
39081535.0
39092615.0
39103696.0
39114776.0
39125857.0
39136938.0
39148018.0
39159099.0
39170180.0
39181261.0
39192341.0
39203422.0
39214503.0
39225583.0
39236664.0
39247745.0
39258828.0
39269906.0
39280987.0
39292067.0
39303148.0
39314229.0
39325309.0
39336390.0
39347471.0
39358551.0
39369632.0
39380713.0
39391793.0
39402875.0
39413955.0
39425035.0
39436116.0
39447197.0
39458277.0
39469358.0
39480439.0
39491519.0
39502600.0
39513681.0
39524762.0
39535842.0
39546923.0
39558004.0
39569086.0
39580165.0
39591245.0
39602326.0
39613407.0
39624488.0
39635568.0
39646649.0
39657730.0
39668810.0
39679891.0
39690971.0
39702052.0
39713133.0
39724214.0
39735294.0
39746375.0
39757455.0
39768536.0
39779617.0
39790697.0
39801778.0
39812859.0
39823940.0
39835020.0
39846101.0
39857181.0
39868262.0
39879343.0
39890424.0
39901504.0
39912585.0
39923666.0
39934746.0
39945827.0
39956908.0
39967988.0
39979069.0
