1008342.0
1019422.0
1030503.0
1041584.0
1052665.0
1063745.0
1074826.0
1085906.0
1096987.0
1108068.0
1119148.0
1130229.0
1141310.0
1152390.0
1163471.0
1174552.0
1185632.0
1196713.0
1207794.0
1218874.0
1229955.0
1241036.0
1252117.0
1263197.0
1274278.0
1285358.0
1296439.0
1307520.0
1318601.0
1329681.0
1340762.0
1351843.0
1362923.0
1374004.0
1385085.0
1396165.0
1407246.0
1418326.0
1429407.0
1440488.0
1451569.0
1462649.0
1473730.0
1484811.0
1495891.0
1506972.0
1518052.0
1529133.0
1540214.0
1551295.0
1562375.0
1573456.0
1584537.0
1595617.0
1606698.0
1617779.0
1628859.0
1639940.0
1651022.0
1662101.0
1673182.0
1684263.0
1695343.0
1706424.0
1717505.0
1728585.0
1739666.0
1750747.0
1761827.0
1772908.0
1783989.0
1795069.0
1806150.0
1817231.0
1828311.0
1839393.0
1850473.0
1861554.0
1872634.0
1883715.0
1894795.0
1905876.0
1916957.0
1928037.0
1939118.0
1950199.0
1961280.0
1972360.0
1983441.0
1994522.0
2005603.0
2016683.0
2027764.0
2038844.0
2049925.0
2061005.0
2072086.0
2083167.0
2094248.0
2105329.0
2116409.0
2127490.0
2138570.0
2149651.0
2160732.0
2171813.0
2182893.0
2193974.0
2205054.0
2216135.0
2227216.0
2238296.0
2249378.0
2260458.0
2271538.0
2282619.0
2293700.0
2304780.0
2315861.0
2326942.0
2338023.0
2349103.0
2360184.0
2371264.0
2382345.0
2393426.0
2404507.0
2415587.0
2426668.0
2437749.0
2448829.0
2459910.0
2470990.0
2482071.0
2493152.0
2504233.0
2515313.0
2526394.0
2537475.0
2548555.0
2559636.0
2570716.0
2581797.0
2592878.0
2603959.0
2615039.0
2626120.0
2637201.0
2648281.0
2659362.0
2670443.0
2681523.0
2692604.0
2703685.0
2714765.0
2725846.0
2736927.0
2748007.0
2759088.0
2770169.0
2781249.0
2792330.0
2803411.0
2814491.0
2825572.0
2836654.0
2847734.0
2858814.0
2869895.0
2880975.0
2892056.0
2903137.0
2914217.0
2925298.0
2936379.0
2947459.0
2958540.0
2969621.0
2980701.0
2991782.0
3002863.0
3013943.0
3025024.0
3036105.0
3047186.0
3058266.0
3069347.0
3080428.0
3091508.0
3102589.0
3113669.0
3124750.0
3135831.0
3146912.0
3157992.0
3169073.0
3180154.0
3191234.0
3202315.0
3213396.0
3224476.0
3235557.0
3246638.0
3257718.0
3268799.0
3279880.0
3290960.0
3302041.0
3313121.0
3324202.0
3335284.0
3346364.0
3357444.0
3368525.0
3379606.0
3390686.0
3401767.0
3412848.0
3423928.0
3435009.0
3446090.0
3457171.0
3468251.0
3479332.0
3490412.0
3501493.0
3512574.0
3523654.0
3534735.0
3545816.0
3556896.0
3567977.0
3579058.0
3590139.0
3601219.0
3612300.0
3623381.0
3634461.0
3645542.0
3656622.0
3667703.0
3678784.0
3689865.0
3700945.0
3712026.0
3723107.0
3734187.0
3745268.0
3756348.0
3767429.0
3778510.0
3789591.0
3800671.0
3811752.0
3822833.0
3833914.0
3844994.0
3856075.0
3867155.0
3878236.0
3889317.0
3900397.0
3911478.0
3922559.0
3933639.0
3944720.0
3955801.0
3966881.0
3977962.0
3989043.0
4000123.0
4011204.0
4022285.0
4033365.0
4044447.0
4055527.0
4066607.0
4077688.0
4088769.0
4099849.0
4110930.0
4122011.0
4133091.0
4144172.0
4155253.0
4166334.0
4177414.0
4188495.0
4199576.0
4210656.0
4221737.0
4232818.0
4243899.0
4254979.0
4266059.0
4277140.0
4288221.0
4299302.0
4310382.0
4321463.0
4332544.0
4343624.0
4354705.0
4365785.0
4376866.0
4387947.0
4399028.0
4410108.0
4421189.0
4432270.0
4443350.0
4454431.0
4465512.0
4476592.0
4487673.0
4498754.0
4509834.0
4520915.0
4531996.0
4543076.0
4554157.0
4565238.0
4576318.0
4587399.0
4598480.0
4609560.0
4620641.0
4631722.0
4642803.0
4653883.0
4664964.0
4676044.0
4687125.0
4698206.0
4709286.0
4720367.0
4731448.0
4742529.0
4753609.0
4764690.0
4775771.0
4786851.0
4797932.0
4809012.0
4820093.0
4831176.0
4842255.0
4853335.0
4864416.0
4875497.0
4886577.0
4897658.0
4908738.0
4919819.0
4930900.0
4941980.0
4953061.0
4964142.0
4975223.0
4986303.0
4997384.0
5008465.0
5019545.0
5030626.0
5041707.0
5052787.0
5063868.0
5074949.0
5086029.0
5097110.0
5108191.0
5119271.0
5130352.0
5141432.0
5152513.0
5163594.0
5174675.0
5185755.0
5196836.0
5207917.0
5218997.0
5230078.0
5241159.0
5252239.0
5263320.0
5274401.0
5285481.0
5296562.0
5307643.0
5318723.0
5329804.0
5340885.0
5351965.0
5363046.0
5374127.0
5385207.0
5396288.0
5407369.0
5418450.0
5429530.0
5440611.0
5451691.0
5462772.0
5473853.0
5484934.0
5496015.0
5507095.0
5518175.0
5529256.0
5540337.0
5551417.0
5562498.0
5573579.0
5584660.0
5595740.0
5606821.0
5617902.0
5628983.0
5640063.0
5651144.0
5662225.0
5673305.0
5684386.0
5695466.0
5706547.0
5717628.0
5728708.0
5739789.0
5750870.0
5761950.0
5773031.0
5784112.0
5795192.0
5806273.0
5817354.0
5828436.0
5839516.0
5850596.0
5861676.0
5872757.0
5883838.0
5894918.0
5905999.0
5917080.0
5928161.0
5939241.0
5950322.0
5961403.0
5972483.0
5983564.0
5994645.0
6005725.0
6016806.0
6027887.0
6038968.0
6050048.0
6061129.0
6072209.0
6083290.0
6094370.0
6105451.0
6116532.0
6127612.0
6138693.0
6149774.0
6160855.0
6171935.0
6183016.0
6194096.0
6205177.0
6216258.0
6227339.0
6238419.0
6249500.0
6260581.0
6271661.0
6282742.0
6293823.0
6304903.0
6315984.0
6327068.0
6338145.0
6349226.0
6360307.0
6371387.0
6382468.0
6393549.0
6404629.0
6415710.0
6426791.0
6437872.0
6448952.0
6460033.0
6471113.0
6482194.0
6493275.0
6504355.0
6515436.0
6526517.0
6537597.0
6548678.0
6559759.0
6570840.0
6581920.0
6593001.0
6604082.0
6615162.0
6626243.0
6637324.0
6648404.0
6659485.0
6670565.0
6681646.0
6692727.0
6703808.0
6714888.0
6725969.0
6737049.0
6748130.0
6759211.0
6770292.0
6781372.0
6792453.0
6803534.0
6814614.0
6825695.0
6836776.0
6847857.0
6858937.0
6870018.0
6881098.0
6892179.0
6903260.0
6914340.0
6925421.0
6936502.0
6947582.0
6958663.0
6969744.0
6980824.0
6991905.0
7002986.0
7014066.0
7025147.0
7036228.0
7047308.0
7058389.0
7069470.0
7080550.0
7091631.0
7102712.0
7113792.0
7124873.0
7135954.0
7147034.0
7158115.0
7169196.0
7180276.0
7191357.0
7202438.0
7213519.0
7224599.0
7235680.0
7246760.0
7257841.0
7268922.0
7280002.0
7291083.0
7302164.0
7313245.0
7324326.0
7335406.0
7346487.0
7357567.0
7368648.0
7379729.0
7390809.0
7401890.0
7412971.0
7424051.0
7435132.0
7446212.0
7457293.0
7468374.0
7479454.0
7490536.0
7501616.0
7512697.0
7523777.0
7534858.0
7545939.0
7557019.0
7568100.0
7579181.0
7590261.0
7601342.0
7612423.0
7623504.0
7634584.0
7645665.0
7656746.0
7667826.0
7678907.0
7689987.0
7701068.0
7712149.0
7723229.0
7734310.0
7745391.0
7756472.0
7767552.0
7778633.0
7789713.0
7800794.0
7811875.0
7822957.0
7834037.0
7845117.0
7856198.0
7867278.0
7878359.0
7889440.0
7900520.0
7911601.0
7922682.0
7933762.0
7944843.0
7955923.0
7967004.0
7978085.0
7989166.0
8000246.0
8011327.0
8022408.0
8033489.0
8044569.0
8055650.0
8066730.0
8077811.0
8088892.0
8099972.0
8111053.0
8122134.0
8133214.0
8144295.0
8155376.0
8166456.0
8177537.0
8188618.0
8199698.0
8210779.0
8221860.0
8232941.0
8244021.0
8255102.0
8266183.0
8277263.0
8288344.0
8299425.0
8310505.0
8321586.0
8332666.0
8343747.0
8354828.0
8365908.0
8376989.0
8388070.0
8399150.0
8410231.0
8421312.0
8432393.0
8443473.0
8454554.0
8465634.0
8476715.0
8487796.0
8498876.0
8509957.0
8521038.0
8532118.0
8543199.0
8554280.0
8565361.0
8576441.0
8587522.0
8598603.0
8609683.0
8620764.0
8631845.0
8642925.0
8654006.0
8665087.0
8676167.0
8687248.0
8698329.0
8709409.0
8720490.0
8731571.0
8742651.0
8753732.0
8764813.0
8775893.0
8786974.0
8798055.0
8809135.0
8820217.0
8831297.0
8842378.0
8853458.0
8864539.0
8875619.0
8886700.0
8897781.0
8908861.0
8919942.0
8931023.0
8942103.0
8953184.0
8964265.0
8975345.0
8986428.0
8997507.0
9008588.0
9019668.0
9030750.0
9041830.0
9052910.0
9063991.0
9075071.0
9086152.0
9097233.0
9108313.0
9119394.0
9130475.0
9141556.0
9152637.0
9163717.0
9174798.0
9185879.0
9196959.0
9208040.0
9219121.0
9230201.0
9241282.0
9252362.0
9263443.0
9274524.0
9285604.0
9296685.0
9307766.0
9318846.0
9329927.0
9341008.0
9352088.0
9363169.0
9374250.0
9385330.0
9396411.0
9407492.0
9418573.0
9429653.0
9440734.0
9451815.0
9462895.0
9473976.0
9485057.0
9496137.0
9507218.0
9518298.0
9529379.0
9540460.0
9551541.0
9562621.0
9573702.0
9584783.0
9595863.0
9606944.0
9618025.0
9629105.0
9640186.0
9651267.0
9662347.0
9673428.0
9684509.0
9695589.0
9706670.0
9717750.0
9728831.0
9739912.0
9750993.0
9762073.0
9773154.0
9784235.0
9795315.0
9806396.0
9817477.0
9828558.0
9839638.0
9850719.0
9861799.0
9872880.0
9883961.0
9895041.0
9906122.0
9917203.0
9928283.0
9939364.0
9950445.0
9961525.0
9972606.0
9983688.0
9994767.0
10005848.0
10016930.0
10028009.0
10039090.0
10050171.0
10061252.0
10072332.0
10083413.0
10094493.0
10105574.0
10116655.0
10127735.0
10138816.0
10149897.0
10160977.0
10172058.0
10183139.0
10194220.0
10205300.0
10216382.0
10227462.0
10238542.0
10249623.0
10260703.0
10271784.0
10282865.0
10293946.0
10305026.0
10316108.0
10327188.0
10338268.0
10349349.0
10360430.0
10371511.0
10382591.0
10393672.0
10404752.0
10415833.0
10426914.0
10437994.0
10449075.0
10460156.0
10471236.0
10482317.0
10493398.0
10504478.0
10515559.0
10526640.0
10537720.0
10548801.0
10559882.0
10570962.0
10582043.0
10593124.0
10604204.0
10615285.0
10626366.0
10637446.0
10648528.0
10659608.0
10670688.0
10681769.0
10692850.0
10703931.0
10715011.0
10726092.0
10737173.0
10748253.0
10759334.0
10770415.0
10781495.0
10792576.0
10803657.0
10814738.0
10825818.0
10836899.0
10847979.0
10859060.0
10870141.0
10881221.0
10892302.0
10903383.0
10914463.0
10925544.0
10936625.0
10947705.0
10958786.0
10969867.0
10980948.0
10992028.0
11003109.0
11014189.0
11025271.0
11036351.0
11047431.0
11058512.0
11069593.0
11080673.0
11091754.0
11102835.0
11113915.0
11124996.0
11136077.0
11147158.0
11158238.0
11169319.0
11180399.0
11191480.0
11202561.0
11213641.0
11224723.0
11235803.0
11246883.0
11257964.0
11269045.0
11280126.0
11291206.0
11302287.0
11313368.0
11324448.0
11335529.0
11346610.0
11357690.0
11368771.0
11379851.0
11390932.0
11402013.0
11413094.0
11424174.0
11435255.0
11446336.0
11457416.0
11468497.0
11479578.0
11490658.0
11501739.0
11512819.0
11523900.0
11534981.0
11546062.0
11557142.0
11568223.0
11579304.0
11590384.0
11601465.0
11612546.0
11623627.0
11634707.0
11645788.0
11656868.0
11667949.0
11679030.0
11690110.0
11701191.0
11712272.0
11723352.0
11734433.0
11745514.0
11756594.0
11767675.0
11778756.0
11789837.0
11800917.0
11811999.0
11823079.0
11834159.0
11845240.0
11856321.0
11867401.0
11878482.0
11889563.0
11900643.0
11911724.0
11922805.0
11933885.0
11944966.0
11956047.0
11967127.0
11978208.0
11989289.0
12000369.0
12011450.0
12022531.0
12033611.0
12044692.0
12055772.0
12066853.0
12077934.0
12089015.0
12100095.0
12111176.0
12122257.0
12133337.0
12144418.0
12155498.0
12166579.0
12177660.0
12188741.0
12199821.0
12210902.0
12221983.0
12233063.0
12244144.0
12255225.0
12266305.0
12277386.0
12288467.0
12299548.0
12310628.0
12321709.0
12332789.0
12343870.0
12354951.0
12366031.0
12377112.0
12388193.0
12399273.0
12410354.0
12421435.0
12432515.0
12443596.0
12454677.0
12465758.0
12476839.0
12487919.0
12498999.0
12510080.0
12521161.0
12532242.0
12543322.0
12554403.0
12565484.0
12576564.0
12587645.0
12598725.0
12609807.0
12620887.0
12631968.0
12643049.0
12654129.0
12665210.0
12676290.0
12687371.0
12698451.0
12709532.0
12720613.0
12731694.0
12742774.0
12753855.0
12764936.0
12776016.0
12787097.0
12798178.0
12809259.0
12820340.0
12831420.0
12842500.0
12853581.0
12864662.0
12875742.0
12886823.0
12897904.0
12908984.0
12920065.0
12931146.0
12942226.0
12953307.0
12964388.0
12975468.0
12986549.0
12997630.0
13008711.0
13019792.0
13030872.0
13041953.0
13053033.0
13064114.0
13075195.0
13086275.0
13097356.0
13108437.0
13119517.0
13130598.0
13141679.0
13152759.0
13163840.0
13174921.0
13186001.0
13197082.0
13208163.0
13219244.0
13230324.0
13241405.0
13252485.0
13263566.0
13274647.0
13285727.0
13296808.0
13307889.0
13318969.0
13330050.0
13341131.0
13352211.0
13363292.0
13374373.0
13385453.0
13396534.0
13407615.0
13418696.0
13429776.0
13440857.0
13451937.0
13463018.0
13474099.0
13485179.0
13496260.0
13507341.0
13518421.0
13529502.0
13540583.0
13551663.0
13562744.0
13573825.0
13584905.0
13595986.0
13607068.0
13618148.0
13629228.0
13640309.0
13651389.0
13662470.0
13673551.0
13684632.0
13695712.0
13706795.0
13717874.0
13728954.0
13740035.0
13751115.0
13762196.0
13773277.0
13784358.0
13795438.0
13806519.0
13817600.0
13828681.0
13839761.0
13850842.0
13861923.0
13873003.0
13884084.0
13895164.0
13906245.0
13917325.0
13928406.0
13939487.0
13950568.0
13961648.0
13972729.0
13983810.0
13994890.0
14005971.0
14017053.0
14028132.0
14039213.0
14050294.0
14061374.0
14072455.0
14083536.0
14094616.0
14105697.0
14116778.0
14127858.0
14138939.0
14150020.0
14161100.0
14172181.0
14183262.0
14194342.0
14205423.0
14216504.0
14227585.0
14238665.0
14249746.0
14260827.0
14271907.0
14282988.0
14294069.0
14305149.0
14316230.0
14327311.0
14338391.0
14349472.0
14360553.0
14371633.0
14382714.0
14393794.0
14404875.0
14415957.0
14427036.0
14438117.0
14449198.0
14460279.0
14471360.0
14482440.0
14493521.0
14504601.0
14515682.0
14526763.0
14537843.0
14548924.0
14560005.0
14571085.0
14582166.0
14593247.0
14604327.0
14615408.0
14626489.0
14637570.0
14648650.0
14659731.0
14670811.0
14681892.0
14692973.0
14704053.0
14715134.0
14726215.0
14737295.0
14748376.0
14759457.0
14770538.0
14781618.0
14792699.0
14803781.0
14814860.0
14825941.0
14837022.0
14848102.0
14859183.0
14870264.0
14881344.0
14892425.0
14903506.0
14914586.0
14925667.0
14936747.0
14947828.0
14958909.0
14969990.0
14981070.0
14992151.0
15003232.0
15014312.0
15025393.0
15036473.0
15047554.0
15058635.0
15069716.0
15080796.0
15091877.0
15102958.0
15114038.0
15125119.0
15136200.0
15147281.0
15158361.0
15169442.0
15180522.0
15191603.0
15202685.0
15213765.0
15224845.0
15235926.0
15247006.0
15258087.0
15269168.0
15280248.0
15291329.0
15302410.0
15313490.0
15324571.0
15335652.0
15346732.0
15357813.0
15368894.0
15379975.0
15391055.0
15402136.0
15413217.0
15424297.0
15435378.0
15446459.0
15457539.0
15468620.0
15479701.0
15490781.0
15501862.0
15512943.0
15524023.0
15535104.0
15546185.0
15557266.0
15568346.0
15579426.0
15590507.0
15601588.0
15612669.0
15623749.0
15634830.0
15645911.0
15656991.0
15668072.0
15679152.0
15690233.0
15701314.0
15712395.0
15723475.0
15734556.0
15745637.0
15756717.0
15767798.0
15778879.0
15789959.0
15801041.0
15812122.0
15823201.0
15834282.0
15845363.0
15856443.0
15867524.0
15878605.0
15889685.0
15900766.0
15911847.0
15922927.0
15934008.0
15945089.0
15956169.0
15967250.0
15978331.0
15989412.0
16000492.0
16011573.0
16022654.0
16033734.0
16044815.0
16055896.0
16066976.0
16078057.0
16089137.0
16100218.0
16111299.0
16122380.0
16133461.0
16144541.0
16155622.0
16166702.0
16177783.0
16188864.0
16199944.0
16211025.0
16222105.0
16233186.0
16244267.0
16255348.0
16266428.0
16277509.0
16288590.0
16299671.0
16310751.0
16321832.0
16332912.0
16343993.0
16355074.0
16366154.0
16377235.0
16388316.0
16399396.0
16410478.0
16421558.0
16432638.0
16443719.0
16454800.0
16465880.0
16476961.0
16488042.0
16499122.0
16510203.0
16521284.0
16532365.0
16543445.0
16554526.0
16565606.0
16576687.0
16587768.0
16598849.0
16609929.0
16621010.0
16632091.0
16643171.0
16654252.0
16665333.0
16676413.0
16687496.0
16698575.0
16709655.0
16720736.0
16731816.0
16742897.0
16753978.0
16765059.0
16776139.0
16787221.0
16798302.0
16809382.0
16820462.0
16831543.0
16842623.0
16853704.0
16864785.0
16875865.0
16886946.0
16898027.0
16909107.0
16920188.0
16931269.0
16942349.0
16953430.0
16964511.0
16975591.0
16986672.0
16997754.0
17008834.0
17019914.0
17030995.0
17042075.0
17053156.0
17064237.0
17075317.0
17086398.0
17097479.0
17108559.0
17119640.0
17130721.0
17141801.0
17152882.0
17163963.0
17175043.0
17186124.0
17197205.0
17208286.0
17219366.0
17230447.0
17241527.0
17252608.0
17263689.0
17274770.0
17285850.0
17296931.0
17308011.0
17319092.0
17330173.0
17341253.0
17352334.0
17363415.0
17374496.0
17385576.0
17396657.0
17407738.0
17418818.0
17429899.0
17440980.0
17452060.0
17463141.0
17474222.0
17485302.0
17496383.0
17507464.0
17518544.0
17529625.0
17540706.0
17551786.0
17562867.0
17573948.0
17585028.0
17596109.0
17607190.0
17618271.0
17629351.0
17640432.0
17651512.0
17662593.0
17673674.0
17684754.0
17695835.0
17706916.0
17717997.0
17729077.0
17740158.0
17751239.0
17762319.0
17773400.0
17784481.0
17795562.0
17806642.0
17817722.0
17828803.0
17839884.0
17850965.0
17862045.0
17873126.0
17884207.0
17895287.0
17906368.0
17917449.0
17928529.0
17939610.0
17950691.0
17961771.0
17972852.0
17983933.0
17995013.0
18006094.0
18017175.0
18028255.0
18039336.0
18050417.0
18061497.0
18072578.0
18083659.0
18094739.0
18105820.0
18116901.0
18127982.0
18139062.0
18150143.0
18161223.0
18172304.0
18183385.0
18194465.0
18205547.0
18216627.0
18227707.0
18238788.0
18249869.0
18260949.0
18272030.0
18283111.0
18294192.0
18305272.0
18316353.0
18327434.0
18338514.0
18349595.0
18360676.0
18371756.0
18382837.0
18393918.0
18404999.0
18416079.0
18427160.0
18438240.0
18449321.0
18460402.0
18471482.0
18482563.0
18493644.0
18504724.0
18515805.0
18526886.0
18537966.0
18549047.0
18560128.0
18571208.0
18582289.0
18593370.0
18604451.0
18615531.0
18626612.0
18637693.0
18648773.0
18659854.0
18670934.0
18682015.0
18693096.0
18704176.0
18715257.0
18726338.0
18737418.0
18748499.0
18759580.0
18770660.0
18781741.0
18792823.0
18803903.0
18814983.0
18826064.0
18837144.0
18848225.0
18859306.0
18870386.0
18881467.0
18892548.0
18903629.0
18914710.0
18925790.0
18936871.0
18947951.0
18959032.0
18970112.0
18981193.0
18992274.0
19003355.0
19014435.0
19025516.0
19036597.0
19047677.0
19058758.0
19069839.0
19080919.0
19092000.0
19103081.0
19114161.0
19125242.0
19136323.0
19147403.0
19158484.0
19169565.0
19180645.0
19191726.0
19202807.0
19213887.0
19224968.0
19236049.0
19247129.0
19258210.0
19269291.0
19280371.0
19291453.0
19302533.0
19313613.0
19324694.0
19335775.0
19346855.0
19357936.0
19369017.0
19380098.0
19391178.0
19402259.0
19413339.0
19424420.0
19435501.0
19446581.0
19457664.0
19468743.0
19479823.0
19490904.0
19501985.0
19513066.0
19524146.0
19535227.0
19546308.0
19557388.0
19568469.0
19579549.0
19590630.0
19601711.0
19612792.0
19623872.0
19634953.0
19646034.0
19657114.0
19668196.0
19679276.0
19690356.0
19701437.0
19712518.0
19723598.0
19734679.0
19745760.0
19756840.0
19767921.0
19779002.0
19790083.0
19801164.0
19812244.0
19823324.0
19834405.0
19845486.0
19856566.0
19867647.0
19878728.0
19889808.0
19900889.0
19911970.0
19923050.0
19934131.0
19945212.0
19956292.0
19967373.0
19978454.0
19989534.0
20000615.0
20011696.0
20022777.0
20033857.0
20044938.0
20056019.0
20067099.0
20078180.0
20089261.0
20100341.0
20111422.0
20122503.0
20133583.0
20144664.0
20155744.0
20166825.0
20177906.0
20188987.0
20200068.0
20211148.0
20222229.0
20233310.0
20244390.0
20255470.0
20266551.0
20277632.0
20288714.0
20299793.0
20310874.0
20321955.0
20333035.0
20344116.0
20355196.0
20366277.0
20377358.0
20388440.0
20399520.0
20410600.0
20421681.0
20432761.0
20443842.0
20454923.0
20466003.0
20477084.0
20488165.0
20499245.0
20510326.0
20521407.0
20532487.0
20543568.0
20554649.0
20565729.0
20576810.0
20587891.0
20598972.0
20610052.0
20621133.0
20632214.0
20643294.0
20654375.0
20665456.0
20676536.0
20687617.0
20698697.0
20709778.0
20720859.0
20731939.0
20743020.0
20754101.0
20765182.0
20776262.0
20787343.0
20798424.0
20809504.0
20820585.0
20831665.0
20842746.0
20853827.0
20864908.0
20875988.0
20887069.0
20898149.0
20909230.0
20920311.0
20931392.0
20942472.0
20953553.0
20964634.0
20975714.0
20986795.0
20997876.0
21008957.0
21020037.0
21031117.0
21042198.0
21053279.0
21064360.0
21075440.0
21086521.0
21097602.0
21108683.0
21119763.0
21130844.0
21141925.0
21153005.0
21164086.0
21175167.0
21186247.0
21197328.0
21208409.0
21219489.0
21230570.0
21241651.0
21252731.0
21263812.0
21274892.0
21285973.0
21297054.0
21308134.0
21319215.0
21330296.0
21341376.0
21352457.0
21363538.0
21374619.0
21385699.0
21396781.0
21407861.0
21418941.0
21430022.0
21441103.0
21452184.0
21463264.0
21474345.0
21485425.0
21496506.0
21507587.0
21518667.0
21529748.0
21540829.0
21551909.0
21562990.0
21574071.0
21585152.0
21596232.0
21607313.0
21618393.0
21629474.0
21640555.0
21651635.0
21662716.0
21673797.0
21684877.0
21695958.0
21707039.0
21718120.0
21729200.0
21740281.0
21751361.0
21762442.0
21773523.0
21784604.0
21795685.0
21806765.0
21817845.0
21828926.0
21840007.0
21851088.0
21862168.0
21873249.0
21884330.0
21895410.0
21906491.0
21917572.0
21928652.0
21939733.0
21950815.0
21961894.0
21972975.0
21984056.0
21995137.0
22006217.0
22017298.0
22028378.0
22039459.0
22050540.0
22061620.0
22072701.0
22083782.0
22094862.0
22105943.0
22117024.0
22128104.0
22139185.0
22150266.0
22161346.0
22172427.0
22183508.0
22194589.0
22205669.0
22216750.0
22227830.0
22238911.0
22249992.0
22261072.0
22272153.0
22283234.0
22294315.0
22305395.0
22316476.0
22327557.0
22338637.0
22349719.0
22360799.0
22371879.0
22382960.0
22394040.0
22405121.0
22416202.0
22427283.0
22438363.0
22449446.0
22460525.0
22471605.0
22482686.0
22493766.0
22504847.0
22515928.0
22527009.0
22538089.0
22549170.0
22560250.0
22571331.0
22582412.0
22593493.0
22604573.0
22615654.0
22626735.0
22637815.0
22648896.0
22659977.0
22671057.0
22682138.0
22693219.0
22704300.0
22715380.0
22726461.0
22737541.0
22748622.0
22759703.0
22770783.0
22781865.0
22792946.0
22804025.0
22815106.0
22826187.0
22837267.0
22848348.0
22859429.0
22870510.0
22881590.0
22892671.0
22903752.0
22914832.0
22925913.0
22936993.0
22948074.0
22959155.0
22970236.0
22981316.0
22992397.0
23003478.0
23014559.0
23025639.0
23036719.0
23047800.0
23058881.0
23069962.0
23081042.0
23092123.0
23103204.0
23114284.0
23125365.0
23136445.0
23147526.0
23158607.0
23169688.0
23180768.0
23191849.0
23202930.0
23214010.0
23225091.0
23236172.0
23247252.0
23258333.0
23269414.0
23280494.0
23291575.0
23302656.0
23313736.0
23324817.0
23335898.0
23346978.0
23358059.0
23369140.0
23380221.0
23391301.0
23402382.0
23413463.0
23424543.0
23435624.0
23446705.0
23457785.0
23468866.0
23479947.0
23491027.0
23502108.0
23513189.0
23524270.0
23535350.0
23546430.0
23557511.0
23568592.0
23579673.0
23590754.0
23601834.0
23612915.0
23623995.0
23635076.0
23646156.0
23657237.0
23668318.0
23679399.0
23690479.0
23701560.0
23712641.0
23723721.0
23734802.0
23745883.0
23756963.0
23768044.0
23779125.0
23790206.0
23801286.0
23812367.0
23823448.0
23834528.0
23845609.0
23856689.0
23867770.0
23878851.0
23889931.0
23901012.0
23912093.0
23923173.0
23934254.0
23945335.0
23956415.0
23967496.0
23978577.0
23989657.0
24000738.0
24011819.0
24022900.0
24033980.0
24045061.0
24056141.0
24067222.0
24078303.0
24089384.0
24100464.0
24111545.0
24122625.0
24133706.0
24144787.0
24155867.0
24166948.0
24178029.0
24189110.0
24200190.0
24211271.0
24222351.0
24233432.0
24244514.0
24255594.0
24266674.0
24277755.0
24288836.0
24299916.0
24310997.0
24322078.0
24333158.0
24344239.0
24355320.0
24366400.0
24377481.0
24388562.0
24399642.0
24410723.0
24421804.0
24432884.0
24443965.0
24455046.0
24466126.0
24477207.0
24488288.0
24499368.0
24510449.0
24521529.0
24532610.0
24543691.0
24554772.0
24565853.0
24576933.0
24588014.0
24599095.0
24610176.0
24621256.0
24632336.0
24643417.0
24654498.0
24665579.0
24676659.0
24687740.0
24698820.0
24709902.0
24720982.0
24732062.0
24743143.0
24754224.0
24765305.0
24776387.0
24787467.0
24798546.0
24809627.0
24820708.0
24831789.0
24842869.0
24853950.0
24865031.0
24876111.0
24887192.0
24898273.0
24909353.0
24920434.0
24931515.0
24942596.0
24953676.0
24964757.0
24975838.0
24986918.0
24997999.0
25009079.0
25020160.0
25031241.0
25042321.0
25053402.0
25064483.0
25075563.0
25086644.0
25097725.0
25108805.0
25119886.0
25130967.0
25142048.0
25153128.0
25164209.0
25175290.0
25186370.0
25197451.0
25208532.0
25219612.0
25230693.0
25241774.0
25252854.0
25263935.0
25275016.0
25286096.0
25297177.0
25308258.0
25319338.0
25330419.0
25341500.0
25352580.0
25363661.0
25374743.0
25385823.0
25396903.0
25407984.0
25419064.0
25430145.0
25441226.0
25452306.0
25463387.0
25474468.0
25485548.0
25496629.0
25507710.0
25518790.0
25529871.0
25540952.0
25552032.0
25563113.0
25574194.0
25585275.0
25596355.0
25607436.0
25618516.0
25629597.0
25640678.0
25651758.0
25662839.0
25673920.0
25685000.0
25696081.0
25707162.0
25718243.0
25729323.0
25740404.0
25751485.0
25762565.0
25773647.0
25784727.0
25795807.0
25806888.0
25817968.0
25829049.0
25840130.0
25851210.0
25862291.0
25873372.0
25884453.0
25895533.0
25906614.0
25917694.0
25928775.0
25939858.0
25950937.0
25962017.0
25973098.0
25984179.0
25995259.0
26006340.0
26017420.0
26028501.0
26039582.0
26050663.0
26061743.0
26072824.0
26083905.0
26094985.0
26106066.0
26117147.0
26128227.0
26139308.0
26150389.0
26161469.0
26172550.0
26183631.0
26194711.0
26205792.0
26216873.0
26227953.0
26239034.0
26250115.0
26261196.0
26272277.0
26283357.0
26294437.0
26305518.0
26316599.0
26327679.0
26338760.0
26349841.0
26360922.0
26372002.0
26383084.0
26394164.0
26405244.0
26416325.0
26427406.0
26438487.0
26449567.0
26460647.0
26471728.0
26482809.0
26493890.0
26504970.0
26516051.0
26527132.0
26538212.0
26549293.0
26560374.0
26571454.0
26582535.0
26593616.0
26604697.0
26615777.0
26626858.0
26637938.0
26649019.0
26660100.0
26671180.0
26682261.0
26693342.0
26704422.0
26715503.0
26726584.0
26737664.0
26748745.0
26759826.0
26770908.0
26781988.0
26793068.0
26804149.0
26815229.0
26826310.0
26837391.0
26848471.0
26859552.0
26870633.0
26881713.0
26892794.0
26903875.0
26914955.0
26926036.0
26937118.0
26948197.0
26959278.0
26970359.0
26981440.0
26992520.0
27003601.0
27014681.0
27025762.0
27036843.0
27047923.0
27059004.0
27070085.0
27081165.0
27092246.0
27103327.0
27114407.0
27125488.0
27136569.0
27147649.0
27158730.0
27169811.0
27180892.0
27191972.0
27203053.0
27214133.0
27225214.0
27236295.0
27247375.0
27258456.0
27269537.0
27280617.0
27291698.0
27302779.0
27313859.0
27324940.0
27336021.0
27347102.0
27358182.0
27369263.0
27380343.0
27391424.0
27402505.0
27413586.0
27424666.0
27435747.0
27446828.0
27457908.0
27468989.0
27480070.0
27491150.0
27502231.0
27513311.0
27524392.0
27535473.0
27546554.0
27557634.0
27568715.0
27579796.0
27590877.0
27601958.0
27613037.0
27624118.0
27635199.0
27646280.0
27657360.0
27668441.0
27679522.0
27690603.0
27701683.0
27712764.0
27723844.0
27734925.0
27746006.0
27757086.0
27768169.0
27779249.0
27790328.0
27801409.0
27812489.0
27823570.0
27834651.0
27845732.0
27856812.0
27867893.0
27878974.0
27890055.0
27901136.0
27912216.0
27923297.0
27934377.0
27945458.0
27956538.0
27967619.0
27978700.0
27989781.0
28000861.0
28011942.0
28023023.0
28034103.0
28045184.0
28056264.0
28067345.0
28078426.0
28089507.0
28100587.0
28111668.0
28122749.0
28133829.0
28144910.0
28155991.0
28167071.0
28178152.0
28189233.0
28200313.0
28211394.0
28222475.0
28233555.0
28244636.0
28255717.0
28266797.0
28277878.0
28288959.0
28300039.0
28311124.0
28322201.0
28333281.0
28344362.0
28355443.0
28366523.0
28377604.0
28388685.0
28399766.0
28410846.0
28421927.0
28433008.0
28444088.0
28455169.0
28466250.0
28477330.0
28488411.0
28499492.0
28510572.0
28521653.0
28532734.0
28543814.0
28554895.0
28565975.0
28577057.0
28588137.0
28599218.0
28610298.0
28621379.0
28632460.0
28643540.0
28654621.0
28665701.0
28676782.0
28687863.0
28698944.0
28710024.0
28721105.0
28732186.0
28743266.0
28754347.0
28765428.0
28776508.0
28787589.0
28798670.0
28809750.0
28820831.0
28831912.0
28842992.0
28854073.0
28865154.0
28876234.0
28887315.0
28898396.0
28909476.0
28920557.0
28931639.0
28942718.0
28953799.0
28964880.0
28975960.0
28987041.0
28998122.0
29009202.0
29020283.0
29031364.0
29042445.0
29053525.0
29064606.0
29075687.0
29086767.0
29097848.0
29108928.0
29120009.0
29131090.0
29142171.0
29153251.0
29164332.0
29175413.0
29186493.0
29197574.0
29208654.0
29219735.0
29230816.0
29241897.0
29252977.0
29264058.0
29275139.0
29286219.0
29297300.0
29308380.0
29319461.0
29330542.0
29341623.0
29352703.0
29363784.0
29374865.0
29385946.0
29397026.0
29408107.0
29419187.0
29430268.0
29441349.0
29452429.0
29463510.0
29474591.0
29485671.0
29496752.0
29507833.0
29518914.0
29529994.0
29541075.0
29552156.0
29563236.0
29574317.0
29585397.0
29596479.0
29607559.0
29618639.0
29629720.0
29640801.0
29651882.0
29662962.0
29674043.0
29685124.0
29696204.0
29707285.0
29718365.0
29729446.0
29740527.0
29751608.0
29762690.0
29773770.0
29784849.0
29795931.0
29807011.0
29818092.0
29829172.0
29840253.0
29851334.0
29862414.0
29873495.0
29884576.0
29895657.0
29906737.0
29917818.0
29928898.0
29939979.0
29951060.0
29962141.0
29973221.0
29984302.0
29995382.0
30006463.0
30017544.0
30028625.0
30039705.0
30050786.0
30061867.0
30072947.0
30084028.0
30095109.0
30106189.0
30117270.0
30128351.0
30139431.0
30150512.0
30161596.0
30172673.0
30183754.0
30194835.0
30205915.0
30216996.0
30228077.0
30239157.0
30250238.0
30261319.0
30272399.0
30283480.0
30294561.0
30305641.0
30316722.0
30327803.0
30338883.0
30349964.0
30361045.0
30372125.0
30383206.0
30394287.0
30405367.0
30416448.0
30427529.0
30438609.0
30449690.0
30460771.0
30471851.0
30482932.0
30494013.0
30505093.0
30516174.0
30527255.0
30538335.0
30549416.0
30560497.0
30571578.0
30582658.0
30593739.0
30604819.0
30615900.0
30626981.0
30638062.0
30649142.0
30660223.0
30671304.0
30682384.0
30693465.0
30704546.0
30715626.0
30726707.0
30737787.0
30748868.0
30759951.0
30771030.0
30782110.0
30793191.0
30804271.0
30815352.0
30826433.0
30837514.0
30848594.0
30859675.0
30870756.0
30881836.0
30892917.0
30903998.0
30915078.0
30926159.0
30937240.0
30948320.0
30959401.0
30970482.0
30981562.0
30992643.0
31003724.0
31014805.0
31025885.0
31036966.0
31048046.0
31059127.0
31070208.0
31081289.0
31092370.0
31103450.0
31114530.0
31125611.0
31136692.0
31147773.0
31158854.0
31169934.0
31181015.0
31192095.0
31203176.0
31214257.0
31225337.0
31236418.0
31247498.0
31258579.0
31269660.0
31280741.0
31291821.0
31302902.0
31313983.0
31325063.0
31336144.0
31347224.0
31358305.0
31369386.0
31380467.0
31391548.0
31402628.0
31413709.0
31424791.0
31435870.0
31446951.0
31458031.0
31469112.0
31480193.0
31491273.0
31502354.0
31513435.0
31524515.0
31535596.0
31546677.0
31557757.0
31568839.0
31579919.0
31591000.0
31602080.0
31613161.0
31624241.0
31635322.0
31646403.0
31657483.0
31668564.0
31679645.0
31690725.0
31701806.0
31712887.0
31723967.0
31735048.0
31746129.0
31757210.0
31768291.0
31779371.0
31790452.0
31801532.0
31812613.0
31823694.0
31834774.0
31845855.0
31856935.0
31868016.0
31879097.0
31890178.0
31901258.0
31912339.0
31923420.0
31934500.0
31945581.0
31956661.0
31967742.0
31978823.0
31989904.0
32000984.0
32012065.0
32023146.0
32034226.0
32045307.0
32056388.0
32067468.0
32078549.0
32089630.0
32100710.0
32111791.0
32122872.0
32133952.0
32145033.0
32156114.0
32167195.0
32178275.0
32189356.0
32200436.0
32211517.0
32222598.0
32233678.0
32244759.0
32255840.0
32266920.0
32278001.0
32289082.0
32300162.0
32311243.0
32322324.0
32333405.0
32344485.0
32355566.0
32366647.0
32377727.0
32388808.0
32399888.0
32410969.0
32422051.0
32433130.0
32444211.0
32455292.0
32466373.0
32477453.0
32488534.0
32499615.0
32510695.0
32521776.0
32532857.0
32543937.0
32555018.0
32566099.0
32577179.0
32588260.0
32599341.0
32610421.0
32621502.0
32632583.0
32643663.0
32654744.0
32665825.0
32676905.0
32687986.0
32699067.0
32710147.0
32721228.0
32732309.0
32743389.0
32754471.0
32765551.0
32776631.0
32787712.0
32798793.0
32809873.0
32820954.0
32832035.0
32843116.0
32854196.0
32865277.0
32876358.0
32887438.0
32898519.0
32909600.0
32920680.0
32931761.0
32942841.0
32953922.0
32965003.0
32976084.0
32987164.0
32998245.0
33009326.0
33020406.0
33031487.0
33042568.0
33053648.0
33064729.0
33075810.0
33086891.0
33097971.0
33109052.0
33120132.0
33131213.0
33142293.0
33153374.0
33164455.0
33175536.0
33186616.0
33197697.0
33208778.0
33219858.0
33230939.0
33242020.0
33253101.0
33264181.0
33275262.0
33286342.0
33297423.0
33308504.0
33319584.0
33330665.0
33341746.0
33352827.0
33363908.0
33374988.0
33386069.0
33397149.0
33408230.0
33419311.0
33430391.0
33441472.0
33452552.0
33463633.0
33474714.0
33485794.0
33496875.0
33507956.0
33519037.0
33530117.0
33541198.0
33552279.0
33563360.0
33574440.0
33585521.0
33596601.0
33607682.0
33618763.0
33629843.0
33640924.0
33652004.0
33663085.0
33674166.0
33685247.0
33696328.0
33707408.0
33718489.0
33729569.0
33740650.0
33751733.0
33762811.0
33773892.0
33784973.0
33796053.0
33807134.0
33818215.0
33829295.0
33840376.0
33851457.0
33862538.0
33873618.0
33884699.0
33895779.0
33906860.0
33917941.0
33929021.0
33940102.0
33951183.0
33962264.0
33973344.0
33984425.0
33995506.0
34006586.0
34017667.0
34028747.0
34039828.0
34050909.0
34061990.0
34073070.0
34084151.0
34095232.0
34106312.0
34117393.0
34128474.0
34139554.0
34150635.0
34161715.0
34172796.0
34183877.0
34194957.0
34206038.0
34217119.0
34228200.0
34239280.0
34250361.0
34261442.0
34272522.0
34283603.0
34294684.0
34305764.0
34316845.0
34327926.0
34339006.0
34350087.0
34361168.0
34372248.0
34383329.0
34394410.0
34405490.0
34416571.0
34427652.0
34438732.0
34449813.0
34460894.0
34471975.0
34483055.0
34494136.0
34505217.0
34516297.0
34527378.0
34538458.0
34549539.0
34560621.0
34571700.0
34582781.0
34593862.0
34604942.0
34616023.0
34627104.0
34638184.0
34649265.0
34660346.0
34671427.0
34682507.0
34693588.0
34704669.0
34715749.0
34726830.0
34737910.0
34748993.0
34760073.0
34771153.0
34782233.0
34793314.0
34804395.0
34815475.0
34826556.0
34837636.0
34848717.0
34859798.0
34870879.0
34881960.0
34893040.0
34904121.0
34915202.0
34926282.0
34937363.0
34948443.0
34959524.0
34970605.0
34981685.0
34992766.0
35003847.0
35014927.0
35026008.0
35037089.0
35048169.0
35059250.0
35070331.0
35081412.0
35092492.0
35103573.0
35114654.0
35125734.0
35136815.0
35147896.0
35158976.0
35170057.0
35181138.0
35192218.0
35203299.0
35214380.0
35225460.0
35236541.0
35247622.0
35258702.0
35269783.0
35280864.0
35291944.0
35303025.0
35314106.0
35325186.0
35336267.0
35347347.0
35358429.0
35369509.0
35380590.0
35391670.0
35402751.0
35413832.0
35424912.0
35435993.0
35447074.0
35458154.0
35469235.0
35480316.0
35491396.0
35502477.0
35513558.0
35524638.0
35535719.0
35546800.0
35557881.0
35568961.0
35580042.0
35591122.0
35602203.0
35613284.0
35624365.0
35635445.0
35646526.0
35657606.0
35668687.0
35679768.0
35690848.0
35701929.0
35713010.0
35724091.0
35735171.0
35746253.0
35757333.0
35768414.0
35779494.0
35790574.0
35801655.0
35812736.0
35823817.0
35834897.0
35845978.0
35857059.0
35868139.0
35879220.0
35890301.0
35901381.0
35912464.0
35923543.0
35934623.0
35945704.0
35956785.0
35967866.0
35978946.0
35990027.0
36001107.0
36012188.0
36023269.0
36034349.0
36045430.0
36056511.0
36067592.0
36078672.0
36089753.0
36100833.0
36111914.0
36122995.0
36134075.0
36145156.0
36156237.0
36167318.0
36178398.0
36189479.0
36200560.0
36211640.0
36222721.0
36233801.0
36244883.0
36255963.0
36267044.0
36278124.0
36289205.0
36300286.0
36311366.0
36322447.0
36333527.0
36344608.0
36355689.0
36366770.0
36377850.0
36388931.0
36400012.0
36411093.0
36422173.0
36433254.0
36444334.0
36455415.0
36466496.0
36477576.0
36488657.0
36499738.0
36510818.0
36521899.0
36532980.0
36544060.0
36555142.0
36566222.0
36577302.0
36588383.0
36599464.0
36610544.0
36621625.0
36632706.0
36643786.0
36654867.0
36665948.0
36677028.0
36688109.0
36699190.0
36710271.0
36721351.0
36732432.0
36743513.0
36754593.0
36765674.0
36776755.0
36787835.0
36798916.0
36809997.0
36821077.0
36832158.0
36843239.0
36854319.0
36865400.0
36876480.0
36887562.0
36898642.0
36909723.0
36920803.0
36931884.0
36942966.0
36954045.0
36965126.0
36976206.0
36987287.0
36998368.0
37009449.0
37020529.0
37031610.0
37042691.0
37053771.0
37064852.0
37075933.0
37087013.0
37098094.0
37109175.0
37120255.0
37131336.0
37142417.0
37153498.0
37164578.0
37175659.0
37186739.0
37197820.0
37208901.0
37219981.0
37231062.0
37242143.0
37253223.0
37264304.0
37275385.0
37286465.0
37297546.0
37308627.0
37319708.0
37330788.0
37341869.0
37352950.0
37364030.0
37375111.0
37386191.0
37397272.0
37408353.0
37419434.0
37430514.0
37441595.0
37452676.0
37463756.0
37474837.0
37485918.0
37496998.0
37508079.0
37519160.0
37530240.0
37541321.0
37552402.0
37563482.0
37574563.0
37585644.0
37596724.0
37607805.0
37618886.0
37629966.0
37641047.0
37652127.0
37663208.0
37674289.0
37685370.0
37696450.0
37707531.0
37718612.0
37729692.0
37740775.0
37751854.0
37762935.0
37774015.0
37785096.0
37796176.0
37807257.0
37818338.0
37829418.0
37840499.0
37851580.0
37862660.0
37873741.0
37884822.0
37895902.0
37906984.0
37918064.0
37929144.0
37940225.0
37951306.0
37962387.0
37973467.0
37984548.0
37995629.0
38006709.0
38017790.0
38028870.0
38039951.0
38051032.0
38062113.0
38073195.0
38084274.0
38095355.0
38106435.0
38117516.0
38128597.0
38139677.0
38150758.0
38161839.0
38172919.0
38184000.0
38195081.0
38206161.0
38217242.0
38228323.0
38239403.0
38250484.0
38261565.0
38272646.0
38283726.0
38294807.0
38305887.0
38316968.0
38328049.0
38339130.0
38350210.0
38361291.0
38372371.0
38383452.0
38394533.0
38405614.0
38416694.0
38427775.0
38438856.0
38449936.0
38461017.0
38472098.0
38483178.0
38494259.0
38505340.0
38516420.0
38527501.0
38538582.0
38549662.0
38560743.0
38571824.0
38582904.0
38593985.0
38605066.0
38616146.0
38627227.0
38638307.0
38649388.0
38660469.0
38671550.0
38682630.0
38693711.0
38704792.0
38715872.0
38726953.0
38738035.0
38749115.0
38760195.0
38771276.0
38782356.0
38793437.0
38804518.0
38815598.0
38826679.0
38837760.0
38848840.0
38859921.0
38871002.0
38882082.0
38893163.0
38904244.0
38915325.0
38926405.0
38937486.0
38948567.0
38959647.0
38970728.0
38981808.0
38992889.0
39003970.0
39015051.0
39026131.0
39037212.0
39048293.0
39059373.0
39070454.0
39081534.0
39092615.0
39103696.0
39114776.0
39125857.0
39136938.0
39148019.0
39159099.0
39170180.0
39181261.0
39192341.0
39203422.0
39214502.0
39225583.0
39236664.0
39247745.0
39258825.0
39269906.0
39280987.0
39292067.0
39303148.0
39314229.0
39325309.0
39336390.0
39347471.0
39358552.0
39369632.0
39380713.0
39391793.0
39402874.0
39413955.0
39425035.0
39436116.0
39447197.0
39458277.0
39469358.0
39480439.0
39491519.0
39502600.0
39513681.0
39524761.0
39535842.0
39546923.0
39558004.0
39569084.0
39580165.0
39591246.0
39602326.0
39613407.0
39624488.0
39635568.0
39646649.0
39657729.0
39668810.0
39679891.0
39690972.0
39702052.0
39713133.0
39724214.0
39735295.0
39746375.0
39757456.0
39768536.0
39779617.0
39790698.0
39801778.0
39812859.0
39823940.0
39835020.0
39846101.0
39857182.0
39868262.0
39879343.0
39890424.0
39901505.0
39912585.0
39923666.0
39934746.0
39945827.0
39956908.0
39967988.0
39979069.0
