1008340.0
1019421.0
1030502.0
1041582.0
1052663.0
1063744.0
1074824.0
1085905.0
1096986.0
1108066.0
1119147.0
1130228.0
1141309.0
1152389.0
1163470.0
1174551.0
1185631.0
1196712.0
1207793.0
1218873.0
1229954.0
1241034.0
1252115.0
1263196.0
1274277.0
1285357.0
1296438.0
1307519.0
1318599.0
1329680.0
1340762.0
1351841.0
1362922.0
1374003.0
1385083.0
1396164.0
1407245.0
1418326.0
1429407.0
1440488.0
1451568.0
1462649.0
1473730.0
1484810.0
1495891.0
1506972.0
1518052.0
1529133.0
1540214.0
1551294.0
1562375.0
1573455.0
1584536.0
1595617.0
1606698.0
1617779.0
1628859.0
1639940.0
1651020.0
1662101.0
1673184.0
1684262.0
1695343.0
1706424.0
1717504.0
1728585.0
1739666.0
1750746.0
1761827.0
1772908.0
1783988.0
1795069.0
1806150.0
1817230.0
1828311.0
1839393.0
1850472.0
1861553.0
1872634.0
1883714.0
1894795.0
1905876.0
1916956.0
1928037.0
1939118.0
1950199.0
1961279.0
1972360.0
1983440.0
1994521.0
2005602.0
2016682.0
2027763.0
2038844.0
2049924.0
2061005.0
2072086.0
2083166.0
2094247.0
2105328.0
2116408.0
2127489.0
2138579.0
2149651.0
2160731.0
2171812.0
2182892.0
2193973.0
2205054.0
2216135.0
2227215.0
2238296.0
2249376.0
2260457.0
2271538.0
2282618.0
2293699.0
2304780.0
2315861.0
2326941.0
2338023.0
2349103.0
2360184.0
2371264.0
2382345.0
2393426.0
2404506.0
2415587.0
2426667.0
2437748.0
2448829.0
2459909.0
2470990.0
2482071.0
2493152.0
2504232.0
2515313.0
2526393.0
2537475.0
2548555.0
2559635.0
2570716.0
2581797.0
2592878.0
2603958.0
2615039.0
2626120.0
2637200.0
2648281.0
2659362.0
2670442.0
2681523.0
2692603.0
2703684.0
2714765.0
2725846.0
2736927.0
2748007.0
2759088.0
2770168.0
2781249.0
2792330.0
2803411.0
2814491.0
2825572.0
2836653.0
2847733.0
2858813.0
2869894.0
2880975.0
2892056.0
2903136.0
2914217.0
2925298.0
2936379.0
2947459.0
2958540.0
2969620.0
2980701.0
2991782.0
3002862.0
3013943.0
3025024.0
3036104.0
3047185.0
3058266.0
3069346.0
3080427.0
3091508.0
3102588.0
3113669.0
3124750.0
3135831.0
3146911.0
3157992.0
3169072.0
3180153.0
3191234.0
3202315.0
3213395.0
3224476.0
3235557.0
3246637.0
3257718.0
3268799.0
3279879.0
3290960.0
3302041.0
3313121.0
3324202.0
3335283.0
3346364.0
3357444.0
3368524.0
3379605.0
3390686.0
3401767.0
3412847.0
3423928.0
3435008.0
3446089.0
3457170.0
3468250.0
3479331.0
3490412.0
3501493.0
3512573.0
3523654.0
3534735.0
3545815.0
3556896.0
3567977.0
3579057.0
3590138.0
3601219.0
3612299.0
3623380.0
3634461.0
3645541.0
3656622.0
3667705.0
3678783.0
3689864.0
3700945.0
3712025.0
3723106.0
3734187.0
3745268.0
3756348.0
3767429.0
3778510.0
3789590.0
3800671.0
3811752.0
3822832.0
3833914.0
3844994.0
3856074.0
3867155.0
3878235.0
3889316.0
3900397.0
3911478.0
3922558.0
3933639.0
3944720.0
3955800.0
3966881.0
3977961.0
3989042.0
4000123.0
4011203.0
4022284.0
4033365.0
4044446.0
4055526.0
4066607.0
4077687.0
4088768.0
4099849.0
4110930.0
4122010.0
4133091.0
4144172.0
4155252.0
4166333.0
4177413.0
4188494.0
4199575.0
4210656.0
4221736.0
4232817.0
4243899.0
4254978.0
4266059.0
4277140.0
4288220.0
4299301.0
4310382.0
4321462.0
4332545.0
4343624.0
4354704.0
4365785.0
4376866.0
4387946.0
4399027.0
4410108.0
4421188.0
4432269.0
4443350.0
4454430.0
4465511.0
4476592.0
4487673.0
4498753.0
4509834.0
4520914.0
4531995.0
4543076.0
4554156.0
4565237.0
4576318.0
4587399.0
4598479.0
4609560.0
4620640.0
4631721.0
4642802.0
4653883.0
4664963.0
4676044.0
4687124.0
4698205.0
4709286.0
4720367.0
4731447.0
4742528.0
4753609.0
4764689.0
4775770.0
4786851.0
4797931.0
4809012.0
4820093.0
4831174.0
4842254.0
4853335.0
4864416.0
4875496.0
4886577.0
4897657.0
4908738.0
4919819.0
4930900.0
4941980.0
4953061.0
4964141.0
4975222.0
4986303.0
4997384.0
5008464.0
5019545.0
5030625.0
5041706.0
5052787.0
5063868.0
5074948.0
5086029.0
5097109.0
5108190.0
5119271.0
5130351.0
5141432.0
5152513.0
5163594.0
5174674.0
5185755.0
5196836.0
5207916.0
5218997.0
5230078.0
5241158.0
5252239.0
5263320.0
5274400.0
5285481.0
5296562.0
5307642.0
5318723.0
5329805.0
5340885.0
5351965.0
5363046.0
5374126.0
5385207.0
5396288.0
5407368.0
5418449.0
5429530.0
5440610.0
5451691.0
5462772.0
5473852.0
5484933.0
5496014.0
5507094.0
5518175.0
5529256.0
5540336.0
5551417.0
5562498.0
5573578.0
5584659.0
5595740.0
5606820.0
5617901.0
5628982.0
5640062.0
5651143.0
5662224.0
5673304.0
5684385.0
5695466.0
5706547.0
5717627.0
5728708.0
5739789.0
5750869.0
5761950.0
5773030.0
5784111.0
5795192.0
5806273.0
5817353.0
5828434.0
5839515.0
5850595.0
5861676.0
5872756.0
5883837.0
5894919.0
5905999.0
5917079.0
5928160.0
5939241.0
5950321.0
5961402.0
5972482.0
5983563.0
5994644.0
6005725.0
6016805.0
6027886.0
6038967.0
6050048.0
6061128.0
6072208.0
6083290.0
6094370.0
6105451.0
6116531.0
6127612.0
6138693.0
6149773.0
6160854.0
6171935.0
6183015.0
6194096.0
6205177.0
6216257.0
6227338.0
6238419.0
6249499.0
6260580.0
6271661.0
6282741.0
6293822.0
6304903.0
6315983.0
6327065.0
6338146.0
6349225.0
6360306.0
6371387.0
6382468.0
6393548.0
6404629.0
6415710.0
6426790.0
6437871.0
6448952.0
6460032.0
6471113.0
6482194.0
6493275.0
6504355.0
6515436.0
6526516.0
6537597.0
6548677.0
6559758.0
6570839.0
6581920.0
6593000.0
6604081.0
6615162.0
6626242.0
6637323.0
6648404.0
6659484.0
6670565.0
6681646.0
6692726.0
6703807.0
6714888.0
6725968.0
6737049.0
6748130.0
6759210.0
6770291.0
6781372.0
6792452.0
6803533.0
6814614.0
6825696.0
6836775.0
6847856.0
6858937.0
6870018.0
6881098.0
6892178.0
6903259.0
6914340.0
6925421.0
6936502.0
6947582.0
6958662.0
6969743.0
6980824.0
6991905.0
7002985.0
7014066.0
7025146.0
7036227.0
7047308.0
7058388.0
7069469.0
7080550.0
7091631.0
7102711.0
7113792.0
7124872.0
7135953.0
7147034.0
7158115.0
7169195.0
7180276.0
7191357.0
7202437.0
7213518.0
7224599.0
7235679.0
7246760.0
7257841.0
7268921.0
7280002.0
7291083.0
7302163.0
7313244.0
7324326.0
7335406.0
7346486.0
7357567.0
7368647.0
7379728.0
7390809.0
7401889.0
7412970.0
7424051.0
7435132.0
7446212.0
7457293.0
7468373.0
7479454.0
7490535.0
7501615.0
7512696.0
7523777.0
7534858.0
7545938.0
7557019.0
7568099.0
7579180.0
7590261.0
7601342.0
7612422.0
7623503.0
7634584.0
7645664.0
7656745.0
7667826.0
7678906.0
7689987.0
7701067.0
7712148.0
7723229.0
7734310.0
7745390.0
7756471.0
7767552.0
7778632.0
7789713.0
7800794.0
7811874.0
7822955.0
7834035.0
7845117.0
7856197.0
7867278.0
7878358.0
7889439.0
7900520.0
7911600.0
7922681.0
7933762.0
7944843.0
7955923.0
7967004.0
7978084.0
7989165.0
8000246.0
8011326.0
8022407.0
8033488.0
8044568.0
8055649.0
8066730.0
8077810.0
8088891.0
8099972.0
8111052.0
8122133.0
8133214.0
8144294.0
8155376.0
8166456.0
8177537.0
8188617.0
8199698.0
8210779.0
8221859.0
8232940.0
8244021.0
8255101.0
8266182.0
8277263.0
8288343.0
8299424.0
8310505.0
8321587.0
8332666.0
8343746.0
8354827.0
8365908.0
8376989.0
8388069.0
8399150.0
8410230.0
8421311.0
8432392.0
8443472.0
8454553.0
8465634.0
8476715.0
8487795.0
8498876.0
8509957.0
8521038.0
8532119.0
8543199.0
8554279.0
8565360.0
8576441.0
8587521.0
8598602.0
8609683.0
8620763.0
8631844.0
8642925.0
8654006.0
8665086.0
8676167.0
8687247.0
8698328.0
8709409.0
8720490.0
8731571.0
8742651.0
8753731.0
8764812.0
8775893.0
8786973.0
8798054.0
8809135.0
8820215.0
8831296.0
8842377.0
8853458.0
8864538.0
8875619.0
8886700.0
8897780.0
8908861.0
8919942.0
8931022.0
8942103.0
8953184.0
8964264.0
8975345.0
8986426.0
8997506.0
9008587.0
9019668.0
9030749.0
9041829.0
9052910.0
9063990.0
9075071.0
9086152.0
9097232.0
9108313.0
9119394.0
9130475.0
9141555.0
9152636.0
9163716.0
9174797.0
9185878.0
9196958.0
9208039.0
9219120.0
9230200.0
9241281.0
9252362.0
9263442.0
9274523.0
9285604.0
9296684.0
9307765.0
9318847.0
9329927.0
9341007.0
9352088.0
9363168.0
9374249.0
9385331.0
9396411.0
9407491.0
9418572.0
9429653.0
9440733.0
9451814.0
9462894.0
9473975.0
9485056.0
9496136.0
9507217.0
9518298.0
9529379.0
9540459.0
9551540.0
9562620.0
9573701.0
9584782.0
9595863.0
9606943.0
9618024.0
9629104.0
9640185.0
9651266.0
9662347.0
9673427.0
9684508.0
9695589.0
9706669.0
9717750.0
9728831.0
9739911.0
9750992.0
9762073.0
9773153.0
9784234.0
9795315.0
9806395.0
9817476.0
9828557.0
9839637.0
9850718.0
9861799.0
9872879.0
9883960.0
9895041.0
9906122.0
9917202.0
9928283.0
9939363.0
9950444.0
9961525.0
9972605.0
9983686.0
9994767.0
10005847.0
10016928.0
10028009.0
10039089.0
10050170.0
10061251.0
10072332.0
10083412.0
10094493.0
10105574.0
10116654.0
10127735.0
10138815.0
10149896.0
10160977.0
10172058.0
10183138.0
10194219.0
10205300.0
10216381.0
10227461.0
10238542.0
10249622.0
10260703.0
10271784.0
10282864.0
10293945.0
10305026.0
10316107.0
10327187.0
10338268.0
10349348.0
10360429.0
10371510.0
10382590.0
10393671.0
10404752.0
10415832.0
10426913.0
10437994.0
10449074.0
10460155.0
10471236.0
10482316.0
10493397.0
10504478.0
10515558.0
10526639.0
10537720.0
10548800.0
10559881.0
10570962.0
10582042.0
10593123.0
10604204.0
10615284.0
10626365.0
10637446.0
10648527.0
10659607.0
10670688.0
10681769.0
10692849.0
10703930.0
10715011.0
10726091.0
10737172.0
10748252.0
10759333.0
10770414.0
10781495.0
10792575.0
10803656.0
10814737.0
10825817.0
10836898.0
10847978.0
10859059.0
10870140.0
10881220.0
10892301.0
10903382.0
10914463.0
10925543.0
10936624.0
10947705.0
10958785.0
10969866.0
10980947.0
10992027.0
11003108.0
11014189.0
11025269.0
11036350.0
11047431.0
11058511.0
11069592.0
11080673.0
11091753.0
11102834.0
11113915.0
11124995.0
11136076.0
11147157.0
11158237.0
11169318.0
11180399.0
11191480.0
11202560.0
11213641.0
11224721.0
11235802.0
11246883.0
11257964.0
11269044.0
11280125.0
11291206.0
11302286.0
11313367.0
11324448.0
11335528.0
11346609.0
11357689.0
11368770.0
11379851.0
11390932.0
11402012.0
11413093.0
11424173.0
11435254.0
11446335.0
11457415.0
11468496.0
11479577.0
11490657.0
11501738.0
11512819.0
11523900.0
11534980.0
11546061.0
11557142.0
11568222.0
11579303.0
11590384.0
11601465.0
11612545.0
11623626.0
11634706.0
11645787.0
11656867.0
11667948.0
11679029.0
11690110.0
11701190.0
11712271.0
11723352.0
11734432.0
11745513.0
11756594.0
11767674.0
11778755.0
11789836.0
11800917.0
11811997.0
11823078.0
11834158.0
11845239.0
11856320.0
11867401.0
11878481.0
11889562.0
11900643.0
11911724.0
11922804.0
11933885.0
11944965.0
11956046.0
11967127.0
11978207.0
11989288.0
12000368.0
12011449.0
12022530.0
12033611.0
12044691.0
12055772.0
12066852.0
12077933.0
12089014.0
12100094.0
12111175.0
12122257.0
12133337.0
12144418.0
12155498.0
12166579.0
12177659.0
12188740.0
12199821.0
12210901.0
12221982.0
12233063.0
12244143.0
12255224.0
12266305.0
12277385.0
12288466.0
12299547.0
12310628.0
12321708.0
12332789.0
12343869.0
12354950.0
12366031.0
12377111.0
12388192.0
12399273.0
12410353.0
12421434.0
12432515.0
12443595.0
12454676.0
12465757.0
12476838.0
12487918.0
12498999.0
12510080.0
12521160.0
12532241.0
12543322.0
12554402.0
12565483.0
12576563.0
12587644.0
12598725.0
12609806.0
12620886.0
12631967.0
12643048.0
12654128.0
12665209.0
12676290.0
12687370.0
12698451.0
12709532.0
12720612.0
12731693.0
12742774.0
12753854.0
12764935.0
12776016.0
12787096.0
12798177.0
12809258.0
12820338.0
12831419.0
12842500.0
12853580.0
12864661.0
12875742.0
12886822.0
12897903.0
12908984.0
12920065.0
12931145.0
12942226.0
12953306.0
12964387.0
12975468.0
12986549.0
12997629.0
13008710.0
13019790.0
13030871.0
13041952.0
13053032.0
13064113.0
13075194.0
13086275.0
13097355.0
13108436.0
13119516.0
13130597.0
13141678.0
13152758.0
13163839.0
13174920.0
13186001.0
13197081.0
13208162.0
13219242.0
13230323.0
13241404.0
13252485.0
13263565.0
13274646.0
13285727.0
13296807.0
13307889.0
13318969.0
13330049.0
13341130.0
13352211.0
13363291.0
13374372.0
13385453.0
13396534.0
13407614.0
13418695.0
13429775.0
13440856.0
13451937.0
13463017.0
13474098.0
13485179.0
13496260.0
13507340.0
13518421.0
13529501.0
13540582.0
13551663.0
13562743.0
13573824.0
13584905.0
13595985.0
13607066.0
13618147.0
13629227.0
13640308.0
13651389.0
13662469.0
13673550.0
13684631.0
13695711.0
13706793.0
13717873.0
13728954.0
13740034.0
13751115.0
13762196.0
13773276.0
13784357.0
13795438.0
13806519.0
13817599.0
13828679.0
13839760.0
13850841.0
13861922.0
13873002.0
13884083.0
13895164.0
13906244.0
13917325.0
13928406.0
13939486.0
13950567.0
13961648.0
13972729.0
13983809.0
13994890.0
14005970.0
14017051.0
14028132.0
14039212.0
14050293.0
14061374.0
14072454.0
14083535.0
14094616.0
14105696.0
14116777.0
14127858.0
14138938.0
14150019.0
14161100.0
14172181.0
14183261.0
14194342.0
14205422.0
14216503.0
14227584.0
14238664.0
14249745.0
14260826.0
14271906.0
14282987.0
14294068.0
14305150.0
14316229.0
14327310.0
14338390.0
14349471.0
14360552.0
14371633.0
14382713.0
14393794.0
14404874.0
14415955.0
14427036.0
14438116.0
14449197.0
14460278.0
14471359.0
14482439.0
14493520.0
14504601.0
14515681.0
14526762.0
14537843.0
14548923.0
14560004.0
14571085.0
14582165.0
14593246.0
14604327.0
14615407.0
14626488.0
14637569.0
14648649.0
14659730.0
14670811.0
14681892.0
14692972.0
14704053.0
14715133.0
14726214.0
14737295.0
14748375.0
14759456.0
14770537.0
14781617.0
14792698.0
14803779.0
14814859.0
14825940.0
14837021.0
14848101.0
14859182.0
14870263.0
14881343.0
14892424.0
14903505.0
14914586.0
14925666.0
14936747.0
14947827.0
14958908.0
14969989.0
14981070.0
14992150.0
15003231.0
15014312.0
15025392.0
15036473.0
15047554.0
15058634.0
15069715.0
15080796.0
15091876.0
15102957.0
15114038.0
15125118.0
15136199.0
15147279.0
15158360.0
15169441.0
15180521.0
15191602.0
15202683.0
15213764.0
15224844.0
15235925.0
15247005.0
15258086.0
15269167.0
15280248.0
15291328.0
15302410.0
15313490.0
15324570.0
15335651.0
15346732.0
15357812.0
15368893.0
15379974.0
15391054.0
15402135.0
15413216.0
15424296.0
15435377.0
15446458.0
15457538.0
15468619.0
15479700.0
15490780.0
15501861.0
15512943.0
15524023.0
15535103.0
15546184.0
15557265.0
15568345.0
15579426.0
15590506.0
15601587.0
15612668.0
15623749.0
15634829.0
15645910.0
15656991.0
15668071.0
15679152.0
15690232.0
15701313.0
15712394.0
15723475.0
15734555.0
15745636.0
15756717.0
15767797.0
15778878.0
15789958.0
15801040.0
15812120.0
15823201.0
15834281.0
15845362.0
15856443.0
15867524.0
15878604.0
15889685.0
15900766.0
15911846.0
15922927.0
15934007.0
15945088.0
15956169.0
15967250.0
15978330.0
15989411.0
16000491.0
16011572.0
16022653.0
16033733.0
16044814.0
16055895.0
16066975.0
16078056.0
16089137.0
16100218.0
16111298.0
16122379.0
16133460.0
16144540.0
16155621.0
16166702.0
16177782.0
16188863.0
16199944.0
16211024.0
16222105.0
16233186.0
16244266.0
16255347.0
16266428.0
16277508.0
16288589.0
16299671.0
16310750.0
16321831.0
16332912.0
16343992.0
16355073.0
16366154.0
16377234.0
16388315.0
16399396.0
16410476.0
16421557.0
16432638.0
16443718.0
16454799.0
16465880.0
16476960.0
16488041.0
16499122.0
16510203.0
16521283.0
16532364.0
16543444.0
16554525.0
16565606.0
16576686.0
16587767.0
16598848.0
16609928.0
16621009.0
16632090.0
16643170.0
16654251.0
16665332.0
16676412.0
16687493.0
16698574.0
16709655.0
16720735.0
16731816.0
16742896.0
16753977.0
16765058.0
16776139.0
16787219.0
16798300.0
16809380.0
16820461.0
16831542.0
16842623.0
16853703.0
16864784.0
16875864.0
16886945.0
16898026.0
16909107.0
16920187.0
16931268.0
16942348.0
16953429.0
16964510.0
16975590.0
16986671.0
16997752.0
17008832.0
17019913.0
17030994.0
17042075.0
17053155.0
17064236.0
17075317.0
17086397.0
17097478.0
17108559.0
17119640.0
17130720.0
17141801.0
17152881.0
17163962.0
17175043.0
17186123.0
17197204.0
17208285.0
17219365.0
17230446.0
17241527.0
17252607.0
17263688.0
17274769.0
17285850.0
17296931.0
17308011.0
17319091.0
17330172.0
17341253.0
17352333.0
17363414.0
17374495.0
17385575.0
17396656.0
17407737.0
17418817.0
17429898.0
17440979.0
17452060.0
17463141.0
17474221.0
17485302.0
17496382.0
17507463.0
17518544.0
17529624.0
17540705.0
17551786.0
17562866.0
17573947.0
17585028.0
17596108.0
17607189.0
17618270.0
17629353.0
17640431.0
17651512.0
17662592.0
17673673.0
17684754.0
17695835.0
17706915.0
17717996.0
17729076.0
17740157.0
17751238.0
17762318.0
17773399.0
17784480.0
17795560.0
17806641.0
17817722.0
17828802.0
17839883.0
17850964.0
17862044.0
17873125.0
17884206.0
17895287.0
17906367.0
17917448.0
17928529.0
17939609.0
17950690.0
17961770.0
17972851.0
17983932.0
17995013.0
18006093.0
18017174.0
18028254.0
18039335.0
18050416.0
18061497.0
18072577.0
18083658.0
18094739.0
18105819.0
18116900.0
18127981.0
18139061.0
18150142.0
18161223.0
18172303.0
18183384.0
18194465.0
18205545.0
18216626.0
18227706.0
18238787.0
18249868.0
18260949.0
18272029.0
18283110.0
18294192.0
18305272.0
18316352.0
18327433.0
18338513.0
18349594.0
18360675.0
18371755.0
18382836.0
18393917.0
18404997.0
18416078.0
18427159.0
18438239.0
18449320.0
18460401.0
18471481.0
18482562.0
18493643.0
18504724.0
18515804.0
18526885.0
18537965.0
18549046.0
18560127.0
18571207.0
18582288.0
18593369.0
18604450.0
18615530.0
18626611.0
18637692.0
18648772.0
18659853.0
18670933.0
18682014.0
18693095.0
18704176.0
18715256.0
18726337.0
18737417.0
18748498.0
18759579.0
18770659.0
18781740.0
18792821.0
18803901.0
18814982.0
18826063.0
18837144.0
18848224.0
18859305.0
18870385.0
18881466.0
18892547.0
18903628.0
18914708.0
18925789.0
18936870.0
18947950.0
18959031.0
18970112.0
18981192.0
18992273.0
19003354.0
19014434.0
19025515.0
19036596.0
19047676.0
19058757.0
19069838.0
19080918.0
19091999.0
19103080.0
19114160.0
19125241.0
19136322.0
19147402.0
19158483.0
19169564.0
19180644.0
19191725.0
19202806.0
19213886.0
19224967.0
19236048.0
19247129.0
19258209.0
19269290.0
19280371.0
19291452.0
19302532.0
19313612.0
19324693.0
19335774.0
19346855.0
19357935.0
19369016.0
19380096.0
19391177.0
19402258.0
19413339.0
19424419.0
19435500.0
19446581.0
19457661.0
19468742.0
19479823.0
19490903.0
19501984.0
19513065.0
19524145.0
19535226.0
19546307.0
19557387.0
19568468.0
19579549.0
19590629.0
19601710.0
19612791.0
19623872.0
19634952.0
19646033.0
19657113.0
19668194.0
19679275.0
19690356.0
19701436.0
19712517.0
19723597.0
19734678.0
19745759.0
19756839.0
19767920.0
19779001.0
19790081.0
19801162.0
19812243.0
19823324.0
19834404.0
19845485.0
19856566.0
19867646.0
19878727.0
19889808.0
19900888.0
19911969.0
19923050.0
19934130.0
19945211.0
19956292.0
19967372.0
19978453.0
19989534.0
20000614.0
20011695.0
20022776.0
20033856.0
20044937.0
20056018.0
20067098.0
20078179.0
20089260.0
20100341.0
20111421.0
20122502.0
20133582.0
20144663.0
20155744.0
20166824.0
20177905.0
20188986.0
20200066.0
20211147.0
20222228.0
20233308.0
20244389.0
20255470.0
20266550.0
20277631.0
20288713.0
20299793.0
20310873.0
20321954.0
20333035.0
20344115.0
20355196.0
20366276.0
20377357.0
20388438.0
20399518.0
20410599.0
20421680.0
20432760.0
20443841.0
20454922.0
20466002.0
20477083.0
20488164.0
20499245.0
20510325.0
20521406.0
20532486.0
20543567.0
20554648.0
20565729.0
20576809.0
20587890.0
20598970.0
20610051.0
20621135.0
20632212.0
20643293.0
20654374.0
20665455.0
20676535.0
20687617.0
20698697.0
20709777.0
20720858.0
20731939.0
20743020.0
20754100.0
20765181.0
20776261.0
20787342.0
20798423.0
20809503.0
20820584.0
20831665.0
20842745.0
20853826.0
20864907.0
20875987.0
20887068.0
20898149.0
20909229.0
20920310.0
20931391.0
20942471.0
20953553.0
20964633.0
20975713.0
20986794.0
20997875.0
21008955.0
21020036.0
21031117.0
21042198.0
21053278.0
21064359.0
21075440.0
21086520.0
21097601.0
21108682.0
21119762.0
21130843.0
21141924.0
21153005.0
21164085.0
21175166.0
21186246.0
21197327.0
21208408.0
21219488.0
21230569.0
21241650.0
21252730.0
21263811.0
21274892.0
21285973.0
21297053.0
21308134.0
21319214.0
21330295.0
21341376.0
21352456.0
21363537.0
21374618.0
21385698.0
21396779.0
21407860.0
21418940.0
21430021.0
21441102.0
21452182.0
21463263.0
21474344.0
21485424.0
21496505.0
21507586.0
21518666.0
21529747.0
21540828.0
21551909.0
21562990.0
21574070.0
21585151.0
21596231.0
21607312.0
21618394.0
21629473.0
21640554.0
21651634.0
21662715.0
21673796.0
21684877.0
21695957.0
21707038.0
21718119.0
21729199.0
21740280.0
21751361.0
21762441.0
21773522.0
21784603.0
21795683.0
21806764.0
21817845.0
21828925.0
21840006.0
21851087.0
21862167.0
21873248.0
21884329.0
21895409.0
21906490.0
21917571.0
21928651.0
21939732.0
21950816.0
21961893.0
21972974.0
21984055.0
21995135.0
22006216.0
22017297.0
22028378.0
22039458.0
22050539.0
22061619.0
22072700.0
22083781.0
22094861.0
22105942.0
22117023.0
22128104.0
22139184.0
22150265.0
22161345.0
22172426.0
22183507.0
22194587.0
22205668.0
22216749.0
22227830.0
22238910.0
22249991.0
22261072.0
22272152.0
22283233.0
22294314.0
22305394.0
22316475.0
22327555.0
22338636.0
22349717.0
22360798.0
22371878.0
22382959.0
22394039.0
22405120.0
22416201.0
22427282.0
22438362.0
22449443.0
22460524.0
22471604.0
22482685.0
22493766.0
22504846.0
22515927.0
22527008.0
22538089.0
22549169.0
22560250.0
22571330.0
22582411.0
22593492.0
22604572.0
22615654.0
22626734.0
22637815.0
22648895.0
22659976.0
22671056.0
22682137.0
22693218.0
22704298.0
22715379.0
22726460.0
22737540.0
22748621.0
22759702.0
22770783.0
22781866.0
22792944.0
22804025.0
22815105.0
22826186.0
22837266.0
22848347.0
22859428.0
22870509.0
22881589.0
22892670.0
22903751.0
22914831.0
22925912.0
22936992.0
22948074.0
22959154.0
22970234.0
22981315.0
22992396.0
23003477.0
23014557.0
23025638.0
23036718.0
23047799.0
23058880.0
23069960.0
23081041.0
23092122.0
23103203.0
23114284.0
23125364.0
23136445.0
23147525.0
23158608.0
23169687.0
23180767.0
23191848.0
23202929.0
23214009.0
23225090.0
23236171.0
23247251.0
23258332.0
23269413.0
23280494.0
23291575.0
23302655.0
23313735.0
23324816.0
23335897.0
23346977.0
23358058.0
23369139.0
23380220.0
23391300.0
23402381.0
23413461.0
23424542.0
23435623.0
23446704.0
23457784.0
23468865.0
23479946.0
23491026.0
23502107.0
23513188.0
23524268.0
23535349.0
23546430.0
23557510.0
23568591.0
23579672.0
23590752.0
23601833.0
23612914.0
23623994.0
23635075.0
23646155.0
23657236.0
23668317.0
23679398.0
23690478.0
23701559.0
23712640.0
23723720.0
23734801.0
23745882.0
23756962.0
23768043.0
23779124.0
23790204.0
23801285.0
23812366.0
23823446.0
23834527.0
23845608.0
23856688.0
23867769.0
23878850.0
23889931.0
23901011.0
23912092.0
23923172.0
23934253.0
23945334.0
23956415.0
23967495.0
23978576.0
23989656.0
24000737.0
24011818.0
24022898.0
24033979.0
24045060.0
24056141.0
24067221.0
24078302.0
24089383.0
24100463.0
24111548.0
24122624.0
24133705.0
24144786.0
24155867.0
24166947.0
24178028.0
24189109.0
24200189.0
24211270.0
24222350.0
24233431.0
24244512.0
24255593.0
24266673.0
24277755.0
24288835.0
24299916.0
24310996.0
24322077.0
24333157.0
24344238.0
24355319.0
24366399.0
24377480.0
24388561.0
24399641.0
24410722.0
24421803.0
24432883.0
24443965.0
24455045.0
24466125.0
24477206.0
24488287.0
24499367.0
24510448.0
24521529.0
24532609.0
24543690.0
24554771.0
24565851.0
24576932.0
24588013.0
24599093.0
24610174.0
24621255.0
24632335.0
24643416.0
24654497.0
24665578.0
24676658.0
24687739.0
24698820.0
24709900.0
24720981.0
24732062.0
24743142.0
24754223.0
24765304.0
24776385.0
24787465.0
24798545.0
24809626.0
24820707.0
24831788.0
24842868.0
24853949.0
24865029.0
24876110.0
24887191.0
24898272.0
24909352.0
24920433.0
24931514.0
24942595.0
24953675.0
24964756.0
24975836.0
24986917.0
24997998.0
25009078.0
25020159.0
25031240.0
25042320.0
25053401.0
25064482.0
25075562.0
25086643.0
25097724.0
25108806.0
25119885.0
25130966.0
25142046.0
25153127.0
25164208.0
25175289.0
25186369.0
25197450.0
25208531.0
25219611.0
25230692.0
25241773.0
25252853.0
25263934.0
25275015.0
25286096.0
25297176.0
25308257.0
25319337.0
25330418.0
25341499.0
25352579.0
25363660.0
25374740.0
25385821.0
25396902.0
25407982.0
25419063.0
25430144.0
25441225.0
25452305.0
25463386.0
25474467.0
25485547.0
25496628.0
25507709.0
25518789.0
25529870.0
25540951.0
25552031.0
25563112.0
25574193.0
25585273.0
25596354.0
25607435.0
25618516.0
25629596.0
25640676.0
25651757.0
25662838.0
25673920.0
25685000.0
25696080.0
25707161.0
25718242.0
25729322.0
25740403.0
25751483.0
25762564.0
25773645.0
25784725.0
25795806.0
25806887.0
25817967.0
25829048.0
25840129.0
25851210.0
25862290.0
25873371.0
25884452.0
25895532.0
25906613.0
25917693.0
25928774.0
25939855.0
25950936.0
25962016.0
25973097.0
25984178.0
25995258.0
26006339.0
26017419.0
26028501.0
26039581.0
26050661.0
26061742.0
26072823.0
26083904.0
26094984.0
26106065.0
26117145.0
26128226.0
26139308.0
26150388.0
26161468.0
26172549.0
26183629.0
26194710.0
26205791.0
26216872.0
26227952.0
26239033.0
26250114.0
26261194.0
26272276.0
26283356.0
26294436.0
26305517.0
26316598.0
26327678.0
26338759.0
26349840.0
26360920.0
26372001.0
26383082.0
26394163.0
26405243.0
26416324.0
26427405.0
26438485.0
26449566.0
26460646.0
26471727.0
26482808.0
26493888.0
26504969.0
26516050.0
26527131.0
26538211.0
26549292.0
26560373.0
26571453.0
26582534.0
26593615.0
26604695.0
26615776.0
26626857.0
26637937.0
26649018.0
26660099.0
26671179.0
26682260.0
26693341.0
26704421.0
26715502.0
26726583.0
26737663.0
26748744.0
26759825.0
26770905.0
26781986.0
26793067.0
26804147.0
26815228.0
26826309.0
26837389.0
26848470.0
26859551.0
26870631.0
26881712.0
26892793.0
26903873.0
26914954.0
26926035.0
26937116.0
26948196.0
26959277.0
26970357.0
26981438.0
26992519.0
27003599.0
27014680.0
27025761.0
27036842.0
27047922.0
27059003.0
27070085.0
27081164.0
27092245.0
27103326.0
27114406.0
27125487.0
27136568.0
27147648.0
27158729.0
27169811.0
27180890.0
27191971.0
27203052.0
27214132.0
27225213.0
27236294.0
27247374.0
27258455.0
27269536.0
27280616.0
27291697.0
27302778.0
27313858.0
27324939.0
27336020.0
27347100.0
27358181.0
27369262.0
27380342.0
27391423.0
27402503.0
27413584.0
27424665.0
27435746.0
27446827.0
27457907.0
27468988.0
27480069.0
27491149.0
27502230.0
27513310.0
27524391.0
27535472.0
27546552.0
27557633.0
27568714.0
27579795.0
27590875.0
27601956.0
27613037.0
27624116.0
27635197.0
27646278.0
27657358.0
27668439.0
27679520.0
27690600.0
27701681.0
27712762.0
27723842.0
27734923.0
27746004.0
27757084.0
27768165.0
27779246.0
27790326.0
27801407.0
27812488.0
27823568.0
27834649.0
27845730.0
27856810.0
27867891.0
27878972.0
27890053.0
27901133.0
27912214.0
27923294.0
27934375.0
27945456.0
27956536.0
27967617.0
27978698.0
27989779.0
28000859.0
28011940.0
28023020.0
28034101.0
28045182.0
28056262.0
28067343.0
28078424.0
28089504.0
28100585.0
28111666.0
28122746.0
28133827.0
28144908.0
28155989.0
28167069.0
28178150.0
28189231.0
28200311.0
28211392.0
28222473.0
28233553.0
28244634.0
28255715.0
28266796.0
28277876.0
28288957.0
28300037.0
28311118.0
28322199.0
28333279.0
28344360.0
28355441.0
28366521.0
28377602.0
28388683.0
28399763.0
28410844.0
28421925.0
28433006.0
28444086.0
28455167.0
28466247.0
28477328.0
28488409.0
28499489.0
28510570.0
28521651.0
28532731.0
28543812.0
28554893.0
28565973.0
28577054.0
28588135.0
28599216.0
28610296.0
28621377.0
28632457.0
28643538.0
28654619.0
28665700.0
28676780.0
28687861.0
28698941.0
28710022.0
28721103.0
28732183.0
28743264.0
28754345.0
28765425.0
28776506.0
28787587.0
28798668.0
28809748.0
28820829.0
28831910.0
28842990.0
28854071.0
28865152.0
28876232.0
28887313.0
28898394.0
28909474.0
28920555.0
28931636.0
28942716.0
28953797.0
28964878.0
28975959.0
28987039.0
28998120.0
29009200.0
29020281.0
29031362.0
29042442.0
29053523.0
29064604.0
29075684.0
29086765.0
29097846.0
29108926.0
29120007.0
29131088.0
29142168.0
29153249.0
29164330.0
29175410.0
29186491.0
29197572.0
29208652.0
29219733.0
29230814.0
29241894.0
29252975.0
29264056.0
29275137.0
29286217.0
29297298.0
29308378.0
29319459.0
29330540.0
29341620.0
29352701.0
29363782.0
29374863.0
29385943.0
29397024.0
29408104.0
29419185.0
29430266.0
29441347.0
29452427.0
29463508.0
29474589.0
29485669.0
29496750.0
29507831.0
29518911.0
29529992.0
29541073.0
29552153.0
29563234.0
29574315.0
29585396.0
29596476.0
29607557.0
29618637.0
29629718.0
29640799.0
29651879.0
29662960.0
29674041.0
29685121.0
29696202.0
29707283.0
29718363.0
29729444.0
29740525.0
29751605.0
29762686.0
29773767.0
29784847.0
29795928.0
29807009.0
29818089.0
29829170.0
29840251.0
29851331.0
29862412.0
29873493.0
29884573.0
29895654.0
29906735.0
29917816.0
29928896.0
29939977.0
29951058.0
29962138.0
29973219.0
29984299.0
29995380.0
30006461.0
30017542.0
30028622.0
30039703.0
30050784.0
30061865.0
30072945.0
30084026.0
30095106.0
30106187.0
30117268.0
30128348.0
30139429.0
30150510.0
30161590.0
30172671.0
30183752.0
30194832.0
30205913.0
30216994.0
30228074.0
30239155.0
30250236.0
30261317.0
30272397.0
30283478.0
30294558.0
30305639.0
30316720.0
30327800.0
30338881.0
30349962.0
30361042.0
30372123.0
30383204.0
30394284.0
30405365.0
30416446.0
30427527.0
30438607.0
30449688.0
30460769.0
30471850.0
30482930.0
30494011.0
30505091.0
30516172.0
30527252.0
30538333.0
30549414.0
30560494.0
30571575.0
30582656.0
30593737.0
30604817.0
30615898.0
30626979.0
30638059.0
30649140.0
30660221.0
30671302.0
30682382.0
30693462.0
30704543.0
30715624.0
30726705.0
30737785.0
30748866.0
30759947.0
30771027.0
30782108.0
30793189.0
30804269.0
30815350.0
30826431.0
30837511.0
30848592.0
30859673.0
30870753.0
30881834.0
30892915.0
30903995.0
30915076.0
30926157.0
30937237.0
30948318.0
30959399.0
30970479.0
30981560.0
30992641.0
31003721.0
31014802.0
31025883.0
31036963.0
31048044.0
31059125.0
31070205.0
31081286.0
31092367.0
31103447.0
31114528.0
31125609.0
31136689.0
31147770.0
31158851.0
31169931.0
31181012.0
31192093.0
31203173.0
31214254.0
31225335.0
31236415.0
31247496.0
31258577.0
31269658.0
31280738.0
31291819.0
31302899.0
31313980.0
31325061.0
31336142.0
31347222.0
31358303.0
31369384.0
31380464.0
31391545.0
31402626.0
31413707.0
31424788.0
31435868.0
31446949.0
31458030.0
31469111.0
31480191.0
31491272.0
31502352.0
31513433.0
31524514.0
31535595.0
31546675.0
31557756.0
31568837.0
31579917.0
31591000.0
31602078.0
31613159.0
31624240.0
31635321.0
31646401.0
31657482.0
31668563.0
31679643.0
31690724.0
31701805.0
31712885.0
31723966.0
31735047.0
31746127.0
31757208.0
31768289.0
31779369.0
31790450.0
31801531.0
31812611.0
31823692.0
31834773.0
31845854.0
31856934.0
31868015.0
31879095.0
31890176.0
31901257.0
31912337.0
31923418.0
31934499.0
31945579.0
31956660.0
31967741.0
31978821.0
31989902.0
32000983.0
32012064.0
32023144.0
32034225.0
32045305.0
32056386.0
32067467.0
32078548.0
32089628.0
32100709.0
32111790.0
32122870.0
32133951.0
32145031.0
32156112.0
32167193.0
32178273.0
32189354.0
32200435.0
32211515.0
32222596.0
32233677.0
32244758.0
32255839.0
32266919.0
32277999.0
32289080.0
32300161.0
32311242.0
32322322.0
32333403.0
32344484.0
32355564.0
32366645.0
32377726.0
32388806.0
32399887.0
32410968.0
32422048.0
32433129.0
32444210.0
32455291.0
32466371.0
32477452.0
32488532.0
32499613.0
32510694.0
32521774.0
32532855.0
32543936.0
32555016.0
32566097.0
32577178.0
32588258.0
32599339.0
32610420.0
32621501.0
32632581.0
32643662.0
32654743.0
32665823.0
32676904.0
32687984.0
32699065.0
32710146.0
32721227.0
32732307.0
32743388.0
32754469.0
32765549.0
32776630.0
32787710.0
32798791.0
32809872.0
32820953.0
32832033.0
32843114.0
32854195.0
32865275.0
32876357.0
32887436.0
32898517.0
32909598.0
32920679.0
32931759.0
32942840.0
32953921.0
32965001.0
32976082.0
32987163.0
32998243.0
33009324.0
33020405.0
33031485.0
33042566.0
33053647.0
33064728.0
33075808.0
33086889.0
33097969.0
33109050.0
33120131.0
33131211.0
33142292.0
33153373.0
33164453.0
33175534.0
33186615.0
33197695.0
33208776.0
33219857.0
33230937.0
33242018.0
33253100.0
33264180.0
33275260.0
33286340.0
33297422.0
33308502.0
33319583.0
33330663.0
33341744.0
33352825.0
33363905.0
33374986.0
33386067.0
33397148.0
33408228.0
33419309.0
33430389.0
33441470.0
33452551.0
33463632.0
33474712.0
33485793.0
33496874.0
33507954.0
33519035.0
33530115.0
33541196.0
33552277.0
33563358.0
33574438.0
33585519.0
33596600.0
33607680.0
33618761.0
33629841.0
33640922.0
33652004.0
33663084.0
33674164.0
33685245.0
33696326.0
33707406.0
33718487.0
33729568.0
33740648.0
33751729.0
33762810.0
33773890.0
33784971.0
33796052.0
33807132.0
33818213.0
33829294.0
33840374.0
33851455.0
33862536.0
33873616.0
33884697.0
33895778.0
33906858.0
33917939.0
33929020.0
33940101.0
33951181.0
33962262.0
33973342.0
33984423.0
33995504.0
34006584.0
34017665.0
34028746.0
34039827.0
34050907.0
34061989.0
34073068.0
34084150.0
34095230.0
34106311.0
34117391.0
34128472.0
34139553.0
34150633.0
34161714.0
34172795.0
34183875.0
34194956.0
34206036.0
34217117.0
34228198.0
34239279.0
34250360.0
34261441.0
34272520.0
34283601.0
34294682.0
34305763.0
34316843.0
34327924.0
34339005.0
34350085.0
34361166.0
34372246.0
34383327.0
34394408.0
34405489.0
34416569.0
34427650.0
34438730.0
34449811.0
34460892.0
34471973.0
34483053.0
34494134.0
34505215.0
34516295.0
34527376.0
34538457.0
34549537.0
34560618.0
34571699.0
34582780.0
34593860.0
34604941.0
34616022.0
34627102.0
34638183.0
34649264.0
34660344.0
34671425.0
34682505.0
34693586.0
34704667.0
34715747.0
34726828.0
34737909.0
34748990.0
34760070.0
34771151.0
34782232.0
34793312.0
34804393.0
34815473.0
34826554.0
34837635.0
34848716.0
34859796.0
34870877.0
34881958.0
34893038.0
34904119.0
34915200.0
34926280.0
34937361.0
34948441.0
34959522.0
34970603.0
34981683.0
34992764.0
35003845.0
35014926.0
35026006.0
35037087.0
35048168.0
35059248.0
35070329.0
35081410.0
35092490.0
35103571.0
35114652.0
35125732.0
35136813.0
35147894.0
35158974.0
35170055.0
35181136.0
35192216.0
35203297.0
35214378.0
35225458.0
35236539.0
35247620.0
35258701.0
35269781.0
35280862.0
35291942.0
35303023.0
35314104.0
35325184.0
35336265.0
35347346.0
35358426.0
35369507.0
35380588.0
35391668.0
35402749.0
35413830.0
35424911.0
35435991.0
35447072.0
35458153.0
35469233.0
35480314.0
35491395.0
35502475.0
35513556.0
35524636.0
35535717.0
35546798.0
35557878.0
35568959.0
35580040.0
35591120.0
35602201.0
35613282.0
35624363.0
35635443.0
35646524.0
35657605.0
35668685.0
35679766.0
35690847.0
35701927.0
35713008.0
35724089.0
35735169.0
35746250.0
35757330.0
35768411.0
35779492.0
35790573.0
35801653.0
35812734.0
35823814.0
35834895.0
35845976.0
35857057.0
35868137.0
35879218.0
35890299.0
35901379.0
35912461.0
35923541.0
35934621.0
35945702.0
35956783.0
35967863.0
35978944.0
35990025.0
36001105.0
36012186.0
36023267.0
36034347.0
36045428.0
36056509.0
36067589.0
36078670.0
36089751.0
36100831.0
36111912.0
36122993.0
36134074.0
36145154.0
36156235.0
36167316.0
36178396.0
36189477.0
36200557.0
36211638.0
36222719.0
36233800.0
36244882.0
36255962.0
36267042.0
36278122.0
36289203.0
36300283.0
36311364.0
36322445.0
36333526.0
36344606.0
36355687.0
36366768.0
36377848.0
36388929.0
36400010.0
36411090.0
36422171.0
36433252.0
36444333.0
36455413.0
36466494.0
36477574.0
36488655.0
36499736.0
36510816.0
36521897.0
36532978.0
36544059.0
36555139.0
36566220.0
36577301.0
36588381.0
36599462.0
36610542.0
36621623.0
36632704.0
36643785.0
36654865.0
36665946.0
36677026.0
36688107.0
36699188.0
36710269.0
36721349.0
36732430.0
36743511.0
36754591.0
36765672.0
36776752.0
36787833.0
36798914.0
36809995.0
36821075.0
36832156.0
36843237.0
36854317.0
36865398.0
36876479.0
36887559.0
36898640.0
36909721.0
36920801.0
36931882.0
36942962.0
36954043.0
36965124.0
36976205.0
36987285.0
36998366.0
37009447.0
37020527.0
37031608.0
37042689.0
37053770.0
37064850.0
37075931.0
37087011.0
37098092.0
37109173.0
37120254.0
37131334.0
37142415.0
37153495.0
37164576.0
37175657.0
37186737.0
37197818.0
37208899.0
37219979.0
37231060.0
37242141.0
37253222.0
37264302.0
37275383.0
37286463.0
37297544.0
37308625.0
37319705.0
37330786.0
37341867.0
37352947.0
37364028.0
37375109.0
37386189.0
37397270.0
37408351.0
37419431.0
37430512.0
37441593.0
37452673.0
37463754.0
37474835.0
37485915.0
37496996.0
37508077.0
37519158.0
37530238.0
37541319.0
37552399.0
37563480.0
37574561.0
37585641.0
37596722.0
37607803.0
37618884.0
37629964.0
37641045.0
37652126.0
37663206.0
37674287.0
37685367.0
37696448.0
37707529.0
37718610.0
37729690.0
37740771.0
37751852.0
37762932.0
37774013.0
37785094.0
37796174.0
37807255.0
37818336.0
37829416.0
37840497.0
37851578.0
37862658.0
37873739.0
37884820.0
37895900.0
37906981.0
37918062.0
37929142.0
37940223.0
37951304.0
37962384.0
37973465.0
37984546.0
37995627.0
38006707.0
38017788.0
38028868.0
38039949.0
38051030.0
38062111.0
38073192.0
38084272.0
38095353.0
38106433.0
38117514.0
38128594.0
38139675.0
38150756.0
38161837.0
38172917.0
38183998.0
38195079.0
38206159.0
38217240.0
38228320.0
38239403.0
38250483.0
38261563.0
38272643.0
38283724.0
38294805.0
38305885.0
38316966.0
38328047.0
38339127.0
38350208.0
38361289.0
38372369.0
38383450.0
38394531.0
38405611.0
38416692.0
38427773.0
38438853.0
38449934.0
38461015.0
38472095.0
38483176.0
38494257.0
38505337.0
38516418.0
38527499.0
38538579.0
38549660.0
38560741.0
38571821.0
38582902.0
38593983.0
38605063.0
38616144.0
38627225.0
38638306.0
38649386.0
38660467.0
38671548.0
38682628.0
38693709.0
38704790.0
38715870.0
38726951.0
38738032.0
38749112.0
38760193.0
38771274.0
38782354.0
38793435.0
38804516.0
38815596.0
38826677.0
38837757.0
38848839.0
38859919.0
38870999.0
38882080.0
38893161.0
38904242.0
38915322.0
38926403.0
38937484.0
38948564.0
38959645.0
38970726.0
38981806.0
38992887.0
39003968.0
39015048.0
39026129.0
39037210.0
39048291.0
39059371.0
39070452.0
39081532.0
39092613.0
39103694.0
39114774.0
39125855.0
39136936.0
39148016.0
39159097.0
39170178.0
39181258.0
39192339.0
39203420.0
39214500.0
39225581.0
39236662.0
39247743.0
39258823.0
39269904.0
39280984.0
39292065.0
39303146.0
39314226.0
39325307.0
39336388.0
39347469.0
39358549.0
39369630.0
39380710.0
39391791.0
39402873.0
39413952.0
39425033.0
39436114.0
39447195.0
39458275.0
39469356.0
39480436.0
39491517.0
39502598.0
39513678.0
39524759.0
39535840.0
39546921.0
39558001.0
39569082.0
39580162.0
39591243.0
39602324.0
39613404.0
39624485.0
39635566.0
39646647.0
39657728.0
39668808.0
39679889.0
39690969.0
39702050.0
39713131.0
39724211.0
39735292.0
39746373.0
39757453.0
39768534.0
39779615.0
39790695.0
39801776.0
39812857.0
39823937.0
39835018.0
39846099.0
39857179.0
39868260.0
39879341.0
39890421.0
39901502.0
39912583.0
39923663.0
39934744.0
39945825.0
39956906.0
39967986.0
39979067.0
