4.0
4.0
4.0
7.0
7.0
1065.0
207.0
7.0
4.0
7.0
3.0
3.0
163.0
1103.0
2.0
4.0
6.0
10.0
4.0
7.0
1022.0
238.0
9.0
7.0
10.0
6.0
11.0
133.0
1138.0
0.0
6.0
6.0
6.0
9.0
7.0
1005.0
283.0
6.0
8.0
5.0
6.0
10.0
107.0
1187.0
10.0
1.0
1.0
4.0
5.0
4.0
978.0
333.0
6.0
6.0
8.0
5.0
3.0
84.0
1162.0
84.0
4.0
8.0
7.0
10.0
8.0
952.0
391.0
7.0
9.0
7.0
5.0
12.0
75.0
1100.0
183.0
1.0
0.0
5.0
6.0
8.0
901.0
419.0
10.0
4.0
10.0
7.0
8.0
50.0
1007.0
0.0
3.0
3.0
3.0
3.0
3.0
821.0
454.0
9.0
11.0
8.0
8.0
7.0
33.0
938.0
303.0
8.0
9.0
5.0
8.0
10.0
774.0
487.0
9.0
12.0
6.0
9.0
5.0
17.0
882.0
366.0
6.0
4.0
7.0
3.0
5.0
733.0
540.0
1.0
2.0
5.0
5.0
8.0
10.0
862.0
424.0
6.0
3.0
3.0
4.0
4.0
694.0
613.0
3.0
7.0
7.0
4.0
8.0
15.0
832.0
0.0
6.0
8.0
3.0
4.0
3.0
632.0
688.0
3.0
4.0
5.0
3.0
7.0
7.0
805.0
537.0
6.0
5.0
5.0
4.0
11.0
577.0
739.0
8.0
2.0
7.0
8.0
6.0
13.0
711.0
580.0
6.0
4.0
5.0
3.0
5.0
490.0
785.0
8.0
7.0
6.0
2.0
5.0
10.0
645.0
626.0
3.0
6.0
6.0
7.0
5.0
412.0
853.0
5.0
5.0
3.0
6.0
5.0
8.0
598.0
0.0
6.0
3.0
4.0
5.0
6.0
309.0
959.0
8.0
5.0
8.0
8.0
13.0
11.0
558.0
717.0
7.0
6.0
0.0
3.0
3.0
184.0
1109.0
8.0
6.0
8.0
7.0
6.0
10.0
531.0
775.0
6.0
6.0
4.0
6.0
6.0
104.0
1203.0
17.0
8.0
6.0
8.0
8.0
12.0
501.0
831.0
5.0
3.0
3.0
10.0
8.0
68.0
1221.0
27.0
14.0
9.0
7.0
12.0
9.0
435.0
0.0
3.0
6.0
4.0
6.0
5.0
47.0
1195.0
37.0
6.0
6.0
7.0
6.0
4.0
381.0
881.0
3.0
3.0
5.0
4.0
1.0
28.0
1181.0
52.0
10.0
8.0
4.0
9.0
9.0
344.0
912.0
4.0
7.0
1.0
5.0
5.0
19.0
1158.0
83.0
9.0
12.0
10.0
12.0
12.0
310.0
946.0
4.0
4.0
3.0
5.0
4.0
13.0
1168.0
101.0
7.0
5.0
6.0
8.0
6.0
273.0
0.0
4.0
3.0
2.0
2.0
3.0
5.0
1174.0
140.0
6.0
8.0
7.0
4.0
10.0
245.0
1076.0
4.0
6.0
9.0
5.0
5.0
7.0
1139.0
164.0
6.0
8.0
10.0
7.0
5.0
209.0
1079.0
3.0
3.0
6.0
3.0
7.0
5.0
1072.0
197.0
9.0
5.0
4.0
4.0
5.0
168.0
1091.0
4.0
3.0
2.0
6.0
6.0
6.0
1025.0
233.0
6.0
11.0
9.0
6.0
10.0
142.0
0.0
5.0
5.0
8.0
10.0
6.0
4.0
984.0
263.0
10.0
8.0
6.0
7.0
7.0
117.0
1146.0
9.0
5.0
6.0
5.0
5.0
5.0
967.0
319.0
4.0
5.0
6.0
3.0
6.0
86.0
1157.0
64.0
2.0
2.0
2.0
2.0
4.0
935.0
381.0
10.0
5.0
9.0
6.0
9.0
68.0
1095.0
165.0
9.0
7.0
5.0
1.0
4.0
890.0
410.0
10.0
8.0
7.0
8.0
6.0
47.0
0.0
235.0
5.0
5.0
5.0
5.0
6.0
838.0
445.0
7.0
7.0
8.0
8.0
8.0
32.0
940.0
298.0
6.0
5.0
4.0
5.0
6.0
782.0
477.0
4.0
8.0
6.0
10.0
7.0
20.0
886.0
353.0
3.0
7.0
6.0
9.0
6.0
733.0
521.0
11.0
12.0
9.0
10.0
10.0
21.0
842.0
412.0
0.0
7.0
4.0
5.0
7.0
697.0
586.0
10.0
7.0
3.0
4.0
5.0
7.0
0.0
474.0
4.0
3.0
3.0
1.0
3.0
639.0
667.0
6.0
13.0
9.0
8.0
10.0
6.0
793.0
532.0
6.0
7.0
7.0
6.0
6.0
579.0
731.0
10.0
12.0
8.0
3.0
8.0
9.0
729.0
574.0
3.0
2.0
5.0
6.0
4.0
512.0
780.0
4.0
6.0
4.0
7.0
7.0
5.0
658.0
617.0
8.0
3.0
5.0
5.0
6.0
419.0
842.0
4.0
6.0
5.0
7.0
10.0
6.0
0.0
655.0
2.0
2.0
4.0
4.0
3.0
322.0
934.0
9.0
10.0
8.0
9.0
10.0
6.0
560.0
705.0
4.0
4.0
7.0
8.0
8.0
213.0
1079.0
14.0
7.0
8.0
9.0
6.0
6.0
545.0
776.0
2.0
1.0
1.0
2.0
4.0
111.0
1211.0
17.0
8.0
10.0
6.0
6.0
7.0
514.0
832.0
8.0
7.0
4.0
7.0
6.0
73.0
1242.0
25.0
8.0
13.0
9.0
11.0
6.0
0.0
864.0
2.0
3.0
4.0
5.0
4.0
53.0
1224.0
35.0
8.0
8.0
1.0
5.0
6.0
399.0
896.0
4.0
5.0
6.0
3.0
5.0
34.0
1202.0
51.0
6.0
3.0
3.0
8.0
4.0
347.0
923.0
4.0
6.0
4.0
6.0
6.0
21.0
1174.0
73.0
10.0
5.0
11.0
8.0
9.0
317.0
966.0
7.0
3.0
6.0
8.0
9.0
15.0
1196.0
105.0
7.0
5.0
6.0
5.0
5.0
0.0
1029.0
4.0
3.0
5.0
4.0
2.0
5.0
1209.0
139.0
8.0
9.0
4.0
10.0
11.0
262.0
1094.0
4.0
3.0
2.0
7.0
8.0
4.0
1180.0
170.0
8.0
10.0
6.0
4.0
8.0
233.0
1115.0
0.0
3.0
6.0
7.0
5.0
7.0
1126.0
194.0
7.0
10.0
7.0
8.0
11.0
175.0
1128.0
1.0
2.0
1.0
4.0
2.0
8.0
1061.0
229.0
2.0
6.0
7.0
2.0
4.0
0.0
1136.0
9.0
8.0
8.0
8.0
6.0
5.0
1007.0
262.0
7.0
7.0
7.0
8.0
8.0
112.0
1175.0
6.0
4.0
5.0
5.0
8.0
4.0
992.0
328.0
10.0
11.0
6.0
10.0
11.0
94.0
1195.0
45.0
3.0
6.0
6.0
5.0
6.0
968.0
384.0
8.0
10.0
10.0
8.0
6.0
72.0
1134.0
157.0
5.0
2.0
4.0
3.0
5.0
935.0
433.0
10.0
9.0
9.0
8.0
5.0
0.0
1090.0
235.0
3.0
5.0
5.0
5.0
3.0
872.0
470.0
9.0
11.0
11.0
11.0
9.0
39.0
991.0
291.0
2.0
3.0
3.0
2.0
5.0
814.0
485.0
5.0
7.0
5.0
4.0
2.0
25.0
916.0
351.0
6.0
3.0
4.0
4.0
9.0
755.0
517.0
4.0
8.0
12.0
5.0
9.0
18.0
868.0
405.0
5.0
5.0
7.0
8.0
3.0
713.0
604.0
9.0
7.0
7.0
10.0
10.0
0.0
858.0
471.0
3.0
2.0
6.0
6.0
2.0
669.0
680.0
11.0
11.0
10.0
10.0
5.0
10.0
832.0
531.0
4.0
2.0
5.0
4.0
4.0
608.0
761.0
10.0
7.0
9.0
7.0
6.0
12.0
791.0
581.0
5.0
8.0
6.0
6.0
8.0
534.0
813.0
8.0
10.0
10.0
17.0
13.0
5.0
696.0
629.0
3.0
3.0
3.0
2.0
2.0
443.0
856.0
8.0
6.0
7.0
5.0
6.0
0.0
626.0
661.0
7.0
2.0
10.0
4.0
5.0
355.0
921.0
9.0
7.0
6.0
5.0
8.0
7.0
579.0
706.0
4.0
2.0
2.0
2.0
2.0
238.0
1080.0
5.0
5.0
7.0
9.0
5.0
11.0
561.0
772.0
2.0
3.0
2.0
3.0
7.0
122.0
1216.0
13.0
10.0
10.0
4.0
6.0
11.0
528.0
834.0
4.0
5.0
4.0
4.0
4.0
77.0
1278.0
26.0
8.0
9.0
10.0
10.0
0.0
491.0
880.0
6.0
4.0
4.0
8.0
5.0
55.0
1275.0
36.0
8.0
11.0
8.0
10.0
10.0
424.0
896.0
3.0
5.0
5.0
5.0
8.0
36.0
1217.0
52.0
8.0
8.0
4.0
6.0
10.0
362.0
925.0
5.0
5.0
7.0
6.0
6.0
23.0
1187.0
68.0
4.0
8.0
5.0
9.0
14.0
319.0
971.0
2.0
5.0
7.0
5.0
3.0
15.0
1205.0
96.0
8.0
9.0
7.0
8.0
0.0
303.0
1026.0
4.0
3.0
4.0
3.0
5.0
7.0
1214.0
133.0
11.0
7.0
8.0
6.0
9.0
277.0
1084.0
6.0
4.0
5.0
2.0
6.0
7.0
1195.0
168.0
7.0
6.0
9.0
7.0
8.0
239.0
1129.0
7.0
6.0
7.0
8.0
10.0
4.0
1155.0
197.0
11.0
12.0
13.0
11.0
13.0
187.0
1134.0
4.0
3.0
3.0
4.0
5.0
7.0
1073.0
220.0
8.0
8.0
10.0
7.0
0.0
151.0
1129.0
9.0
5.0
8.0
7.0
7.0
4.0
1016.0
256.0
6.0
8.0
5.0
8.0
6.0
122.0
1173.0
5.0
7.0
7.0
5.0
6.0
6.0
996.0
315.0
9.0
12.0
8.0
9.0
8.0
97.0
1197.0
34.0
6.0
7.0
6.0
2.0
4.0
974.0
367.0
7.0
9.0
8.0
6.0
11.0
78.0
1146.0
136.0
5.0
4.0
7.0
4.0
2.0
942.0
436.0
8.0
11.0
7.0
9.0
0.0
51.0
1101.0
224.0
2.0
5.0
7.0
3.0
5.0
887.0
467.0
12.0
15.0
9.0
14.0
7.0
44.0
999.0
284.0
4.0
3.0
2.0
2.0
2.0
822.0
485.0
9.0
8.0
11.0
5.0
5.0
21.0
935.0
338.0
6.0
7.0
6.0
6.0
6.0
763.0
512.0
6.0
6.0
8.0
6.0
9.0
19.0
878.0
399.0
5.0
8.0
7.0
4.0
6.0
722.0
583.0
11.0
8.0
6.0
8.0
0.0
10.0
852.0
458.0
6.0
3.0
3.0
3.0
4.0
677.0
660.0
6.0
9.0
3.0
5.0
8.0
12.0
838.0
518.0
2.0
4.0
7.0
5.0
3.0
620.0
751.0
10.0
6.0
7.0
8.0
10.0
8.0
799.0
575.0
3.0
4.0
3.0
4.0
4.0
549.0
808.0
10.0
7.0
10.0
10.0
5.0
9.0
709.0
615.0
1.0
3.0
3.0
3.0
3.0
466.0
833.0
9.0
4.0
4.0
5.0
0.0
6.0
638.0
651.0
3.0
7.0
8.0
4.0
8.0
369.0
904.0
8.0
6.0
4.0
3.0
3.0
5.0
585.0
692.0
6.0
9.0
6.0
2.0
4.0
258.0
1030.0
4.0
4.0
7.0
4.0
9.0
3.0
546.0
752.0
2.0
1.0
1.0
2.0
2.0
133.0
1177.0
16.0
5.0
12.0
13.0
4.0
6.0
524.0
815.0
2.0
4.0
4.0
6.0
3.0
82.0
1256.0
26.0
13.0
10.0
7.0
0.0
15.0
495.0
877.0
7.0
6.0
4.0
6.0
4.0
64.0
1257.0
34.0
8.0
11.0
6.0
10.0
7.0
429.0
887.0
3.0
4.0
4.0
4.0
5.0
37.0
1210.0
51.0
1.0
6.0
5.0
3.0
6.0
366.0
912.0
5.0
6.0
6.0
8.0
3.0
22.0
1192.0
61.0
6.0
6.0
4.0
6.0
7.0
326.0
936.0
4.0
5.0
6.0
3.0
6.0
14.0
1157.0
89.0
8.0
10.0
8.0
0.0
6.0
290.0
971.0
4.0
5.0
5.0
7.0
9.0
8.0
1179.0
122.0
7.0
12.0
7.0
15.0
11.0
260.0
1053.0
5.0
8.0
7.0
4.0
3.0
4.0
1183.0
156.0
7.0
7.0
8.0
10.0
9.0
244.0
1114.0
8.0
3.0
8.0
6.0
8.0
5.0
1153.0
180.0
5.0
9.0
10.0
10.0
9.0
194.0
1125.0
5.0
5.0
6.0
5.0
5.0
8.0
1072.0
218.0
4.0
6.0
4.0
0.0
5.0
156.0
1123.0
6.0
7.0
7.0
3.0
6.0
7.0
1019.0
243.0
6.0
9.0
7.0
8.0
8.0
121.0
1137.0
3.0
2.0
5.0
3.0
3.0
2.0
975.0
285.0
4.0
5.0
4.0
9.0
5.0
93.0
1163.0
25.0
7.0
5.0
2.0
7.0
7.0
964.0
343.0
10.0
11.0
7.0
7.0
9.0
77.0
1139.0
116.0
4.0
4.0
2.0
3.0
2.0
940.0
408.0
1.0
3.0
10.0
0.0
9.0
59.0
1098.0
210.0
3.0
3.0
7.0
6.0
6.0
894.0
447.0
9.0
9.0
9.0
11.0
8.0
44.0
1009.0
276.0
4.0
6.0
3.0
3.0
2.0
830.0
475.0
4.0
4.0
4.0
9.0
4.0
26.0
936.0
333.0
7.0
6.0
8.0
8.0
12.0
774.0
508.0
4.0
2.0
6.0
4.0
5.0
15.0
875.0
384.0
5.0
4.0
4.0
5.0
3.0
717.0
549.0
5.0
5.0
4.0
0.0
8.0
14.0
835.0
438.0
9.0
6.0
4.0
4.0
5.0
681.0
628.0
9.0
11.0
11.0
5.0
6.0
8.0
817.0
507.0
4.0
5.0
5.0
5.0
2.0
630.0
712.0
9.0
8.0
8.0
10.0
10.0
8.0
798.0
567.0
8.0
2.0
4.0
1.0
1.0
562.0
782.0
8.0
11.0
7.0
7.0
6.0
9.0
724.0
601.0
3.0
3.0
3.0
4.0
5.0
478.0
828.0
6.0
6.0
7.0
0.0
6.0
5.0
643.0
650.0
8.0
6.0
4.0
3.0
2.0
387.0
895.0
2.0
4.0
6.0
5.0
8.0
6.0
592.0
679.0
5.0
3.0
7.0
9.0
7.0
274.0
989.0
4.0
8.0
7.0
6.0
8.0
8.0
544.0
734.0
5.0
8.0
9.0
6.0
4.0
156.0
1152.0
16.0
9.0
11.0
11.0
6.0
11.0
528.0
796.0
3.0
4.0
4.0
2.0
5.0
91.0
1233.0
23.0
6.0
3.0
0.0
7.0
2.0
498.0
865.0
2.0
3.0
5.0
4.0
3.0
61.0
1252.0
31.0
8.0
7.0
11.0
5.0
7.0
437.0
891.0
3.0
5.0
4.0
4.0
4.0
41.0
1234.0
45.0
13.0
6.0
7.0
7.0
6.0
378.0
917.0
6.0
2.0
5.0
3.0
4.0
27.0
1198.0
64.0
4.0
8.0
6.0
10.0
9.0
326.0
949.0
5.0
4.0
4.0
8.0
8.0
19.0
1173.0
75.0
4.0
7.0
0.0
9.0
5.0
299.0
978.0
5.0
4.0
7.0
6.0
5.0
11.0
1191.0
113.0
9.0
11.0
6.0
12.0
7.0
274.0
1054.0
5.0
1.0
3.0
2.0
1.0
7.0
1194.0
149.0
12.0
8.0
8.0
6.0
12.0
244.0
1107.0
8.0
5.0
4.0
0.0
4.0
6.0
1162.0
181.0
10.0
4.0
8.0
7.0
4.0
209.0
1138.0
5.0
5.0
5.0
4.0
2.0
2.0
1106.0
218.0
8.0
9.0
0.0
9.0
8.0
174.0
1137.0
1.0
3.0
6.0
4.0
3.0
3.0
1038.0
249.0
8.0
7.0
8.0
4.0
8.0
131.0
1149.0
2.0
6.0
4.0
3.0
4.0
2.0
992.0
283.0
5.0
5.0
7.0
11.0
8.0
105.0
1168.0
14.0
1.0
2.0
3.0
6.0
9.0
977.0
342.0
4.0
8.0
5.0
6.0
8.0
76.0
1166.0
96.0
6.0
4.0
4.0
4.0
2.0
957.0
399.0
5.0
10.0
0.0
6.0
5.0
65.0
1113.0
197.0
2.0
3.0
3.0
3.0
8.0
907.0
467.0
5.0
6.0
6.0
3.0
10.0
50.0
1060.0
274.0
7.0
6.0
11.0
7.0
6.0
848.0
502.0
11.0
8.0
11.0
9.0
7.0
35.0
973.0
323.0
5.0
1.0
3.0
4.0
4.0
787.0
510.0
6.0
7.0
7.0
6.0
4.0
20.0
895.0
370.0
4.0
5.0
5.0
2.0
3.0
727.0
549.0
5.0
4.0
0.0
10.0
9.0
11.0
851.0
432.0
4.0
5.0
4.0
1.0
1.0
680.0
631.0
4.0
9.0
7.0
4.0
7.0
11.0
840.0
492.0
8.0
6.0
3.0
4.0
5.0
639.0
715.0
10.0
9.0
6.0
5.0
9.0
10.0
821.0
553.0
7.0
6.0
7.0
8.0
11.0
571.0
799.0
5.0
6.0
9.0
10.0
10.0
9.0
766.0
613.0
4.0
5.0
4.0
4.0
7.0
502.0
854.0
13.0
13.0
0.0
11.0
8.0
8.0
688.0
643.0
11.0
5.0
7.0
5.0
9.0
405.0
896.0
10.0
8.0
6.0
9.0
9.0
7.0
605.0
686.0
6.0
9.0
8.0
3.0
8.0
300.0
990.0
11.0
10.0
15.0
16.0
13.0
14.0
561.0
731.0
4.0
2.0
2.0
8.0
12.0
177.0
1143.0
11.0
7.0
10.0
7.0
7.0
11.0
556.0
805.0
6.0
2.0
8.0
4.0
2.0
93.0
1251.0
23.0
10.0
0.0
7.0
4.0
4.0
520.0
852.0
8.0
5.0
4.0
5.0
8.0
63.0
1274.0
26.0
7.0
10.0
5.0
6.0
9.0
468.0
886.0
3.0
4.0
6.0
4.0
2.0
39.0
1257.0
46.0
10.0
8.0
4.0
8.0
8.0
398.0
909.0
3.0
8.0
8.0
6.0
6.0
34.0
1207.0
67.0
9.0
8.0
7.0
9.0
7.0
343.0
934.0
5.0
4.0
2.0
3.0
4.0
18.0
1175.0
80.0
6.0
0.0
1.0
9.0
7.0
300.0
976.0
5.0
4.0
3.0
1.0
4.0
9.0
1193.0
113.0
7.0
14.0
8.0
8.0
10.0
279.0
1042.0
5.0
4.0
3.0
4.0
1.0
4.0
1199.0
152.0
7.0
5.0
13.0
3.0
6.0
255.0
1101.0
10.0
5.0
4.0
9.0
8.0
2.0
1184.0
190.0
6.0
11.0
13.0
9.0
5.0
226.0
1146.0
8.0
9.0
8.0
4.0
3.0
2.0
1128.0
216.0
3.0
0.0
10.0
7.0
13.0
174.0
1142.0
3.0
5.0
3.0
4.0
6.0
5.0
1056.0
238.0
8.0
12.0
7.0
7.0
4.0
144.0
1148.0
1.0
3.0
3.0
2.0
3.0
6.0
1002.0
271.0
4.0
7.0
10.0
7.0
4.0
107.0
1173.0
12.0
4.0
5.0
6.0
8.0
6.0
977.0
329.0
6.0
3.0
5.0
6.0
6.0
83.0
1158.0
76.0
7.0
6.0
7.0
5.0
8.0
958.0
386.0
6.0
0.0
4.0
8.0
10.0
70.0
1110.0
180.0
3.0
6.0
5.0
4.0
3.0
919.0
454.0
8.0
6.0
6.0
8.0
7.0
45.0
1076.0
263.0
7.0
8.0
6.0
7.0
5.0
866.0
488.0
10.0
5.0
8.0
10.0
7.0
41.0
976.0
313.0
7.0
6.0
7.0
8.0
6.0
795.0
501.0
12.0
8.0
6.0
6.0
12.0
24.0
898.0
365.0
3.0
3.0
4.0
3.0
2.0
736.0
541.0
5.0
0.0
9.0
2.0
4.0
10.0
858.0
422.0
1.0
3.0
0.0
4.0
5.0
696.0
602.0
5.0
7.0
8.0
7.0
11.0
10.0
825.0
489.0
3.0
5.0
6.0
5.0
6.0
649.0
685.0
10.0
13.0
8.0
5.0
3.0
6.0
803.0
544.0
7.0
4.0
4.0
3.0
5.0
585.0
779.0
3.0
6.0
11.0
5.0
5.0
4.0
779.0
602.0
4.0
4.0
6.0
6.0
9.0
513.0
831.0
7.0
0.0
9.0
10.0
13.0
7.0
678.0
641.0
6.0
9.0
7.0
8.0
2.0
419.0
868.0
8.0
11.0
4.0
14.0
7.0
10.0
611.0
672.0
6.0
5.0
5.0
3.0
3.0
321.0
956.0
4.0
3.0
3.0
3.0
5.0
11.0
566.0
714.0
2.0
5.0
4.0
2.0
2.0
192.0
1090.0
4.0
6.0
4.0
6.0
11.0
9.0
526.0
770.0
4.0
9.0
7.0
3.0
6.0
106.0
1208.0
15.0
0.0
7.0
7.0
4.0
16.0
506.0
831.0
3.0
4.0
4.0
7.0
1.0
63.0
1266.0
29.0
9.0
7.0
7.0
5.0
6.0
475.0
898.0
3.0
5.0
4.0
6.0
7.0
48.0
1257.0
37.0
11.0
7.0
6.0
12.0
5.0
408.0
906.0
3.0
5.0
6.0
8.0
4.0
31.0
1207.0
55.0
7.0
9.0
7.0
8.0
11.0
350.0
929.0
2.0
4.0
2.0
4.0
5.0
18.0
1181.0
72.0
0.0
10.0
3.0
9.0
10.0
310.0
953.0
3.0
1.0
3.0
7.0
5.0
17.0
1153.0
98.0
8.0
8.0
6.0
5.0
11.0
277.0
993.0
3.0
5.0
5.0
4.0
3.0
5.0
1160.0
137.0
7.0
10.0
6.0
8.0
8.0
249.0
1070.0
2.0
2.0
6.0
7.0
5.0
7.0
1164.0
172.0
8.0
5.0
8.0
9.0
9.0
229.0
1126.0
4.0
6.0
6.0
7.0
9.0
4.0
1124.0
207.0
0.0
13.0
10.0
11.0
7.0
175.0
1133.0
3.0
4.0
2.0
3.0
4.0
5.0
1051.0
235.0
7.0
6.0
5.0
5.0
5.0
142.0
1136.0
7.0
9.0
7.0
5.0
7.0
4.0
1002.0
264.0
10.0
10.0
2.0
7.0
6.0
117.0
1149.0
6.0
8.0
7.0
5.0
5.0
6.0
962.0
306.0
3.0
5.0
8.0
11.0
9.0
90.0
1136.0
57.0
6.0
6.0
2.0
5.0
7.0
940.0
368.0
0.0
7.0
7.0
10.0
8.0
65.0
1106.0
161.0
6.0
5.0
3.0
3.0
6.0
921.0
423.0
4.0
5.0
7.0
10.0
6.0
47.0
1070.0
243.0
6.0
4.0
2.0
3.0
2.0
867.0
470.0
9.0
6.0
11.0
9.0
7.0
41.0
985.0
304.0
6.0
8.0
7.0
5.0
7.0
805.0
499.0
10.0
8.0
12.0
10.0
5.0
29.0
912.0
354.0
7.0
6.0
5.0
5.0
1.0
749.0
535.0
0.0
9.0
8.0
8.0
8.0
11.0
854.0
406.0
4.0
4.0
3.0
6.0
5.0
691.0
576.0
5.0
7.0
7.0
12.0
9.0
10.0
802.0
472.0
4.0
6.0
3.0
3.0
4.0
650.0
653.0
6.0
8.0
8.0
8.0
12.0
9.0
798.0
536.0
4.0
9.0
5.0
3.0
4.0
593.0
752.0
7.0
6.0
5.0
11.0
10.0
8.0
774.0
592.0
6.0
6.0
6.0
5.0
5.0
528.0
824.0
0.0
11.0
8.0
9.0
10.0
6.0
703.0
624.0
4.0
0.0
2.0
1.0
3.0
433.0
873.0
6.0
8.0
7.0
4.0
4.0
4.0
625.0
667.0
4.0
3.0
5.0
3.0
5.0
335.0
949.0
7.0
8.0
6.0
6.0
4.0
8.0
569.0
707.0
6.0
5.0
8.0
6.0
3.0
218.0
1046.0
9.0
2.0
1.0
8.0
8.0
9.0
526.0
754.0
3.0
5.0
3.0
2.0
3.0
113.0
1182.0
0.0
5.0
5.0
6.0
9.0
12.0
505.0
820.0
5.0
5.0
4.0
4.0
2.0
73.0
1249.0
24.0
9.0
7.0
11.0
7.0
4.0
469.0
882.0
4.0
6.0
1.0
5.0
2.0
49.0
1259.0
35.0
4.0
11.0
7.0
8.0
6.0
417.0
907.0
3.0
3.0
1.0
4.0
7.0
37.0
1229.0
51.0
6.0
10.0
6.0
8.0
5.0
364.0
932.0
6.0
4.0
3.0
2.0
3.0
19.0
1197.0
0.0
8.0
7.0
5.0
6.0
5.0
315.0
957.0
7.0
8.0
5.0
3.0
7.0
18.0
1163.0
97.0
7.0
8.0
10.0
7.0
8.0
284.0
993.0
4.0
4.0
3.0
3.0
4.0
8.0
1170.0
133.0
5.0
8.0
11.0
13.0
11.0
256.0
1062.0
7.0
4.0
5.0
3.0
4.0
5.0
1177.0
168.0
7.0
5.0
8.0
10.0
3.0
226.0
1123.0
5.0
4.0
4.0
4.0
4.0
5.0
1141.0
0.0
8.0
5.0
7.0
4.0
6.0
192.0
1152.0
5.0
7.0
6.0
9.0
7.0
6.0
1095.0
228.0
9.0
11.0
8.0
7.0
7.0
147.0
1157.0
7.0
5.0
7.0
4.0
4.0
4.0
1022.0
267.0
9.0
8.0
9.0
6.0
5.0
119.0
1162.0
4.0
5.0
4.0
6.0
4.0
5.0
971.0
301.0
6.0
6.0
7.0
4.0
11.0
94.0
1154.0
44.0
2.0
3.0
4.0
6.0
5.0
954.0
0.0
6.0
13.0
5.0
9.0
7.0
70.0
1118.0
147.0
3.0
5.0
3.0
6.0
3.0
925.0
418.0
10.0
10.0
6.0
6.0
7.0
55.0
1080.0
230.0
9.0
3.0
5.0
7.0
5.0
888.0
484.0
6.0
4.0
3.0
5.0
6.0
38.0
1029.0
302.0
3.0
5.0
4.0
6.0
6.0
834.0
513.0
7.0
8.0
6.0
10.0
5.0
29.0
951.0
349.0
5.0
4.0
8.0
6.0
5.0
758.0
0.0
4.0
10.0
6.0
9.0
12.0
21.0
865.0
405.0
3.0
3.0
4.0
5.0
3.0
708.0
569.0
4.0
0.0
4.0
8.0
8.0
10.0
823.0
459.0
4.0
6.0
2.0
3.0
3.0
656.0
660.0
10.0
11.0
9.0
5.0
7.0
6.0
819.0
518.0
2.0
7.0
5.0
0.0
4.0
611.0
737.0
5.0
8.0
14.0
14.0
8.0
10.0
784.0
581.0
3.0
4.0
4.0
1.0
3.0
545.0
0.0
11.0
8.0
5.0
7.0
6.0
4.0
741.0
633.0
5.0
3.0
3.0
4.0
5.0
462.0
889.0
4.0
14.0
9.0
11.0
5.0
10.0
658.0
670.0
4.0
2.0
3.0
2.0
4.0
363.0
939.0
7.0
12.0
9.0
8.0
7.0
6.0
583.0
702.0
3.0
3.0
6.0
3.0
1.0
233.0
1040.0
3.0
7.0
5.0
8.0
4.0
6.0
539.0
751.0
6.0
2.0
6.0
3.0
4.0
126.0
0.0
19.0
13.0
12.0
10.0
7.0
8.0
519.0
813.0
5.0
4.0
3.0
3.0
2.0
76.0
1252.0
24.0
6.0
9.0
9.0
8.0
9.0
493.0
868.0
4.0
6.0
5.0
3.0
2.0
58.0
1280.0
40.0
5.0
9.0
9.0
10.0
6.0
443.0
925.0
7.0
6.0
4.0
5.0
3.0
40.0
1261.0
50.0
4.0
11.0
3.0
10.0
10.0
381.0
934.0
3.0
7.0
6.0
5.0
5.0
23.0
0.0
68.0
9.0
10.0
5.0
9.0
8.0
323.0
960.0
2.0
6.0
5.0
2.0
8.0
18.0
1172.0
93.0
9.0
7.0
7.0
7.0
5.0
289.0
997.0
4.0
2.0
4.0
2.0
4.0
6.0
1186.0
123.0
8.0
9.0
9.0
10.0
11.0
266.0
1059.0
3.0
6.0
4.0
1.0
0.0
5.0
1182.0
161.0
9.0
8.0
9.0
9.0
10.0
237.0
1123.0
4.0
3.0
3.0
6.0
5.0
5.0
0.0
206.0
5.0
7.0
8.0
5.0
4.0
203.0
1171.0
6.0
8.0
4.0
2.0
5.0
4.0
1114.0
231.0
8.0
5.0
10.0
11.0
11.0
157.0
1164.0
4.0
6.0
3.0
5.0
5.0
4.0
1034.0
261.0
8.0
8.0
7.0
6.0
7.0
126.0
1157.0
4.0
4.0
3.0
4.0
5.0
4.0
981.0
292.0
7.0
8.0
5.0
8.0
6.0
96.0
1167.0
29.0
6.0
5.0
4.0
4.0
6.0
0.0
346.0
4.0
4.0
4.0
7.0
6.0
73.0
1120.0
129.0
5.0
4.0
7.0
5.0
5.0
937.0
407.0
14.0
10.0
7.0
14.0
9.0
56.0
1085.0
216.0
5.0
9.0
8.0
3.0
4.0
896.0
478.0
7.0
4.0
3.0
3.0
3.0
40.0
1047.0
291.0
4.0
2.0
3.0
3.0
5.0
846.0
511.0
12.0
12.0
4.0
4.0
9.0
30.0
960.0
338.0
4.0
4.0
5.0
5.0
5.0
0.0
532.0
7.0
6.0
8.0
7.0
10.0
15.0
879.0
397.0
3.0
3.0
4.0
4.0
6.0
719.0
561.0
7.0
7.0
5.0
3.0
3.0
12.0
834.0
446.0
4.0
2.0
2.0
2.0
5.0
671.0
628.0
9.0
8.0
7.0
11.0
10.0
7.0
804.0
502.0
3.0
4.0
6.0
5.0
5.0
616.0
713.0
6.0
7.0
6.0
6.0
8.0
6.0
776.0
566.0
2.0
4.0
6.0
7.0
5.0
0.0
814.0
6.0
3.0
7.0
10.0
9.0
9.0
752.0
624.0
5.0
4.0
6.0
5.0
6.0
476.0
865.0
10.0
9.0
5.0
10.0
8.0
7.0
655.0
655.0
5.0
6.0
5.0
3.0
1.0
375.0
912.0
9.0
7.0
8.0
5.0
7.0
10.0
592.0
690.0
3.0
2.0
1.0
4.0
6.0
265.0
1004.0
8.0
8.0
6.0
8.0
6.0
9.0
537.0
729.0
1.0
5.0
5.0
3.0
5.0
0.0
1128.0
9.0
7.0
5.0
9.0
10.0
11.0
496.0
