1008341.0
1019421.0
1030502.0
1041583.0
1052664.0
1063744.0
1074825.0
1085906.0
1096986.0
1108067.0
1119148.0
1130228.0
1141309.0
1152390.0
1163470.0
1174551.0
1185632.0
1196712.0
1207793.0
1218874.0
1229954.0
1241035.0
1252116.0
1263196.0
1274277.0
1285358.0
1296438.0
1307519.0
1318600.0
1329680.0
1340761.0
1351842.0
1362922.0
1374003.0
1385084.0
1396164.0
1407245.0
1418326.0
1429406.0
1440487.0
1451568.0
1462648.0
1473729.0
1484810.0
1495890.0
1506971.0
1518052.0
1529132.0
1540213.0
1551294.0
1562374.0
1573457.0
1584537.0
1595617.0
1606698.0
1617779.0
1628859.0
1639940.0
1651021.0
1662102.0
1673182.0
1684263.0
1695343.0
1706424.0
1717505.0
1728586.0
1739666.0
1750747.0
1761828.0
1772908.0
1783989.0
1795069.0
1806150.0
1817231.0
1828311.0
1839393.0
1850473.0
1861553.0
1872634.0
1883715.0
1894796.0
1905876.0
1916957.0
1928038.0
1939118.0
1950199.0
1961279.0
1972360.0
1983441.0
1994522.0
2005603.0
2016683.0
2027764.0
2038844.0
2049925.0
2061006.0
2072087.0
2083167.0
2094248.0
2105328.0
2116409.0
2127490.0
2138570.0
2149651.0
2160732.0
2171812.0
2182893.0
2193974.0
2205054.0
2216135.0
2227216.0
2238296.0
2249377.0
2260458.0
2271538.0
2282619.0
2293700.0
2304780.0
2315861.0
2326942.0
2338023.0
2349103.0
2360184.0
2371264.0
2382345.0
2393426.0
2404507.0
2415587.0
2426668.0
2437749.0
2448829.0
2459910.0
2470991.0
2482071.0
2493152.0
2504233.0
2515313.0
2526394.0
2537474.0
2548555.0
2559636.0
2570717.0
2581797.0
2592878.0
2603959.0
2615039.0
2626120.0
2637201.0
2648282.0
2659362.0
2670443.0
2681523.0
2692604.0
2703684.0
2714765.0
2725846.0
2736927.0
2748007.0
2759088.0
2770169.0
2781249.0
2792330.0
2803410.0
2814491.0
2825572.0
2836654.0
2847734.0
2858814.0
2869895.0
2880975.0
2892056.0
2903137.0
2914217.0
2925298.0
2936379.0
2947459.0
2958540.0
2969621.0
2980702.0
2991782.0
3002863.0
3013943.0
3025024.0
3036105.0
3047186.0
3058266.0
3069347.0
3080428.0
3091508.0
3102589.0
3113669.0
3124750.0
3135831.0
3146912.0
3157992.0
3169074.0
3180154.0
3191234.0
3202315.0
3213395.0
3224476.0
3235557.0
3246638.0
3257718.0
3268799.0
3279880.0
3290960.0
3302041.0
3313121.0
3324202.0
3335285.0
3346363.0
3357444.0
3368525.0
3379605.0
3390686.0
3401767.0
3412848.0
3423928.0
3435009.0
3446090.0
3457170.0
3468251.0
3479332.0
3490412.0
3501493.0
3512574.0
3523654.0
3534735.0
3545816.0
3556896.0
3567977.0
3579057.0
3590138.0
3601219.0
3612300.0
3623380.0
3634461.0
3645542.0
3656622.0
3667704.0
3678784.0
3689864.0
3700945.0
3712026.0
3723106.0
3734187.0
3745268.0
3756348.0
3767429.0
3778510.0
3789590.0
3800671.0
3811752.0
3822832.0
3833914.0
3844994.0
3856074.0
3867155.0
3878236.0
3889317.0
3900397.0
3911478.0
3922558.0
3933639.0
3944720.0
3955801.0
3966881.0
3977962.0
3989042.0
4000123.0
4011204.0
4022285.0
4033365.0
4044446.0
4055527.0
4066607.0
4077688.0
4088769.0
4099849.0
4110930.0
4122011.0
4133091.0
4144172.0
4155253.0
4166333.0
4177414.0
4188495.0
4199575.0
4210656.0
4221737.0
4232818.0
4243898.0
4254979.0
4266060.0
4277140.0
4288221.0
4299301.0
4310382.0
4321463.0
4332545.0
4343624.0
4354705.0
4365785.0
4376866.0
4387947.0
4399027.0
4410108.0
4421189.0
4432270.0
4443350.0
4454431.0
4465511.0
4476592.0
4487673.0
4498754.0
4509834.0
4520915.0
4531995.0
4543076.0
4554157.0
4565238.0
4576318.0
4587399.0
4598479.0
4609560.0
4620641.0
4631722.0
4642802.0
4653883.0
4664964.0
4676044.0
4687125.0
4698206.0
4709286.0
4720367.0
4731448.0
4742528.0
4753609.0
4764690.0
4775770.0
4786851.0
4797932.0
4809012.0
4820093.0
4831175.0
4842255.0
4853336.0
4864416.0
4875496.0
4886577.0
4897658.0
4908738.0
4919819.0
4930900.0
4941980.0
4953061.0
4964142.0
4975222.0
4986303.0
4997384.0
5008464.0
5019545.0
5030626.0
5041707.0
5052787.0
5063868.0
5074948.0
5086029.0
5097110.0
5108190.0
5119271.0
5130352.0
5141432.0
5152513.0
5163594.0
5174675.0
5185755.0
5196836.0
5207917.0
5218997.0
5230078.0
5241158.0
5252239.0
5263320.0
5274401.0
5285481.0
5296562.0
5307643.0
5318723.0
5329804.0
5340884.0
5351965.0
5363046.0
5374126.0
5385207.0
5396288.0
5407369.0
5418449.0
5429530.0
5440611.0
5451691.0
5462772.0
5473852.0
5484933.0
5496014.0
5507095.0
5518175.0
5529256.0
5540337.0
5551417.0
5562498.0
5573578.0
5584659.0
5595740.0
5606821.0
5617902.0
5628982.0
5640063.0
5651143.0
5662224.0
5673305.0
5684385.0
5695466.0
5706547.0
5717627.0
5728708.0
5739789.0
5750869.0
5761950.0
5773031.0
5784111.0
5795192.0
5806273.0
5817353.0
5828435.0
5839515.0
5850596.0
5861676.0
5872757.0
5883838.0
5894918.0
5905999.0
5917080.0
5928160.0
5939241.0
5950322.0
5961402.0
5972483.0
5983564.0
5994645.0
6005725.0
6016805.0
6027886.0
6038967.0
6050048.0
6061128.0
6072209.0
6083290.0
6094370.0
6105451.0
6116532.0
6127612.0
6138693.0
6149774.0
6160855.0
6171935.0
6183016.0
6194096.0
6205177.0
6216258.0
6227338.0
6238419.0
6249500.0
6260580.0
6271661.0
6282742.0
6293822.0
6304903.0
6315983.0
6327065.0
6338145.0
6349226.0
6360306.0
6371387.0
6382468.0
6393548.0
6404629.0
6415710.0
6426791.0
6437871.0
6448952.0
6460032.0
6471113.0
6482194.0
6493276.0
6504355.0
6515436.0
6526516.0
6537597.0
6548678.0
6559759.0
6570839.0
6581920.0
6593000.0
6604081.0
6615162.0
6626243.0
6637323.0
6648404.0
6659485.0
6670565.0
6681646.0
6692727.0
6703807.0
6714888.0
6725969.0
6737049.0
6748130.0
6759211.0
6770291.0
6781372.0
6792453.0
6803533.0
6814614.0
6825696.0
6836775.0
6847856.0
6858937.0
6870017.0
6881098.0
6892179.0
6903259.0
6914340.0
6925421.0
6936501.0
6947582.0
6958663.0
6969743.0
6980824.0
6991905.0
7002986.0
7014066.0
7025147.0
7036228.0
7047308.0
7058389.0
7069469.0
7080550.0
7091631.0
7102711.0
7113792.0
7124873.0
7135953.0
7147034.0
7158115.0
7169195.0
7180276.0
7191357.0
7202437.0
7213518.0
7224599.0
7235680.0
7246760.0
7257841.0
7268922.0
7280002.0
7291083.0
7302163.0
7313244.0
7324325.0
7335405.0
7346486.0
7357567.0
7368647.0
7379728.0
7390809.0
7401889.0
7412970.0
7424051.0
7435132.0
7446212.0
7457293.0
7468374.0
7479454.0
7490536.0
7501615.0
7512696.0
7523777.0
7534858.0
7545938.0
7557019.0
7568100.0
7579180.0
7590261.0
7601342.0
7612422.0
7623503.0
7634584.0
7645664.0
7656745.0
7667826.0
7678906.0
7689987.0
7701068.0
7712148.0
7723229.0
7734310.0
7745390.0
7756471.0
7767552.0
7778632.0
7789713.0
7800794.0
7811874.0
7822956.0
7834036.0
7845117.0
7856197.0
7867278.0
7878358.0
7889439.0
7900520.0
7911601.0
7922681.0
7933762.0
7944842.0
7955923.0
7967004.0
7978085.0
7989166.0
8000246.0
8011327.0
8022407.0
8033488.0
8044568.0
8055649.0
8066730.0
8077811.0
8088891.0
8099972.0
8111053.0
8122133.0
8133214.0
8144295.0
8155375.0
8166456.0
8177537.0
8188617.0
8199698.0
8210779.0
8221859.0
8232940.0
8244021.0
8255101.0
8266182.0
8277263.0
8288344.0
8299424.0
8310505.0
8321586.0
8332666.0
8343747.0
8354827.0
8365908.0
8376989.0
8388069.0
8399150.0
8410231.0
8421312.0
8432392.0
8443472.0
8454553.0
8465634.0
8476715.0
8487796.0
8498876.0
8509957.0
8521037.0
8532118.0
8543199.0
8554279.0
8565360.0
8576441.0
8587522.0
8598602.0
8609683.0
8620764.0
8631844.0
8642925.0
8654007.0
8665086.0
8676167.0
8687248.0
8698328.0
8709409.0
8720490.0
8731570.0
8742651.0
8753732.0
8764812.0
8775893.0
8786974.0
8798054.0
8809135.0
8820217.0
8831297.0
8842377.0
8853457.0
8864538.0
8875619.0
8886700.0
8897780.0
8908861.0
8919942.0
8931022.0
8942103.0
8953184.0
8964264.0
8975345.0
8986426.0
8997506.0
9008587.0
9019668.0
9030749.0
9041829.0
9052910.0
9063990.0
9075071.0
9086152.0
9097232.0
9108313.0
9119394.0
9130474.0
9141555.0
9152636.0
9163716.0
9174797.0
9185878.0
9196958.0
9208039.0
9219120.0
9230201.0
9241281.0
9252362.0
9263442.0
9274523.0
9285604.0
9296685.0
9307765.0
9318846.0
9329926.0
9341007.0
9352088.0
9363169.0
9374249.0
9385330.0
9396410.0
9407491.0
9418572.0
9429653.0
9440733.0
9451814.0
9462895.0
9473975.0
9485056.0
9496136.0
9507217.0
9518298.0
9529378.0
9540459.0
9551540.0
9562621.0
9573701.0
9584782.0
9595863.0
9606943.0
9618024.0
9629105.0
9640185.0
9651266.0
9662347.0
9673427.0
9684508.0
9695589.0
9706669.0
9717750.0
9728831.0
9739911.0
9750992.0
9762073.0
9773153.0
9784234.0
9795315.0
9806395.0
9817478.0
9828557.0
9839637.0
9850718.0
9861799.0
9872879.0
9883960.0
9895041.0
9906121.0
9917202.0
9928283.0
9939363.0
9950444.0
9961525.0
9972606.0
9983688.0
9994767.0
10005848.0
10016928.0
10028009.0
10039090.0
10050170.0
10061251.0
10072332.0
10083412.0
10094493.0
10105574.0
10116654.0
10127735.0
10138816.0
10149897.0
10160977.0
10172057.0
10183139.0
10194219.0
10205300.0
10216380.0
10227461.0
10238542.0
10249622.0
10260703.0
10271785.0
10282864.0
10293945.0
10305026.0
10316106.0
10327187.0
10338268.0
10349348.0
10360429.0
10371509.0
10382590.0
10393671.0
10404752.0
10415832.0
10426913.0
10437994.0
10449074.0
10460155.0
10471236.0
10482317.0
10493397.0
10504478.0
10515558.0
10526639.0
10537720.0
10548801.0
10559881.0
10570962.0
10582043.0
10593123.0
10604204.0
10615285.0
10626365.0
10637446.0
10648527.0
10659607.0
10670688.0
10681769.0
10692849.0
10703930.0
10715011.0
10726091.0
10737172.0
10748252.0
10759333.0
10770414.0
10781495.0
10792575.0
10803656.0
10814738.0
10825818.0
10836898.0
10847979.0
10859059.0
10870140.0
10881221.0
10892301.0
10903382.0
10914463.0
10925543.0
10936624.0
10947705.0
10958785.0
10969866.0
10980947.0
10992027.0
11003108.0
11014189.0
11025269.0
11036350.0
11047431.0
11058512.0
11069592.0
11080673.0
11091753.0
11102834.0
11113915.0
11124995.0
11136076.0
11147157.0
11158237.0
11169318.0
11180399.0
11191479.0
11202560.0
11213641.0
11224722.0
11235802.0
11246883.0
11257963.0
11269044.0
11280125.0
11291205.0
11302286.0
11313368.0
11324447.0
11335528.0
11346609.0
11357690.0
11368770.0
11379851.0
11390932.0
11402012.0
11413093.0
11424174.0
11435254.0
11446335.0
11457416.0
11468496.0
11479577.0
11490657.0
11501738.0
11512819.0
11523899.0
11534980.0
11546061.0
11557142.0
11568222.0
11579303.0
11590384.0
11601464.0
11612545.0
11623626.0
11634706.0
11645787.0
11656867.0
11667948.0
11679029.0
11690110.0
11701190.0
11712271.0
11723352.0
11734432.0
11745513.0
11756594.0
11767674.0
11778755.0
11789836.0
11800916.0
11811998.0
11823078.0
11834158.0
11845239.0
11856320.0
11867400.0
11878481.0
11889562.0
11900642.0
11911723.0
11922804.0
11933884.0
11944965.0
11956046.0
11967126.0
11978208.0
11989288.0
12000368.0
12011449.0
12022530.0
12033611.0
12044691.0
12055772.0
12066852.0
12077933.0
12089014.0
12100095.0
12111175.0
12122256.0
12133337.0
12144418.0
12155498.0
12166579.0
12177659.0
12188740.0
12199820.0
12210901.0
12221982.0
12233063.0
12244143.0
12255224.0
12266305.0
12277385.0
12288466.0
12299547.0
12310628.0
12321708.0
12332789.0
12343869.0
12354950.0
12366030.0
12377111.0
12388192.0
12399273.0
12410353.0
12421434.0
12432515.0
12443595.0
12454676.0
12465757.0
12476838.0
12487918.0
12498999.0
12510079.0
12521160.0
12532241.0
12543322.0
12554402.0
12565483.0
12576563.0
12587644.0
12598725.0
12609805.0
12620886.0
12631967.0
12643047.0
12654128.0
12665209.0
12676289.0
12687370.0
12698451.0
12709531.0
12720612.0
12731693.0
12742773.0
12753854.0
12764935.0
12776015.0
12787096.0
12798177.0
12809258.0
12820339.0
12831419.0
12842500.0
12853580.0
12864661.0
12875742.0
12886822.0
12897903.0
12908984.0
12920064.0
12931145.0
12942226.0
12953306.0
12964387.0
12975468.0
12986548.0
12997629.0
13008710.0
13019790.0
13030871.0
13041952.0
13053032.0
13064113.0
13075194.0
13086274.0
13097355.0
13108436.0
13119516.0
13130597.0
13141678.0
13152758.0
13163839.0
13174919.0
13186000.0
13197081.0
13208162.0
13219243.0
13230323.0
13241404.0
13252484.0
13263565.0
13274646.0
13285726.0
13296807.0
13307889.0
13318968.0
13330049.0
13341130.0
13352210.0
13363291.0
13374372.0
13385453.0
13396533.0
13407614.0
13418695.0
13429775.0
13440856.0
13451936.0
13463017.0
13474099.0
13485179.0
13496259.0
13507340.0
13518420.0
13529501.0
13540582.0
13551663.0
13562743.0
13573824.0
13584904.0
13595985.0
13607066.0
13618147.0
13629227.0
13640308.0
13651389.0
13662469.0
13673550.0
13684630.0
13695711.0
13706792.0
13717873.0
13728954.0
13740034.0
13751115.0
13762195.0
13773276.0
13784357.0
13795437.0
13806519.0
13817599.0
13828679.0
13839760.0
13850841.0
13861921.0
13873002.0
13884083.0
13895163.0
13906244.0
13917325.0
13928405.0
13939486.0
13950567.0
13961647.0
13972728.0
13983809.0
13994889.0
14005970.0
14017051.0
14028131.0
14039212.0
14050293.0
14061374.0
14072454.0
14083536.0
14094616.0
14105696.0
14116777.0
14127858.0
14138938.0
14150019.0
14161100.0
14172180.0
14183261.0
14194342.0
14205422.0
14216503.0
14227583.0
14238664.0
14249745.0
14260826.0
14271906.0
14282987.0
14294067.0
14305148.0
14316229.0
14327309.0
14338390.0
14349471.0
14360552.0
14371632.0
14382713.0
14393794.0
14404874.0
14415955.0
14427036.0
14438116.0
14449197.0
14460278.0
14471359.0
14482439.0
14493520.0
14504600.0
14515681.0
14526762.0
14537842.0
14548923.0
14560004.0
14571084.0
14582165.0
14593246.0
14604327.0
14615408.0
14626488.0
14637569.0
14648649.0
14659730.0
14670810.0
14681891.0
14692972.0
14704052.0
14715133.0
14726214.0
14737294.0
14748375.0
14759456.0
14770536.0
14781617.0
14792698.0
14803779.0
14814859.0
14825940.0
14837020.0
14848101.0
14859182.0
14870263.0
14881343.0
14892424.0
14903504.0
14914585.0
14925666.0
14936747.0
14947827.0
14958908.0
14969989.0
14981069.0
14992150.0
15003231.0
15014312.0
15025392.0
15036473.0
15047553.0
15058634.0
15069714.0
15080795.0
15091876.0
15102957.0
15114037.0
15125118.0
15136199.0
15147279.0
15158360.0
15169441.0
15180521.0
15191602.0
15202683.0
15213763.0
15224844.0
15235925.0
15247005.0
15258086.0
15269167.0
15280247.0
15291328.0
15302410.0
15313489.0
15324570.0
15335651.0
15346731.0
15357812.0
15368893.0
15379974.0
15391054.0
15402135.0
15413216.0
15424298.0
15435377.0
15446457.0
15457538.0
15468619.0
15479699.0
15490780.0
15501861.0
15512942.0
15524022.0
15535103.0
15546184.0
15557264.0
15568345.0
15579425.0
15590506.0
15601587.0
15612668.0
15623748.0
15634829.0
15645910.0
15656990.0
15668071.0
15679152.0
15690232.0
15701313.0
15712393.0
15723474.0
15734555.0
15745635.0
15756716.0
15767797.0
15778877.0
15789958.0
15801039.0
15812120.0
15823200.0
15834281.0
15845361.0
15856442.0
15867523.0
15878604.0
15889684.0
15900765.0
15911846.0
15922926.0
15934007.0
15945088.0
15956168.0
15967249.0
15978330.0
15989410.0
16000491.0
16011572.0
16022652.0
16033733.0
16044814.0
16055894.0
16066975.0
16078056.0
16089137.0
16100217.0
16111298.0
16122378.0
16133459.0
16144540.0
16155620.0
16166701.0
16177782.0
16188862.0
16199943.0
16211024.0
16222105.0
16233185.0
16244266.0
16255346.0
16266427.0
16277508.0
16288589.0
16299669.0
16310750.0
16321831.0
16332911.0
16343992.0
16355072.0
16366153.0
16377234.0
16388315.0
16399396.0
16410477.0
16421557.0
16432637.0
16443718.0
16454799.0
16465879.0
16476960.0
16488041.0
16499121.0
16510202.0
16521283.0
16532363.0
16543444.0
16554525.0
16565605.0
16576686.0
16587767.0
16598848.0
16609929.0
16621009.0
16632090.0
16643170.0
16654251.0
16665331.0
16676412.0
16687493.0
16698573.0
16709654.0
16720735.0
16731816.0
16742896.0
16753977.0
16765057.0
16776138.0
16787219.0
16798301.0
16809380.0
16820461.0
16831541.0
16842622.0
16853703.0
16864784.0
16875864.0
16886945.0
16898026.0
16909106.0
16920187.0
16931268.0
16942348.0
16953429.0
16964511.0
16975590.0
16986671.0
16997752.0
17008832.0
17019913.0
17030994.0
17042074.0
17053155.0
17064235.0
17075316.0
17086397.0
17097478.0
17108558.0
17119639.0
17130721.0
17141800.0
17152881.0
17163962.0
17175042.0
17186123.0
17197203.0
17208284.0
17219365.0
17230446.0
17241526.0
17252607.0
17263688.0
17274768.0
17285849.0
17296930.0
17308010.0
17319091.0
17330172.0
17341252.0
17352333.0
17363414.0
17374494.0
17385575.0
17396656.0
17407737.0
17418817.0
17429898.0
17440979.0
17452059.0
17463140.0
17474221.0
17485301.0
17496382.0
17507462.0
17518543.0
17529624.0
17540705.0
17551785.0
17562866.0
17573947.0
17585027.0
17596108.0
17607189.0
17618269.0
17629351.0
17640430.0
17651511.0
17662592.0
17673673.0
17684753.0
17695834.0
17706915.0
17717995.0
17729076.0
17740156.0
17751237.0
17762318.0
17773399.0
17784479.0
17795561.0
17806641.0
17817721.0
17828802.0
17839883.0
17850963.0
17862044.0
17873125.0
17884205.0
17895286.0
17906367.0
17917447.0
17928528.0
17939609.0
17950689.0
17961770.0
17972851.0
17983932.0
17995013.0
18006093.0
18017173.0
18028254.0
18039335.0
18050415.0
18061496.0
18072577.0
18083657.0
18094738.0
18105819.0
18116899.0
18127980.0
18139061.0
18150141.0
18161222.0
18172303.0
18183383.0
18194466.0
18205545.0
18216626.0
18227706.0
18238787.0
18249868.0
18260948.0
18272029.0
18283109.0
18294190.0
18305271.0
18316351.0
18327432.0
18338513.0
18349594.0
18360674.0
18371755.0
18382835.0
18393916.0
18404997.0
18416078.0
18427158.0
18438239.0
18449320.0
18460401.0
18471481.0
18482561.0
18493642.0
18504723.0
18515804.0
18526884.0
18537965.0
18549046.0
18560126.0
18571207.0
18582288.0
18593369.0
18604449.0
18615530.0
18626610.0
18637691.0
18648772.0
18659852.0
18670933.0
18682014.0
18693094.0
18704175.0
18715256.0
18726336.0
18737417.0
18748498.0
18759578.0
18770659.0
18781740.0
18792821.0
18803902.0
18814982.0
18826063.0
18837143.0
18848224.0
18859304.0
18870385.0
18881466.0
18892546.0
18903627.0
18914708.0
18925789.0
18936869.0
18947950.0
18959031.0
18970111.0
18981192.0
18992273.0
19003353.0
19014434.0
19025515.0
19036595.0
19047676.0
19058757.0
19069837.0
19080918.0
19091999.0
19103079.0
19114160.0
19125244.0
19136321.0
19147402.0
19158483.0
19169563.0
19180644.0
19191725.0
19202805.0
19213886.0
19224966.0
19236047.0
19247128.0
19258209.0
19269289.0
19280370.0
19291451.0
19302531.0
19313612.0
19324693.0
19335773.0
19346854.0
19357935.0
19369015.0
19380096.0
19391177.0
19402257.0
19413338.0
19424419.0
19435499.0
19446580.0
19457661.0
19468741.0
19479822.0
19490903.0
19501983.0
19513064.0
19524145.0
19535226.0
19546306.0
19557387.0
19568467.0
19579549.0
19590629.0
19601710.0
19612790.0
19623871.0
19634952.0
19646032.0
19657113.0
19668194.0
19679274.0
19690355.0
19701436.0
19712516.0
19723597.0
19734677.0
19745758.0
19756839.0
19767919.0
19779000.0
19790082.0
19801162.0
19812242.0
19823323.0
19834404.0
19845484.0
19856565.0
19867646.0
19878726.0
19889807.0
19900888.0
19911968.0
19923049.0
19934130.0
19945210.0
19956291.0
19967372.0
19978452.0
19989533.0
20000615.0
20011694.0
20022775.0
20033856.0
20044936.0
20056017.0
20067098.0
20078178.0
20089259.0
20100340.0
20111420.0
20122501.0
20133582.0
20144662.0
20155743.0
20166824.0
20177905.0
20188985.0
20200066.0
20211147.0
20222227.0
20233308.0
20244389.0
20255469.0
20266550.0
20277631.0
20288711.0
20299792.0
20310872.0
20321953.0
20333034.0
20344115.0
20355195.0
20366276.0
20377357.0
20388437.0
20399518.0
20410598.0
20421679.0
20432760.0
20443841.0
20454923.0
20466002.0
20477083.0
20488163.0
20499244.0
20510324.0
20521405.0
20532486.0
20543567.0
20554647.0
20565728.0
20576809.0
20587889.0
20598970.0
20610051.0
20621131.0
20632212.0
20643293.0
20654374.0
20665454.0
20676535.0
20687615.0
20698696.0
20709777.0
20720857.0
20731938.0
20743019.0
20754099.0
20765180.0
20776261.0
20787343.0
20798423.0
20809503.0
20820583.0
20831664.0
20842745.0
20853825.0
20864906.0
20875987.0
20887068.0
20898148.0
20909229.0
20920310.0
20931390.0
20942471.0
20953552.0
20964632.0
20975713.0
20986794.0
20997874.0
21008955.0
21020036.0
21031116.0
21042197.0
21053278.0
21064359.0
21075439.0
21086520.0
21097600.0
21108681.0
21119763.0
21130842.0
21141923.0
21153004.0
21164084.0
21175165.0
21186246.0
21197326.0
21208407.0
21219488.0
21230568.0
21241649.0
21252730.0
21263810.0
21274891.0
21285972.0
21297052.0
21308133.0
21319214.0
21330294.0
21341375.0
21352456.0
21363536.0
21374617.0
21385698.0
21396779.0
21407859.0
21418940.0
21430020.0
21441101.0
21452182.0
21463262.0
21474344.0
21485424.0
21496504.0
21507585.0
21518666.0
21529747.0
21540827.0
21551908.0
21562988.0
21574069.0
21585150.0
21596231.0
21607311.0
21618392.0
21629472.0
21640553.0
21651634.0
21662714.0
21673795.0
21684876.0
21695956.0
21707037.0
21718118.0
21729198.0
21740279.0
21751360.0
21762441.0
21773521.0
21784602.0
21795683.0
21806764.0
21817844.0
21828925.0
21840006.0
21851086.0
21862167.0
21873247.0
21884328.0
21895409.0
21906489.0
21917570.0
21928651.0
21939732.0
21950812.0
21961894.0
21972973.0
21984054.0
21995135.0
22006215.0
22017296.0
22028376.0
22039457.0
22050538.0
22061619.0
22072699.0
22083780.0
22094861.0
22105941.0
22117022.0
22128103.0
22139183.0
22150264.0
22161345.0
22172425.0
22183506.0
22194587.0
22205667.0
22216748.0
22227829.0
22238910.0
22249990.0
22261071.0
22272152.0
22283233.0
22294313.0
22305394.0
22316474.0
22327555.0
22338636.0
22349716.0
22360797.0
22371878.0
22382958.0
22394039.0
22405120.0
22416200.0
22427281.0
22438362.0
22449443.0
22460523.0
22471604.0
22482684.0
22493765.0
22504846.0
22515926.0
22527007.0
22538088.0
22549168.0
22560249.0
22571330.0
22582410.0
22593491.0
22604572.0
22615652.0
22626733.0
22637814.0
22648894.0
22659975.0
22671056.0
22682136.0
22693217.0
22704298.0
22715378.0
22726459.0
22737540.0
22748620.0
22759702.0
22770782.0
22781864.0
22792943.0
22804024.0
22815105.0
22826185.0
22837266.0
22848346.0
22859427.0
22870508.0
22881589.0
22892669.0
22903750.0
22914830.0
22925911.0
22936992.0
22948073.0
22959153.0
22970234.0
22981315.0
22992396.0
23003476.0
23014557.0
23025637.0
23036718.0
23047798.0
23058879.0
23069960.0
23081041.0
23092121.0
23103202.0
23114282.0
23125363.0
23136444.0
23147525.0
23158605.0
23169686.0
23180767.0
23191847.0
23202928.0
23214009.0
23225090.0
23236170.0
23247251.0
23258331.0
23269412.0
23280493.0
23291573.0
23302654.0
23313735.0
23324816.0
23335896.0
23346977.0
23358057.0
23369138.0
23380220.0
23391300.0
23402380.0
23413461.0
23424542.0
23435622.0
23446703.0
23457783.0
23468864.0
23479945.0
23491025.0
23502106.0
23513187.0
23524268.0
23535348.0
23546429.0
23557510.0
23568590.0
23579671.0
23590752.0
23601832.0
23612913.0
23623993.0
23635074.0
23646155.0
23657236.0
23668316.0
23679397.0
23690477.0
23701558.0
23712639.0
23723720.0
23734800.0
23745881.0
23756962.0
23768042.0
23779124.0
23790204.0
23801284.0
23812365.0
23823446.0
23834526.0
23845607.0
23856687.0
23867768.0
23878849.0
23889930.0
23901010.0
23912091.0
23923172.0
23934252.0
23945335.0
23956414.0
23967494.0
23978575.0
23989656.0
24000736.0
24011817.0
24022898.0
24033978.0
24045059.0
24056140.0
24067220.0
24078301.0
24089382.0
24100462.0
24111544.0
24122624.0
24133704.0
24144785.0
24155866.0
24166946.0
24178027.0
24189108.0
24200188.0
24211269.0
24222350.0
24233430.0
24244511.0
24255592.0
24266673.0
24277753.0
24288834.0
24299915.0
24310995.0
24322076.0
24333156.0
24344237.0
24355318.0
24366399.0
24377479.0
24388560.0
24399641.0
24410721.0
24421802.0
24432883.0
24443964.0
24455044.0
24466124.0
24477205.0
24488286.0
24499367.0
24510447.0
24521528.0
24532609.0
24543689.0
24554770.0
24565851.0
24576932.0
24588012.0
24599093.0
24610174.0
24621254.0
24632335.0
24643415.0
24654496.0
24665577.0
24676657.0
24687738.0
24698819.0
24709900.0
24720980.0
24732061.0
24743141.0
24754222.0
24765303.0
24776385.0
24787465.0
24798545.0
24809625.0
24820706.0
24831787.0
24842868.0
24853948.0
24865029.0
24876109.0
24887190.0
24898271.0
24909352.0
24920432.0
24931513.0
24942594.0
24953674.0
24964755.0
24975836.0
24986916.0
24997997.0
25009078.0
25020158.0
25031239.0
25042320.0
25053400.0
25064481.0
25075562.0
25086642.0
25097723.0
25108804.0
25119885.0
25130965.0
25142046.0
25153126.0
25164207.0
25175288.0
25186369.0
25197449.0
25208530.0
25219610.0
25230691.0
25241772.0
25252852.0
25263933.0
25275015.0
25286094.0
25297175.0
25308256.0
25319336.0
25330417.0
25341498.0
25352578.0
25363659.0
25374740.0
25385820.0
25396901.0
25407982.0
25419062.0
25430143.0
25441225.0
25452305.0
25463385.0
25474466.0
25485547.0
25496627.0
25507708.0
25518788.0
25529869.0
25540950.0
25552030.0
25563111.0
25574192.0
25585273.0
25596353.0
25607434.0
25618514.0
25629595.0
25640676.0
25651757.0
25662837.0
25673918.0
25684999.0
25696079.0
25707160.0
25718240.0
25729321.0
25740402.0
25751483.0
25762563.0
25773645.0
25784725.0
25795805.0
25806886.0
25817967.0
25829047.0
25840128.0
25851209.0
25862289.0
25873370.0
25884451.0
25895531.0
25906612.0
25917693.0
25928773.0
25939854.0
25950935.0
25962015.0
25973096.0
25984177.0
25995257.0
26006338.0
26017419.0
26028499.0
26039580.0
26050661.0
26061741.0
26072822.0
26083903.0
26094983.0
26106065.0
26117145.0
26128225.0
26139306.0
26150387.0
26161467.0
26172548.0
26183629.0
26194709.0
26205792.0
26216871.0
26227952.0
26239032.0
26250113.0
26261194.0
26272274.0
26283355.0
26294436.0
26305516.0
26316597.0
26327678.0
26338758.0
26349839.0
26360922.0
26371999.0
26383080.0
26394161.0
26405242.0
26416322.0
26427403.0
26438484.0
26449564.0
26460645.0
26471725.0
26482806.0
26493887.0
26504967.0
26516048.0
26527129.0
26538209.0
26549290.0
26560371.0
26571453.0
26582533.0
26593614.0
26604694.0
26615776.0
26626856.0
26637936.0
26649017.0
26660098.0
26671178.0
26682259.0
26693340.0
26704420.0
26715501.0
26726582.0
26737663.0
26748743.0
26759824.0
26770905.0
26781985.0
26793066.0
26804146.0
26815227.0
26826308.0
26837388.0
26848469.0
26859550.0
26870630.0
26881711.0
26892792.0
26903872.0
26914953.0
26926034.0
26937115.0
26948195.0
26959276.0
26970357.0
26981437.0
26992518.0
27003598.0
27014679.0
27025760.0
27036841.0
27047921.0
27059002.0
27070083.0
27081163.0
27092244.0
27103325.0
27114405.0
27125486.0
27136567.0
27147647.0
27158728.0
27169809.0
27180889.0
27191970.0
27203050.0
27214131.0
27225212.0
27236293.0
27247373.0
27258454.0
27269535.0
27280616.0
27291696.0
27302776.0
27313857.0
27324938.0
27336019.0
27347099.0
27358180.0
27369261.0
27380342.0
27391422.0
27402503.0
27413583.0
27424664.0
27435746.0
27446826.0
27457906.0
27468987.0
27480068.0
27491148.0
27502229.0
27513309.0
27524390.0
27535471.0
27546552.0
27557632.0
27568713.0
27579794.0
27590874.0
27601955.0
27613035.0
27624116.0
27635197.0
27646278.0
27657358.0
27668439.0
27679519.0
27690600.0
27701681.0
27712762.0
27723842.0
27734923.0
27746004.0
27757084.0
27768166.0
27779246.0
27790326.0
27801408.0
27812488.0
27823568.0
27834649.0
27845730.0
27856810.0
27867891.0
27878972.0
27890052.0
27901133.0
27912214.0
27923294.0
27934375.0
27945456.0
27956536.0
27967617.0
27978698.0
27989778.0
28000859.0
28011941.0
28023020.0
28034101.0
28045182.0
28056263.0
28067343.0
28078424.0
28089504.0
28100585.0
28111666.0
28122746.0
28133827.0
28144908.0
28155989.0
28167069.0
28178150.0
28189231.0
28200311.0
28211392.0
28222473.0
28233553.0
28244634.0
28255715.0
28266796.0
28277876.0
28288957.0
28300037.0
28311118.0
28322199.0
28333279.0
28344360.0
28355441.0
28366522.0
28377602.0
28388683.0
28399763.0
28410844.0
28421925.0
28433005.0
28444086.0
28455166.0
28466247.0
28477328.0
28488409.0
28499489.0
28510570.0
28521651.0
28532731.0
28543812.0
28554893.0
28565973.0
28577054.0
28588135.0
28599216.0
28610296.0
28621377.0
28632457.0
28643538.0
28654619.0
28665699.0
28676780.0
28687861.0
28698941.0
28710022.0
28721103.0
28732183.0
28743264.0
28754345.0
28765427.0
28776507.0
28787587.0
28798667.0
28809748.0
28820829.0
28831910.0
28842990.0
28854071.0
28865152.0
28876232.0
28887313.0
28898393.0
28909474.0
28920555.0
28931636.0
28942716.0
28953797.0
28964878.0
28975958.0
28987039.0
28998120.0
29009200.0
29020281.0
29031362.0
29042442.0
29053523.0
29064604.0
29075684.0
29086765.0
29097847.0
29108926.0
29120007.0
29131088.0
29142168.0
29153249.0
29164330.0
29175411.0
29186491.0
29197572.0
29208652.0
29219733.0
29230814.0
29241894.0
29252975.0
29264056.0
29275136.0
29286217.0
29297298.0
29308378.0
29319459.0
29330540.0
29341621.0
29352701.0
29363782.0
29374862.0
29385944.0
29397024.0
29408105.0
29419185.0
29430266.0
29441347.0
29452427.0
29463508.0
29474589.0
29485669.0
29496750.0
29507831.0
29518911.0
29529992.0
29541072.0
29552153.0
29563234.0
29574315.0
29585395.0
29596477.0
29607556.0
29618637.0
29629718.0
29640798.0
29651879.0
29662960.0
29674040.0
29685121.0
29696202.0
29707283.0
29718363.0
29729444.0
29740525.0
29751605.0
29762686.0
29773767.0
29784847.0
29795928.0
29807009.0
29818090.0
29829170.0
29840251.0
29851331.0
29862412.0
29873493.0
29884573.0
29895654.0
29906735.0
29917815.0
29928896.0
29939977.0
29951057.0
29962138.0
29973219.0
29984299.0
29995380.0
30006461.0
30017541.0
30028622.0
30039703.0
30050784.0
30061864.0
30072945.0
30084025.0
30095106.0
30106187.0
30117268.0
30128348.0
30139429.0
30150510.0
30161590.0
30172671.0
30183752.0
30194832.0
30205913.0
30216994.0
30228074.0
30239155.0
30250236.0
30261317.0
30272397.0
30283478.0
30294558.0
30305639.0
30316720.0
30327800.0
30338881.0
30349962.0
30361042.0
30372123.0
30383204.0
30394284.0
30405365.0
30416446.0
30427527.0
30438607.0
30449688.0
30460768.0
30471849.0
30482930.0
30494010.0
30505091.0
30516172.0
30527252.0
30538333.0
30549414.0
30560495.0
30571575.0
30582656.0
30593736.0
30604817.0
30615898.0
30626978.0
30638059.0
30649140.0
30660221.0
30671301.0
30682382.0
30693463.0
30704543.0
30715624.0
30726704.0
30737785.0
30748866.0
30759948.0
30771028.0
30782108.0
30793189.0
30804269.0
30815350.0
30826430.0
30837511.0
30848592.0
30859673.0
30870753.0
30881834.0
30892915.0
30903995.0
30915076.0
30926157.0
30937237.0
30948318.0
30959399.0
30970480.0
30981560.0
30992641.0
31003721.0
31014802.0
31025883.0
31036963.0
31048044.0
31059125.0
31070205.0
31081286.0
31092368.0
31103447.0
31114528.0
31125609.0
31136690.0
31147770.0
31158851.0
31169931.0
31181012.0
31192093.0
31203174.0
31214254.0
31225335.0
31236415.0
31247496.0
31258577.0
31269657.0
31280738.0
31291819.0
31302900.0
31313980.0
31325061.0
31336142.0
31347222.0
31358303.0
31369384.0
31380464.0
31391545.0
31402626.0
31413706.0
31424788.0
31435867.0
31446949.0
31458029.0
31469109.0
31480190.0
31491271.0
31502352.0
31513432.0
31524513.0
31535594.0
31546675.0
31557756.0
31568836.0
31579916.0
31590998.0
31602078.0
31613158.0
31624239.0
31635320.0
31646400.0
31657481.0
31668562.0
31679642.0
31690723.0
31701804.0
31712884.0
31723965.0
31735046.0
31746126.0
31757208.0
31768288.0
31779368.0
31790449.0
31801530.0
31812610.0
31823691.0
31834772.0
31845852.0
31856933.0
31868014.0
31879094.0
31890175.0
31901256.0
31912337.0
31923417.0
31934498.0
31945579.0
31956659.0
31967740.0
31978821.0
31989901.0
32000982.0
32012063.0
32023143.0
32034224.0
32045305.0
32056385.0
32067466.0
32078547.0
32089628.0
32100708.0
32111788.0
32122869.0
32133950.0
32145030.0
32156111.0
32167192.0
32178273.0
32189353.0
32200434.0
32211515.0
32222595.0
32233676.0
32244757.0
32255837.0
32266918.0
32277999.0
32289079.0
32300160.0
32311241.0
32322321.0
32333402.0
32344483.0
32355564.0
32366644.0
32377725.0
32388805.0
32399886.0
32410967.0
32422048.0
32433128.0
32444209.0
32455289.0
32466370.0
32477451.0
32488532.0
32499612.0
32510693.0
32521773.0
32532854.0
32543935.0
32555016.0
32566096.0
32577177.0
32588258.0
32599338.0
32610419.0
32621499.0
32632580.0
32643661.0
32654742.0
32665822.0
32676903.0
32687984.0
32699064.0
32710145.0
32721226.0
32732306.0
32743387.0
32754469.0
32765549.0
32776629.0
32787710.0
32798790.0
32809871.0
32820952.0
32832032.0
32843113.0
32854194.0
32865274.0
32876355.0
32887436.0
32898516.0
32909597.0
32920679.0
32931758.0
32942839.0
32953920.0
32965001.0
32976081.0
32987162.0
32998242.0
33009323.0
33020404.0
33031484.0
33042565.0
33053646.0
33064726.0
33075807.0
33086890.0
33097968.0
33109049.0
33120130.0
33131210.0
33142291.0
33153372.0
33164453.0
33175533.0
33186614.0
33197694.0
33208775.0
33219856.0
33230937.0
33242017.0
33253098.0
33264178.0
33275259.0
33286340.0
33297420.0
33308501.0
33319582.0
33330663.0
33341743.0
33352824.0
33363905.0
33374985.0
33386066.0
33397148.0
33408227.0
33419308.0
33430388.0
33441469.0
33452550.0
33463631.0
33474711.0
33485792.0
33496873.0
33507953.0
33519034.0
33530115.0
33541195.0
33552276.0
33563357.0
33574437.0
33585518.0
33596599.0
33607680.0
33618760.0
33629841.0
33640921.0
33652003.0
33663083.0
33674163.0
33685244.0
33696325.0
33707406.0
33718486.0
33729567.0
33740648.0
33751730.0
33762809.0
33773889.0
33784970.0
33796051.0
33807132.0
33818212.0
33829293.0
33840374.0
33851454.0
33862535.0
33873616.0
33884696.0
33895777.0
33906857.0
33917938.0
33929019.0
33940100.0
33951180.0
33962261.0
33973342.0
33984422.0
33995503.0
34006583.0
34017664.0
34028745.0
34039826.0
34050906.0
34061987.0
34073068.0
34084148.0
34095229.0
34106310.0
34117391.0
34128471.0
34139551.0
34150632.0
34161713.0
34172794.0
34183874.0
34194955.0
34206036.0
34217117.0
34228197.0
34239278.0
34250359.0
34261439.0
34272520.0
34283600.0
34294681.0
34305762.0
34316842.0
34327923.0
34339004.0
34350085.0
34361165.0
34372246.0
34383326.0
34394407.0
34405488.0
34416568.0
34427649.0
34438730.0
34449811.0
34460891.0
34471972.0
34483052.0
34494133.0
34505214.0
34516295.0
34527375.0
34538456.0
34549537.0
34560617.0
34571698.0
34582779.0
34593859.0
34604940.0
34616021.0
34627101.0
34638182.0
34649262.0
34660343.0
34671424.0
34682505.0
34693585.0
34704666.0
34715747.0
34726827.0
34737908.0
34748990.0
34760069.0
34771150.0
34782231.0
34793311.0
34804392.0
34815473.0
34826553.0
34837634.0
34848715.0
34859795.0
34870876.0
34881957.0
34893037.0
34904118.0
34915199.0
34926279.0
34937360.0
34948441.0
34959522.0
34970602.0
34981683.0
34992764.0
35003844.0
35014925.0
35026005.0
35037086.0
35048167.0
35059248.0
35070328.0
35081409.0
35092489.0
35103570.0
35114651.0
35125732.0
35136812.0
35147893.0
35158974.0
35170055.0
35181135.0
35192215.0
35203296.0
35214377.0
35225457.0
35236538.0
35247619.0
35258699.0
35269780.0
35280861.0
35291942.0
35303022.0
35314103.0
35325184.0
35336264.0
35347345.0
35358426.0
35369506.0
35380587.0
35391668.0
35402748.0
35413829.0
35424910.0
35435990.0
35447071.0
35458152.0
35469232.0
35480313.0
35491394.0
35502474.0
35513555.0
35524636.0
35535716.0
35546797.0
35557878.0
35568959.0
35580043.0
35591120.0
35602200.0
35613281.0
35624362.0
35635442.0
35646523.0
35657604.0
35668684.0
35679765.0
35690846.0
35701926.0
35713007.0
35724088.0
35735168.0
35746251.0
35757331.0
35768411.0
35779491.0
35790572.0
35801653.0
35812733.0
35823814.0
35834894.0
35845975.0
35857056.0
35868137.0
35879217.0
35890298.0
35901379.0
35912460.0
35923540.0
35934621.0
35945701.0
35956782.0
35967863.0
35978944.0
35990024.0
36001105.0
36012185.0
36023266.0
36034347.0
36045427.0
36056508.0
36067589.0
36078670.0
36089750.0
36100831.0
36111911.0
36122992.0
36134073.0
36145154.0
36156234.0
36167315.0
36178395.0
36189476.0
36200557.0
36211637.0
36222718.0
36233799.0
36244880.0
36255960.0
36267041.0
36278122.0
36289202.0
36300283.0
36311364.0
36322444.0
36333525.0
36344606.0
36355686.0
36366767.0
36377848.0
36388928.0
36400009.0
36411090.0
36422170.0
36433251.0
36444332.0
36455412.0
36466493.0
36477574.0
36488655.0
36499735.0
36510816.0
36521896.0
36532977.0
36544058.0
36555139.0
36566219.0
36577300.0
36588380.0
36599461.0
36610542.0
36621622.0
36632703.0
36643784.0
36654864.0
36665945.0
36677026.0
36688106.0
36699187.0
36710268.0
36721348.0
36732429.0
36743511.0
36754591.0
36765671.0
36776752.0
36787832.0
36798913.0
36809994.0
36821074.0
36832155.0
36843236.0
36854316.0
36865397.0
36876478.0
36887559.0
36898639.0
36909720.0
36920800.0
36931881.0
36942962.0
36954043.0
36965123.0
36976204.0
36987285.0
36998365.0
37009446.0
37020526.0
37031607.0
37042688.0
37053769.0
37064849.0
37075930.0
37087011.0
37098091.0
37109172.0
37120253.0
37131333.0
37142414.0
37153495.0
37164575.0
37175656.0
37186737.0
37197817.0
37208898.0
37219979.0
37231059.0
37242140.0
37253221.0
37264301.0
37275382.0
37286463.0
37297543.0
37308624.0
37319705.0
37330785.0
37341866.0
37352947.0
37364028.0
37375108.0
37386189.0
37397270.0
37408350.0
37419431.0
37430511.0
37441592.0
37452673.0
37463754.0
37474834.0
37485915.0
37496996.0
37508076.0
37519157.0
37530238.0
37541318.0
37552399.0
37563480.0
37574561.0
37585641.0
37596722.0
37607802.0
37618883.0
37629964.0
37641044.0
37652125.0
37663205.0
37674286.0
37685367.0
37696448.0
37707528.0
37718609.0
37729690.0
37740771.0
37751851.0
37762932.0
37774013.0
37785093.0
37796174.0
37807254.0
37818335.0
37829416.0
37840496.0
37851577.0
37862658.0
37873738.0
37884819.0
37895900.0
37906980.0
37918061.0
37929142.0
37940223.0
37951303.0
37962384.0
37973464.0
37984545.0
37995626.0
38006706.0
38017787.0
38028868.0
38039949.0
38051029.0
38062110.0
38073191.0
38084271.0
38095352.0
38106432.0
38117513.0
38128594.0
38139675.0
38150756.0
38161836.0
38172916.0
38183998.0
38195078.0
38206159.0
38217239.0
38228320.0
38239401.0
38250481.0
38261562.0
38272642.0
38283723.0
38294804.0
38305885.0
38316965.0
38328046.0
38339127.0
38350208.0
38361288.0
38372369.0
38383449.0
38394530.0
38405611.0
38416691.0
38427772.0
38438852.0
38449933.0
38461014.0
38472095.0
38483175.0
38494256.0
38505337.0
38516417.0
38527498.0
38538581.0
38549660.0
38560740.0
38571821.0
38582902.0
38593982.0
38605063.0
38616143.0
38627224.0
38638305.0
38649385.0
38660466.0
38671547.0
38682627.0
38693708.0
38704789.0
38715869.0
38726950.0
38738032.0
38749111.0
38760192.0
38771273.0
38782354.0
38793434.0
38804515.0
38815595.0
38826676.0
38837757.0
38848837.0
38859918.0
38870999.0
38882079.0
38893160.0
38904244.0
38915321.0
38926402.0
38937483.0
38948564.0
38959644.0
38970725.0
38981806.0
38992886.0
39003967.0
39015048.0
39026128.0
39037209.0
39048290.0
39059371.0
39070451.0
39081532.0
39092612.0
39103693.0
39114774.0
39125854.0
39136935.0
39148016.0
39159097.0
39170177.0
39181258.0
39192338.0
39203419.0
39214500.0
39225580.0
39236661.0
39247742.0
39258823.0
39269903.0
39280984.0
39292065.0
39303145.0
39314226.0
39325306.0
39336387.0
39347468.0
39358548.0
39369629.0
39380710.0
39391791.0
39402872.0
39413952.0
39425033.0
39436113.0
39447194.0
39458274.0
39469355.0
39480436.0
39491517.0
39502597.0
39513678.0
39524759.0
39535839.0
39546920.0
39558001.0
39569082.0
39580162.0
39591243.0
39602323.0
39613404.0
39624485.0
39635565.0
39646646.0
39657727.0
39668807.0
39679888.0
39690969.0
39702050.0
39713130.0
39724211.0
39735293.0
39746373.0
39757453.0
39768533.0
39779614.0
39790695.0
39801776.0
39812856.0
39823937.0
39835018.0
39846098.0
39857179.0
39868259.0
39879340.0
39890421.0
39901502.0
39912582.0
39923663.0
39934744.0
39945825.0
39956905.0
39967986.0
39979066.0
