5.0
2.0
6.0
1149.0
138.0
3.0
8.0
4.0
6.0
6.0
253.0
1047.0
7.0
4.0
3.0
7.0
3.0
4.0
1141.0
167.0
10.0
9.0
11.0
11.0
8.0
218.0
1100.0
2.0
5.0
0.0
5.0
8.0
5.0
1110.0
192.0
8.0
9.0
8.0
9.0
8.0
181.0
1103.0
4.0
4.0
3.0
6.0
3.0
5.0
1046.0
226.0
5.0
5.0
9.0
8.0
9.0
146.0
1118.0
4.0
4.0
6.0
7.0
6.0
5.0
998.0
262.0
10.0
10.0
10.0
12.0
11.0
119.0
1143.0
10.0
3.0
3.0
3.0
7.0
6.0
956.0
312.0
7.0
6.0
9.0
17.0
13.0
97.0
1131.0
53.0
2.0
0.0
6.0
8.0
4.0
934.0
352.0
5.0
6.0
7.0
2.0
9.0
69.0
1089.0
149.0
5.0
7.0
7.0
6.0
3.0
892.0
412.0
8.0
11.0
15.0
10.0
15.0
51.0
1039.0
235.0
3.0
6.0
2.0
6.0
3.0
847.0
457.0
7.0
8.0
5.0
9.0
3.0
35.0
967.0
292.0
5.0
5.0
3.0
5.0
1.0
794.0
493.0
8.0
5.0
6.0
3.0
3.0
22.0
910.0
344.0
3.0
0.0
5.0
5.0
4.0
743.0
524.0
7.0
9.0
8.0
14.0
9.0
14.0
852.0
402.0
4.0
7.0
4.0
6.0
7.0
688.0
581.0
10.0
10.0
13.0
14.0
11.0
8.0
815.0
452.0
3.0
3.0
4.0
6.0
5.0
645.0
645.0
4.0
4.0
8.0
7.0
4.0
6.0
789.0
516.0
5.0
3.0
6.0
5.0
4.0
577.0
729.0
6.0
6.0
6.0
8.0
6.0
7.0
750.0
568.0
5.0
0.0
46.0
7.0
4.0
508.0
806.0
8.0
7.0
6.0
3.0
6.0
7.0
700.0
607.0
2.0
2.0
2.0
1.0
3.0
424.0
871.0
5.0
12.0
5.0
5.0
5.0
5.0
637.0
646.0
0.0
3.0
4.0
4.0
3.0
319.0
954.0
4.0
8.0
9.0
10.0
8.0
6.0
608.0
675.0
6.0
8.0
8.0
5.0
1.0
200.0
1081.0
14.0
12.0
7.0
13.0
6.0
11.0
564.0
725.0
10.0
0.0
7.0
6.0
7.0
101.0
1182.0
17.0
10.0
14.0
13.0
12.0
9.0
506.0
787.0
8.0
7.0
6.0
7.0
5.0
57.0
1226.0
28.0
10.0
5.0
6.0
6.0
11.0
476.0
833.0
3.0
2.0
0.0
1.0
1.0
36.0
1232.0
35.0
9.0
7.0
9.0
11.0
9.0
416.0
868.0
2.0
2.0
3.0
5.0
4.0
25.0
1215.0
50.0
12.0
8.0
8.0
5.0
4.0
376.0
903.0
3.0
0.0
4.0
4.0
3.0
19.0
1188.0
73.0
9.0
8.0
10.0
9.0
5.0
342.0
939.0
4.0
3.0
3.0
3.0
4.0
9.0
1185.0
98.0
13.0
8.0
12.0
7.0
11.0
309.0
983.0
3.0
3.0
6.0
4.0
2.0
9.0
1160.0
118.0
10.0
9.0
6.0
8.0
2.0
260.0
1038.0
2.0
3.0
4.0
4.0
1.0
3.0
1144.0
163.0
6.0
6.0
7.0
11.0
6.0
220.0
1094.0
4.0
0.0
4.0
3.0
4.0
2.0
1109.0
197.0
6.0
6.0
7.0
7.0
10.0
193.0
1119.0
3.0
3.0
3.0
3.0
2.0
3.0
1067.0
231.0
5.0
5.0
6.0
8.0
8.0
153.0
1131.0
3.0
2.0
4.0
4.0
4.0
3.0
1022.0
259.0
5.0
7.0
11.0
5.0
6.0
126.0
1153.0
4.0
3.0
3.0
3.0
4.0
4.0
973.0
318.0
5.0
8.0
10.0
9.0
10.0
106.0
1151.0
35.0
0.0
6.0
4.0
2.0
7.0
937.0
350.0
12.0
5.0
6.0
3.0
4.0
70.0
1101.0
131.0
4.0
1.0
4.0
3.0
5.0
907.0
401.0
3.0
5.0
8.0
5.0
6.0
53.0
1049.0
220.0
3.0
3.0
6.0
2.0
1.0
864.0
464.0
7.0
7.0
6.0
6.0
6.0
40.0
1001.0
291.0
3.0
5.0
3.0
3.0
2.0
810.0
506.0
10.0
11.0
5.0
4.0
6.0
32.0
928.0
338.0
0.0
4.0
1.0
3.0
5.0
751.0
528.0
6.0
7.0
9.0
8.0
5.0
16.0
866.0
397.0
3.0
5.0
4.0
8.0
4.0
699.0
589.0
2.0
7.0
11.0
14.0
13.0
18.0
825.0
456.0
3.0
2.0
2.0
3.0
4.0
654.0
640.0
7.0
5.0
4.0
4.0
5.0
6.0
795.0
506.0
4.0
5.0
1.0
0.0
2.0
591.0
718.0
11.0
8.0
10.0
10.0
8.0
7.0
758.0
557.0
0.0
3.0
5.0
4.0
3.0
523.0
800.0
5.0
8.0
9.0
5.0
5.0
5.0
716.0
607.0
4.0
5.0
4.0
3.0
6.0
447.0
865.0
12.0
12.0
9.0
5.0
8.0
7.0
640.0
651.0
5.0
2.0
3.0
2.0
3.0
356.0
920.0
6.0
9.0
7.0
9.0
12.0
14.0
600.0
684.0
4.0
6.0
6.0
5.0
8.0
232.0
1048.0
10.0
8.0
9.0
12.0
16.0
10.0
552.0
735.0
0.0
4.0
2.0
4.0
3.0
128.0
1160.0
14.0
5.0
5.0
5.0
4.0
4.0
511.0
792.0
4.0
4.0
3.0
1.0
4.0
69.0
1226.0
18.0
8.0
6.0
6.0
7.0
5.0
476.0
839.0
4.0
4.0
5.0
5.0
2.0
46.0
1246.0
38.0
6.0
8.0
8.0
7.0
8.0
437.0
887.0
5.0
4.0
2.0
1.0
3.0
32.0
1231.0
50.0
7.0
7.0
4.0
5.0
5.0
373.0
916.0
0.0
4.0
5.0
4.0
5.0
23.0
1194.0
68.0
8.0
10.0
8.0
8.0
3.0
343.0
937.0
4.0
2.0
2.0
2.0
2.0
11.0
1189.0
90.0
5.0
10.0
7.0
9.0
13.0
308.0
978.0
5.0
6.0
5.0
3.0
2.0
9.0
1170.0
116.0
4.0
5.0
10.0
4.0
8.0
269.0
1031.0
5.0
3.0
1.0
3.0
4.0
1.0
1153.0
156.0
9.0
10.0
10.0
5.0
4.0
224.0
1087.0
0.0
2.0
4.0
3.0
3.0
4.0
1120.0
199.0
3.0
6.0
9.0
10.0
6.0
195.0
1126.0
4.0
3.0
4.0
6.0
3.0
7.0
1078.0
229.0
8.0
8.0
5.0
6.0
10.0
157.0
1131.0
5.0
6.0
4.0
1.0
5.0
4.0
1025.0
255.0
9.0
11.0
8.0
13.0
6.0
131.0
1147.0
5.0
3.0
6.0
3.0
1.0
4.0
981.0
304.0
5.0
9.0
11.0
9.0
11.0
107.0
1156.0
0.0
5.0
6.0
7.0
3.0
3.0
946.0
342.0
7.0
3.0
6.0
7.0
4.0
77.0
1104.0
113.0
1.0
2.0
1.0
3.0
2.0
906.0
394.0
6.0
7.0
7.0
2.0
5.0
59.0
1045.0
204.0
3.0
6.0
1.0
2.0
5.0
867.0
450.0
6.0
5.0
3.0
4.0
4.0
42.0
1007.0
277.0
4.0
4.0
6.0
7.0
6.0
806.0
501.0
8.0
6.0
8.0
9.0
4.0
36.0
932.0
0.0
3.0
3.0
5.0
2.0
6.0
754.0
525.0
7.0
7.0
9.0
5.0
12.0
22.0
884.0
386.0
2.0
5.0
5.0
4.0
4.0
714.0
571.0
12.0
13.0
8.0
3.0
9.0
15.0
832.0
446.0
3.0
2.0
4.0
2.0
2.0
661.0
624.0
9.0
11.0
12.0
13.0
13.0
10.0
796.0
493.0
2.0
1.0
1.0
1.0
1.0
604.0
698.0
6.0
5.0
6.0
6.0
5.0
7.0
759.0
0.0
4.0
3.0
5.0
4.0
3.0
539.0
774.0
5.0
5.0
7.0
7.0
5.0
4.0
722.0
601.0
5.0
6.0
5.0
4.0
4.0
460.0
852.0
7.0
13.0
4.0
9.0
4.0
4.0
654.0
639.0
3.0
5.0
5.0
2.0
5.0
371.0
911.0
8.0
11.0
10.0
10.0
9.0
5.0
604.0
672.0
1.0
4.0
5.0
3.0
5.0
257.0
1030.0
9.0
5.0
6.0
5.0
7.0
8.0
571.0
0.0
3.0
1.0
3.0
6.0
5.0
147.0
1136.0
11.0
6.0
7.0
5.0
6.0
10.0
516.0
773.0
3.0
5.0
4.0
4.0
2.0
83.0
1194.0
17.0
10.0
7.0
5.0
3.0
3.0
468.0
827.0
1.0
3.0
1.0
0.0
1.0
51.0
1227.0
36.0
6.0
5.0
7.0
7.0
8.0
440.0
872.0
5.0
6.0
4.0
4.0
3.0
34.0
1227.0
42.0
5.0
8.0
3.0
8.0
8.0
384.0
0.0
4.0
4.0
3.0
5.0
4.0
24.0
1195.0
64.0
8.0
9.0
4.0
7.0
4.0
347.0
930.0
4.0
6.0
3.0
2.0
3.0
15.0
1183.0
98.0
9.0
7.0
10.0
9.0
14.0
325.0
960.0
12.0
11.0
6.0
8.0
7.0
12.0
1184.0
118.0
9.0
10.0
11.0
16.0
14.0
286.0
1007.0
4.0
3.0
4.0
4.0
6.0
8.0
1146.0
147.0
5.0
6.0
9.0
13.0
11.0
236.0
0.0
3.0
3.0
3.0
3.0
3.0
2.0
1122.0
181.0
6.0
5.0
4.0
10.0
11.0
200.0
1104.0
2.0
4.0
3.0
4.0
4.0
2.0
1076.0
217.0
5.0
8.0
7.0
4.0
8.0
164.0
1116.0
1.0
4.0
7.0
4.0
2.0
6.0
1029.0
246.0
6.0
8.0
10.0
14.0
13.0
134.0
1146.0
1.0
2.0
2.0
5.0
8.0
6.0
992.0
297.0
7.0
10.0
9.0
8.0
8.0
120.0
0.0
21.0
8.0
9.0
4.0
2.0
2.0
952.0
346.0
8.0
8.0
6.0
12.0
4.0
91.0
1112.0
93.0
5.0
5.0
6.0
6.0
4.0
910.0
379.0
6.0
8.0
10.0
6.0
6.0
58.0
1054.0
187.0
2.0
2.0
2.0
1.0
3.0
870.0
434.0
6.0
6.0
7.0
10.0
5.0
42.0
1007.0
265.0
1.0
1.0
1.0
2.0
2.0
822.0
481.0
7.0
2.0
3.0
3.0
12.0
27.0
0.0
317.0
2.0
3.0
5.0
5.0
3.0
770.0
516.0
9.0
6.0
7.0
11.0
9.0
20.0
892.0
375.0
3.0
2.0
3.0
5.0
5.0
724.0
563.0
10.0
8.0
7.0
5.0
10.0
14.0
849.0
433.0
6.0
6.0
6.0
9.0
8.0
673.0
622.0
8.0
10.0
10.0
16.0
7.0
9.0
806.0
483.0
1.0
2.0
7.0
7.0
5.0
610.0
678.0
8.0
8.0
6.0
7.0
5.0
6.0
0.0
537.0
3.0
4.0
3.0
1.0
2.0
548.0
756.0
2.0
13.0
5.0
9.0
2.0
7.0
726.0
587.0
1.0
4.0
5.0
4.0
3.0
476.0
826.0
3.0
7.0
4.0
5.0
6.0
3.0
660.0
630.0
3.0
2.0
2.0
3.0
3.0
386.0
895.0
11.0
8.0
12.0
14.0
12.0
16.0
610.0
671.0
2.0
3.0
3.0
3.0
4.0
278.0
1005.0
11.0
12.0
11.0
10.0
8.0
6.0
0.0
708.0
5.0
5.0
7.0
11.0
7.0
161.0
1129.0
14.0
10.0
8.0
8.0
14.0
7.0
528.0
766.0
5.0
5.0
5.0
6.0
3.0
91.0
1187.0
16.0
9.0
10.0
10.0
7.0
8.0
474.0
824.0
3.0
3.0
2.0
3.0
3.0
56.0
1223.0
31.0
5.0
7.0
4.0
7.0
9.0
449.0
863.0
4.0
4.0
2.0
2.0
3.0
38.0
1226.0
44.0
5.0
4.0
6.0
2.0
6.0
0.0
904.0
5.0
1.0
3.0
3.0
4.0
25.0
1202.0
60.0
8.0
9.0
6.0
11.0
9.0
355.0
923.0
4.0
5.0
6.0
7.0
5.0
20.0
1187.0
87.0
6.0
6.0
7.0
4.0
9.0
332.0
953.0
5.0
3.0
2.0
4.0
6.0
11.0
1174.0
108.0
11.0
8.0
12.0
5.0
12.0
292.0
998.0
4.0
2.0
3.0
4.0
6.0
7.0
1151.0
137.0
10.0
15.0
11.0
9.0
8.0
0.0
1060.0
4.0
2.0
1.0
2.0
1.0
1.0
1131.0
181.0
6.0
6.0
8.0
7.0
2.0
205.0
1108.0
3.0
2.0
2.0
2.0
4.0
3.0
1091.0
215.0
7.0
4.0
3.0
4.0
4.0
176.0
1134.0
7.0
1.0
3.0
4.0
3.0
0.0
1053.0
247.0
7.0
7.0
6.0
7.0
8.0
141.0
1151.0
3.0
2.0
4.0
3.0
5.0
4.0
1002.0
283.0
4.0
8.0
13.0
12.0
8.0
0.0
1165.0
12.0
2.0
3.0
4.0
3.0
5.0
962.0
329.0
9.0
10.0
11.0
10.0
8.0
99.0
1124.0
82.0
5.0
4.0
3.0
4.0
3.0
927.0
377.0
8.0
9.0
10.0
6.0
8.0
60.0
1085.0
178.0
4.0
3.0
2.0
2.0
5.0
890.0
433.0
5.0
8.0
8.0
8.0
12.0
45.0
1030.0
254.0
5.0
3.0
5.0
6.0
2.0
850.0
490.0
5.0
8.0
9.0
8.0
3.0
0.0
996.0
320.0
4.0
4.0
3.0
5.0
4.0
800.0
532.0
8.0
9.0
4.0
6.0
8.0
30.0
916.0
373.0
3.0
0.0
2.0
2.0
5.0
741.0
551.0
7.0
8.0
8.0
11.0
6.0
13.0
858.0
422.0
4.0
5.0
7.0
7.0
4.0
684.0
603.0
9.0
8.0
10.0
12.0
14.0
20.0
804.0
479.0
5.0
8.0
4.0
1.0
3.0
632.0
678.0
8.0
6.0
8.0
6.0
8.0
0.0
786.0
531.0
3.0
2.0
3.0
5.0
5.0
570.0
763.0
8.0
7.0
10.0
11.0
11.0
4.0
750.0
590.0
4.0
5.0
2.0
5.0
5.0
496.0
854.0
8.0
7.0
6.0
8.0
9.0
5.0
713.0
641.0
2.0
2.0
3.0
4.0
8.0
412.0
922.0
10.0
7.0
14.0
13.0
10.0
9.0
634.0
683.0
3.0
1.0
3.0
2.0
2.0
309.0
980.0
3.0
9.0
13.0
10.0
8.0
0.0
577.0
710.0
4.0
3.0
5.0
5.0
3.0
182.0
1103.0
11.0
11.0
8.0
9.0
8.0
10.0
532.0
764.0
2.0
4.0
4.0
3.0
4.0
94.0
1206.0
21.0
7.0
7.0
8.0
4.0
2.0
500.0
820.0
3.0
2.0
5.0
1.0
3.0
62.0
1245.0
37.0
10.0
11.0
15.0
9.0
6.0
468.0
870.0
7.0
8.0
2.0
3.0
3.0
38.0
1275.0
44.0
4.0
2.0
1.0
6.0
0.0
429.0
927.0
5.0
3.0
5.0
5.0
6.0
26.0
1250.0
60.0
10.0
7.0
6.0
11.0
8.0
364.0
946.0
2.0
2.0
4.0
3.0
2.0
22.0
1200.0
81.0
7.0
5.0
5.0
10.0
8.0
329.0
958.0
5.0
4.0
4.0
7.0
4.0
10.0
1183.0
101.0
10.0
13.0
12.0
15.0
11.0
280.0
1009.0
4.0
5.0
3.0
5.0
3.0
8.0
1167.0
141.0
3.0
4.0
9.0
7.0
0.0
249.0
1068.0
6.0
5.0
2.0
1.0
5.0
2.0
1148.0
177.0
6.0
5.0
11.0
9.0
6.0
211.0
1120.0
1.0
4.0
4.0
6.0
2.0
5.0
1134.0
218.0
7.0
9.0
4.0
7.0
6.0
191.0
1163.0
6.0
5.0
5.0
5.0
5.0
4.0
1076.0
252.0
11.0
9.0
10.0
8.0
9.0
143.0
1167.0
3.0
3.0
1.0
3.0
2.0
2.0
1012.0
277.0
6.0
9.0
5.0
8.0
0.0
117.0
1168.0
5.0
0.0
5.0
6.0
5.0
5.0
970.0
320.0
9.0
13.0
10.0
7.0
11.0
99.0
1140.0
66.0
7.0
6.0
2.0
6.0
2.0
936.0
365.0
5.0
11.0
4.0
7.0
10.0
61.0
1095.0
162.0
2.0
4.0
4.0
3.0
4.0
907.0
423.0
6.0
10.0
9.0
9.0
8.0
50.0
1046.0
243.0
5.0
5.0
4.0
5.0
4.0
858.0
484.0
8.0
6.0
8.0
7.0
0.0
38.0
1006.0
312.0
3.0
6.0
4.0
5.0
7.0
802.0
523.0
10.0
7.0
9.0
9.0
5.0
29.0
926.0
363.0
3.0
4.0
2.0
2.0
0.0
746.0
545.0
7.0
7.0
6.0
10.0
12.0
16.0
870.0
409.0
2.0
6.0
4.0
4.0
2.0
694.0
596.0
8.0
14.0
10.0
10.0
7.0
15.0
815.0
469.0
4.0
4.0
4.0
7.0
7.0
644.0
650.0
6.0
8.0
10.0
8.0
0.0
11.0
783.0
516.0
2.0
2.0
2.0
4.0
8.0
581.0
739.0
5.0
12.0
6.0
9.0
10.0
6.0
749.0
577.0
2.0
3.0
3.0
3.0
2.0
506.0
835.0
7.0
6.0
8.0
9.0
9.0
10.0
714.0
637.0
5.0
6.0
6.0
5.0
4.0
429.0
899.0
10.0
6.0
10.0
10.0
11.0
11.0
633.0
675.0
3.0
3.0
5.0
4.0
1.0
326.0
962.0
7.0
8.0
7.0
9.0
0.0
5.0
588.0
699.0
2.0
3.0
5.0
6.0
5.0
201.0
1081.0
12.0
8.0
11.0
8.0
5.0
9.0
545.0
744.0
3.0
9.0
6.0
3.0
5.0
107.0
1178.0
16.0
11.0
9.0
8.0
11.0
17.0
496.0
794.0
4.0
4.0
2.0
3.0
5.0
66.0
1220.0
29.0
7.0
4.0
5.0
8.0
8.0
463.0
859.0
2.0
1.0
4.0
5.0
3.0
42.0
1246.0
46.0
6.0
4.0
8.0
0.0
8.0
426.0
907.0
4.0
5.0
4.0
4.0
3.0
28.0
1241.0
63.0
8.0
11.0
9.0
6.0
5.0
370.0
931.0
2.0
2.0
2.0
3.0
6.0
18.0
1194.0
79.0
8.0
9.0
7.0
9.0
7.0
329.0
956.0
3.0
6.0
6.0
6.0
2.0
10.0
1185.0
100.0
7.0
9.0
13.0
7.0
6.0
300.0
987.0
9.0
3.0
5.0
7.0
7.0
11.0
1162.0
131.0
6.0
9.0
7.0
0.0
6.0
266.0
1027.0
6.0
5.0
6.0
8.0
6.0
4.0
1135.0
155.0
13.0
9.0
7.0
6.0
8.0
220.0
1093.0
3.0
4.0
5.0
4.0
5.0
2.0
1119.0
209.0
7.0
5.0
9.0
10.0
9.0
191.0
1141.0
4.0
7.0
5.0
4.0
4.0
5.0
1081.0
237.0
11.0
11.0
7.0
6.0
8.0
151.0
1150.0
1.0
1.0
1.0
2.0
4.0
3.0
1020.0
267.0
4.0
10.0
10.0
0.0
8.0
124.0
1165.0
4.0
5.0
4.0
1.0
3.0
7.0
975.0
311.0
11.0
12.0
12.0
3.0
6.0
100.0
1146.0
47.0
4.0
5.0
7.0
6.0
2.0
931.0
361.0
6.0
9.0
9.0
9.0
11.0
80.0
1080.0
141.0
6.0
3.0
4.0
4.0
4.0
903.0
402.0
4.0
10.0
11.0
8.0
9.0
48.0
1042.0
229.0
5.0
4.0
5.0
4.0
4.0
858.0
464.0
3.0
4.0
4.0
0.0
11.0
40.0
997.0
298.0
5.0
5.0
5.0
2.0
5.0
810.0
513.0
11.0
9.0
5.0
4.0
5.0
25.0
935.0
349.0
2.0
3.0
3.0
3.0
2.0
760.0
536.0
10.0
8.0
13.0
9.0
7.0
19.0
878.0
404.0
5.0
4.0
0.0
4.0
2.0
705.0
583.0
10.0
12.0
7.0
7.0
8.0
7.0
826.0
460.0
6.0
5.0
3.0
4.0
4.0
651.0
649.0
7.0
4.0
6.0
0.0
8.0
9.0
787.0
505.0
4.0
6.0
5.0
4.0
5.0
585.0
713.0
6.0
6.0
9.0
8.0
11.0
7.0
750.0
565.0
5.0
4.0
4.0
4.0
5.0
525.0
799.0
10.0
4.0
8.0
6.0
9.0
9.0
712.0
627.0
4.0
5.0
4.0
4.0
4.0
438.0
881.0
7.0
8.0
4.0
5.0
4.0
7.0
646.0
668.0
3.0
6.0
8.0
3.0
3.0
350.0
955.0
7.0
9.0
6.0
0.0
8.0
8.0
596.0
697.0
4.0
2.0
5.0
3.0
5.0
220.0
1071.0
7.0
7.0
6.0
16.0
7.0
13.0
553.0
737.0
3.0
3.0
4.0
3.0
8.0
122.0
1168.0
14.0
9.0
9.0
8.0
12.0
9.0
509.0
784.0
3.0
4.0
3.0
6.0
3.0
69.0
1217.0
25.0
10.0
8.0
4.0
7.0
6.0
471.0
853.0
9.0
8.0
1.0
1.0
2.0
49.0
1243.0
36.0
5.0
7.0
0.0
3.0
8.0
431.0
898.0
3.0
5.0
6.0
5.0
1.0
30.0
1243.0
55.0
7.0
7.0
6.0
4.0
3.0
382.0
935.0
2.0
5.0
5.0
2.0
2.0
21.0
1217.0
74.0
11.0
7.0
9.0
5.0
6.0
339.0
953.0
4.0
3.0
3.0
2.0
5.0
13.0
1185.0
93.0
8.0
7.0
10.0
6.0
9.0
304.0
982.0
5.0
4.0
5.0
3.0
4.0
6.0
1168.0
122.0
10.0
9.0
0.0
8.0
11.0
261.0
1031.0
2.0
2.0
4.0
4.0
5.0
6.0
1148.0
158.0
10.0
11.0
6.0
9.0
5.0
230.0
1092.0
1.0
6.0
5.0
6.0
2.0
4.0
1126.0
195.0
12.0
9.0
9.0
9.0
9.0
190.0
1142.0
5.0
2.0
5.0
4.0
6.0
6.0
1093.0
237.0
8.0
5.0
5.0
9.0
5.0
159.0
1176.0
8.0
4.0
4.0
7.0
5.0
6.0
1049.0
271.0
8.0
7.0
0.0
7.0
7.0
124.0
1179.0
5.0
3.0
5.0
2.0
3.0
3.0
985.0
303.0
4.0
8.0
8.0
6.0
7.0
97.0
1160.0
36.0
4.0
3.0
5.0
3.0
3.0
936.0
351.0
11.0
11.0
13.0
14.0
10.0
82.0
1093.0
127.0
1.0
3.0
2.0
1.0
6.0
909.0
399.0
7.0
8.0
9.0
10.0
8.0
54.0
1057.0
220.0
6.0
5.0
2.0
5.0
4.0
869.0
457.0
7.0
7.0
0.0
7.0
5.0
38.0
1009.0
292.0
7.0
9.0
5.0
8.0
5.0
825.0
524.0
10.0
6.0
7.0
5.0
8.0
29.0
976.0
346.0
3.0
3.0
0.0
2.0
4.0
774.0
557.0
9.0
7.0
8.0
9.0
6.0
21.0
900.0
398.0
3.0
3.0
4.0
6.0
6.0
708.0
585.0
7.0
6.0
4.0
7.0
6.0
12.0
836.0
447.0
2.0
2.0
4.0
4.0
3.0
657.0
630.0
9.0
13.0
0.0
14.0
10.0
14.0
786.0
499.0
2.0
4.0
1.0
4.0
2.0
601.0
713.0
7.0
10.0
8.0
4.0
7.0
9.0
767.0
560.0
6.0
6.0
7.0
5.0
3.0
539.0
789.0
6.0
7.0
5.0
9.0
6.0
3.0
728.0
611.0
3.0
6.0
3.0
3.0
6.0
457.0
897.0
7.0
5.0
7.0
6.0
6.0
3.0
686.0
672.0
2.0
2.0
4.0
6.0
3.0
371.0
960.0
9.0
15.0
0.0
10.0
11.0
8.0
616.0
697.0
4.0
6.0
6.0
5.0
8.0
245.0
1046.0
9.0
7.0
7.0
10.0
8.0
8.0
559.0
730.0
2.0
2.0
2.0
2.0
3.0
129.0
1152.0
13.0
11.0
10.0
13.0
5.0
9.0
518.0
779.0
2.0
4.0
5.0
3.0
5.0
70.0
1222.0
26.0
5.0
7.0
6.0
6.0
10.0
482.0
843.0
1.0
5.0
6.0
6.0
3.0
48.0
1252.0
37.0
5.0
0.0
9.0
7.0
7.0
442.0
899.0
3.0
5.0
6.0
3.0
2.0
31.0
1268.0
58.0
3.0
2.0
4.0
5.0
6.0
418.0
940.0
3.0
3.0
5.0
5.0
5.0
22.0
1241.0
71.0
7.0
11.0
12.0
6.0
12.0
352.0
965.0
3.0
5.0
3.0
4.0
2.0
16.0
1193.0
88.0
5.0
7.0
8.0
4.0
9.0
301.0
986.0
4.0
3.0
2.0
2.0
5.0
8.0
1165.0
115.0
9.0
0.0
7.0
10.0
16.0
268.0
1024.0
4.0
4.0
7.0
5.0
3.0
5.0
1158.0
151.0
10.0
9.0
5.0
5.0
4.0
229.0
1088.0
2.0
2.0
3.0
5.0
4.0
4.0
1135.0
193.0
5.0
7.0
6.0
7.0
9.0
204.0
1133.0
8.0
5.0
6.0
5.0
2.0
4.0
1111.0
236.0
7.0
4.0
4.0
5.0
4.0
172.0
1183.0
3.0
5.0
3.0
3.0
4.0
4.0
1059.0
267.0
9.0
0.0
7.0
9.0
7.0
135.0
1177.0
6.0
2.0
2.0
1.0
3.0
6.0
993.0
294.0
7.0
3.0
2.0
3.0
4.0
97.0
1169.0
22.0
2.0
3.0
5.0
5.0
1.0
949.0
338.0
15.0
16.0
13.0
11.0
13.0
82.0
1108.0
107.0
1.0
2.0
3.0
6.0
3.0
917.0
386.0
13.0
10.0
10.0
7.0
11.0
57.0
1057.0
202.0
6.0
4.0
4.0
3.0
5.0
880.0
448.0
9.0
0.0
9.0
7.0
7.0
44.0
1022.0
278.0
4.0
6.0
8.0
6.0
4.0
835.0
508.0
7.0
8.0
4.0
9.0
11.0
31.0
990.0
340.0
1.0
5.0
4.0
3.0
3.0
781.0
547.0
7.0
8.0
9.0
7.0
9.0
26.0
904.0
390.0
4.0
6.0
6.0
4.0
7.0
719.0
572.0
7.0
8.0
6.0
7.0
8.0
13.0
843.0
438.0
4.0
1.0
3.0
2.0
2.0
665.0
619.0
7.0
0.0
8.0
10.0
9.0
9.0
797.0
491.0
3.0
3.0
2.0
1.0
3.0
609.0
687.0
7.0
8.0
5.0
4.0
10.0
8.0
754.0
550.0
7.0
5.0
3.0
3.0
3.0
553.0
772.0
6.0
4.0
7.0
10.0
10.0
7.0
732.0
601.0
5.0
4.0
2.0
7.0
7.0
472.0
864.0
6.0
6.0
9.0
6.0
6.0
6.0
685.0
659.0
3.0
2.0
3.0
3.0
3.0
388.0
939.0
7.0
0.0
6.0
8.0
9.0
9.0
621.0
685.0
4.0
5.0
4.0
3.0
3.0
269.0
1020.0
8.0
10.0
4.0
6.0
10.0
12.0
564.0
722.0
2.0
4.0
6.0
6.0
4.0
142.0
1140.0
10.0
16.0
16.0
12.0
11.0
9.0
526.0
765.0
1.0
1.0
3.0
4.0
6.0
86.0
1193.0
19.0
13.0
8.0
8.0
10.0
7.0
477.0
810.0
2.0
3.0
4.0
1.0
4.0
55.0
1219.0
34.0
0.0
9.0
11.0
4.0
11.0
448.0
872.0
4.0
3.0
4.0
3.0
3.0
34.0
1253.0
49.0
7.0
13.0
10.0
9.0
6.0
402.0
931.0
6.0
3.0
3.0
4.0
6.0
26.0
1231.0
66.0
6.0
6.0
9.0
5.0
6.0
350.0
952.0
4.0
2.0
4.0
2.0
6.0
16.0
1189.0
85.0
6.0
6.0
9.0
7.0
5.0
313.0
973.0
4.0
3.0
4.0
3.0
4.0
7.0
1173.0
111.0
0.0
9.0
8.0
4.0
4.0
283.0
1005.0
5.0
6.0
5.0
3.0
2.0
7.0
1145.0
148.0
6.0
9.0
9.0
7.0
7.0
249.0
1045.0
2.0
4.0
3.0
5.0
2.0
0.0
1117.0
178.0
8.0
7.0
8.0
11.0
5.0
203.0
1107.0
2.0
3.0
3.0
5.0
3.0
4.0
1102.0
221.0
7.0
6.0
8.0
6.0
6.0
168.0
1158.0
7.0
8.0
5.0
4.0
7.0
6.0
1062.0
255.0
0.0
9.0
6.0
7.0
5.0
134.0
1166.0
1.0
3.0
2.0
3.0
5.0
4.0
995.0
292.0
11.0
12.0
10.0
6.0
11.0
112.0
1164.0
15.0
5.0
4.0
4.0
2.0
2.0
952.0
337.0
9.0
11.0
12.0
7.0
8.0
92.0
1115.0
91.0
5.0
4.0
8.0
6.0
3.0
913.0
383.0
6.0
7.0
11.0
14.0
12.0
71.0
1055.0
177.0
3.0
2.0
1.0
1.0
3.0
882.0
416.0
0.0
13.0
9.0
9.0
12.0
39.0
1017.0
261.0
2.0
4.0
2.0
3.0
4.0
840.0
488.0
7.0
11.0
10.0
8.0
10.0
35.0
979.0
328.0
9.0
4.0
5.0
4.0
7.0
791.0
530.0
10.0
11.0
7.0
8.0
10.0
25.0
910.0
382.0
3.0
2.0
6.0
2.0
2.0
727.0
565.0
6.0
10.0
7.0
9.0
9.0
11.0
855.0
427.0
3.0
3.0
1.0
5.0
3.0
673.0
612.0
0.0
10.0
10.0
9.0
12.0
9.0
805.0
482.0
5.0
4.0
1.0
3.0
4.0
621.0
674.0
7.0
3.0
4.0
10.0
8.0
12.0
762.0
533.0
1.0
0.0
1.0
3.0
4.0
555.0
745.0
6.0
8.0
11.0
11.0
6.0
5.0
722.0
597.0
5.0
4.0
6.0
6.0
5.0
486.0
842.0
3.0
8.0
7.0
5.0
8.0
8.0
685.0
649.0
3.0
3.0
4.0
5.0
8.0
400.0
917.0
0.0
7.0
8.0
6.0
5.0
7.0
632.0
686.0
3.0
