4.0
5.0
5.0
6.0
6.0
5.0
1108.0
177.0
6.0
9.0
4.0
9.0
7.0
192.0
1110.0
7.0
7.0
5.0
6.0
4.0
2.0
1087.0
222.0
3.0
5.0
5.0
5.0
5.0
164.0
0.0
6.0
2.0
5.0
5.0
3.0
7.0
1043.0
257.0
8.0
5.0
5.0
10.0
12.0
127.0
1149.0
2.0
4.0
6.0
4.0
3.0
4.0
978.0
288.0
8.0
9.0
7.0
8.0
6.0
98.0
1148.0
26.0
3.0
5.0
10.0
4.0
5.0
930.0
323.0
7.0
5.0
7.0
6.0
7.0
77.0
1084.0
95.0
2.0
5.0
6.0
12.0
5.0
887.0
370.0
10.0
10.0
9.0
10.0
8.0
59.0
0.0
189.0
6.0
5.0
6.0
4.0
2.0
862.0
426.0
4.0
4.0
7.0
5.0
7.0
43.0
1001.0
270.0
4.0
5.0
5.0
6.0
8.0
831.0
490.0
1.0
9.0
7.0
8.0
5.0
35.0
971.0
326.0
6.0
5.0
2.0
2.0
5.0
785.0
526.0
4.0
7.0
8.0
7.0
6.0
22.0
900.0
383.0
4.0
4.0
1.0
3.0
3.0
728.0
556.0
6.0
4.0
9.0
8.0
6.0
15.0
0.0
431.0
5.0
6.0
6.0
5.0
3.0
663.0
597.0
7.0
7.0
9.0
12.0
7.0
7.0
771.0
480.0
5.0
7.0
5.0
3.0
6.0
601.0
652.0
7.0
4.0
9.0
11.0
6.0
11.0
727.0
534.0
7.0
1.0
3.0
1.0
3.0
549.0
733.0
5.0
4.0
11.0
6.0
10.0
6.0
706.0
595.0
6.0
5.0
4.0
1.0
4.0
478.0
830.0
9.0
9.0
12.0
11.0
13.0
7.0
0.0
652.0
5.0
6.0
2.0
2.0
6.0
396.0
916.0
8.0
6.0
8.0
6.0
5.0
4.0
612.0
693.0
7.0
7.0
4.0
3.0
1.0
285.0
998.0
8.0
10.0
8.0
10.0
6.0
7.0
555.0
722.0
6.0
9.0
4.0
4.0
7.0
158.0
1107.0
8.0
6.0
3.0
7.0
5.0
3.0
496.0
767.0
7.0
7.0
10.0
4.0
8.0
96.0
1161.0
13.0
8.0
7.0
4.0
10.0
10.0
0.0
823.0
5.0
2.0
6.0
5.0
3.0
66.0
1217.0
33.0
10.0
9.0
10.0
7.0
11.0
431.0
892.0
3.0
2.0
2.0
4.0
5.0
40.0
1251.0
48.0
8.0
11.0
7.0
5.0
8.0
403.0
950.0
7.0
3.0
7.0
4.0
4.0
27.0
1249.0
65.0
8.0
13.0
14.0
9.0
8.0
358.0
967.0
5.0
3.0
4.0
5.0
5.0
16.0
1217.0
80.0
3.0
10.0
5.0
6.0
7.0
0.0
985.0
1.0
3.0
6.0
3.0
3.0
7.0
1172.0
105.0
4.0
4.0
5.0
6.0
4.0
266.0
1004.0
4.0
5.0
8.0
9.0
6.0
6.0
1126.0
131.0
7.0
12.0
8.0
8.0
6.0
229.0
1047.0
6.0
7.0
2.0
2.0
3.0
4.0
1135.0
176.0
8.0
15.0
9.0
10.0
4.0
205.0
1116.0
3.0
4.0
6.0
6.0
4.0
3.0
1119.0
221.0
2.0
10.0
7.0
9.0
10.0
0.0
1177.0
8.0
2.0
4.0
4.0
4.0
5.0
1085.0
260.0
4.0
4.0
8.0
6.0
6.0
140.0
1208.0
6.0
2.0
3.0
3.0
4.0
9.0
1035.0
302.0
8.0
7.0
12.0
10.0
8.0
112.0
1184.0
15.0
4.0
5.0
5.0
2.0
3.0
966.0
324.0
8.0
7.0
7.0
5.0
5.0
83.0
1114.0
85.0
7.0
11.0
6.0
4.0
8.0
905.0
362.0
4.0
7.0
4.0
8.0
10.0
0.0
1047.0
175.0
7.0
7.0
5.0
3.0
5.0
880.0
431.0
13.0
11.0
4.0
10.0
11.0
44.0
1028.0
263.0
4.0
5.0
8.0
5.0
5.0
857.0
484.0
8.0
12.0
8.0
6.0
15.0
40.0
1003.0
325.0
6.0
4.0
4.0
5.0
7.0
819.0
556.0
4.0
5.0
7.0
4.0
6.0
26.0
969.0
387.0
5.0
6.0
9.0
6.0
4.0
759.0
591.0
7.0
6.0
10.0
10.0
9.0
0.0
881.0
430.0
6.0
7.0
6.0
5.0
6.0
690.0
605.0
8.0
6.0
5.0
7.0
4.0
9.0
804.0
482.0
3.0
5.0
5.0
4.0
5.0
626.0
652.0
4.0
5.0
6.0
3.0
9.0
6.0
753.0
537.0
2.0
4.0
5.0
3.0
6.0
573.0
748.0
12.0
8.0
7.0
8.0
5.0
7.0
734.0
601.0
5.0
2.0
4.0
5.0
7.0
504.0
842.0
9.0
6.0
7.0
8.0
6.0
0.0
712.0
657.0
3.0
3.0
4.0
4.0
6.0
422.0
950.0
4.0
6.0
6.0
4.0
5.0
4.0
666.0
704.0
4.0
2.0
3.0
4.0
4.0
314.0
1044.0
14.0
10.0
7.0
6.0
9.0
9.0
592.0
736.0
8.0
5.0
8.0
3.0
5.0
178.0
1118.0
7.0
9.0
9.0
6.0
12.0
6.0
518.0
768.0
4.0
4.0
4.0
5.0
5.0
104.0
1162.0
14.0
7.0
10.0
6.0
8.0
0.0
469.0
819.0
4.0
6.0
5.0
4.0
4.0
63.0
1224.0
32.0
9.0
10.0
8.0
4.0
7.0
447.0
887.0
4.0
6.0
6.0
5.0
5.0
43.0
1264.0
50.0
11.0
11.0
15.0
11.0
6.0
417.0
945.0
4.0
4.0
9.0
9.0
8.0
28.0
1282.0
69.0
3.0
7.0
7.0
9.0
8.0
386.0
992.0
6.0
7.0
4.0
7.0
7.0
21.0
1251.0
82.0
10.0
6.0
7.0
9.0
0.0
321.0
1004.0
6.0
3.0
5.0
4.0
4.0
8.0
1188.0
105.0
6.0
5.0
13.0
8.0
5.0
277.0
1006.0
5.0
5.0
5.0
8.0
9.0
7.0
1137.0
132.0
10.0
4.0
5.0
10.0
4.0
239.0
1049.0
4.0
6.0
3.0
5.0
7.0
5.0
1143.0
170.0
5.0
8.0
3.0
6.0
11.0
213.0
1114.0
5.0
3.0
4.0
2.0
3.0
5.0
1124.0
214.0
5.0
7.0
10.0
6.0
0.0
182.0
1177.0
5.0
4.0
4.0
6.0
5.0
8.0
1107.0
265.0
11.0
10.0
8.0
9.0
9.0
154.0
1218.0
9.0
7.0
8.0
4.0
5.0
10.0
1040.0
298.0
11.0
7.0
8.0
9.0
9.0
121.0
1188.0
8.0
5.0
3.0
4.0
3.0
5.0
968.0
323.0
8.0
4.0
10.0
11.0
11.0
90.0
1122.0
70.0
6.0
5.0
4.0
5.0
6.0
917.0
350.0
6.0
4.0
4.0
11.0
0.0
61.0
1065.0
164.0
7.0
3.0
2.0
3.0
2.0
890.0
415.0
9.0
7.0
10.0
9.0
13.0
49.0
1023.0
250.0
6.0
4.0
6.0
7.0
6.0
852.0
486.0
9.0
9.0
7.0
8.0
5.0
33.0
1006.0
315.0
7.0
6.0
5.0
5.0
6.0
824.0
546.0
11.0
9.0
9.0
7.0
7.0
25.0
973.0
383.0
9.0
4.0
5.0
6.0
7.0
763.0
583.0
7.0
8.0
7.0
4.0
0.0
23.0
900.0
429.0
4.0
3.0
4.0
3.0
4.0
696.0
600.0
13.0
5.0
9.0
10.0
8.0
8.0
818.0
467.0
5.0
5.0
5.0
5.0
8.0
632.0
648.0
6.0
9.0
9.0
6.0
8.0
10.0
766.0
518.0
5.0
3.0
7.0
7.0
5.0
567.0
726.0
9.0
12.0
12.0
10.0
8.0
8.0
736.0
577.0
4.0
3.0
2.0
3.0
3.0
510.0
817.0
10.0
8.0
5.0
8.0
0.0
8.0
700.0
636.0
4.0
5.0
4.0
4.0
4.0
426.0
925.0
10.0
7.0
11.0
9.0
8.0
10.0
680.0
690.0
3.0
2.0
3.0
8.0
6.0
332.0
1012.0
13.0
18.0
12.0
11.0
14.0
10.0
595.0
716.0
4.0
6.0
9.0
8.0
11.0
198.0
1095.0
7.0
6.0
8.0
4.0
4.0
4.0
532.0
750.0
6.0
8.0
5.0
5.0
5.0
101.0
1168.0
15.0
5.0
4.0
5.0
0.0
8.0
484.0
790.0
5.0
7.0
5.0
6.0
4.0
64.0
1186.0
23.0
3.0
7.0
4.0
9.0
10.0
446.0
834.0
3.0
4.0
6.0
6.0
6.0
46.0
1217.0
46.0
8.0
9.0
11.0
11.0
9.0
401.0
908.0
3.0
7.0
7.0
7.0
4.0
27.0
1248.0
72.0
10.0
10.0
11.0
7.0
10.0
383.0
960.0
3.0
2.0
3.0
3.0
4.0
20.0
1239.0
84.0
5.0
12.0
12.0
0.0
7.0
329.0
984.0
7.0
6.0
8.0
5.0
6.0
12.0
1183.0
98.0
3.0
3.0
4.0
3.0
4.0
282.0
995.0
3.0
5.0
2.0
4.0
8.0
4.0
1146.0
121.0
7.0
4.0
6.0
9.0
5.0
253.0
1016.0
8.0
6.0
4.0
7.0
8.0
8.0
1112.0
153.0
7.0
8.0
5.0
8.0
9.0
210.0
1073.0
5.0
3.0
4.0
5.0
6.0
5.0
1106.0
201.0
13.0
8.0
6.0
0.0
9.0
186.0
1136.0
2.0
5.0
7.0
5.0
2.0
3.0
1091.0
252.0
6.0
7.0
7.0
13.0
10.0
152.0
1193.0
5.0
4.0
5.0
3.0
3.0
2.0
1051.0
281.0
12.0
7.0
5.0
9.0
7.0
120.0
1192.0
9.0
5.0
4.0
6.0
3.0
2.0
984.0
313.0
7.0
8.0
9.0
9.0
5.0
98.0
1140.0
51.0
3.0
5.0
3.0
4.0
6.0
924.0
345.0
8.0
6.0
7.0
0.0
4.0
68.0
1063.0
143.0
4.0
4.0
4.0
2.0
1.0
878.0
397.0
4.0
3.0
9.0
11.0
8.0
54.0
1011.0
232.0
4.0
2.0
4.0
6.0
5.0
846.0
465.0
9.0
13.0
11.0
5.0
9.0
42.0
992.0
297.0
2.0
4.0
2.0
2.0
5.0
815.0
523.0
8.0
8.0
4.0
6.0
11.0
25.0
968.0
357.0
5.0
3.0
4.0
6.0
5.0
769.0
565.0
9.0
9.0
9.0
0.0
7.0
17.0
897.0
410.0
3.0
4.0
5.0
3.0
3.0
703.0
606.0
17.0
8.0
9.0
8.0
9.0
10.0
831.0
461.0
6.0
3.0
5.0
5.0
4.0
639.0
640.0
7.0
6.0
12.0
11.0
8.0
4.0
771.0
502.0
3.0
4.0
4.0
9.0
3.0
587.0
694.0
5.0
6.0
6.0
11.0
9.0
13.0
725.0
557.0
3.0
5.0
5.0
8.0
6.0
517.0
786.0
13.0
7.0
7.0
0.0
6.0
11.0
703.0
626.0
4.0
4.0
3.0
4.0
4.0
447.0
888.0
12.0
9.0
6.0
8.0
6.0
6.0
674.0
676.0
3.0
2.0
5.0
5.0
4.0
354.0
981.0
12.0
13.0
7.0
6.0
9.0
8.0
608.0
717.0
2.0
4.0
6.0
3.0
2.0
219.0
1082.0
13.0
9.0
8.0
10.0
11.0
11.0
543.0
752.0
4.0
4.0
2.0
0.0
4.0
113.0
1163.0
13.0
9.0
7.0
0.0
8.0
7.0
491.0
779.0
3.0
5.0
3.0
7.0
4.0
73.0
1184.0
24.0
9.0
11.0
12.0
8.0
3.0
451.0
827.0
3.0
3.0
2.0
3.0
5.0
52.0
1218.0
43.0
14.0
11.0
8.0
6.0
9.0
413.0
904.0
3.0
5.0
3.0
3.0
2.0
29.0
1252.0
58.0
7.0
15.0
12.0
8.0
12.0
390.0
954.0
3.0
4.0
5.0
7.0
3.0
21.0
1239.0
76.0
7.0
10.0
0.0
11.0
12.0
340.0
983.0
6.0
5.0
8.0
6.0
5.0
17.0
1208.0
100.0
13.0
11.0
9.0
9.0
9.0
293.0
1006.0
5.0
1.0
4.0
6.0
5.0
7.0
1162.0
123.0
5.0
4.0
3.0
6.0
10.0
256.0
1022.0
6.0
6.0
4.0
6.0
7.0
5.0
1120.0
149.0
10.0
9.0
9.0
5.0
11.0
226.0
1057.0
5.0
6.0
4.0
5.0
6.0
6.0
1110.0
189.0
7.0
5.0
0.0
9.0
10.0
184.0
1132.0
5.0
4.0
2.0
4.0
5.0
6.0
1092.0
243.0
12.0
11.0
13.0
12.0
9.0
162.0
1180.0
6.0
6.0
7.0
7.0
4.0
5.0
1059.0
292.0
9.0
10.0
6.0
13.0
12.0
128.0
1217.0
7.0
7.0
9.0
7.0
7.0
4.0
1010.0
328.0
9.0
8.0
9.0
5.0
7.0
104.0
1184.0
37.0
6.0
6.0
8.0
10.0
8.0
942.0
349.0
7.0
3.0
0.0
6.0
4.0
75.0
1079.0
134.0
4.0
4.0
1.0
5.0
5.0
886.0
388.0
6.0
7.0
7.0
14.0
11.0
58.0
1023.0
215.0
5.0
6.0
12.0
10.0
8.0
856.0
456.0
8.0
7.0
7.0
9.0
5.0
49.0
998.0
290.0
3.0
4.0
7.0
7.0
7.0
833.0
518.0
6.0
5.0
5.0
14.0
13.0
29.0
984.0
352.0
2.0
2.0
1.0
2.0
3.0
788.0
587.0
12.0
9.0
0.0
8.0
8.0
19.0
946.0
411.0
3.0
6.0
5.0
7.0
4.0
729.0
621.0
9.0
6.0
11.0
6.0
6.0
16.0
859.0
457.0
7.0
9.0
5.0
4.0
8.0
654.0
644.0
9.0
9.0
5.0
5.0
11.0
9.0
784.0
499.0
9.0
10.0
6.0
6.0
2.0
593.0
681.0
6.0
10.0
11.0
6.0
9.0
4.0
730.0
558.0
7.0
8.0
6.0
4.0
7.0
531.0
783.0
7.0
9.0
0.0
8.0
7.0
9.0
715.0
618.0
8.0
5.0
4.0
5.0
1.0
467.0
879.0
6.0
9.0
11.0
9.0
9.0
8.0
685.0
674.0
4.0
4.0
2.0
1.0
3.0
371.0
1005.0
8.0
7.0
8.0
8.0
8.0
8.0
648.0
722.0
5.0
4.0
1.0
1.0
1.0
258.0
1092.0
11.0
16.0
7.0
8.0
11.0
8.0
567.0
758.0
3.0
7.0
8.0
6.0
5.0
126.0
1167.0
13.0
7.0
0.0
3.0
6.0
11.0
507.0
781.0
3.0
4.0
4.0
6.0
6.0
79.0
1184.0
16.0
2.0
6.0
6.0
6.0
4.0
450.0
837.0
6.0
7.0
4.0
3.0
3.0
50.0
1232.0
39.0
5.0
6.0
11.0
5.0
10.0
433.0
903.0
4.0
4.0
2.0
4.0
5.0
34.0
1265.0
52.0
9.0
6.0
9.0
9.0
8.0
402.0
960.0
1.0
2.0
4.0
4.0
4.0
27.0
1278.0
76.0
8.0
0.0
10.0
8.0
7.0
364.0
1004.0
4.0
6.0
6.0
3.0
5.0
18.0
1237.0
96.0
9.0
6.0
10.0
8.0
9.0
307.0
1014.0
5.0
7.0
7.0
1.0
7.0
14.0
1171.0
123.0
7.0
7.0
5.0
4.0
9.0
266.0
1018.0
6.0
4.0
3.0
3.0
4.0
4.0
1134.0
146.0
10.0
8.0
4.0
5.0
7.0
220.0
1063.0
6.0
6.0
6.0
6.0
7.0
4.0
1122.0
195.0
5.0
0.0
5.0
9.0
6.0
197.0
1129.0
7.0
7.0
5.0
4.0
8.0
7.0
1106.0
236.0
8.0
7.0
9.0
5.0
7.0
175.0
1186.0
4.0
4.0
2.0
3.0
1.0
1.0
1081.0
290.0
6.0
9.0
8.0
10.0
10.0
138.0
1231.0
2.0
5.0
5.0
5.0
3.0
5.0
1020.0
320.0
13.0
11.0
10.0
4.0
6.0
102.0
1195.0
27.0
6.0
6.0
8.0
7.0
5.0
951.0
338.0
6.0
0.0
5.0
6.0
7.0
77.0
1098.0
116.0
6.0
4.0
5.0
5.0
3.0
900.0
382.0
7.0
7.0
5.0
9.0
6.0
58.0
1032.0
203.0
2.0
4.0
3.0
8.0
8.0
867.0
439.0
7.0
7.0
9.0
4.0
7.0
47.0
1003.0
278.0
4.0
4.0
8.0
9.0
6.0
835.0
507.0
5.0
4.0
5.0
8.0
7.0
35.0
983.0
342.0
5.0
3.0
5.0
5.0
6.0
796.0
568.0
3.0
0.0
8.0
6.0
9.0
21.0
950.0
403.0
2.0
3.0
2.0
4.0
3.0
737.0
603.0
7.0
7.0
8.0
4.0
11.0
14.0
859.0
450.0
4.0
5.0
4.0
8.0
6.0
671.0
621.0
0.0
7.0
6.0
4.0
6.0
6.0
791.0
491.0
4.0
4.0
2.0
2.0
4.0
603.0
674.0
8.0
11.0
14.0
8.0
6.0
6.0
732.0
552.0
4.0
2.0
4.0
3.0
4.0
540.0
750.0
6.0
0.0
11.0
9.0
3.0
8.0
705.0
605.0
4.0
5.0
7.0
6.0
4.0
472.0
856.0
8.0
10.0
8.0
7.0
7.0
9.0
686.0
662.0
7.0
6.0
6.0
2.0
2.0
389.0
968.0
8.0
7.0
7.0
3.0
7.0
12.0
659.0
718.0
2.0
2.0
3.0
4.0
6.0
277.0
1070.0
12.0
10.0
7.0
7.0
8.0
9.0
572.0
746.0
4.0
5.0
7.0
2.0
6.0
138.0
1154.0
8.0
0.0
8.0
6.0
8.0
6.0
510.0
773.0
2.0
8.0
6.0
5.0
3.0
81.0
1182.0
13.0
7.0
9.0
9.0
10.0
6.0
451.0
815.0
2.0
2.0
1.0
4.0
4.0
56.0
1189.0
27.0
7.0
4.0
4.0
8.0
9.0
416.0
861.0
5.0
6.0
4.0
4.0
9.0
37.0
1228.0
45.0
8.0
5.0
7.0
13.0
6.0
393.0
932.0
6.0
7.0
4.0
6.0
9.0
26.0
1251.0
78.0
0.0
6.0
9.0
9.0
15.0
369.0
990.0
3.0
3.0
1.0
4.0
6.0
16.0
1233.0
91.0
9.0
11.0
5.0
9.0
8.0
313.0
1000.0
5.0
6.0
7.0
7.0
6.0
7.0
1176.0
112.0
7.0
4.0
8.0
6.0
3.0
266.0
1015.0
5.0
7.0
2.0
3.0
4.0
4.0
1133.0
135.0
11.0
10.0
6.0
8.0
9.0
224.0
1043.0
4.0
2.0
1.0
2.0
2.0
4.0
1096.0
175.0
0.0
12.0
9.0
9.0
14.0
194.0
1081.0
3.0
1.0
4.0
3.0
7.0
4.0
1085.0
220.0
3.0
5.0
6.0
10.0
7.0
167.0
1158.0
2.0
3.0
6.0
6.0
6.0
6.0
1078.0
266.0
5.0
10.0
9.0
5.0
5.0
137.0
1216.0
3.0
4.0
3.0
2.0
3.0
6.0
1033.0
306.0
5.0
7.0
8.0
5.0
11.0
109.0
1186.0
19.0
6.0
4.0
5.0
3.0
9.0
957.0
335.0
0.0
8.0
6.0
4.0
5.0
81.0
1103.0
97.0
2.0
3.0
3.0
2.0
0.0
906.0
371.0
10.0
5.0
10.0
12.0
10.0
56.0
1033.0
187.0
4.0
4.0
3.0
4.0
3.0
853.0
415.0
5.0
8.0
8.0
11.0
14.0
43.0
982.0
258.0
5.0
2.0
3.0
4.0
3.0
824.0
478.0
8.0
8.0
8.0
7.0
11.0
36.0
972.0
328.0
5.0
6.0
6.0
6.0
8.0
795.0
545.0
0.0
9.0
4.0
9.0
8.0
21.0
951.0
390.0
5.0
6.0
3.0
3.0
5.0
747.0
597.0
9.0
6.0
8.0
7.0
12.0
18.0
882.0
439.0
3.0
4.0
3.0
5.0
7.0
683.0
627.0
5.0
5.0
9.0
6.0
8.0
10.0
809.0
484.0
6.0
2.0
3.0
4.0
3.0
616.0
663.0
5.0
6.0
5.0
6.0
6.0
5.0
736.0
536.0
4.0
4.0
2.0
1.0
4.0
550.0
716.0
0.0
7.0
8.0
13.0
10.0
9.0
694.0
583.0
5.0
5.0
4.0
2.0
5.0
480.0
826.0
6.0
7.0
6.0
7.0
7.0
6.0
672.0
651.0
4.0
5.0
4.0
3.0
6.0
403.0
937.0
7.0
6.0
3.0
7.0
5.0
9.0
653.0
706.0
8.0
3.0
4.0
4.0
6.0
299.0
1038.0
7.0
15.0
9.0
11.0
9.0
6.0
586.0
740.0
6.0
5.0
6.0
5.0
5.0
158.0
1143.0
0.0
6.0
7.0
11.0
7.0
9.0
520.0
771.0
5.0
6.0
3.0
4.0
9.0
92.0
1180.0
14.0
5.0
4.0
10.0
8.0
10.0
467.0
807.0
4.0
2.0
4.0
4.0
8.0
60.0
1186.0
22.0
6.0
9.0
14.0
11.0
7.0
419.0
860.0
2.0
5.0
2.0
5.0
4.0
42.0
1226.0
44.0
9.0
7.0
4.0
7.0
5.0
402.0
923.0
4.0
8.0
6.0
4.0
5.0
25.0
1251.0
0.0
6.0
2.0
6.0
5.0
4.0
376.0
979.0
6.0
7.0
4.0
1.0
8.0
18.0
1240.0
90.0
6.0
10.0
9.0
7.0
6.0
325.0
1013.0
4.0
2.0
5.0
1.0
3.0
10.0
1214.0
105.0
8.0
10.0
8.0
5.0
9.0
276.0
1026.0
7.0
6.0
3.0
5.0
3.0
7.0
1149.0
132.0
7.0
8.0
8.0
8.0
7.0
234.0
1040.0
3.0
3.0
7.0
6.0
3.0
5.0
1102.0
0.0
7.0
12.0
7.0
8.0
8.0
204.0
1082.0
5.0
5.0
3.0
2.0
4.0
3.0
1093.0
222.0
8.0
10.0
10.0
7.0
8.0
174.0
1154.0
2.0
5.0
8.0
3.0
2.0
3.0
1082.0
265.0
7.0
6.0
6.0
12.0
8.0
151.0
1205.0
4.0
2.0
4.0
3.0
3.0
3.0
1041.0
318.0
12.0
6.0
10.0
7.0
7.0
119.0
1231.0
9.0
3.0
1.0
3.0
5.0
2.0
989.0
0.0
5.0
8.0
10.0
12.0
6.0
91.0
1140.0
85.0
7.0
4.0
4.0
5.0
7.0
922.0
374.0
7.0
7.0
5.0
2.0
8.0
66.0
1052.0
175.0
10.0
11.0
7.0
3.0
2.0
869.0
408.0
5.0
12.0
10.0
4.0
8.0
48.0
1001.0
249.0
10.0
2.0
3.0
4.0
4.0
838.0
482.0
6.0
8.0
7.0
4.0
5.0
34.0
984.0
316.0
4.0
2.0
8.0
5.0
2.0
803.0
0.0
4.0
5.0
6.0
10.0
12.0
33.0
961.0
383.0
1.0
3.0
4.0
3.0
3.0
762.0
608.0
11.0
10.0
8.0
13.0
13.0
20.0
927.0
433.0
2.0
4.0
2.0
6.0
7.0
694.0
647.0
11.0
11.0
12.0
9.0
6.0
10.0
825.0
486.0
6.0
6.0
4.0
4.0
3.0
632.0
665.0
5.0
8.0
8.0
4.0
3.0
4.0
755.0
528.0
5.0
5.0
2.0
7.0
7.0
563.0
0.0
8.0
9.0
5.0
7.0
11.0
5.0
707.0
581.0
6.0
5.0
3.0
6.0
8.0
501.0
816.0
9.0
8.0
10.0
5.0
6.0
10.0
692.0
644.0
3.0
5.0
3.0
3.0
6.0
423.0
923.0
11.0
9.0
8.0
2.0
3.0
5.0
662.0
702.0
4.0
5.0
6.0
6.0
4.0
327.0
1047.0
5.0
8.0
6.0
3.0
5.0
6.0
623.0
752.0
4.0
4.0
7.0
5.0
5.0
190.0
0.0
9.0
13.0
6.0
9.0
9.0
4.0
553.0
775.0
4.0
3.0
4.0
5.0
5.0
99.0
1188.0
15.0
8.0
9.0
7.0
10.0
6.0
479.0
808.0
6.0
4.0
6.0
9.0
8.0
66.0
1192.0
28.0
6.0
9.0
10.0
12.0
7.0
430.0
859.0
6.0
7.0
3.0
5.0
6.0
44.0
1238.0
39.0
10.0
4.0
10.0
3.0
6.0
415.0
919.0
4.0
6.0
4.0
4.0
3.0
28.0
0.0
64.0
12.0
7.0
9.0
8.0
6.0
385.0
974.0
2.0
1.0
2.0
3.0
4.0
17.0
1266.0
94.0
9.0
5.0
3.0
3.0
7.0
344.0
1027.0
5.0
6.0
5.0
4.0
4.0
10.0
1231.0
111.0
14.0
8.0
8.0
12.0
5.0
295.0
1029.0
8.0
3.0
5.0
3.0
6.0
6.0
1161.0
136.0
4.0
8.0
9.0
5.0
4.0
249.0
1039.0
3.0
4.0
4.0
4.0
5.0
2.0
0.0
163.0
7.0
10.0
7.0
7.0
7.0
208.0
1079.0
7.0
5.0
3.0
5.0
6.0
10.0
1108.0
205.0
11.0
7.0
6.0
10.0
7.0
177.0
1145.0
6.0
5.0
4.0
4.0
6.0
6.0
1089.0
252.0
8.0
4.0
6.0
7.0
9.0
151.0
1203.0
5.0
3.0
6.0
2.0
5.0
6.0
1055.0
313.0
10.0
2.0
3.0
4.0
6.0
128.0
1240.0
5.0
5.0
3.0
4.0
3.0
5.0
0.0
340.0
6.0
9.0
8.0
7.0
9.0
96.0
1167.0
65.0
4.0
4.0
6.0
9.0
6.0
931.0
365.0
5.0
7.0
9.0
8.0
10.0
69.0
1067.0
157.0
4.0
3.0
2.0
2.0
6.0
875.0
400.0
6.0
7.0
8.0
10.0
8.0
49.0
1006.0
238.0
4.0
6.0
5.0
6.0
7.0
846.0
459.0
3.0
4.0
7.0
6.0
9.0
37.0
987.0
303.0
4.0
5.0
2.0
4.0
4.0
0.0
523.0
4.0
7.0
7.0
6.0
11.0
23.0
960.0
368.0
5.0
6.0
9.0
8.0
4.0
765.0
599.0
3.0
6.0
7.0
9.0
6.0
17.0
928.0
433.0
3.0
5.0
3.0
0.0
5.0
710.0
637.0
10.0
4.0
5.0
11.0
5.0
13.0
839.0
473.0
6.0
7.0
7.0
6.0
6.0
641.0
654.0
6.0
8.0
4.0
8.0
4.0
7.0
765.0
515.0
6.0
3.0
6.0
3.0
3.0
0.0
702.0
11.0
11.0
8.0
6.0
8.0
8.0
710.0
569.0
3.0
2.0
8.0
5.0
2.0
504.0
789.0
7.0
5.0
6.0
6.0
9.0
5.0
684.0
624.0
5.0
5.0
4.0
5.0
4.0
441.0
886.0
7.0
11.0
9.0
3.0
8.0
11.0
666.0
680.0
4.0
6.0
2.0
2.0
5.0
338.0
1009.0
9.0
6.0
9.0
5.0
3.0
9.0
630.0
735.0
2.0
3.0
4.0
5.0
1.0
0.0
1125.0
11.0
17.0
10.0
6.0
10.0
4.0
547.0
759.0
7.0
3.0
4.0
6.0
5.0
110.0
1169.0
15.0
6.0
4.0
6.0
7.0
5.0
484.0
791.0
2.0
5.0
5.0
5.0
8.0
64.0
1183.0
18.0
9.0
8.0
6.0
9.0
6.0
430.0
830.0
4.0
5.0
6.0
1.0
2.0
46.0
1186.0
30.0
5.0
4.0
7.0
8.0
5.0
398.0
869.0
4.0
2.0
5.0
4.0
4.0
0.0
1195.0
58.0
10.0
3.0
6.0
7.0
5.0
368.0
932.0
5.0
7.0
8.0
6.0
6.0
21.0
1220.0
77.0
10.0
8.0
8.0
5.0
9.0
333.0
986.0
7.0
5.0
6.0
6.0
8.0
12.0
1201.0
96.0
8.0
9.0
8.0
7.0
5.0
289.0
993.0
2.0
3.0
2.0
5.0
6.0
7.0
1144.0
121.0
3.0
2.0
7.0
7.0
5.0
248.0
1015.0
6.0
6.0
3.0
3.0
4.0
0.0
1106.0
154.0
3.0
5.0
3.0
4.0
4.0
215.0
1043.0
7.0
6.0
4.0
6.0
2.0
2.0
1075.0
183.0
4.0
4.0
10.0
8.0
9.0
181.0
1085.0
4.0
3.0
4.0
9.0
3.0
3.0
1054.0
236.0
4.0
7.0
5.0
5.0
4.0
149.0
1152.0
5.0
3.0
6.0
9.0
7.0
3.0
1033.0
275.0
11.0
5.0
5.0
5.0
7.0
123.0
1201.0
7.0
7.0
4.0
4.0
6.0
0.0
994.0
318.0
7.0
5.0
8.0
10.0
9.0
94.0
1155.0
46.0
6.0
5.0
2.0
5.0
4.0
925.0
351.0
8.0
3.0
4.0
2.0
5.0
68.0
1062.0
140.0
5.0
5.0
6.0
3.0
3.0
869.0
395.0
10.0
5.0
2.0
4.0
5.0
52.0
998.0
214.0
3.0
7.0
8.0
6.0
3.0
826.0
436.0
8.0
4.0
5.0
7.0
9.0
38.0
951.0
284.0
2.0
6.0
0.0
5.0
0.0
794.0
495.0
6.0
10.0
6.0
6.0
8.0
29.0
931.0
350.0
4.0
4.0
6.0
6.0
6.0
762.0
554.0
8.0
6.0
5.0
3.0
13.0
23.0
906.0
411.0
6.0
7.0
5.0
6.0
5.0
709.0
596.0
7.0
8.0
7.0
5.0
5.0
11.0
838.0
460.0
7.0
7.0
6.0
7.0
5.0
645.0
641.0
8.0
3.0
7.0
5.0
5.0
5.0
771.0
503.0
5.0
8.0
7.0
4.0
0.0
579.0
684.0
12.0
8.0
7.0
8.0
8.0
10.0
713.0
546.0
2.0
5.0
4.0
2.0
1.0
508.0
748.0
3.0
5.0
5.0
8.0
9.0
9.0
672.0
598.0
6.0
5.0
4.0
4.0
3.0
437.0
850.0
6.0
2.0
8.0
5.0
8.0
8.0
639.0
664.0
5.0
3.0
6.0
6.0
6.0
351.0
961.0
10.0
11.0
13.0
10.0
9.0
12.0
608.0
716.0
7.0
5.0
2.0
8.0
0.0
232.0
1081.0
13.0
12.0
9.0
6.0
8.0
7.0
