4.0
3.0
6.0
4.0
3.0
6.0
1170.0
104.0
8.0
10.0
11.0
8.0
12.0
291.0
992.0
2.0
3.0
2.0
2.0
3.0
4.0
1148.0
137.0
5.0
2.0
5.0
10.0
9.0
258.0
0.0
5.0
2.0
5.0
4.0
4.0
4.0
1124.0
174.0
7.0
7.0
6.0
12.0
10.0
228.0
1065.0
2.0
3.0
4.0
5.0
4.0
4.0
1078.0
208.0
11.0
8.0
8.0
9.0
9.0
169.0
1126.0
4.0
4.0
5.0
2.0
3.0
3.0
1055.0
247.0
4.0
7.0
7.0
8.0
7.0
136.0
1175.0
3.0
5.0
5.0
3.0
2.0
4.0
1010.0
284.0
8.0
9.0
8.0
7.0
11.0
110.0
0.0
11.0
6.0
5.0
1.0
5.0
5.0
955.0
325.0
9.0
6.0
6.0
12.0
7.0
91.0
1119.0
75.0
4.0
2.0
5.0
2.0
2.0
908.0
377.0
7.0
11.0
9.0
9.0
7.0
69.0
1061.0
159.0
7.0
5.0
4.0
2.0
2.0
876.0
417.0
5.0
5.0
9.0
8.0
4.0
59.0
1006.0
239.0
6.0
1.0
5.0
4.0
4.0
826.0
460.0
9.0
11.0
11.0
12.0
11.0
32.0
0.0
307.0
4.0
4.0
2.0
4.0
4.0
788.0
517.0
7.0
9.0
8.0
8.0
7.0
27.0
920.0
370.0
6.0
3.0
4.0
2.0
2.0
730.0
567.0
8.0
2.0
5.0
9.0
9.0
13.0
860.0
418.0
4.0
2.0
3.0
4.0
7.0
684.0
600.0
6.0
4.0
5.0
7.0
7.0
9.0
799.0
473.0
4.0
5.0
4.0
4.0
5.0
622.0
666.0
6.0
7.0
8.0
7.0
2.0
8.0
0.0
513.0
5.0
6.0
3.0
4.0
8.0
559.0
734.0
6.0
7.0
9.0
19.0
13.0
7.0
724.0
569.0
4.0
3.0
5.0
3.0
0.0
491.0
794.0
9.0
10.0
8.0
8.0
13.0
3.0
672.0
626.0
1.0
4.0
6.0
6.0
2.0
405.0
895.0
5.0
7.0
9.0
6.0
5.0
7.0
635.0
677.0
4.0
6.0
3.0
4.0
5.0
316.0
985.0
6.0
6.0
5.0
5.0
3.0
8.0
0.0
717.0
3.0
4.0
4.0
3.0
4.0
187.0
1091.0
11.0
10.0
5.0
7.0
7.0
10.0
536.0
744.0
4.0
2.0
1.0
4.0
3.0
97.0
1178.0
19.0
11.0
12.0
10.0
8.0
10.0
498.0
788.0
2.0
2.0
6.0
4.0
1.0
64.0
1206.0
24.0
8.0
6.0
5.0
11.0
12.0
460.0
832.0
4.0
4.0
4.0
3.0
0.0
42.0
1210.0
44.0
9.0
6.0
12.0
9.0
8.0
0.0
895.0
6.0
4.0
2.0
4.0
5.0
26.0
1222.0
59.0
8.0
4.0
4.0
6.0
2.0
367.0
942.0
7.0
8.0
2.0
5.0
4.0
18.0
1207.0
83.0
5.0
8.0
7.0
4.0
8.0
318.0
975.0
5.0
4.0
3.0
3.0
4.0
13.0
1181.0
100.0
10.0
9.0
11.0
8.0
9.0
288.0
995.0
3.0
3.0
6.0
2.0
2.0
6.0
1149.0
138.0
12.0
7.0
11.0
10.0
5.0
0.0
1026.0
2.0
3.0
4.0
3.0
6.0
5.0
1124.0
168.0
4.0
7.0
11.0
10.0
8.0
221.0
1073.0
3.0
1.0
2.0
1.0
3.0
3.0
1091.0
207.0
6.0
8.0
9.0
8.0
10.0
180.0
1135.0
4.0
3.0
3.0
4.0
1.0
5.0
1075.0
248.0
9.0
12.0
4.0
10.0
8.0
147.0
1178.0
4.0
0.0
3.0
4.0
2.0
3.0
1031.0
289.0
6.0
3.0
4.0
7.0
6.0
0.0
1206.0
9.0
6.0
1.0
4.0
4.0
4.0
987.0
326.0
8.0
7.0
9.0
6.0
5.0
92.0
1149.0
60.0
3.0
3.0
4.0
3.0
2.0
930.0
357.0
9.0
6.0
6.0
7.0
10.0
67.0
1070.0
148.0
5.0
5.0
4.0
5.0
4.0
892.0
405.0
9.0
10.0
12.0
10.0
16.0
55.0
1014.0
230.0
1.0
2.0
6.0
3.0
4.0
843.0
463.0
7.0
11.0
8.0
6.0
7.0
0.0
985.0
303.0
4.0
6.0
4.0
3.0
3.0
806.0
525.0
11.0
9.0
8.0
7.0
7.0
28.0
953.0
367.0
5.0
5.0
6.0
3.0
4.0
752.0
596.0
8.0
9.0
6.0
6.0
8.0
16.0
915.0
423.0
5.0
4.0
1.0
1.0
5.0
703.0
631.0
11.0
6.0
9.0
8.0
10.0
10.0
838.0
468.0
4.0
3.0
6.0
1.0
2.0
636.0
654.0
5.0
3.0
6.0
10.0
6.0
0.0
778.0
511.0
1.0
1.0
3.0
5.0
2.0
573.0
714.0
9.0
9.0
6.0
11.0
6.0
9.0
726.0
561.0
0.0
1.0
6.0
4.0
5.0
515.0
796.0
6.0
5.0
11.0
6.0
2.0
6.0
691.0
629.0
5.0
3.0
6.0
4.0
3.0
427.0
897.0
5.0
6.0
10.0
8.0
8.0
13.0
664.0
680.0
7.0
7.0
5.0
4.0
2.0
338.0
1005.0
7.0
4.0
8.0
9.0
4.0
0.0
623.0
730.0
6.0
5.0
4.0
5.0
2.0
211.0
1120.0
8.0
6.0
5.0
7.0
8.0
10.0
553.0
760.0
4.0
3.0
5.0
3.0
7.0
108.0
1174.0
14.0
9.0
8.0
8.0
6.0
8.0
495.0
793.0
3.0
2.0
0.0
5.0
3.0
66.0
1200.0
23.0
8.0
13.0
10.0
10.0
13.0
452.0
839.0
2.0
2.0
3.0
3.0
1.0
46.0
1231.0
41.0
8.0
6.0
10.0
8.0
0.0
425.0
899.0
4.0
5.0
3.0
3.0
4.0
27.0
1247.0
60.0
3.0
6.0
8.0
7.0
9.0
380.0
959.0
6.0
2.0
4.0
6.0
5.0
15.0
1256.0
84.0
4.0
6.0
6.0
4.0
4.0
355.0
997.0
4.0
3.0
3.0
2.0
3.0
11.0
1220.0
101.0
12.0
4.0
10.0
12.0
5.0
302.0
1014.0
7.0
6.0
4.0
5.0
4.0
12.0
1160.0
128.0
10.0
9.0
7.0
5.0
0.0
255.0
1033.0
2.0
6.0
7.0
0.0
3.0
5.0
1128.0
154.0
12.0
11.0
7.0
8.0
11.0
222.0
1069.0
2.0
1.0
5.0
2.0
1.0
3.0
1114.0
195.0
9.0
10.0
7.0
11.0
9.0
190.0
1129.0
3.0
3.0
3.0
5.0
3.0
2.0
1090.0
233.0
10.0
4.0
7.0
7.0
9.0
153.0
1178.0
5.0
6.0
1.0
4.0
7.0
5.0
1055.0
293.0
8.0
10.0
10.0
7.0
0.0
128.0
1226.0
2.0
3.0
5.0
4.0
3.0
3.0
1011.0
322.0
9.0
7.0
10.0
6.0
10.0
90.0
1179.0
43.0
5.0
4.0
4.0
4.0
2.0
937.0
350.0
4.0
7.0
3.0
10.0
7.0
77.0
1082.0
137.0
4.0
3.0
2.0
2.0
1.0
894.0
395.0
16.0
10.0
8.0
11.0
10.0
54.0
1028.0
220.0
2.0
4.0
2.0
2.0
3.0
855.0
447.0
3.0
8.0
8.0
4.0
0.0
47.0
986.0
290.0
3.0
4.0
4.0
4.0
2.0
810.0
517.0
7.0
8.0
6.0
9.0
11.0
28.0
953.0
355.0
4.0
2.0
4.0
3.0
4.0
766.0
577.0
8.0
10.0
8.0
6.0
10.0
19.0
924.0
415.0
3.0
3.0
4.0
3.0
3.0
713.0
616.0
9.0
10.0
9.0
10.0
12.0
16.0
842.0
457.0
2.0
2.0
6.0
2.0
4.0
651.0
639.0
13.0
6.0
4.0
7.0
0.0
14.0
781.0
504.0
4.0
3.0
6.0
2.0
3.0
589.0
701.0
9.0
12.0
9.0
9.0
11.0
14.0
735.0
557.0
5.0
5.0
4.0
3.0
2.0
525.0
763.0
8.0
7.0
7.0
13.0
11.0
7.0
689.0
613.0
5.0
5.0
4.0
2.0
2.0
449.0
868.0
5.0
5.0
9.0
7.0
8.0
9.0
666.0
668.0
3.0
3.0
4.0
4.0
4.0
353.0
984.0
9.0
7.0
9.0
9.0
0.0
10.0
627.0
721.0
1.0
4.0
4.0
2.0
6.0
241.0
1088.0
8.0
8.0
7.0
11.0
7.0
11.0
564.0
748.0
5.0
5.0
6.0
4.0
2.0
118.0
1161.0
17.0
12.0
8.0
7.0
9.0
8.0
502.0
784.0
4.0
3.0
2.0
1.0
3.0
76.0
1189.0
25.0
7.0
5.0
11.0
7.0
9.0
471.0
824.0
4.0
5.0
4.0
5.0
6.0
50.0
1209.0
36.0
5.0
6.0
8.0
0.0
12.0
428.0
867.0
4.0
5.0
6.0
3.0
2.0
30.0
1218.0
55.0
9.0
9.0
7.0
9.0
6.0
384.0
936.0
3.0
6.0
5.0
4.0
4.0
22.0
1236.0
73.0
5.0
6.0
6.0
6.0
5.0
350.0
981.0
4.0
4.0
8.0
4.0
3.0
14.0
1208.0
99.0
11.0
5.0
7.0
6.0
9.0
306.0
991.0
4.0
4.0
4.0
4.0
1.0
6.0
1163.0
120.0
8.0
10.0
4.0
0.0
7.0
262.0
1023.0
6.0
5.0
3.0
5.0
7.0
5.0
1139.0
150.0
12.0
8.0
7.0
5.0
5.0
243.0
1049.0
5.0
2.0
4.0
5.0
6.0
5.0
1100.0
188.0
5.0
5.0
4.0
3.0
14.0
199.0
1092.0
4.0
2.0
4.0
2.0
3.0
4.0
1074.0
225.0
9.0
8.0
10.0
10.0
9.0
155.0
1155.0
3.0
2.0
4.0
5.0
4.0
6.0
1055.0
266.0
9.0
7.0
5.0
0.0
9.0
124.0
1207.0
3.0
5.0
2.0
4.0
4.0
7.0
1010.0
310.0
7.0
8.0
7.0
9.0
9.0
100.0
1173.0
32.0
5.0
2.0
3.0
3.0
4.0
939.0
349.0
5.0
9.0
8.0
7.0
8.0
77.0
1092.0
119.0
4.0
6.0
3.0
2.0
5.0
901.0
389.0
10.0
6.0
8.0
10.0
8.0
64.0
1035.0
200.0
3.0
5.0
4.0
4.0
9.0
862.0
439.0
8.0
8.0
10.0
0.0
7.0
47.0
984.0
272.0
3.0
4.0
7.0
3.0
5.0
813.0
487.0
8.0
10.0
7.0
7.0
11.0
32.0
957.0
337.0
2.0
5.0
9.0
4.0
6.0
777.0
548.0
6.0
6.0
4.0
7.0
10.0
21.0
921.0
401.0
4.0
4.0
4.0
5.0
1.0
721.0
600.0
9.0
7.0
8.0
8.0
6.0
12.0
860.0
447.0
2.0
5.0
5.0
3.0
4.0
666.0
638.0
7.0
11.0
7.0
0.0
5.0
13.0
790.0
497.0
1.0
1.0
1.0
0.0
2.0
602.0
692.0
7.0
9.0
16.0
15.0
12.0
13.0
751.0
540.0
4.0
7.0
7.0
4.0
2.0
533.0
760.0
9.0
9.0
8.0
11.0
7.0
11.0
696.0
595.0
2.0
3.0
2.0
2.0
3.0
460.0
841.0
7.0
8.0
6.0
9.0
10.0
8.0
663.0
656.0
4.0
5.0
4.0
4.0
1.0
373.0
947.0
8.0
6.0
10.0
0.0
7.0
8.0
621.0
712.0
0.0
3.0
4.0
7.0
9.0
262.0
1061.0
11.0
8.0
9.0
8.0
6.0
7.0
573.0
750.0
3.0
6.0
4.0
5.0
4.0
134.0
1161.0
12.0
7.0
5.0
9.0
8.0
7.0
508.0
783.0
3.0
4.0
3.0
4.0
4.0
79.0
1196.0
12.0
8.0
8.0
5.0
6.0
13.0
474.0
814.0
4.0
5.0
4.0
6.0
5.0
56.0
1208.0
31.0
5.0
5.0
0.0
10.0
14.0
432.0
856.0
5.0
0.0
5.0
5.0
0.0
33.0
1228.0
46.0
6.0
7.0
7.0
6.0
7.0
396.0
927.0
3.0
6.0
3.0
4.0
2.0
21.0
1238.0
68.0
1.0
4.0
6.0
6.0
6.0
350.0
979.0
4.0
2.0
1.0
5.0
3.0
19.0
1220.0
94.0
5.0
6.0
7.0
7.0
4.0
310.0
1005.0
4.0
4.0
2.0
3.0
2.0
11.0
1185.0
121.0
10.0
10.0
0.0
11.0
5.0
276.0
1024.0
2.0
4.0
1.0
2.0
4.0
4.0
1138.0
150.0
12.0
13.0
9.0
8.0
10.0
235.0
1048.0
1.0
3.0
4.0
4.0
4.0
5.0
1115.0
179.0
6.0
5.0
5.0
8.0
14.0
204.0
1093.0
5.0
3.0
3.0
2.0
1.0
4.0
1085.0
224.0
8.0
8.0
10.0
5.0
7.0
158.0
1157.0
4.0
6.0
7.0
3.0
4.0
4.0
1061.0
265.0
8.0
2.0
0.0
11.0
5.0
135.0
1201.0
2.0
6.0
7.0
5.0
4.0
6.0
1021.0
318.0
6.0
7.0
5.0
6.0
8.0
101.0
1218.0
20.0
6.0
4.0
2.0
2.0
4.0
971.0
348.0
5.0
10.0
8.0
8.0
8.0
85.0
1116.0
105.0
5.0
4.0
2.0
4.0
2.0
911.0
377.0
5.0
9.0
10.0
8.0
10.0
58.0
1050.0
188.0
8.0
4.0
6.0
8.0
7.0
868.0
422.0
5.0
9.0
0.0
8.0
8.0
50.0
991.0
260.0
5.0
4.0
2.0
2.0
4.0
823.0
487.0
8.0
10.0
7.0
5.0
5.0
28.0
967.0
334.0
5.0
4.0
2.0
1.0
3.0
791.0
545.0
6.0
6.0
9.0
7.0
12.0
25.0
927.0
395.0
5.0
3.0
5.0
4.0
3.0
730.0
614.0
4.0
7.0
7.0
6.0
7.0
13.0
900.0
444.0
3.0
2.0
0.0
2.0
6.0
680.0
653.0
6.0
10.0
0.0
10.0
11.0
12.0
813.0
492.0
2.0
5.0
5.0
1.0
2.0
605.0
679.0
6.0
10.0
7.0
9.0
7.0
8.0
747.0
537.0
2.0
2.0
2.0
4.0
8.0
549.0
742.0
12.0
12.0
14.0
16.0
12.0
14.0
701.0
590.0
2.0
2.0
3.0
3.0
3.0
476.0
836.0
9.0
9.0
11.0
4.0
4.0
6.0
676.0
652.0
5.0
5.0
3.0
3.0
3.0
388.0
940.0
12.0
8.0
0.0
8.0
6.0
7.0
638.0
703.0
4.0
4.0
5.0
2.0
2.0
285.0
1064.0
9.0
6.0
2.0
5.0
5.0
6.0
607.0
749.0
5.0
6.0
1.0
3.0
4.0
149.0
1176.0
10.0
11.0
10.0
8.0
11.0
8.0
535.0
779.0
4.0
6.0
3.0
4.0
0.0
86.0
1197.0
14.0
6.0
8.0
12.0
9.0
9.0
478.0
814.0
4.0
5.0
5.0
2.0
3.0
56.0
1212.0
27.0
12.0
0.0
11.0
10.0
13.0
435.0
861.0
6.0
7.0
1.0
3.0
1.0
35.0
1234.0
50.0
7.0
8.0
5.0
6.0
8.0
402.0
921.0
5.0
4.0
3.0
2.0
2.0
23.0
1246.0
69.0
9.0
10.0
12.0
10.0
9.0
366.0
974.0
6.0
6.0
5.0
4.0
5.0
14.0
1249.0
96.0
5.0
3.0
5.0
9.0
4.0
335.0
1022.0
5.0
5.0
3.0
1.0
6.0
14.0
1207.0
114.0
10.0
0.0
8.0
9.0
8.0
279.0
1030.0
3.0
4.0
4.0
4.0
3.0
8.0
1150.0
137.0
7.0
9.0
9.0
11.0
7.0
247.0
1045.0
5.0
7.0
8.0
5.0
1.0
3.0
1119.0
174.0
10.0
11.0
8.0
8.0
12.0
205.0
1089.0
3.0
4.0
4.0
3.0
2.0
4.0
1097.0
217.0
5.0
8.0
7.0
8.0
4.0
167.0
1149.0
4.0
3.0
3.0
3.0
4.0
4.0
1067.0
257.0
11.0
0.0
12.0
7.0
10.0
137.0
1197.0
4.0
3.0
4.0
4.0
5.0
6.0
1035.0
311.0
3.0
6.0
8.0
2.0
7.0
109.0
1234.0
12.0
3.0
4.0
3.0
5.0
5.0
979.0
345.0
9.0
2.0
13.0
4.0
8.0
87.0
1141.0
85.0
6.0
3.0
2.0
4.0
4.0
928.0
366.0
7.0
8.0
7.0
8.0
9.0
58.0
1059.0
172.0
2.0
5.0
9.0
4.0
7.0
870.0
413.0
11.0
0.0
11.0
10.0
7.0
56.0
996.0
248.0
3.0
4.0
2.0
6.0
3.0
838.0
467.0
4.0
6.0
4.0
5.0
7.0
34.0
968.0
316.0
1.0
3.0
2.0
2.0
5.0
794.0
530.0
7.0
10.0
7.0
10.0
11.0
22.0
934.0
382.0
5.0
4.0
6.0
3.0
3.0
744.0
605.0
8.0
5.0
4.0
5.0
5.0
12.0
910.0
438.0
5.0
7.0
3.0
3.0
4.0
693.0
639.0
8.0
0.0
8.0
8.0
11.0
10.0
818.0
484.0
2.0
3.0
1.0
5.0
5.0
623.0
664.0
10.0
7.0
7.0
9.0
8.0
8.0
759.0
529.0
6.0
6.0
7.0
7.0
10.0
557.0
735.0
8.0
13.0
10.0
11.0
8.0
12.0
708.0
583.0
5.0
5.0
5.0
7.0
5.0
489.0
802.0
7.0
9.0
13.0
6.0
11.0
3.0
670.0
631.0
5.0
5.0
3.0
6.0
5.0
403.0
915.0
10.0
0.0
6.0
7.0
8.0
7.0
634.0
696.0
4.0
4.0
4.0
6.0
6.0
304.0
1034.0
6.0
11.0
6.0
14.0
7.0
8.0
612.0
740.0
5.0
6.0
5.0
2.0
6.0
173.0
1151.0
11.0
10.0
10.0
9.0
7.0
8.0
542.0
765.0
2.0
4.0
4.0
3.0
2.0
93.0
1188.0
15.0
8.0
5.0
13.0
10.0
10.0
480.0
804.0
4.0
5.0
2.0
5.0
5.0
63.0
1212.0
27.0
0.0
12.0
12.0
8.0
10.0
451.0
842.0
6.0
7.0
3.0
5.0
6.0
47.0
1207.0
38.0
6.0
6.0
6.0
11.0
10.0
406.0
885.0
8.0
6.0
4.0
4.0
3.0
23.0
1223.0
58.0
11.0
7.0
7.0
7.0
7.0
362.0
954.0
4.0
4.0
5.0
4.0
5.0
20.0
1228.0
82.0
7.0
5.0
6.0
8.0
4.0
327.0
1002.0
2.0
4.0
4.0
4.0
3.0
11.0
1203.0
109.0
0.0
10.0
7.0
10.0
11.0
284.0
1017.0
7.0
6.0
3.0
3.0
4.0
10.0
1151.0
137.0
12.0
9.0
11.0
9.0
7.0
250.0
1038.0
7.0
5.0
7.0
5.0
6.0
3.0
1120.0
171.0
6.0
5.0
10.0
7.0
7.0
221.0
1071.0
4.0
2.0
5.0
6.0
3.0
6.0
1087.0
203.0
7.0
9.0
8.0
10.0
8.0
185.0
1111.0
4.0
4.0
5.0
1.0
2.0
5.0
1054.0
241.0
0.0
14.0
10.0
8.0
10.0
145.0
1169.0
3.0
2.0
3.0
5.0
3.0
3.0
1036.0
286.0
8.0
7.0
9.0
11.0
8.0
106.0
1218.0
6.0
4.0
4.0
4.0
5.0
5.0
994.0
326.0
4.0
13.0
7.0
8.0
7.0
93.0
1144.0
70.0
3.0
3.0
3.0
3.0
3.0
926.0
361.0
8.0
14.0
8.0
8.0
12.0
65.0
1077.0
159.0
4.0
3.0
3.0
4.0
7.0
883.0
409.0
0.0
6.0
6.0
6.0
11.0
51.0
1007.0
235.0
7.0
8.0
6.0
5.0
4.0
833.0
460.0
8.0
6.0
5.0
11.0
11.0
45.0
957.0
299.0
5.0
6.0
3.0
3.0
1.0
794.0
507.0
6.0
6.0
8.0
7.0
8.0
21.0
931.0
370.0
4.0
6.0
5.0
4.0
4.0
749.0
577.0
10.0
10.0
8.0
7.0
5.0
18.0
898.0
423.0
3.0
5.0
2.0
4.0
1.0
697.0
623.0
0.0
7.0
7.0
8.0
4.0
11.0
830.0
476.0
6.0
4.0
3.0
1.0
4.0
639.0
659.0
7.0
8.0
6.0
10.0
8.0
12.0
770.0
518.0
3.0
3.0
5.0
5.0
4.0
565.0
721.0
8.0
9.0
10.0
8.0
11.0
9.0
723.0
572.0
8.0
4.0
7.0
10.0
8.0
498.0
798.0
4.0
4.0
4.0
9.0
6.0
14.0
679.0
615.0
5.0
2.0
6.0
7.0
6.0
422.0
876.0
0.0
10.0
8.0
8.0
7.0
12.0
641.0
682.0
2.0
2.0
4.0
5.0
4.0
333.0
993.0
10.0
11.0
10.0
15.0
9.0
5.0
608.0
731.0
6.0
5.0
2.0
5.0
4.0
194.0
1130.0
13.0
5.0
8.0
9.0
8.0
9.0
561.0
762.0
1.0
5.0
3.0
1.0
5.0
103.0
1194.0
16.0
9.0
6.0
7.0
7.0
10.0
494.0
801.0
4.0
3.0
1.0
4.0
5.0
72.0
1199.0
0.0
10.0
8.0
11.0
9.0
8.0
452.0
841.0
5.0
6.0
6.0
8.0
9.0
51.0
1212.0
37.0
11.0
7.0
8.0
11.0
15.0
412.0
880.0
2.0
4.0
6.0
2.0
4.0
31.0
1218.0
59.0
10.0
6.0
6.0
6.0
8.0
372.0
947.0
2.0
2.0
2.0
3.0
4.0
19.0
1228.0
83.0
9.0
10.0
13.0
11.0
9.0
338.0
991.0
3.0
2.0
3.0
3.0
4.0
13.0
1213.0
0.0
7.0
8.0
10.0
11.0
12.0
297.0
1024.0
4.0
5.0
1.0
3.0
2.0
7.0
1174.0
130.0
10.0
11.0
7.0
12.0
12.0
252.0
1045.0
4.0
4.0
4.0
4.0
2.0
5.0
1129.0
155.0
11.0
8.0
8.0
13.0
12.0
220.0
1068.0
4.0
6.0
5.0
7.0
4.0
4.0
1095.0
197.0
9.0
6.0
11.0
9.0
14.0
183.0
1113.0
3.0
3.0
4.0
4.0
9.0
8.0
1065.0
0.0
9.0
13.0
7.0
7.0
7.0
145.0
1176.0
3.0
4.0
6.0
3.0
2.0
3.0
1046.0
278.0
10.0
9.0
7.0
8.0
8.0
117.0
1220.0
7.0
7.0
3.0
4.0
3.0
4.0
1008.0
334.0
5.0
9.0
10.0
11.0
14.0
86.0
1195.0
55.0
1.0
2.0
5.0
4.0
4.0
956.0
367.0
7.0
9.0
8.0
10.0
13.0
72.0
1088.0
150.0
0.0
0.0
1.0
3.0
7.0
894.0
0.0
9.0
8.0
8.0
9.0
10.0
58.0
1009.0
224.0
9.0
8.0
3.0
5.0
6.0
843.0
449.0
9.0
10.0
8.0
10.0
12.0
48.0
966.0
292.0
3.0
4.0
5.0
1.0
2.0
805.0
504.0
9.0
7.0
9.0
7.0
9.0
22.0
942.0
360.0
3.0
6.0
5.0
0.0
2.0
757.0
569.0
9.0
7.0
8.0
13.0
9.0
24.0
907.0
412.0
4.0
3.0
4.0
4.0
2.0
705.0
0.0
6.0
6.0
9.0
5.0
5.0
7.0
875.0
473.0
3.0
1.0
2.0
6.0
6.0
649.0
683.0
15.0
10.0
11.0
6.0
7.0
8.0
798.0
515.0
1.0
5.0
3.0
0.0
4.0
585.0
710.0
4.0
7.0
8.0
5.0
7.0
5.0
731.0
563.0
3.0
6.0
7.0
6.0
6.0
516.0
776.0
11.0
11.0
8.0
14.0
7.0
7.0
677.0
616.0
3.0
3.0
4.0
5.0
4.0
434.0
0.0
8.0
5.0
10.0
9.0
9.0
6.0
650.0
676.0
6.0
2.0
1.0
2.0
6.0
345.0
986.0
11.0
7.0
6.0
6.0
5.0
11.0
618.0
723.0
3.0
3.0
4.0
5.0
6.0
221.0
1128.0
8.0
6.0
8.0
3.0
2.0
6.0
580.0
774.0
7.0
2.0
5.0
6.0
5.0
110.0
1216.0
21.0
9.0
9.0
13.0
11.0
7.0
514.0
806.0
4.0
1.0
4.0
1.0
3.0
68.0
0.0
20.0
4.0
5.0
6.0
5.0
8.0
457.0
829.0
4.0
5.0
6.0
5.0
5.0
54.0
1213.0
32.0
9.0
10.0
10.0
9.0
13.0
412.0
883.0
3.0
3.0
4.0
4.0
4.0
33.0
1229.0
57.0
7.0
8.0
12.0
8.0
9.0
384.0
943.0
4.0
4.0
1.0
4.0
4.0
19.0
1234.0
79.0
12.0
11.0
7.0
3.0
7.0
345.0
993.0
1.0
4.0
5.0
4.0
2.0
12.0
0.0
103.0
5.0
5.0
6.0
7.0
6.0
309.0
1038.0
3.0
7.0
5.0
4.0
3.0
7.0
1191.0
132.0
8.0
7.0
6.0
6.0
8.0
260.0
1051.0
1.0
2.0
4.0
5.0
3.0
5.0
1135.0
155.0
8.0
7.0
9.0
8.0
10.0
221.0
1063.0
5.0
5.0
7.0
7.0
7.0
7.0
1103.0
189.0
10.0
10.0
9.0
7.0
6.0
191.0
1107.0
6.0
4.0
1.0
3.0
6.0
4.0
0.0
234.0
11.0
11.0
12.0
10.0
9.0
146.0
1171.0
6.0
4.0
2.0
2.0
2.0
4.0
1049.0
284.0
5.0
10.0
10.0
11.0
10.0
129.0
1209.0
2.0
2.0
2.0
0.0
2.0
3.0
1017.0
327.0
6.0
8.0
7.0
6.0
5.0
97.0
1227.0
41.0
4.0
4.0
4.0
4.0
2.0
966.0
368.0
13.0
11.0
11.0
9.0
11.0
74.0
1107.0
137.0
2.0
2.0
3.0
4.0
6.0
0.0
387.0
8.0
10.0
8.0
10.0
7.0
54.0
1026.0
215.0
5.0
5.0
6.0
9.0
6.0
850.0
440.0
8.0
10.0
4.0
3.0
5.0
44.0
970.0
285.0
8.0
7.0
3.0
4.0
6.0
814.0
492.0
7.0
8.0
4.0
8.0
8.0
30.0
947.0
349.0
3.0
3.0
4.0
3.0
2.0
772.0
553.0
14.0
8.0
5.0
6.0
16.0
23.0
908.0
403.0
0.0
3.0
4.0
2.0
4.0
0.0
623.0
7.0
6.0
11.0
7.0
11.0
13.0
867.0
458.0
4.0
1.0
4.0
2.0
3.0
665.0
654.0
11.0
10.0
4.0
8.0
10.0
6.0
793.0
501.0
4.0
5.0
3.0
4.0
5.0
589.0
696.0
5.0
8.0
8.0
8.0
11.0
13.0
733.0
550.0
6.0
8.0
6.0
6.0
7.0
522.0
759.0
12.0
11.0
12.0
9.0
12.0
7.0
680.0
603.0
4.0
7.0
12.0
9.0
7.0
0.0
836.0
7.0
7.0
4.0
9.0
10.0
9.0
639.0
656.0
2.0
5.0
5.0
3.0
7.0
364.0
942.0
8.0
9.0
11.0
7.0
10.0
9.0
616.0
702.0
4.0
4.0
3.0
2.0
5.0
245.0
1074.0
12.0
12.0
6.0
10.0
9.0
3.0
573.0
752.0
1.0
0.0
2.0
3.0
5.0
126.0
1177.0
9.0
8.0
6.0
3.0
7.0
10.0
502.0
789.0
4.0
5.0
3.0
3.0
9.0
0.0
1192.0
18.0
8.0
6.0
8.0
16.0
18.0
465.0
815.0
8.0
5.0
9.0
5.0
9.0
55.0
1203.0
35.0
3.0
7.0
8.0
6.0
7.0
431.0
845.0
6.0
9.0
5.0
9.0
11.0
41.0
1206.0
47.0
12.0
9.0
8.0
8.0
8.0
391.0
893.0
9.0
9.0
13.0
7.0
4.0
20.0
1201.0
68.0
8.0
15.0
11.0
10.0
10.0
336.0
959.0
1.0
3.0
1.0
3.0
4.0
0.0
1201.0
99.0
2.0
4.0
7.0
3.0
8.0
303.0
1006.0
1.0
1.0
1.0
2.0
3.0
5.0
1176.0
117.0
8.0
6.0
4.0
8.0
10.0
256.0
1022.0
7.0
10.0
8.0
4.0
6.0
8.0
1131.0
152.0
9.0
13.0
15.0
12.0
10.0
234.0
1046.0
7.0
13.0
6.0
11.0
9.0
7.0
1095.0
185.0
7.0
8.0
11.0
10.0
7.0
199.0
1076.0
8.0
7.0
9.0
7.0
12.0
0.0
1062.0
219.0
9.0
3.0
6.0
11.0
13.0
174.0
1117.0
6.0
4.0
4.0
4.0
8.0
7.0
1028.0
258.0
8.0
8.0
10.0
8.0
16.0
120.0
1177.0
7.0
6.0
4.0
4.0
5.0
3.0
1000.0
303.0
5.0
2.0
6.0
5.0
6.0
96.0
1200.0
24.0
1.0
1.0
2.0
5.0
3.0
961.0
340.0
5.0
6.0
14.0
5.0
13.0
78.0
1100.0
117.0
9.0
6.0
6.0
8.0
0.0
897.0
383.0
11.0
10.0
12.0
10.0
16.0
62.0
1026.0
198.0
12.0
11.0
10.0
7.0
10.0
855.0
428.0
3.0
7.0
6.0
6.0
6.0
50.0
971.0
265.0
10.0
9.0
7.0
13.0
9.0
799.0
484.0
9.0
7.0
4.0
7.0
12.0
39.0
924.0
333.0
9.0
9.0
10.0
5.0
4.0
764.0
530.0
10.0
12.0
11.0
10.0
15.0
24.0
901.0
392.0
5.0
7.0
7.0
6.0
0.0
721.0
584.0
9.0
5.0
9.0
7.0
7.0
11.0
862.0
446.0
0.0
0.0
1.0
2.0
1.0
669.0
637.0
5.0
6.0
7.0
6.0
7.0
11.0
795.0
495.0
4.0
5.0
5.0
2.0
5.0
610.0
684.0
11.0
6.0
10.0
8.0
9.0
12.0
745.0
542.0
6.0
5.0
5.0
9.0
7.0
526.0
752.0
9.0
12.0
12.0
8.0
4.0
6.0
704.0
575.0
4.0
10.0
9.0
6.0
0.0
448.0
832.0
7.0
5.0
6.0
14.0
9.0
10.0
