2.0
3.0
2.0
2.0
3.0
5.0
1122.0
147.0
4.0
2.0
5.0
8.0
7.0
219.0
1047.0
2.0
6.0
6.0
2.0
3.0
2.0
1083.0
184.0
7.0
8.0
8.0
10.0
6.0
185.0
0.0
3.0
4.0
2.0
2.0
7.0
7.0
1041.0
217.0
2.0
1.0
3.0
4.0
9.0
153.0
1112.0
5.0
6.0
1.0
4.0
4.0
4.0
1019.0
270.0
5.0
5.0
4.0
6.0
6.0
125.0
1179.0
2.0
3.0
2.0
5.0
4.0
3.0
1001.0
314.0
5.0
10.0
10.0
10.0
13.0
95.0
1196.0
36.0
7.0
8.0
4.0
6.0
8.0
950.0
359.0
8.0
6.0
9.0
10.0
8.0
76.0
0.0
126.0
6.0
5.0
4.0
4.0
6.0
888.0
386.0
5.0
5.0
8.0
14.0
15.0
54.0
1005.0
207.0
4.0
7.0
7.0
7.0
7.0
842.0
426.0
2.0
4.0
1.0
5.0
4.0
38.0
954.0
273.0
4.0
1.0
4.0
4.0
4.0
791.0
466.0
9.0
5.0
4.0
8.0
5.0
27.0
910.0
338.0
3.0
4.0
8.0
10.0
8.0
759.0
525.0
4.0
6.0
7.0
6.0
9.0
23.0
0.0
400.0
2.0
6.0
3.0
4.0
6.0
719.0
592.0
9.0
7.0
5.0
8.0
4.0
9.0
860.0
458.0
4.0
6.0
9.0
6.0
5.0
663.0
643.0
7.0
6.0
6.0
8.0
9.0
11.0
798.0
494.0
3.0
6.0
7.0
7.0
4.0
599.0
683.0
3.0
3.0
2.0
4.0
3.0
2.0
725.0
547.0
2.0
6.0
6.0
5.0
6.0
526.0
740.0
7.0
10.0
5.0
8.0
9.0
8.0
0.0
584.0
5.0
4.0
5.0
5.0
5.0
441.0
813.0
5.0
5.0
4.0
8.0
9.0
8.0
635.0
636.0
7.0
3.0
6.0
3.0
1.0
372.0
919.0
6.0
7.0
8.0
7.0
5.0
7.0
605.0
704.0
6.0
4.0
6.0
6.0
5.0
255.0
1069.0
6.0
5.0
4.0
5.0
3.0
5.0
577.0
761.0
7.0
4.0
4.0
4.0
4.0
135.0
1178.0
13.0
2.0
8.0
7.0
8.0
9.0
0.0
802.0
4.0
4.0
6.0
5.0
7.0
84.0
1211.0
21.0
11.0
9.0
8.0
5.0
5.0
464.0
831.0
4.0
3.0
2.0
1.0
3.0
55.0
1202.0
29.0
6.0
7.0
4.0
8.0
5.0
415.0
854.0
6.0
3.0
4.0
3.0
7.0
36.0
1191.0
45.0
2.0
11.0
13.0
6.0
8.0
373.0
910.0
1.0
5.0
8.0
3.0
2.0
24.0
1221.0
72.0
5.0
6.0
9.0
5.0
9.0
0.0
976.0
6.0
5.0
2.0
6.0
4.0
13.0
1234.0
94.0
6.0
4.0
7.0
6.0
5.0
321.0
1028.0
5.0
4.0
5.0
6.0
5.0
6.0
1212.0
125.0
8.0
13.0
11.0
11.0
7.0
283.0
1059.0
5.0
1.0
2.0
4.0
2.0
2.0
1166.0
155.0
8.0
13.0
9.0
8.0
5.0
235.0
1068.0
4.0
6.0
8.0
5.0
7.0
5.0
1106.0
181.0
6.0
8.0
5.0
6.0
6.0
0.0
1083.0
4.0
7.0
7.0
5.0
7.0
6.0
1061.0
211.0
6.0
12.0
15.0
8.0
9.0
163.0
1131.0
6.0
3.0
8.0
4.0
8.0
4.0
1046.0
270.0
8.0
9.0
8.0
9.0
5.0
129.0
1199.0
5.0
4.0
4.0
5.0
1.0
4.0
1025.0
317.0
7.0
7.0
6.0
9.0
6.0
109.0
1227.0
25.0
4.0
3.0
6.0
4.0
2.0
985.0
374.0
5.0
7.0
9.0
13.0
9.0
0.0
1150.0
124.0
4.0
6.0
5.0
6.0
4.0
935.0
407.0
4.0
6.0
7.0
4.0
3.0
66.0
1058.0
201.0
4.0
7.0
6.0
3.0
8.0
869.0
430.0
6.0
4.0
7.0
4.0
8.0
49.0
974.0
272.0
3.0
6.0
2.0
4.0
5.0
809.0
468.0
7.0
8.0
7.0
10.0
10.0
35.0
933.0
330.0
6.0
6.0
6.0
7.0
6.0
778.0
538.0
5.0
8.0
8.0
8.0
2.0
0.0
918.0
395.0
6.0
5.0
3.0
3.0
4.0
737.0
606.0
2.0
7.0
10.0
10.0
4.0
11.0
898.0
452.0
3.0
5.0
2.0
4.0
4.0
688.0
684.0
5.0
7.0
5.0
7.0
6.0
12.0
862.0
510.0
4.0
3.0
5.0
4.0
3.0
628.0
727.0
9.0
12.0
7.0
10.0
5.0
9.0
786.0
543.0
4.0
6.0
4.0
6.0
4.0
544.0
755.0
9.0
8.0
4.0
7.0
7.0
0.0
695.0
590.0
3.0
1.0
5.0
10.0
4.0
468.0
809.0
6.0
7.0
6.0
6.0
8.0
7.0
648.0
641.0
6.0
5.0
6.0
6.0
3.0
388.0
926.0
7.0
5.0
6.0
4.0
8.0
4.0
629.0
700.0
7.0
5.0
8.0
5.0
7.0
286.0
1060.0
7.0
5.0
7.0
7.0
5.0
2.0
597.0
764.0
5.0
7.0
3.0
3.0
5.0
151.0
1212.0
11.0
4.0
7.0
5.0
4.0
0.0
558.0
817.0
0.0
3.0
3.0
5.0
5.0
81.0
1255.0
24.0
8.0
10.0
6.0
9.0
9.0
487.0
836.0
5.0
6.0
5.0
5.0
6.0
61.0
1215.0
31.0
12.0
9.0
13.0
7.0
8.0
416.0
865.0
3.0
3.0
4.0
6.0
4.0
35.0
1200.0
42.0
8.0
6.0
6.0
7.0
7.0
379.0
909.0
7.0
4.0
6.0
4.0
5.0
25.0
1227.0
66.0
6.0
5.0
9.0
7.0
0.0
356.0
970.0
5.0
3.0
6.0
3.0
5.0
16.0
1234.0
99.0
8.0
9.0
8.0
8.0
7.0
328.0
1022.0
5.0
4.0
3.0
4.0
2.0
11.0
1241.0
122.0
6.0
7.0
7.0
4.0
7.0
297.0
1079.0
0.0
4.0
4.0
2.0
3.0
4.0
1190.0
155.0
8.0
8.0
6.0
11.0
10.0
239.0
1083.0
4.0
4.0
8.0
6.0
5.0
4.0
1122.0
181.0
5.0
2.0
4.0
6.0
0.0
203.0
1086.0
5.0
4.0
4.0
3.0
5.0
3.0
1071.0
204.0
4.0
6.0
4.0
11.0
8.0
163.0
1126.0
6.0
3.0
8.0
6.0
2.0
3.0
1062.0
249.0
4.0
4.0
6.0
6.0
5.0
136.0
1187.0
3.0
5.0
5.0
4.0
5.0
6.0
1036.0
306.0
4.0
1.0
2.0
5.0
9.0
108.0
1230.0
19.0
5.0
4.0
2.0
3.0
3.0
1003.0
370.0
7.0
4.0
6.0
6.0
0.0
92.0
1183.0
103.0
3.0
2.0
4.0
7.0
5.0
944.0
405.0
8.0
9.0
9.0
14.0
4.0
65.0
1079.0
189.0
6.0
6.0
5.0
6.0
8.0
878.0
425.0
8.0
7.0
4.0
11.0
8.0
51.0
983.0
257.0
5.0
4.0
4.0
3.0
5.0
816.0
463.0
5.0
6.0
6.0
6.0
5.0
34.0
948.0
318.0
9.0
4.0
4.0
2.0
3.0
785.0
518.0
7.0
5.0
8.0
9.0
0.0
21.0
922.0
380.0
6.0
5.0
4.0
7.0
2.0
748.0
590.0
4.0
4.0
7.0
6.0
3.0
9.0
897.0
446.0
6.0
1.0
6.0
3.0
2.0
693.0
669.0
5.0
8.0
9.0
7.0
8.0
6.0
873.0
498.0
3.0
1.0
3.0
4.0
4.0
640.0
711.0
8.0
8.0
7.0
9.0
8.0
8.0
787.0
536.0
4.0
6.0
3.0
3.0
4.0
558.0
741.0
9.0
6.0
5.0
7.0
0.0
7.0
702.0
582.0
4.0
5.0
3.0
3.0
3.0
482.0
797.0
5.0
7.0
4.0
3.0
4.0
8.0
651.0
634.0
4.0
5.0
3.0
4.0
6.0
403.0
889.0
1.0
4.0
8.0
8.0
6.0
4.0
624.0
685.0
7.0
8.0
6.0
5.0
9.0
301.0
1029.0
8.0
8.0
5.0
6.0
4.0
8.0
600.0
749.0
4.0
2.0
5.0
3.0
2.0
174.0
1181.0
11.0
10.0
9.0
9.0
0.0
5.0
568.0
809.0
4.0
3.0
4.0
3.0
2.0
93.0
1245.0
18.0
8.0
4.0
8.0
8.0
9.0
500.0
827.0
5.0
4.0
3.0
5.0
4.0
63.0
1213.0
25.0
4.0
10.0
6.0
7.0
7.0
428.0
859.0
7.0
6.0
8.0
6.0
5.0
40.0
1201.0
39.0
9.0
9.0
7.0
12.0
9.0
385.0
883.0
9.0
5.0
3.0
4.0
7.0
28.0
1183.0
59.0
6.0
5.0
6.0
0.0
10.0
342.0
928.0
3.0
7.0
5.0
3.0
5.0
20.0
1204.0
89.0
4.0
4.0
8.0
8.0
3.0
325.0
996.0
6.0
2.0
8.0
6.0
7.0
11.0
1226.0
112.0
9.0
11.0
6.0
5.0
6.0
298.0
1054.0
6.0
5.0
3.0
5.0
4.0
8.0
1193.0
141.0
7.0
12.0
7.0
8.0
9.0
240.0
1072.0
4.0
5.0
4.0
3.0
2.0
5.0
1120.0
174.0
8.0
4.0
5.0
0.0
10.0
206.0
1074.0
3.0
6.0
5.0
3.0
4.0
7.0
1079.0
192.0
8.0
11.0
8.0
9.0
11.0
167.0
1105.0
6.0
2.0
5.0
4.0
5.0
5.0
1038.0
234.0
10.0
10.0
6.0
12.0
10.0
134.0
1145.0
3.0
4.0
4.0
8.0
7.0
6.0
1022.0
289.0
7.0
8.0
6.0
7.0
5.0
109.0
1206.0
12.0
6.0
5.0
6.0
6.0
5.0
996.0
347.0
5.0
7.0
4.0
0.0
7.0
90.0
1184.0
85.0
5.0
3.0
3.0
5.0
4.0
952.0
387.0
6.0
4.0
6.0
8.0
4.0
71.0
1083.0
177.0
5.0
8.0
10.0
6.0
3.0
884.0
415.0
4.0
2.0
4.0
5.0
6.0
49.0
998.0
243.0
8.0
6.0
3.0
2.0
4.0
828.0
452.0
10.0
8.0
9.0
6.0
12.0
31.0
938.0
305.0
6.0
5.0
4.0
5.0
6.0
783.0
493.0
8.0
7.0
8.0
0.0
11.0
30.0
897.0
369.0
7.0
4.0
7.0
5.0
6.0
744.0
563.0
10.0
11.0
12.0
10.0
8.0
19.0
891.0
420.0
4.0
3.0
2.0
3.0
4.0
698.0
633.0
7.0
6.0
9.0
13.0
9.0
8.0
858.0
482.0
5.0
9.0
9.0
8.0
4.0
641.0
694.0
17.0
12.0
13.0
10.0
8.0
11.0
791.0
528.0
5.0
8.0
6.0
6.0
4.0
565.0
740.0
11.0
10.0
9.0
0.0
12.0
11.0
723.0
571.0
2.0
5.0
3.0
2.0
4.0
491.0
798.0
5.0
9.0
6.0
6.0
5.0
9.0
660.0
620.0
4.0
4.0
5.0
6.0
3.0
411.0
861.0
8.0
6.0
8.0
10.0
13.0
11.0
618.0
671.0
4.0
3.0
6.0
5.0
2.0
319.0
993.0
7.0
8.0
5.0
11.0
10.0
14.0
596.0
734.0
5.0
4.0
3.0
6.0
5.0
192.0
1147.0
12.0
10.0
11.0
0.0
8.0
13.0
565.0
795.0
3.0
7.0
7.0
6.0
6.0
102.0
1221.0
16.0
11.0
14.0
14.0
12.0
13.0
506.0
823.0
3.0
3.0
4.0
3.0
2.0
68.0
1229.0
23.0
5.0
9.0
12.0
14.0
8.0
452.0
847.0
2.0
4.0
7.0
6.0
2.0
50.0
1201.0
41.0
5.0
5.0
8.0
8.0
8.0
394.0
883.0
5.0
5.0
3.0
6.0
3.0
26.0
1189.0
52.0
7.0
10.0
0.0
17.0
10.0
350.0
926.0
3.0
3.0
4.0
5.0
7.0
13.0
1215.0
81.0
13.0
4.0
5.0
10.0
10.0
326.0
990.0
7.0
5.0
6.0
5.0
3.0
9.0
1222.0
117.0
2.0
5.0
4.0
8.0
8.0
298.0
1055.0
2.0
3.0
3.0
2.0
3.0
2.0
1199.0
140.0
5.0
7.0
8.0
8.0
10.0
263.0
1079.0
3.0
3.0
2.0
6.0
5.0
6.0
1157.0
171.0
5.0
9.0
0.0
9.0
7.0
221.0
1084.0
2.0
3.0
1.0
2.0
1.0
0.0
1090.0
197.0
3.0
3.0
5.0
10.0
6.0
174.0
1106.0
7.0
4.0
6.0
5.0
4.0
5.0
1046.0
229.0
10.0
7.0
15.0
8.0
5.0
142.0
1143.0
5.0
8.0
1.0
3.0
1.0
4.0
1026.0
288.0
7.0
10.0
8.0
7.0
7.0
116.0
1207.0
7.0
4.0
3.0
3.0
5.0
4.0
1007.0
337.0
10.0
10.0
0.0
3.0
5.0
96.0
1202.0
69.0
11.0
6.0
8.0
5.0
6.0
966.0
397.0
8.0
10.0
6.0
7.0
8.0
76.0
1125.0
165.0
10.0
9.0
4.0
4.0
7.0
905.0
432.0
7.0
8.0
5.0
8.0
4.0
55.0
1025.0
234.0
2.0
5.0
2.0
2.0
6.0
837.0
454.0
7.0
9.0
12.0
13.0
11.0
46.0
951.0
291.0
14.0
4.0
4.0
4.0
3.0
783.0
485.0
11.0
4.0
0.0
14.0
9.0
33.0
913.0
353.0
3.0
5.0
4.0
3.0
4.0
749.0
559.0
10.0
11.0
13.0
9.0
8.0
15.0
900.0
416.0
6.0
6.0
5.0
6.0
4.0
710.0
629.0
12.0
12.0
8.0
7.0
13.0
11.0
867.0
475.0
12.0
10.0
9.0
10.0
5.0
658.0
709.0
10.0
10.0
8.0
7.0
6.0
8.0
836.0
539.0
7.0
7.0
9.0
5.0
6.0
588.0
756.0
19.0
9.0
0.0
9.0
9.0
7.0
747.0
572.0
4.0
6.0
3.0
5.0
5.0
506.0
792.0
8.0
10.0
10.0
9.0
6.0
7.0
675.0
614.0
4.0
3.0
7.0
4.0
5.0
428.0
847.0
9.0
5.0
15.0
10.0
7.0
6.0
625.0
661.0
7.0
9.0
9.0
3.0
3.0
336.0
974.0
9.0
8.0
12.0
9.0
7.0
8.0
608.0
725.0
6.0
7.0
6.0
5.0
6.0
219.0
1117.0
13.0
10.0
0.0
8.0
6.0
8.0
574.0
778.0
5.0
6.0
7.0
5.0
8.0
113.0
1252.0
16.0
6.0
4.0
12.0
14.0
11.0
536.0
841.0
3.0
5.0
6.0
8.0
5.0
70.0
1259.0
25.0
12.0
11.0
11.0
15.0
10.0
464.0
855.0
7.0
7.0
6.0
6.0
6.0
54.0
1217.0
36.0
6.0
7.0
7.0
6.0
8.0
404.0
876.0
3.0
3.0
4.0
3.0
2.0
31.0
1197.0
54.0
8.0
0.0
14.0
10.0
6.0
364.0
926.0
10.0
4.0
9.0
8.0
7.0
25.0
1222.0
73.0
10.0
10.0
8.0
9.0
7.0
337.0
990.0
5.0
7.0
7.0
6.0
4.0
13.0
1229.0
107.0
8.0
11.0
9.0
10.0
11.0
310.0
1039.0
5.0
11.0
6.0
4.0
5.0
6.0
1227.0
148.0
10.0
10.0
11.0
7.0
8.0
277.0
1094.0
5.0
10.0
6.0
6.0
2.0
3.0
1178.0
166.0
10.0
0.0
10.0
9.0
6.0
227.0
1096.0
7.0
8.0
6.0
4.0
4.0
8.0
1099.0
195.0
5.0
6.0
8.0
7.0
8.0
183.0
1098.0
4.0
3.0
4.0
4.0
6.0
4.0
1047.0
227.0
8.0
10.0
5.0
7.0
5.0
147.0
1134.0
5.0
3.0
3.0
6.0
6.0
9.0
1028.0
279.0
6.0
8.0
6.0
5.0
5.0
128.0
1196.0
5.0
8.0
5.0
4.0
4.0
4.0
1012.0
332.0
10.0
0.0
8.0
9.0
8.0
92.0
1220.0
47.0
5.0
6.0
5.0
3.0
4.0
986.0
385.0
9.0
10.0
7.0
11.0
13.0
76.0
1148.0
160.0
7.0
9.0
9.0
9.0
6.0
924.0
425.0
14.0
10.0
9.0
8.0
9.0
54.0
1052.0
226.0
6.0
4.0
11.0
11.0
9.0
847.0
452.0
7.0
12.0
8.0
6.0
9.0
43.0
965.0
283.0
6.0
5.0
6.0
3.0
3.0
796.0
486.0
8.0
0.0
11.0
9.0
9.0
32.0
924.0
345.0
2.0
5.0
6.0
2.0
4.0
757.0
551.0
5.0
10.0
11.0
8.0
11.0
20.0
902.0
402.0
5.0
7.0
7.0
8.0
6.0
717.0
615.0
6.0
4.0
10.0
9.0
11.0
12.0
878.0
461.0
4.0
2.0
5.0
7.0
9.0
671.0
691.0
10.0
11.0
8.0
13.0
10.0
7.0
844.0
527.0
7.0
4.0
4.0
10.0
13.0
602.0
742.0
11.0
0.0
8.0
13.0
5.0
11.0
759.0
558.0
5.0
9.0
11.0
9.0
6.0
520.0
780.0
6.0
11.0
7.0
7.0
6.0
7.0
683.0
603.0
7.0
7.0
5.0
5.0
5.0
442.0
828.0
7.0
6.0
9.0
9.0
9.0
14.0
636.0
651.0
2.0
2.0
5.0
7.0
7.0
353.0
939.0
5.0
6.0
9.0
6.0
5.0
8.0
603.0
713.0
7.0
9.0
7.0
7.0
4.0
241.0
1080.0
11.0
0.0
7.0
9.0
10.0
11.0
576.0
766.0
7.0
6.0
4.0
7.0
10.0
130.0
1225.0
16.0
10.0
10.0
7.0
10.0
13.0
545.0
830.0
3.0
9.0
9.0
6.0
5.0
76.0
1251.0
24.0
11.0
7.0
13.0
9.0
10.0
469.0
846.0
4.0
5.0
3.0
3.0
7.0
58.0
1209.0
40.0
9.0
6.0
7.0
6.0
10.0
413.0
873.0
8.0
7.0
4.0
3.0
5.0
34.0
1201.0
49.0
0.0
4.0
6.0
11.0
8.0
369.0
900.0
2.0
5.0
5.0
2.0
4.0
20.0
1182.0
69.0
7.0
8.0
7.0
4.0
13.0
328.0
947.0
4.0
5.0
6.0
9.0
4.0
16.0
1193.0
96.0
6.0
6.0
8.0
10.0
6.0
306.0
1009.0
7.0
9.0
5.0
7.0
5.0
11.0
1202.0
129.0
9.0
11.0
11.0
9.0
9.0
272.0
1069.0
7.0
6.0
4.0
6.0
8.0
8.0
1170.0
163.0
0.0
12.0
8.0
8.0
7.0
235.0
1078.0
3.0
9.0
10.0
6.0
6.0
2.0
1107.0
184.0
8.0
9.0
4.0
5.0
5.0
193.0
1090.0
5.0
5.0
9.0
9.0
12.0
9.0
1057.0
221.0
8.0
6.0
9.0
7.0
6.0
159.0
1112.0
6.0
4.0
5.0
4.0
5.0
4.0
1014.0
257.0
10.0
9.0
6.0
13.0
7.0
130.0
1153.0
8.0
8.0
5.0
6.0
5.0
8.0
995.0
308.0
0.0
11.0
8.0
7.0
7.0
93.0
1196.0
30.0
5.0
5.0
5.0
8.0
7.0
966.0
373.0
11.0
11.0
13.0
12.0
5.0
83.0
1144.0
132.0
6.0
5.0
6.0
5.0
3.0
927.0
409.0
13.0
10.0
7.0
6.0
9.0
57.0
1052.0
212.0
8.0
4.0
7.0
6.0
9.0
859.0
437.0
7.0
6.0
8.0
6.0
7.0
44.0
967.0
276.0
4.0
6.0
10.0
9.0
3.0
797.0
472.0
0.0
7.0
5.0
6.0
5.0
25.0
919.0
327.0
3.0
7.0
7.0
4.0
7.0
755.0
523.0
9.0
3.0
5.0
5.0
6.0
23.0
875.0
389.0
4.0
4.0
7.0
9.0
8.0
724.0
583.0
4.0
10.0
9.0
8.0
5.0
10.0
868.0
451.0
9.0
4.0
8.0
6.0
7.0
682.0
662.0
9.0
6.0
9.0
9.0
10.0
10.0
834.0
512.0
4.0
6.0
8.0
8.0
7.0
614.0
723.0
0.0
10.0
9.0
5.0
5.0
8.0
772.0
565.0
6.0
5.0
5.0
6.0
4.0
538.0
779.0
14.0
10.0
10.0
12.0
9.0
14.0
700.0
598.0
4.0
9.0
7.0
7.0
7.0
462.0
824.0
4.0
5.0
4.0
7.0
4.0
3.0
637.0
640.0
5.0
6.0
4.0
2.0
6.0
363.0
912.0
7.0
7.0
9.0
9.0
10.0
10.0
597.0
690.0
6.0
5.0
5.0
7.0
13.0
257.0
1049.0
0.0
8.0
11.0
6.0
4.0
5.0
571.0
757.0
4.0
2.0
6.0
2.0
6.0
141.0
1189.0
14.0
15.0
11.0
12.0
9.0
9.0
535.0
815.0
6.0
5.0
2.0
6.0
3.0
79.0
1246.0
24.0
11.0
10.0
10.0
6.0
9.0
485.0
841.0
4.0
4.0
6.0
4.0
7.0
60.0
1236.0
32.0
10.0
8.0
10.0
9.0
7.0
426.0
869.0
8.0
6.0
6.0
5.0
10.0
41.0
1200.0
0.0
6.0
9.0
7.0
9.0
3.0
373.0
899.0
8.0
7.0
6.0
3.0
4.0
26.0
1185.0
65.0
11.0
13.0
15.0
10.0
10.0
334.0
939.0
3.0
6.0
7.0
5.0
6.0
16.0
1204.0
92.0
8.0
7.0
12.0
2.0
7.0
302.0
1009.0
2.0
1.0
7.0
5.0
5.0
9.0
1210.0
127.0
10.0
9.0
8.0
12.0
12.0
279.0
1067.0
6.0
6.0
6.0
7.0
10.0
8.0
1186.0
0.0
8.0
8.0
10.0
8.0
8.0
236.0
1102.0
5.0
5.0
7.0
8.0
4.0
5.0
1140.0
186.0
12.0
9.0
10.0
7.0
11.0
196.0
1107.0
3.0
4.0
9.0
6.0
4.0
4.0
1079.0
210.0
6.0
10.0
8.0
6.0
5.0
153.0
1122.0
3.0
8.0
5.0
6.0
5.0
3.0
1018.0
246.0
5.0
6.0
11.0
12.0
8.0
125.0
1156.0
2.0
3.0
3.0
7.0
7.0
3.0
1010.0
0.0
7.0
9.0
5.0
6.0
11.0
103.0
1208.0
20.0
2.0
2.0
1.0
2.0
4.0
992.0
355.0
8.0
5.0
4.0
3.0
4.0
86.0
1168.0
117.0
6.0
6.0
12.0
9.0
11.0
949.0
418.0
7.0
1.0
6.0
6.0
3.0
62.0
1101.0
214.0
10.0
10.0
10.0
12.0
11.0
893.0
455.0
9.0
5.0
7.0
6.0
10.0
49.0
1013.0
266.0
5.0
7.0
4.0
2.0
3.0
827.0
0.0
9.0
9.0
10.0
6.0
5.0
29.0
937.0
320.0
5.0
7.0
6.0
2.0
3.0
766.0
512.0
7.0
5.0
9.0
11.0
11.0
25.0
894.0
384.0
3.0
4.0
6.0
4.0
5.0
726.0
583.0
12.0
8.0
7.0
5.0
5.0
12.0
885.0
449.0
7.0
9.0
7.0
4.0
7.0
690.0
660.0
8.0
10.0
10.0
9.0
12.0
12.0
858.0
506.0
4.0
9.0
8.0
8.0
6.0
627.0
0.0
7.0
5.0
10.0
9.0
6.0
8.0
816.0
561.0
9.0
4.0
3.0
4.0
5.0
562.0
782.0
17.0
10.0
8.0
12.0
14.0
11.0
722.0
596.0
6.0
7.0
4.0
5.0
4.0
482.0
817.0
8.0
9.0
7.0
10.0
10.0
8.0
656.0
633.0
2.0
6.0
2.0
2.0
8.0
380.0
896.0
5.0
5.0
9.0
9.0
8.0
5.0
607.0
682.0
6.0
4.0
6.0
4.0
8.0
279.0
0.0
11.0
12.0
11.0
12.0
12.0
12.0
583.0
758.0
4.0
9.0
3.0
3.0
2.0
154.0
1180.0
20.0
8.0
7.0
7.0
9.0
7.0
556.0
807.0
3.0
8.0
8.0
3.0
4.0
86.0
1268.0
22.0
5.0
6.0
5.0
8.0
5.0
508.0
865.0
4.0
4.0
6.0
7.0
5.0
62.0
1262.0
30.0
5.0
12.0
8.0
5.0
12.0
445.0
877.0
4.0
6.0
9.0
6.0
7.0
43.0
0.0
45.0
9.0
9.0
9.0
8.0
6.0
391.0
901.0
3.0
5.0
10.0
7.0
9.0
26.0
1199.0
59.0
3.0
8.0
13.0
8.0
7.0
347.0
942.0
2.0
4.0
4.0
3.0
5.0
16.0
1217.0
87.0
12.0
8.0
10.0
7.0
11.0
316.0
1010.0
4.0
3.0
6.0
5.0
4.0
13.0
1221.0
125.0
8.0
9.0
7.0
11.0
14.0
287.0
1071.0
4.0
6.0
7.0
5.0
6.0
7.0
0.0
153.0
10.0
9.0
9.0
6.0
10.0
263.0
1105.0
4.0
5.0
3.0
2.0
4.0
4.0
1156.0
181.0
11.0
9.0
13.0
10.0
11.0
206.0
1111.0
2.0
4.0
3.0
3.0
5.0
4.0
1086.0
210.0
6.0
6.0
7.0
9.0
4.0
172.0
1117.0
3.0
6.0
2.0
5.0
7.0
4.0
1038.0
241.0
4.0
7.0
7.0
7.0
9.0
135.0
1157.0
3.0
4.0
8.0
3.0
4.0
0.0
0.0
293.0
9.0
4.0
9.0
7.0
8.0
106.0
1206.0
15.0
4.0
2.0
7.0
6.0
3.0
994.0
345.0
7.0
7.0
6.0
13.0
9.0
87.0
1179.0
92.0
5.0
3.0
3.0
2.0
5.0
960.0
409.0
9.0
7.0
9.0
5.0
6.0
61.0
1115.0
200.0
9.0
6.0
9.0
7.0
6.0
911.0
439.0
14.0
8.0
12.0
13.0
8.0
48.0
1017.0
258.0
4.0
6.0
8.0
9.0
11.0
0.0
463.0
8.0
7.0
5.0
11.0
32.0
38.0
948.0
320.0
6.0
6.0
7.0
4.0
1.0
780.0
505.0
10.0
8.0
9.0
5.0
8.0
28.0
903.0
373.0
7.0
8.0
8.0
5.0
5.0
739.0
569.0
16.0
9.0
11.0
10.0
14.0
12.0
869.0
433.0
2.0
2.0
3.0
2.0
3.0
693.0
636.0
5.0
7.0
6.0
9.0
10.0
12.0
838.0
492.0
3.0
7.0
8.0
4.0
8.0
0.0
710.0
2.0
3.0
5.0
7.0
5.0
5.0
800.0
540.0
9.0
9.0
10.0
6.0
9.0
563.0
747.0
5.0
8.0
8.0
11.0
10.0
6.0
717.0
574.0
6.0
5.0
4.0
7.0
5.0
479.0
797.0
11.0
7.0
6.0
6.0
2.0
3.0
653.0
622.0
10.0
5.0
5.0
7.0
9.0
397.0
877.0
10.0
7.0
8.0
7.0
5.0
9.0
614.0
664.0
4.0
3.0
6.0
7.0
5.0
0.0
985.0
6.0
5.0
6.0
8.0
12.0
4.0
571.0
712.0
6.0
5.0
5.0
2.0
4.0
171.0
1125.0
8.0
4.0
4.0
5.0
7.0
8.0
541.0
769.0
4.0
1.0
1.0
3.0
2.0
88.0
1225.0
14.0
9.0
9.0
9.0
3.0
7.0
502.0
829.0
8.0
7.0
5.0
5.0
5.0
62.0
1232.0
24.0
5.0
10.0
5.0
10.0
3.0
441.0
848.0
5.0
2.0
1.0
1.0
2.0
0.0
1198.0
43.0
11.0
10.0
10.0
6.0
14.0
396.0
879.0
7.0
6.0
4.0
5.0
11.0
26.0
1195.0
58.0
10.0
12.0
12.0
10.0
8.0
363.0
906.0
6.0
5.0
8.0
6.0
6.0
17.0
1186.0
72.0
6.0
6.0
3.0
7.0
18.0
325.0
951.0
6.0
1.0
4.0
3.0
2.0
6.0
1173.0
107.0
10.0
7.0
5.0
5.0
5.0
281.0
1015.0
4.0
4.0
4.0
6.0
4.0
0.0
1168.0
138.0
8.0
9.0
7.0
7.0
7.0
256.0
1058.0
6.0
5.0
6.0
5.0
4.0
6.0
1126.0
170.0
7.0
10.0
8.0
11.0
11.0
207.0
1073.0
3.0
7.0
4.0
4.0
5.0
7.0
1073.0
201.0
9.0
6.0
9.0
6.0
8.0
170.0
1104.0
6.0
4.0
7.0
5.0
8.0
4.0
1034.0
238.0
3.0
4.0
6.0
7.0
5.0
161.0
1119.0
10.0
4.0
6.0
9.0
5.0
0.0
993.0
282.0
10.0
8.0
11.0
13.0
8.0
126.0
1151.0
11.0
3.0
6.0
7.0
5.0
5.0
958.0
323.0
9.0
4.0
10.0
9.0
8.0
91.0
1131.0
71.0
3.0
5.0
7.0
4.0
2.0
925.0
389.0
5.0
7.0
8.0
6.0
7.0
67.0
1083.0
168.0
4.0
2.0
3.0
5.0
7.0
877.0
424.0
11.0
9.0
5.0
9.0
6.0
46.0
1012.0
243.0
4.0
4.0
1.0
0.0
0.0
827.0
459.0
13.0
10.0
8.0
13.0
10.0
38.0
955.0
295.0
3.0
4.0
5.0
2.0
4.0
768.0
513.0
9.0
5.0
10.0
5.0
11.0
25.0
905.0
354.0
3.0
3.0
7.0
7.0
4.0
725.0
561.0
8.0
10.0
8.0
13.0
8.0
20.0
857.0
411.0
4.0
6.0
6.0
3.0
5.0
678.0
607.0
10.0
6.0
5.0
12.0
7.0
15.0
814.0
471.0
6.0
5.0
3.0
5.0
0.0
620.0
673.0
10.0
5.0
9.0
5.0
7.0
8.0
780.0
519.0
2.0
1.0
2.0
2.0
2.0
561.0
735.0
5.0
5.0
9.0
9.0
12.0
5.0
728.0
558.0
4.0
4.0
4.0
1.0
3.0
483.0
800.0
6.0
8.0
6.0
2.0
6.0
4.0
683.0
603.0
7.0
0.0
1.0
5.0
7.0
405.0
880.0
10.0
11.0
9.0
7.0
4.0
8.0
629.0
649.0
8.0
5.0
9.0
9.0
0.0
312.0
973.0
10.0
8.0
9.0
9.0
3.0
10.0
