6
3
3
1
4
57
1239
37
4
7
5
7
9
442
906
6
9
9
4
5
36
1258
48
8
11
7
7
8
399
947
8
7
4
1
6
27
1222
69
4
6
7
12
9
334
950
5
3
4
6
5
13
1164
88
6
7
5
11
6
290
0
4
3
4
4
5
12
1145
107
4
9
6
8
8
255
996
7
3
5
7
5
2
1108
139
11
11
9
7
10
225
1040
4
5
5
6
6
5
1108
177
6
9
4
9
7
192
1110
7
7
5
6
4
2
1087
222
3
5
5
5
5
164
0
6
2
5
5
3
7
1043
257
8
5
5
10
12
127
1149
2
4
6
4
3
4
978
288
8
9
7
8
6
98
1148
26
3
5
10
4
5
930
323
7
5
7
6
7
77
1084
95
2
5
6
12
5
887
370
10
10
9
10
8
59
0
189
6
5
6
4
2
862
426
4
4
7
5
7
43
1001
270
4
5
5
6
8
831
490
1
9
7
8
5
35
971
326
6
5
2
2
5
785
526
4
7
8
7
6
22
900
383
4
4
1
3
3
728
556
6
4
9
8
6
15
0
431
5
6
6
5
3
663
597
7
7
9
12
7
7
771
480
5
7
5
3
6
601
652
7
4
9
11
6
11
727
534
7
1
3
1
3
549
733
5
4
11
6
10
6
706
595
6
5
4
1
4
478
830
9
9
12
11
13
7
0
652
5
6
2
2
6
396
916
8
6
8
6
5
4
612
693
7
7
4
3
1
285
998
8
10
8
10
6
7
555
722
6
9
4
4
7
158
1107
8
6
3
7
5
3
496
767
7
7
10
4
8
96
1161
13
8
7
4
10
10
0
823
5
2
6
5
3
66
1217
33
10
9
10
7
11
431
892
3
2
2
4
5
40
1251
48
8
11
7
5
8
403
950
7
3
7
4
4
27
1249
65
8
13
14
9
8
358
967
5
3
4
5
5
16
1217
80
3
10
5
6
7
0
985
1
3
6
3
3
7
1172
105
4
4
5
6
4
266
1004
4
5
8
9
6
6
1126
131
7
12
8
8
6
229
1047
6
7
2
2
3
4
1135
176
8
15
9
10
4
205
1116
3
4
6
6
4
3
1119
221
2
10
7
9
10
0
1177
8
2
4
4
4
5
1085
260
4
4
8
6
6
140
1208
6
2
3
3
4
9
1035
302
8
7
12
10
8
112
1184
15
4
5
5
2
3
966
324
8
7
7
5
5
83
1114
85
7
11
6
4
8
905
362
4
7
4
8
10
0
1047
175
7
7
5
3
5
880
431
13
11
4
10
11
44
1028
263
4
5
8
5
5
857
484
8
12
8
6
15
40
1003
325
6
4
4
5
7
819
556
4
5
7
4
6
26
969
387
5
6
9
6
4
759
591
7
6
10
10
9
0
881
430
6
7
6
5
6
690
605
8
6
5
7
4
9
804
482
3
5
5
4
5
626
652
4
5
6
3
9
6
753
537
2
4
5
3
6
573
748
12
8
7
8
5
7
734
601
5
2
4
5
7
504
842
9
6
7
8
6
0
712
657
3
3
4
4
6
422
950
4
6
6
4
5
4
666
704
4
2
3
4
4
314
1044
14
10
7
6
9
9
592
736
8
5
8
3
5
178
1118
7
9
9
6
12
6
518
768
4
4
4
5
5
104
1162
14
7
10
6
8
0
469
819
4
6
5
4
4
63
1224
32
9
10
8
4
7
447
887
4
6
6
5
5
43
1264
50
11
11
15
11
6
417
945
4
4
9
9
8
28
1282
69
3
7
7
9
8
386
992
6
7
4
7
7
21
1251
82
10
6
7
9
0
321
1004
6
3
5
4
4
8
1188
105
6
5
13
8
5
277
1006
5
5
5
8
9
7
1137
132
10
4
5
10
4
239
1049
4
6
3
5
7
5
1143
170
5
8
3
6
11
213
1114
5
3
4
2
3
5
1124
214
5
7
10
6
0
182
1177
5
4
4
6
5
8
1107
265
11
10
8
9
9
154
1218
9
7
8
4
5
10
1040
298
11
7
8
9
9
121
1188
8
5
3
4
3
5
968
323
8
4
10
11
11
90
1122
70
6
5
4
5
6
917
350
6
4
4
11
0
61
1065
164
7
3
2
3
2
890
415
9
7
10
9
13
49
1023
250
6
4
6
7
6
852
486
9
9
7
8
5
33
1006
315
7
6
5
5
6
824
546
11
9
9
7
7
25
973
383
9
4
5
6
7
763
583
7
8
7
4
0
23
900
429
4
3
4
3
4
696
600
13
5
9
10
8
8
818
467
5
5
5
5
8
632
648
6
9
9
6
8
10
766
518
5
3
7
7
5
567
726
9
12
12
10
8
8
736
577
4
3
2
3
3
510
817
10
8
5
8
0
8
700
636
4
5
4
4
4
426
925
10
7
11
9
8
10
680
690
3
2
3
8
6
332
1012
13
18
12
11
14
10
595
716
4
6
9
8
11
198
1095
7
6
8
4
4
4
532
750
6
8
5
5
5
101
1168
15
5
4
5
0
8
484
790
5
7
5
6
4
64
1186
23
3
7
4
9
10
446
834
3
4
6
6
6
46
1217
46
8
9
11
11
9
401
908
3
7
7
7
4
27
1248
72
10
10
11
7
10
383
960
3
2
3
3
4
20
1239
84
5
12
12
0
7
329
984
7
6
8
5
6
12
1183
98
3
3
4
3
4
282
995
3
5
2
4
8
4
1146
121
7
4
6
9
5
253
1016
8
6
4
7
8
8
1112
153
7
8
5
8
9
210
1073
5
3
4
5
6
5
1106
201
13
8
6
0
9
186
1136
2
5
7
5
2
3
1091
252
6
7
7
13
10
152
1193
5
4
5
3
3
2
1051
281
12
7
5
9
7
120
1192
9
5
4
6
3
2
984
313
7
8
9
9
5
98
1140
51
3
5
3
4
6
924
345
8
6
7
0
4
68
1063
143
4
4
4
2
1
878
397
4
3
9
11
8
54
1011
232
4
2
4
6
5
846
465
9
13
11
5
9
42
992
297
2
4
2
2
5
815
523
8
8
4
6
11
25
968
357
5
3
4
6
5
769
565
9
9
9
0
7
17
897
410
3
4
5
3
3
703
606
17
8
9
8
9
10
831
461
6
3
5
5
4
639
640
7
6
12
11
8
4
771
502
3
4
4
9
3
587
694
5
6
6
11
9
13
725
557
3
5
5
8
6
517
786
13
7
7
0
6
11
703
626
4
4
3
4
4
447
888
12
9
6
8
6
6
674
676
3
2
5
5
4
354
981
12
13
7
6
9
8
608
717
2
4
6
3
2
219
1082
13
9
8
10
11
11
543
752
4
4
2
0
4
113
1163
13
9
7
0
8
7
491
779
3
5
3
7
4
73
1184
24
9
11
12
8
3
451
827
3
3
2
3
5
52
1218
43
14
11
8
6
9
413
904
3
5
3
3
2
29
1252
58
7
15
12
8
12
390
954
3
4
5
7
3
21
1239
76
7
10
0
11
12
340
983
6
5
8
6
5
17
1208
100
13
11
9
9
9
293
1006
5
1
4
6
5
7
1162
123
5
4
3
6
10
256
1022
6
6
4
6
7
5
1120
149
10
9
9
5
11
226
1057
5
6
4
5
6
6
1110
189
7
5
0
9
10
184
1132
5
4
2
4
5
6
1092
243
12
11
13
12
9
162
1180
6
6
7
7
4
5
1059
292
9
10
6
13
12
128
1217
7
7
9
7
7
4
1010
328
9
8
9
5
7
104
1184
37
6
6
8
10
8
942
349
7
3
0
6
4
75
1079
134
4
4
1
5
5
886
388
6
7
7
14
11
58
1023
215
5
6
12
10
8
856
456
8
7
7
9
5
49
998
290
3
4
7
7
7
833
518
6
5
5
14
13
29
984
352
2
2
1
2
3
788
587
12
9
0
8
8
19
946
411
3
6
5
7
4
729
621
9
6
11
6
6
16
859
457
7
9
5
4
8
654
644
9
9
5
5
11
9
784
499
9
10
6
6
2
593
681
6
10
11
6
9
4
730
558
7
8
6
4
7
531
783
7
9
0
8
7
9
715
618
8
5
4
5
1
467
879
6
9
11
9
9
8
685
674
4
4
2
1
3
371
1005
8
7
8
8
8
8
648
722
5
4
1
1
1
258
1092
11
16
7
8
11
8
567
758
3
7
8
6
5
126
1167
13
7
0
3
6
11
507
781
3
4
4
6
6
79
1184
16
2
6
6
6
4
450
837
6
7
4
3
3
50
1232
39
5
6
11
5
10
433
903
4
4
2
4
5
34
1265
52
9
6
9
9
8
402
960
1
2
4
4
4
27
1278
76
8
0
10
8
7
364
1004
4
6
6
3
5
18
1237
96
9
6
10
8
9
307
1014
5
7
7
1
7
14
1171
123
7
7
5
4
9
266
1018
6
4
3
3
4
4
1134
146
10
8
4
5
7
220
1063
6
6
6
6
7
4
1122
195
5
0
5
9
6
197
1129
7
7
5
4
8
7
1106
236
8
7
9
5
7
175
1186
4
4
2
3
1
1
1081
290
6
9
8
10
10
138
1231
2
5
5
5
3
5
1020
320
13
11
10
4
6
102
1195
27
6
6
8
7
5
951
338
6
0
5
6
7
77
1098
116
6
4
5
5
3
900
382
7
7
5
9
6
58
1032
203
2
4
3
8
8
867
439
7
7
9
4
7
47
1003
278
4
4
8
9
6
835
507
5
4
5
8
7
35
983
342
5
3
5
5
6
796
568
3
0
8
6
9
21
950
403
2
3
2
4
3
737
603
7
7
8
4
11
14
859
450
4
5
4
8
6
671
621
0
7
6
4
6
6
791
491
4
4
2
2
4
603
674
8
11
14
8
6
6
732
552
4
2
4
3
4
540
750
6
0
11
9
3
8
705
605
4
5
7
6
4
472
856
8
10
8
7
7
9
686
662
7
6
6
2
2
389
968
8
7
7
3
7
12
659
718
2
2
3
4
6
277
1070
12
10
7
7
8
9
572
746
4
5
7
2
6
138
1154
8
0
8
6
8
6
510
773
2
8
6
5
3
81
1182
13
7
9
9
10
6
451
815
2
2
1
4
4
56
1189
27
7
4
4
8
9
416
861
5
6
4
4
9
37
1228
45
8
5
7
13
6
393
932
6
7
4
6
9
26
1251
78
0
6
9
9
15
369
990
3
3
1
4
6
16
1233
91
9
11
5
9
8
313
1000
5
6
7
7
6
7
1176
112
7
4
8
6
3
266
1015
5
7
2
3
4
4
1133
135
11
10
6
8
9
224
1043
4
2
1
2
2
4
1096
175
0
12
9
9
14
194
1081
3
1
4
3
7
4
1085
220
3
5
6
10
7
167
1158
2
3
6
6
6
6
1078
266
5
10
9
5
5
137
1216
3
4
3
2
3
6
1033
306
5
7
8
5
11
109
1186
19
6
4
5
3
9
957
335
0
8
6
4
5
81
1103
97
2
3
3
2
0
906
371
10
5
10
12
10
56
1033
187
4
4
3
4
3
853
415
5
8
8
11
14
43
982
258
5
2
3
4
3
824
478
8
8
8
7
11
36
972
328
5
6
6
6
8
795
545
0
9
4
9
8
21
951
390
5
6
3
3
5
747
597
9
6
8
7
12
18
882
439
3
4
3
5
7
683
627
5
5
9
6
8
10
809
484
6
2
3
4
3
616
663
5
6
5
6
6
5
736
536
4
4
2
1
4
550
716
0
7
8
13
10
9
694
583
5
5
4
2
5
480
826
6
7
6
7
7
6
672
651
4
5
4
3
6
403
937
7
6
3
7
5
9
653
706
8
3
4
4
6
299
1038
7
15
9
11
9
6
586
740
6
5
6
5
5
158
1143
0
6
7
11
7
9
520
771
5
6
3
4
9
92
1180
14
5
4
10
8
10
467
807
4
2
4
4
8
60
1186
22
6
9
14
11
7
419
860
2
5
2
5
4
42
1226
44
9
7
4
7
5
402
923
4
8
6
4
5
25
1251
0
6
2
6
5
4
376
979
6
7
4
1
8
18
1240
90
6
10
9
7
6
325
1013
4
2
5
1
3
10
1214
105
8
10
8
5
9
276
1026
7
6
3
5
3
7
1149
132
7
8
8
8
7
234
1040
3
3
7
6
3
5
1102
0
7
12
7
8
8
204
1082
5
5
3
2
4
3
1093
222
8
10
10
7
8
174
1154
2
5
8
3
2
3
1082
265
7
6
6
12
8
151
1205
4
2
4
3
3
3
1041
318
12
6
10
7
7
119
1231
9
3
1
3
5
2
989
0
5
8
10
12
6
91
1140
85
7
4
4
5
7
922
374
7
7
5
2
8
66
1052
175
10
11
7
3
2
869
408
5
12
10
4
8
48
1001
249
10
2
3
4
4
838
482
6
8
7
4
5
34
984
316
4
2
8
5
2
803
0
4
5
6
10
12
33
961
383
1
3
4
3
3
762
608
11
10
8
13
13
20
927
433
2
4
2
6
7
694
647
11
11
12
9
6
10
825
486
6
6
4
4
3
632
665
5
8
8
4
3
4
755
528
5
5
2
7
7
563
0
8
9
5
7
11
5
707
581
6
5
3
6
8
501
816
9
8
10
5
6
10
692
644
3
5
3
3
6
423
923
11
9
8
2
3
5
662
702
4
5
6
6
4
327
1047
5
8
6
3
5
6
623
752
4
4
7
5
5
190
0
9
13
6
9
9
4
553
775
4
3
4
5
5
99
1188
15
8
9
7
10
6
479
808
6
4
6
9
8
66
1192
28
6
9
10
12
7
430
859
6
7
3
5
6
44
1238
39
10
4
10
3
6
415
919
4
6
4
4
3
28
0
64
12
7
9
8
6
385
974
2
1
2
3
4
17
1266
94
9
5
3
3
7
344
1027
5
6
5
4
4
10
1231
111
14
8
8
12
5
295
1029
8
3
5
3
6
6
1161
136
4
8
9
5
4
249
1039
3
4
4
4
5
2
0
163
7
10
7
7
7
208
1079
7
5
3
5
6
10
1108
205
11
7
6
10
7
177
1145
6
5
4
4
6
6
1089
252
8
4
6
7
9
151
1203
5
3
6
2
5
6
1055
313
10
2
3
4
6
128
1240
5
5
3
4
3
5
0
340
6
9
8
7
9
96
1167
65
4
4
6
9
6
931
365
5
7
9
8
10
69
1067
157
4
3
2
2
6
875
400
6
7
8
10
8
49
1006
238
4
6
5
6
7
846
459
3
4
7
6
9
37
987
303
4
5
2
4
4
0
523
4
7
7
6
11
23
960
368
5
6
9
8
4
765
599
3
6
7
9
6
17
928
433
3
5
3
0
5
710
637
10
4
5
11
5
13
839
473
6
7
7
6
6
641
654
6
8
4
8
4
7
765
515
6
3
6
3
3
0
702
11
11
8
6
8
8
710
569
3
2
8
5
2
504
789
7
5
6
6
9
5
684
624
5
5
4
5
4
441
886
7
11
9
3
8
11
666
680
4
6
2
2
5
338
1009
9
6
9
5
3
9
630
735
2
3
4
5
1
0
1125
11
17
10
6
10
4
547
759
7
3
4
6
5
110
1169
15
6
4
6
7
5
484
791
2
5
5
5
8
64
1183
18
9
8
6
9
6
430
830
4
5
6
1
2
46
1186
30
5
4
7
8
5
398
869
4
2
5
4
4
0
1195
58
10
3
6
7
5
368
932
5
7
8
6
6
21
1220
77
10
8
8
5
9
333
986
7
5
6
6
8
12
1201
96
8
9
8
7
5
289
993
2
3
2
5
6
7
1144
121
3
2
7
7
5
248
1015
6
6
3
3
4
0
1106
154
3
5
3
4
4
215
1043
7
6
4
6
2
2
1075
183
4
4
10
8
9
181
1085
4
3
4
9
3
3
1054
236
4
7
5
5
4
149
1152
5
3
6
9
7
3
1033
275
11
5
5
5
7
123
1201
7
7
4
4
6
0
994
318
7
5
8
10
9
94
1155
46
6
5
2
5
4
925
351
8
3
4
2
5
68
1062
140
5
5
6
3
3
869
395
10
5
2
4
5
52
998
214
3
7
8
6
3
826
436
8
4
5
7
9
38
951
284
2
6
0
5
0
794
495
6
10
6
6
8
29
931
350
4
4
6
6
6
762
554
8
6
5
3
13
23
906
411
6
7
5
6
5
709
596
7
8
7
5
5
11
838
460
7
7
6
7
5
645
641
8
3
7
5
5
5
771
503
5
8
7
4
0
579
684
12
8
7
8
8
10
713
546
2
5
4
2
1
508
748
3
5
5
8
9
9
672
598
6
5
4
4
3
437
850
6
2
8
5
8
8
639
664
5
3
6
6
6
351
961
10
11
13
10
9
12
608
716
7
5
2
8
0
232
1081
13
12
9
6
8
7
