11
11
104
1204
15
3
6
9
10
8
507
816
6
7
7
9
8
70
1242
25
8
5
11
7
6
466
876
5
3
5
4
2
47
1238
35
7
5
12
10
8
403
882
12
4
6
4
4
29
1193
63
9
4
6
7
8
362
908
4
8
0
5
4
21
1176
75
6
4
9
9
6
316
942
5
3
9
7
9
13
1157
100
13
12
10
11
8
285
983
5
4
5
5
2
6
1149
138
3
8
4
6
6
253
1047
7
4
3
7
3
4
1141
167
10
9
11
11
8
218
1100
2
5
0
5
8
5
1110
192
8
9
8
9
8
181
1103
4
4
3
6
3
5
1046
226
5
5
9
8
9
146
1118
4
4
6
7
6
5
998
262
10
10
10
12
11
119
1143
10
3
3
3
7
6
956
312
7
6
9
17
13
97
1131
53
2
0
6
8
4
934
352
5
6
7
2
9
69
1089
149
5
7
7
6
3
892
412
8
11
15
10
15
51
1039
235
3
6
2
6
3
847
457
7
8
5
9
3
35
967
292
5
5
3
5
1
794
493
8
5
6
3
3
22
910
344
3
0
5
5
4
743
524
7
9
8
14
9
14
852
402
4
7
4
6
7
688
581
10
10
13
14
11
8
815
452
3
3
4
6
5
645
645
4
4
8
7
4
6
789
516
5
3
6
5
4
577
729
6
6
6
8
6
7
750
568
5
0
46
7
4
508
806
8
7
6
3
6
7
700
607
2
2
2
1
3
424
871
5
12
5
5
5
5
637
646
0
3
4
4
3
319
954
4
8
9
10
8
6
608
675
6
8
8
5
1
200
1081
14
12
7
13
6
11
564
725
10
0
7
6
7
101
1182
17
10
14
13
12
9
506
787
8
7
6
7
5
57
1226
28
10
5
6
6
11
476
833
3
2
0
1
1
36
1232
35
9
7
9
11
9
416
868
2
2
3
5
4
25
1215
50
12
8
8
5
4
376
903
3
0
4
4
3
19
1188
73
9
8
10
9
5
342
939
4
3
3
3
4
9
1185
98
13
8
12
7
11
309
983
3
3
6
4
2
9
1160
118
10
9
6
8
2
260
1038
2
3
4
4
1
3
1144
163
6
6
7
11
6
220
1094
4
0
4
3
4
2
1109
197
6
6
7
7
10
193
1119
3
3
3
3
2
3
1067
231
5
5
6
8
8
153
1131
3
2
4
4
4
3
1022
259
5
7
11
5
6
126
1153
4
3
3
3
4
4
973
318
5
8
10
9
10
106
1151
35
0
6
4
2
7
937
350
12
5
6
3
4
70
1101
131
4
1
4
3
5
907
401
3
5
8
5
6
53
1049
220
3
3
6
2
1
864
464
7
7
6
6
6
40
1001
291
3
5
3
3
2
810
506
10
11
5
4
6
32
928
338
0
4
1
3
5
751
528
6
7
9
8
5
16
866
397
3
5
4
8
4
699
589
2
7
11
14
13
18
825
456
3
2
2
3
4
654
640
7
5
4
4
5
6
795
506
4
5
1
0
2
591
718
11
8
10
10
8
7
758
557
0
3
5
4
3
523
800
5
8
9
5
5
5
716
607
4
5
4
3
6
447
865
12
12
9
5
8
7
640
651
5
2
3
2
3
356
920
6
9
7
9
12
14
600
684
4
6
6
5
8
232
1048
10
8
9
12
16
10
552
735
0
4
2
4
3
128
1160
14
5
5
5
4
4
511
792
4
4
3
1
4
69
1226
18
8
6
6
7
5
476
839
4
4
5
5
2
46
1246
38
6
8
8
7
8
437
887
5
4
2
1
3
32
1231
50
7
7
4
5
5
373
916
0
4
5
4
5
23
1194
68
8
10
8
8
3
343
937
4
2
2
2
2
11
1189
90
5
10
7
9
13
308
978
5
6
5
3
2
9
1170
116
4
5
10
4
8
269
1031
5
3
1
3
4
1
1153
156
9
10
10
5
4
224
1087
0
2
4
3
3
4
1120
199
3
6
9
10
6
195
1126
4
3
4
6
3
7
1078
229
8
8
5
6
10
157
1131
5
6
4
1
5
4
1025
255
9
11
8
13
6
131
1147
5
3
6
3
1
4
981
304
5
9
11
9
11
107
1156
0
5
6
7
3
3
946
342
7
3
6
7
4
77
1104
113
1
2
1
3
2
906
394
6
7
7
2
5
59
1045
204
3
6
1
2
5
867
450
6
5
3
4
4
42
1007
277
4
4
6
7
6
806
501
8
6
8
9
4
36
932
0
3
3
5
2
6
754
525
7
7
9
5
12
22
884
386
2
5
5
4
4
714
571
12
13
8
3
9
15
832
446
3
2
4
2
2
661
624
9
11
12
13
13
10
796
493
2
1
1
1
1
604
698
6
5
6
6
5
7
759
0
4
3
5
4
3
539
774
5
5
7
7
5
4
722
601
5
6
5
4
4
460
852
7
13
4
9
4
4
654
639
3
5
5
2
5
371
911
8
11
10
10
9
5
604
672
1
4
5
3
5
257
1030
9
5
6
5
7
8
571
0
3
1
3
6
5
147
1136
11
6
7
5
6
10
516
773
3
5
4
4
2
83
1194
17
10
7
5
3
3
468
827
1
3
1
0
1
51
1227
36
6
5
7
7
8
440
872
5
6
4
4
3
34
1227
42
5
8
3
8
8
384
0
4
4
3
5
4
24
1195
64
8
9
4
7
4
347
930
4
6
3
2
3
15
1183
98
9
7
10
9
14
325
960
12
11
6
8
7
12
1184
118
9
10
11
16
14
286
1007
4
3
4
4
6
8
1146
147
5
6
9
13
11
236
0
3
3
3
3
3
2
1122
181
6
5
4
10
11
200
1104
2
4
3
4
4
2
1076
217
5
8
7
4
8
164
1116
1
4
7
4
2
6
1029
246
6
8
10
14
13
134
1146
1
2
2
5
8
6
992
297
7
10
9
8
8
120
0
21
8
9
4
2
2
952
346
8
8
6
12
4
91
1112
93
5
5
6
6
4
910
379
6
8
10
6
6
58
1054
187
2
2
2
1
3
870
434
6
6
7
10
5
42
1007
265
1
1
1
2
2
822
481
7
2
3
3
12
27
0
317
2
3
5
5
3
770
516
9
6
7
11
9
20
892
375
3
2
3
5
5
724
563
10
8
7
5
10
14
849
433
6
6
6
9
8
673
622
8
10
10
16
7
9
806
483
1
2
7
7
5
610
678
8
8
6
7
5
6
0
537
3
4
3
1
2
548
756
2
13
5
9
2
7
726
587
1
4
5
4
3
476
826
3
7
4
5
6
3
660
630
3
2
2
3
3
386
895
11
8
12
14
12
16
610
671
2
3
3
3
4
278
1005
11
12
11
10
8
6
0
708
5
5
7
11
7
161
1129
14
10
8
8
14
7
528
766
5
5
5
6
3
91
1187
16
9
10
10
7
8
474
824
3
3
2
3
3
56
1223
31
5
7
4
7
9
449
863
4
4
2
2
3
38
1226
44
5
4
6
2
6
0
904
5
1
3
3
4
25
1202
60
8
9
6
11
9
355
923
4
5
6
7
5
20
1187
87
6
6
7
4
9
332
953
5
3
2
4
6
11
1174
108
11
8
12
5
12
292
998
4
2
3
4
6
7
1151
137
10
15
11
9
8
0
1060
4
2
1
2
1
1
1131
181
6
6
8
7
2
205
1108
3
2
2
2
4
3
1091
215
7
4
3
4
4
176
1134
7
1
3
4
3
0
1053
247
7
7
6
7
8
141
1151
3
2
4
3
5
4
1002
283
4
8
13
12
8
0
1165
12
2
3
4
3
5
962
329
9
10
11
10
8
99
1124
82
5
4
3
4
3
927
377
8
9
10
6
8
60
1085
178
4
3
2
2
5
890
433
5
8
8
8
12
45
1030
254
5
3
5
6
2
850
490
5
8
9
8
3
0
996
320
4
4
3
5
4
800
532
8
9
4
6
8
30
916
373
3
0
2
2
5
741
551
7
8
8
11
6
13
858
422
4
5
7
7
4
684
603
9
8
10
12
14
20
804
479
5
8
4
1
3
632
678
8
6
8
6
8
0
786
531
3
2
3
5
5
570
763
8
7
10
11
11
4
750
590
4
5
2
5
5
496
854
8
7
6
8
9
5
713
641
2
2
3
4
8
412
922
10
7
14
13
10
9
634
683
3
1
3
2
2
309
980
3
9
13
10
8
0
577
710
4
3
5
5
3
182
1103
11
11
8
9
8
10
532
764
2
4
4
3
4
94
1206
21
7
7
8
4
2
500
820
3
2
5
1
3
62
1245
37
10
11
15
9
6
468
870
7
8
2
3
3
38
1275
44
4
2
1
6
0
429
927
5
3
5
5
6
26
1250
60
10
7
6
11
8
364
946
2
2
4
3
2
22
1200
81
7
5
5
10
8
329
958
5
4
4
7
4
10
1183
101
10
13
12
15
11
280
1009
4
5
3
5
3
8
1167
141
3
4
9
7
0
249
1068
6
5
2
1
5
2
1148
177
6
5
11
9
6
211
1120
1
4
4
6
2
5
1134
218
7
9
4
7
6
191
1163
6
5
5
5
5
4
1076
252
11
9
10
8
9
143
1167
3
3
1
3
2
2
1012
277
6
9
5
8
0
117
1168
5
0
5
6
5
5
970
320
9
13
10
7
11
99
1140
66
7
6
2
6
2
936
365
5
11
4
7
10
61
1095
162
2
4
4
3
4
907
423
6
10
9
9
8
50
1046
243
5
5
4
5
4
858
484
8
6
8
7
0
38
1006
312
3
6
4
5
7
802
523
10
7
9
9
5
29
926
363
3
4
2
2
0
746
545
7
7
6
10
12
16
870
409
2
6
4
4
2
694
596
8
14
10
10
7
15
815
469
4
4
4
7
7
644
650
6
8
10
8
0
11
783
516
2
2
2
4
8
581
739
5
12
6
9
10
6
749
577
2
3
3
3
2
506
835
7
6
8
9
9
10
714
637
5
6
6
5
4
429
899
10
6
10
10
11
11
633
675
3
3
5
4
1
326
962
7
8
7
9
0
5
588
699
2
3
5
6
5
201
1081
12
8
11
8
5
9
545
744
3
9
6
3
5
107
1178
16
11
9
8
11
17
496
794
4
4
2
3
5
66
1220
29
7
4
5
8
8
463
859
2
1
4
5
3
42
1246
46
6
4
8
0
8
426
907
4
5
4
4
3
28
1241
63
8
11
9
6
5
370
931
2
2
2
3
6
18
1194
79
8
9
7
9
7
329
956
3
6
6
6
2
10
1185
100
7
9
13
7
6
300
987
9
3
5
7
7
11
1162
131
6
9
7
0
6
266
1027
6
5
6
8
6
4
1135
155
13
9
7
6
8
220
1093
3
4
5
4
5
2
1119
209
7
5
9
10
9
191
1141
4
7
5
4
4
5
1081
237
11
11
7
6
8
151
1150
1
1
1
2
4
3
1020
267
4
10
10
0
8
124
1165
4
5
4
1
3
7
975
311
11
12
12
3
6
100
1146
47
4
5
7
6
2
931
361
6
9
9
9
11
80
1080
141
6
3
4
4
4
903
402
4
10
11
8
9
48
1042
229
5
4
5
4
4
858
464
3
4
4
0
11
40
997
298
5
5
5
2
5
810
513
11
9
5
4
5
25
935
349
2
3
3
3
2
760
536
10
8
13
9
7
19
878
404
5
4
0
4
2
705
583
10
12
7
7
8
7
826
460
6
5
3
4
4
651
649
7
4
6
0
8
9
787
505
4
6
5
4
5
585
713
6
6
9
8
11
7
750
565
5
4
4
4
5
525
799
10
4
8
6
9
9
712
627
4
5
4
4
4
438
881
7
8
4
5
4
7
646
668
3
6
8
3
3
350
955
7
9
6
0
8
8
596
697
4
2
5
3
5
220
1071
7
7
6
16
7
13
553
737
3
3
4
3
8
122
1168
14
9
9
8
12
9
509
784
3
4
3
6
3
69
1217
25
10
8
4
7
6
471
853
9
8
1
1
2
49
1243
36
5
7
0
3
8
431
898
3
5
6
5
1
30
1243
55
7
7
6
4
3
382
935
2
5
5
2
2
21
1217
74
11
7
9
5
6
339
953
4
3
3
2
5
13
1185
93
8
7
10
6
9
304
982
5
4
5
3
4
6
1168
122
10
9
0
8
11
261
1031
2
2
4
4
5
6
1148
158
10
11
6
9
5
230
1092
1
6
5
6
2
4
1126
195
12
9
9
9
9
190
1142
5
2
5
4
6
6
1093
237
8
5
5
9
5
159
1176
8
4
4
7
5
6
1049
271
8
7
0
7
7
124
1179
5
3
5
2
3
3
985
303
4
8
8
6
7
97
1160
36
4
3
5
3
3
936
351
11
11
13
14
10
82
1093
127
1
3
2
1
6
909
399
7
8
9
10
8
54
1057
220
6
5
2
5
4
869
457
7
7
0
7
5
38
1009
292
7
9
5
8
5
825
524
10
6
7
5
8
29
976
346
3
3
0
2
4
774
557
9
7
8
9
6
21
900
398
3
3
4
6
6
708
585
7
6
4
7
6
12
836
447
2
2
4
4
3
657
630
9
13
0
14
10
14
786
499
2
4
1
4
2
601
713
7
10
8
4
7
9
767
560
6
6
7
5
3
539
789
6
7
5
9
6
3
728
611
3
6
3
3
6
457
897
7
5
7
6
6
3
686
672
2
2
4
6
3
371
960
9
15
0
10
11
8
616
697
4
6
6
5
8
245
1046
9
7
7
10
8
8
559
730
2
2
2
2
3
129
1152
13
11
10
13
5
9
518
779
2
4
5
3
5
70
1222
26
5
7
6
6
10
482
843
1
5
6
6
3
48
1252
37
5
0
9
7
7
442
899
3
5
6
3
2
31
1268
58
3
2
4
5
6
418
940
3
3
5
5
5
22
1241
71
7
11
12
6
12
352
965
3
5
3
4
2
16
1193
88
5
7
8
4
9
301
986
4
3
2
2
5
8
1165
115
9
0
7
10
16
268
1024
4
4
7
5
3
5
1158
151
10
9
5
5
4
229
1088
2
2
3
5
4
4
1135
193
5
7
6
7
9
204
1133
8
5
6
5
2
4
1111
236
7
4
4
5
4
172
1183
3
5
3
3
4
4
1059
267
9
0
7
9
7
135
1177
6
2
2
1
3
6
993
294
7
3
2
3
4
97
1169
22
2
3
5
5
1
949
338
15
16
13
11
13
82
1108
107
1
2
3
6
3
917
386
13
10
10
7
11
57
1057
202
6
4
4
3
5
880
448
9
0
9
7
7
44
1022
278
4
6
8
6
4
835
508
7
8
4
9
11
31
990
340
1
5
4
3
3
781
547
7
8
9
7
9
26
904
390
4
6
6
4
7
719
572
7
8
6
7
8
13
843
438
4
1
3
2
2
665
619
7
0
8
10
9
9
797
491
3
3
2
1
3
609
687
7
8
5
4
10
8
754
550
7
5
3
3
3
553
772
6
4
7
10
10
7
732
601
5
4
2
7
7
472
864
6
6
9
6
6
6
685
659
3
2
3
3
3
388
939
7
0
6
8
9
9
621
685
4
5
4
3
3
269
1020
8
10
4
6
10
12
564
722
2
4
6
6
4
142
1140
10
16
16
12
11
9
526
765
1
1
3
4
6
86
1193
19
13
8
8
10
7
477
810
2
3
4
1
4
55
1219
34
0
9
11
4
11
448
872
4
3
4
3
3
34
1253
49
7
13
10
9
6
402
931
6
3
3
4
6
26
1231
66
6
6
9
5
6
350
952
4
2
4
2
6
16
1189
85
6
6
9
7
5
313
973
4
3
4
3
4
7
1173
111
0
9
8
4
4
283
1005
5
6
5
3
2
7
1145
148
6
9
9
7
7
249
1045
2
4
3
5
2
0
1117
178
8
7
8
11
5
203
1107
2
3
3
5
3
4
1102
221
7
6
8
6
6
168
1158
7
8
5
4
7
6
1062
255
0
9
6
7
5
134
1166
1
3
2
3
5
4
995
292
11
12
10
6
11
112
1164
15
5
4
4
2
2
952
337
9
11
12
7
8
92
1115
91
5
4
8
6
3
913
383
6
7
11
14
12
71
1055
177
3
2
1
1
3
882
416
0
13
9
9
12
39
1017
261
2
4
2
3
4
840
488
7
11
10
8
10
35
979
328
9
4
5
4
7
791
530
10
11
7
8
10
25
910
382
3
2
6
2
2
727
565
6
10
7
9
9
11
855
427
3
3
1
5
3
673
612
0
10
10
9
12
9
805
482
5
4
1
3
4
621
674
7
3
4
10
8
12
762
533
1
0
1
3
4
555
745
6
8
11
11
6
5
722
597
5
4
6
6
5
486
842
3
8
7
5
8
8
685
649
3
3
4
5
8
400
917
0
7
8
6
5
7
632
686
3
