10
9
7
5
42
1181
40
9
2
3
4
4
375
882
5
4
6
4
2
30
1168
64
9
8
5
10
8
332
939
5
7
8
6
4
20
1188
86
7
6
2
8
7
312
989
2
6
7
4
8
10
1195
113
6
5
8
13
11
284
1038
0
4
9
7
5
7
1193
147
4
8
6
2
2
255
1091
2
3
5
4
4
7
1138
172
7
11
7
14
9
210
1086
5
4
4
4
7
7
1065
207
7
4
7
3
3
163
1103
2
4
6
10
4
7
1022
238
9
7
10
6
11
133
1138
0
6
6
6
9
7
1005
283
6
8
5
6
10
107
1187
10
1
1
4
5
4
978
333
6
6
8
5
3
84
1162
84
4
8
7
10
8
952
391
7
9
7
5
12
75
1100
183
1
0
5
6
8
901
419
10
4
10
7
8
50
1007
0
3
3
3
3
3
821
454
9
11
8
8
7
33
938
303
8
9
5
8
10
774
487
9
12
6
9
5
17
882
366
6
4
7
3
5
733
540
1
2
5
5
8
10
862
424
6
3
3
4
4
694
613
3
7
7
4
8
15
832
0
6
8
3
4
3
632
688
3
4
5
3
7
7
805
537
6
5
5
4
11
577
739
8
2
7
8
6
13
711
580
6
4
5
3
5
490
785
8
7
6
2
5
10
645
626
3
6
6
7
5
412
853
5
5
3
6
5
8
598
0
6
3
4
5
6
309
959
8
5
8
8
13
11
558
717
7
6
0
3
3
184
1109
8
6
8
7
6
10
531
775
6
6
4
6
6
104
1203
17
8
6
8
8
12
501
831
5
3
3
10
8
68
1221
27
14
9
7
12
9
435
0
3
6
4
6
5
47
1195
37
6
6
7
6
4
381
881
3
3
5
4
1
28
1181
52
10
8
4
9
9
344
912
4
7
1
5
5
19
1158
83
9
12
10
12
12
310
946
4
4
3
5
4
13
1168
101
7
5
6
8
6
273
0
4
3
2
2
3
5
1174
140
6
8
7
4
10
245
1076
4
6
9
5
5
7
1139
164
6
8
10
7
5
209
1079
3
3
6
3
7
5
1072
197
9
5
4
4
5
168
1091
4
3
2
6
6
6
1025
233
6
11
9
6
10
142
0
5
5
8
10
6
4
984
263
10
8
6
7
7
117
1146
9
5
6
5
5
5
967
319
4
5
6
3
6
86
1157
64
2
2
2
2
4
935
381
10
5
9
6
9
68
1095
165
9
7
5
1
4
890
410
10
8
7
8
6
47
0
235
5
5
5
5
6
838
445
7
7
8
8
8
32
940
298
6
5
4
5
6
782
477
4
8
6
10
7
20
886
353
3
7
6
9
6
733
521
11
12
9
10
10
21
842
412
0
7
4
5
7
697
586
10
7
3
4
5
7
0
474
4
3
3
1
3
639
667
6
13
9
8
10
6
793
532
6
7
7
6
6
579
731
10
12
8
3
8
9
729
574
3
2
5
6
4
512
780
4
6
4
7
7
5
658
617
8
3
5
5
6
419
842
4
6
5
7
10
6
0
655
2
2
4
4
3
322
934
9
10
8
9
10
6
560
705
4
4
7
8
8
213
1079
14
7
8
9
6
6
545
776
2
1
1
2
4
111
1211
17
8
10
6
6
7
514
832
8
7
4
7
6
73
1242
25
8
13
9
11
6
0
864
2
3
4
5
4
53
1224
35
8
8
1
5
6
399
896
4
5
6
3
5
34
1202
51
6
3
3
8
4
347
923
4
6
4
6
6
21
1174
73
10
5
11
8
9
317
966
7
3
6
8
9
15
1196
105
7
5
6
5
5
0
1029
4
3
5
4
2
5
1209
139
8
9
4
10
11
262
1094
4
3
2
7
8
4
1180
170
8
10
6
4
8
233
1115
0
3
6
7
5
7
1126
194
7
10
7
8
11
175
1128
1
2
1
4
2
8
1061
229
2
6
7
2
4
0
1136
9
8
8
8
6
5
1007
262
7
7
7
8
8
112
1175
6
4
5
5
8
4
992
328
10
11
6
10
11
94
1195
45
3
6
6
5
6
968
384
8
10
10
8
6
72
1134
157
5
2
4
3
5
935
433
10
9
9
8
5
0
1090
235
3
5
5
5
3
872
470
9
11
11
11
9
39
991
291
2
3
3
2
5
814
485
5
7
5
4
2
25
916
351
6
3
4
4
9
755
517
4
8
12
5
9
18
868
405
5
5
7
8
3
713
604
9
7
7
10
10
0
858
471
3
2
6
6
2
669
680
11
11
10
10
5
10
832
531
4
2
5
4
4
608
761
10
7
9
7
6
12
791
581
5
8
6
6
8
534
813
8
10
10
17
13
5
696
629
3
3
3
2
2
443
856
8
6
7
5
6
0
626
661
7
2
10
4
5
355
921
9
7
6
5
8
7
579
706
4
2
2
2
2
238
1080
5
5
7
9
5
11
561
772
2
3
2
3
7
122
1216
13
10
10
4
6
11
528
834
4
5
4
4
4
77
1278
26
8
9
10
10
0
491
880
6
4
4
8
5
55
1275
36
8
11
8
10
10
424
896
3
5
5
5
8
36
1217
52
8
8
4
6
10
362
925
5
5
7
6
6
23
1187
68
4
8
5
9
14
319
971
2
5
7
5
3
15
1205
96
8
9
7
8
0
303
1026
4
3
4
3
5
7
1214
133
11
7
8
6
9
277
1084
6
4
5
2
6
7
1195
168
7
6
9
7
8
239
1129
7
6
7
8
10
4
1155
197
11
12
13
11
13
187
1134
4
3
3
4
5
7
1073
220
8
8
10
7
0
151
1129
9
5
8
7
7
4
1016
256
6
8
5
8
6
122
1173
5
7
7
5
6
6
996
315
9
12
8
9
8
97
1197
34
6
7
6
2
4
974
367
7
9
8
6
11
78
1146
136
5
4
7
4
2
942
436
8
11
7
9
0
51
1101
224
2
5
7
3
5
887
467
12
15
9
14
7
44
999
284
4
3
2
2
2
822
485
9
8
11
5
5
21
935
338
6
7
6
6
6
763
512
6
6
8
6
9
19
878
399
5
8
7
4
6
722
583
11
8
6
8
0
10
852
458
6
3
3
3
4
677
660
6
9
3
5
8
12
838
518
2
4
7
5
3
620
751
10
6
7
8
10
8
799
575
3
4
3
4
4
549
808
10
7
10
10
5
9
709
615
1
3
3
3
3
466
833
9
4
4
5
0
6
638
651
3
7
8
4
8
369
904
8
6
4
3
3
5
585
692
6
9
6
2
4
258
1030
4
4
7
4
9
3
546
752
2
1
1
2
2
133
1177
16
5
12
13
4
6
524
815
2
4
4
6
3
82
1256
26
13
10
7
0
15
495
877
7
6
4
6
4
64
1257
34
8
11
6
10
7
429
887
3
4
4
4
5
37
1210
51
1
6
5
3
6
366
912
5
6
6
8
3
22
1192
61
6
6
4
6
7
326
936
4
5
6
3
6
14
1157
89
8
10
8
0
6
290
971
4
5
5
7
9
8
1179
122
7
12
7
15
11
260
1053
5
8
7
4
3
4
1183
156
7
7
8
10
9
244
1114
8
3
8
6
8
5
1153
180
5
9
10
10
9
194
1125
5
5
6
5
5
8
1072
218
4
6
4
0
5
156
1123
6
7
7
3
6
7
1019
243
6
9
7
8
8
121
1137
3
2
5
3
3
2
975
285
4
5
4
9
5
93
1163
25
7
5
2
7
7
964
343
10
11
7
7
9
77
1139
116
4
4
2
3
2
940
408
1
3
10
0
9
59
1098
210
3
3
7
6
6
894
447
9
9
9
11
8
44
1009
276
4
6
3
3
2
830
475
4
4
4
9
4
26
936
333
7
6
8
8
12
774
508
4
2
6
4
5
15
875
384
5
4
4
5
3
717
549
5
5
4
0
8
14
835
438
9
6
4
4
5
681
628
9
11
11
5
6
8
817
507
4
5
5
5
2
630
712
9
8
8
10
10
8
798
567
8
2
4
1
1
562
782
8
11
7
7
6
9
724
601
3
3
3
4
5
478
828
6
6
7
0
6
5
643
650
8
6
4
3
2
387
895
2
4
6
5
8
6
592
679
5
3
7
9
7
274
989
4
8
7
6
8
8
544
734
5
8
9
6
4
156
1152
16
9
11
11
6
11
528
796
3
4
4
2
5
91
1233
23
6
3
0
7
2
498
865
2
3
5
4
3
61
1252
31
8
7
11
5
7
437
891
3
5
4
4
4
41
1234
45
13
6
7
7
6
378
917
6
2
5
3
4
27
1198
64
4
8
6
10
9
326
949
5
4
4
8
8
19
1173
75
4
7
0
9
5
299
978
5
4
7
6
5
11
1191
113
9
11
6
12
7
274
1054
5
1
3
2
1
7
1194
149
12
8
8
6
12
244
1107
8
5
4
0
4
6
1162
181
10
4
8
7
4
209
1138
5
5
5
4
2
2
1106
218
8
9
0
9
8
174
1137
1
3
6
4
3
3
1038
249
8
7
8
4
8
131
1149
2
6
4
3
4
2
992
283
5
5
7
11
8
105
1168
14
1
2
3
6
9
977
342
4
8
5
6
8
76
1166
96
6
4
4
4
2
957
399
5
10
0
6
5
65
1113
197
2
3
3
3
8
907
467
5
6
6
3
10
50
1060
274
7
6
11
7
6
848
502
11
8
11
9
7
35
973
323
5
1
3
4
4
787
510
6
7
7
6
4
20
895
370
4
5
5
2
3
727
549
5
4
0
10
9
11
851
432
4
5
4
1
1
680
631
4
9
7
4
7
11
840
492
8
6
3
4
5
639
715
10
9
6
5
9
10
821
553
7
6
7
8
11
571
799
5
6
9
10
10
9
766
613
4
5
4
4
7
502
854
13
13
0
11
8
8
688
643
11
5
7
5
9
405
896
10
8
6
9
9
7
605
686
6
9
8
3
8
300
990
11
10
15
16
13
14
561
731
4
2
2
8
12
177
1143
11
7
10
7
7
11
556
805
6
2
8
4
2
93
1251
23
10
0
7
4
4
520
852
8
5
4
5
8
63
1274
26
7
10
5
6
9
468
886
3
4
6
4
2
39
1257
46
10
8
4
8
8
398
909
3
8
8
6
6
34
1207
67
9
8
7
9
7
343
934
5
4
2
3
4
18
1175
80
6
0
1
9
7
300
976
5
4
3
1
4
9
1193
113
7
14
8
8
10
279
1042
5
4
3
4
1
4
1199
152
7
5
13
3
6
255
1101
10
5
4
9
8
2
1184
190
6
11
13
9
5
226
1146
8
9
8
4
3
2
1128
216
3
0
10
7
13
174
1142
3
5
3
4
6
5
1056
238
8
12
7
7
4
144
1148
1
3
3
2
3
6
1002
271
4
7
10
7
4
107
1173
12
4
5
6
8
6
977
329
6
3
5
6
6
83
1158
76
7
6
7
5
8
958
386
6
0
4
8
10
70
1110
180
3
6
5
4
3
919
454
8
6
6
8
7
45
1076
263
7
8
6
7
5
866
488
10
5
8
10
7
41
976
313
7
6
7
8
6
795
501
12
8
6
6
12
24
898
365
3
3
4
3
2
736
541
5
0
9
2
4
10
858
422
1
3
0
4
5
696
602
5
7
8
7
11
10
825
489
3
5
6
5
6
649
685
10
13
8
5
3
6
803
544
7
4
4
3
5
585
779
3
6
11
5
5
4
779
602
4
4
6
6
9
513
831
7
0
9
10
13
7
678
641
6
9
7
8
2
419
868
8
11
4
14
7
10
611
672
6
5
5
3
3
321
956
4
3
3
3
5
11
566
714
2
5
4
2
2
192
1090
4
6
4
6
11
9
526
770
4
9
7
3
6
106
1208
15
0
7
7
4
16
506
831
3
4
4
7
1
63
1266
29
9
7
7
5
6
475
898
3
5
4
6
7
48
1257
37
11
7
6
12
5
408
906
3
5
6
8
4
31
1207
55
7
9
7
8
11
350
929
2
4
2
4
5
18
1181
72
0
10
3
9
10
310
953
3
1
3
7
5
17
1153
98
8
8
6
5
11
277
993
3
5
5
4
3
5
1160
137
7
10
6
8
8
249
1070
2
2
6
7
5
7
1164
172
8
5
8
9
9
229
1126
4
6
6
7
9
4
1124
207
0
13
10
11
7
175
1133
3
4
2
3
4
5
1051
235
7
6
5
5
5
142
1136
7
9
7
5
7
4
1002
264
10
10
2
7
6
117
1149
6
8
7
5
5
6
962
306
3
5
8
11
9
90
1136
57
6
6
2
5
7
940
368
0
7
7
10
8
65
1106
161
6
5
3
3
6
921
423
4
5
7
10
6
47
1070
243
6
4
2
3
2
867
470
9
6
11
9
7
41
985
304
6
8
7
5
7
805
499
10
8
12
10
5
29
912
354
7
6
5
5
1
749
535
0
9
8
8
8
11
854
406
4
4
3
6
5
691
576
5
7
7
12
9
10
802
472
4
6
3
3
4
650
653
6
8
8
8
12
9
798
536
4
9
5
3
4
593
752
7
6
5
11
10
8
774
592
6
6
6
5
5
528
824
0
11
8
9
10
6
703
624
4
0
2
1
3
433
873
6
8
7
4
4
4
625
667
4
3
5
3
5
335
949
7
8
6
6
4
8
569
707
6
5
8
6
3
218
1046
9
2
1
8
8
9
526
754
3
5
3
2
3
113
1182
0
5
5
6
9
12
505
820
5
5
4
4
2
73
1249
24
9
7
11
7
4
469
882
4
6
1
5
2
49
1259
35
4
11
7
8
6
417
907
3
3
1
4
7
37
1229
51
6
10
6
8
5
364
932
6
4
3
2
3
19
1197
0
8
7
5
6
5
315
957
7
8
5
3
7
18
1163
97
7
8
10
7
8
284
993
4
4
3
3
4
8
1170
133
5
8
11
13
11
256
1062
7
4
5
3
4
5
1177
168
7
5
8
10
3
226
1123
5
4
4
4
4
5
1141
0
8
5
7
4
6
192
1152
5
7
6
9
7
6
1095
228
9
11
8
7
7
147
1157
7
5
7
4
4
4
1022
267
9
8
9
6
5
119
1162
4
5
4
6
4
5
971
301
6
6
7
4
11
94
1154
44
2
3
4
6
5
954
0
6
13
5
9
7
70
1118
147
3
5
3
6
3
925
418
10
10
6
6
7
55
1080
230
9
3
5
7
5
888
484
6
4
3
5
6
38
1029
302
3
5
4
6
6
834
513
7
8
6
10
5
29
951
349
5
4
8
6
5
758
0
4
10
6
9
12
21
865
405
3
3
4
5
3
708
569
4
0
4
8
8
10
823
459
4
6
2
3
3
656
660
10
11
9
5
7
6
819
518
2
7
5
0
4
611
737
5
8
14
14
8
10
784
581
3
4
4
1
3
545
0
11
8
5
7
6
4
741
633
5
3
3
4
5
462
889
4
14
9
11
5
10
658
670
4
2
3
2
4
363
939
7
12
9
8
7
6
583
702
3
3
6
3
1
233
1040
3
7
5
8
4
6
539
751
6
2
6
3
4
126
0
19
13
12
10
7
8
519
813
5
4
3
3
2
76
1252
24
6
9
9
8
9
493
868
4
6
5
3
2
58
1280
40
5
9
9
10
6
443
925
7
6
4
5
3
40
1261
50
4
11
3
10
10
381
934
3
7
6
5
5
23
0
68
9
10
5
9
8
323
960
2
6
5
2
8
18
1172
93
9
7
7
7
5
289
997
4
2
4
2
4
6
1186
123
8
9
9
10
11
266
1059
3
6
4
1
0
5
1182
161
9
8
9
9
10
237
1123
4
3
3
6
5
5
0
206
5
7
8
5
4
203
1171
6
8
4
2
5
4
1114
231
8
5
10
11
11
157
1164
4
6
3
5
5
4
1034
261
8
8
7
6
7
126
1157
4
4
3
4
5
4
981
292
7
8
5
8
6
96
1167
29
6
5
4
4
6
0
346
4
4
4
7
6
73
1120
129
5
4
7
5
5
937
407
14
10
7
14
9
56
1085
216
5
9
8
3
4
896
478
7
4
3
3
3
40
1047
291
4
2
3
3
5
846
511
12
12
4
4
9
30
960
338
4
4
5
5
5
0
532
7
6
8
7
10
15
879
397
3
3
4
4
6
719
561
7
7
5
3
3
12
834
446
4
2
2
2
5
671
628
9
8
7
11
10
7
804
502
3
4
6
5
5
616
713
6
7
6
6
8
6
776
566
2
4
6
7
5
0
814
6
3
7
10
9
9
752
624
5
4
6
5
6
476
865
10
9
5
10
8
7
655
655
5
6
5
3
1
375
912
9
7
8
5
7
10
592
690
3
2
1
4
6
265
1004
8
8
6
8
6
9
537
729
1
5
5
3
5
0
1128
9
7
5
9
10
11
496
