11080
22160
33241
44322
55402
66483
77564
88644
99725
110806
121887
132967
144048
155128
166209
177290
188371
199451
210532
221613
232693
243774
254855
265935
277016
288097
299177
310258
321339
332419
343500
354581
365661
376742
387823
398903
409984
421065
432145
443227
454307
465387
476468
487549
498629
509710
520791
531871
542952
554033
565113
576194
587275
598355
609436
620517
631597
642678
653759
664840
675920
687001
698081
709162
720243
731324
742405
753485
764565
775646
786727
797811
808888
819969
831050
842130
853211
864292
875372
886453
897534
908614
919695
930776
941857
952937
964018
975098
986179
997260
1008340
1019421
1030502
1041582
1052663
1063744
1074824
1085905
1096986
1108066
1119147
1130228
1141309
1152389
1163470
1174551
1185631
1196712
1207793
1218873
1229954
1241034
1252115
1263196
1274277
1285357
1296438
1307519
1318599
1329680
1340762
1351841
1362922
1374003
1385083
1396164
1407245
1418326
1429407
1440488
1451568
1462649
1473730
1484810
1495891
1506972
1518052
1529133
1540214
1551294
1562375
1573455
1584536
1595617
1606698
1617779
1628859
1639940
1651020
1662101
1673184
1684262
1695343
1706424
1717504
1728585
1739666
1750746
1761827
1772908
1783988
1795069
1806150
1817230
1828311
1839393
1850472
1861553
1872634
1883714
1894795
1905876
1916956
1928037
1939118
1950199
1961279
1972360
1983440
1994521
2005602
2016682
2027763
2038844
2049924
2061005
2072086
2083166
2094247
2105328
2116408
2127489
2138579
2149651
2160731
2171812
2182892
2193973
2205054
2216135
2227215
2238296
2249376
2260457
2271538
2282618
2293699
2304780
2315861
2326941
2338023
2349103
2360184
2371264
2382345
2393426
2404506
2415587
2426667
2437748
2448829
2459909
2470990
2482071
2493152
2504232
2515313
2526393
2537475
2548555
2559635
2570716
2581797
2592878
2603958
2615039
2626120
2637200
2648281
2659362
2670442
2681523
2692603
2703684
2714765
2725846
2736927
2748007
2759088
2770168
2781249
2792330
2803411
2814491
2825572
2836653
2847733
2858813
2869894
2880975
2892056
2903136
2914217
2925298
2936379
2947459
2958540
2969620
2980701
2991782
3002862
3013943
3025024
3036104
3047185
3058266
3069346
3080427
3091508
3102588
3113669
3124750
3135831
3146911
3157992
3169072
3180153
3191234
3202315
3213395
3224476
3235557
3246637
3257718
3268799
3279879
3290960
3302041
3313121
3324202
3335283
3346364
3357444
3368524
3379605
3390686
3401767
3412847
3423928
3435008
3446089
3457170
3468250
3479331
3490412
3501493
3512573
3523654
3534735
3545815
3556896
3567977
3579057
3590138
3601219
3612299
3623380
3634461
3645541
3656622
3667705
3678783
3689864
3700945
3712025
3723106
3734187
3745268
3756348
3767429
3778510
3789590
3800671
3811752
3822832
3833914
3844994
3856074
3867155
3878235
3889316
3900397
3911478
3922558
3933639
3944720
3955800
3966881
3977961
3989042
4000123
4011203
4022284
4033365
4044446
4055526
4066607
4077687
4088768
4099849
4110930
4122010
4133091
4144172
4155252
4166333
4177413
4188494
4199575
4210656
4221736
4232817
4243899
4254978
4266059
4277140
4288220
4299301
4310382
4321462
4332545
4343624
4354704
4365785
4376866
4387946
4399027
4410108
4421188
4432269
4443350
4454430
4465511
4476592
4487673
4498753
4509834
4520914
4531995
4543076
4554156
4565237
4576318
4587399
4598479
4609560
4620640
4631721
4642802
4653883
4664963
4676044
4687124
4698205
4709286
4720367
4731447
4742528
4753609
4764689
4775770
4786851
4797931
4809012
4820093
4831174
4842254
4853335
4864416
4875496
4886577
4897657
4908738
4919819
4930900
4941980
4953061
4964141
4975222
4986303
4997384
5008464
5019545
5030625
5041706
5052787
5063868
5074948
5086029
5097109
5108190
5119271
5130351
5141432
5152513
5163594
5174674
5185755
5196836
5207916
5218997
5230078
5241158
5252239
5263320
5274400
5285481
5296562
5307642
5318723
5329805
5340885
5351965
5363046
5374126
5385207
5396288
5407368
5418449
5429530
5440610
5451691
5462772
5473852
5484933
5496014
5507094
5518175
5529256
5540336
5551417
5562498
5573578
5584659
5595740
5606820
5617901
5628982
5640062
5651143
5662224
5673304
5684385
5695466
5706547
5717627
5728708
5739789
5750869
5761950
5773030
5784111
5795192
5806273
5817353
5828434
5839515
5850595
5861676
5872756
5883837
5894919
5905999
5917079
5928160
5939241
5950321
5961402
5972482
5983563
5994644
6005725
6016805
6027886
6038967
6050048
6061128
6072208
6083290
6094370
6105451
6116531
6127612
6138693
6149773
6160854
6171935
6183015
6194096
6205177
6216257
6227338
6238419
6249499
6260580
6271661
6282741
6293822
6304903
6315983
6327065
6338146
6349225
6360306
6371387
6382468
6393548
6404629
6415710
6426790
6437871
6448952
6460032
6471113
6482194
6493275
6504355
6515436
6526516
6537597
6548677
6559758
6570839
6581920
6593000
6604081
6615162
6626242
6637323
6648404
6659484
6670565
6681646
6692726
6703807
6714888
6725968
6737049
6748130
6759210
6770291
6781372
6792452
6803533
6814614
6825696
6836775
6847856
6858937
6870018
6881098
6892178
6903259
6914340
6925421
6936502
6947582
6958662
6969743
6980824
6991905
7002985
7014066
7025146
7036227
7047308
7058388
7069469
7080550
7091631
7102711
7113792
7124872
7135953
7147034
7158115
7169195
7180276
7191357
7202437
7213518
7224599
7235679
7246760
7257841
7268921
7280002
7291083
7302163
7313244
7324326
7335406
7346486
7357567
7368647
7379728
7390809
7401889
7412970
7424051
7435132
7446212
7457293
7468373
7479454
7490535
7501615
7512696
7523777
7534858
7545938
7557019
7568099
7579180
7590261
7601342
7612422
7623503
7634584
7645664
7656745
7667826
7678906
7689987
7701067
7712148
7723229
7734310
7745390
7756471
7767552
7778632
7789713
7800794
7811874
7822955
7834035
7845117
7856197
7867278
7878358
7889439
7900520
7911600
7922681
7933762
7944843
7955923
7967004
7978084
7989165
8000246
8011326
8022407
8033488
8044568
8055649
8066730
8077810
8088891
8099972
8111052
8122133
8133214
8144294
8155376
8166456
8177537
8188617
8199698
8210779
8221859
8232940
8244021
8255101
8266182
8277263
8288343
8299424
8310505
8321587
8332666
8343746
8354827
8365908
8376989
8388069
8399150
8410230
8421311
8432392
8443472
8454553
8465634
8476715
8487795
8498876
8509957
8521038
8532119
8543199
8554279
8565360
8576441
8587521
8598602
8609683
8620763
8631844
8642925
8654006
8665086
8676167
8687247
8698328
8709409
8720490
8731571
8742651
8753731
8764812
8775893
8786973
8798054
8809135
8820215
8831296
8842377
8853458
8864538
8875619
8886700
8897780
8908861
8919942
8931022
8942103
8953184
8964264
8975345
8986426
8997506
9008587
9019668
9030749
9041829
9052910
9063990
9075071
9086152
9097232
9108313
9119394
9130475
9141555
9152636
9163716
9174797
9185878
9196958
9208039
9219120
9230200
9241281
9252362
9263442
9274523
9285604
9296684
9307765
9318847
9329927
9341007
9352088
9363168
9374249
9385331
9396411
9407491
9418572
9429653
9440733
9451814
9462894
9473975
9485056
9496136
9507217
9518298
9529379
9540459
9551540
9562620
9573701
9584782
9595863
9606943
9618024
9629104
9640185
9651266
9662347
9673427
9684508
9695589
9706669
9717750
9728831
9739911
9750992
9762073
9773153
9784234
9795315
9806395
9817476
9828557
9839637
9850718
9861799
9872879
9883960
9895041
9906122
9917202
9928283
9939363
9950444
9961525
9972605
9983686
9994767
10005847
10016928
10028009
10039089
10050170
10061251
10072332
10083412
10094493
10105574
10116654
10127735
10138815
10149896
10160977
10172058
10183138
10194219
10205300
10216381
10227461
10238542
10249622
10260703
10271784
10282864
10293945
10305026
10316107
10327187
10338268
10349348
10360429
10371510
10382590
10393671
10404752
10415832
10426913
10437994
10449074
10460155
10471236
10482316
10493397
10504478
10515558
10526639
10537720
10548800
10559881
10570962
10582042
10593123
10604204
10615284
10626365
10637446
10648527
10659607
10670688
10681769
10692849
10703930
10715011
10726091
10737172
10748252
10759333
10770414
10781495
10792575
10803656
10814737
10825817
10836898
10847978
10859059
10870140
10881220
10892301
10903382
10914463
10925543
10936624
10947705
10958785
10969866
10980947
10992027
11003108
11014189
11025269
11036350
11047431
11058511
11069592
11080673
11091753
11102834
11113915
11124995
11136076
11147157
11158237
11169318
11180399
11191480
11202560
11213641
11224721
11235802
11246883
11257964
11269044
11280125
11291206
11302286
11313367
11324448
11335528
11346609
11357689
11368770
11379851
11390932
11402012
11413093
11424173
11435254
11446335
11457415
11468496
11479577
11490657
11501738
11512819
11523900
11534980
11546061
11557142
11568222
11579303
11590384
11601465
11612545
11623626
11634706
11645787
11656867
11667948
11679029
11690110
11701190
11712271
11723352
11734432
11745513
11756594
11767674
11778755
11789836
11800917
11811997
11823078
11834158
11845239
11856320
11867401
11878481
11889562
11900643
11911724
11922804
11933885
11944965
11956046
11967127
11978207
11989288
12000368
12011449
12022530
12033611
12044691
12055772
12066852
12077933
12089014
12100094
12111175
12122257
12133337
12144418
12155498
12166579
12177659
12188740
12199821
12210901
12221982
12233063
12244143
12255224
12266305
12277385
12288466
12299547
12310628
12321708
12332789
12343869
12354950
12366031
12377111
12388192
12399273
12410353
12421434
12432515
12443595
12454676
12465757
12476838
12487918
12498999
12510080
12521160
12532241
12543322
12554402
12565483
12576563
12587644
12598725
12609806
12620886
12631967
12643048
12654128
12665209
12676290
12687370
12698451
12709532
12720612
12731693
12742774
12753854
12764935
12776016
12787096
12798177
12809258
12820338
12831419
12842500
12853580
12864661
12875742
12886822
12897903
12908984
12920065
12931145
12942226
12953306
12964387
12975468
12986549
12997629
13008710
13019790
13030871
13041952
13053032
13064113
13075194
13086275
13097355
13108436
13119516
13130597
13141678
13152758
13163839
13174920
13186001
13197081
13208162
13219242
13230323
13241404
13252485
13263565
13274646
13285727
13296807
13307889
13318969
13330049
13341130
13352211
13363291
13374372
13385453
13396534
13407614
13418695
13429775
13440856
13451937
13463017
13474098
13485179
13496260
13507340
13518421
13529501
13540582
13551663
13562743
13573824
13584905
13595985
13607066
13618147
13629227
13640308
13651389
13662469
13673550
13684631
13695711
13706793
13717873
13728954
13740034
13751115
13762196
13773276
13784357
13795438
13806519
13817599
13828679
13839760
13850841
13861922
13873002
13884083
13895164
13906244
13917325
13928406
13939486
13950567
13961648
13972729
13983809
13994890
14005970
14017051
14028132
14039212
14050293
14061374
14072454
14083535
14094616
14105696
14116777
14127858
14138938
14150019
14161100
14172181
14183261
14194342
14205422
14216503
14227584
14238664
14249745
14260826
14271906
14282987
14294068
14305150
14316229
14327310
14338390
14349471
14360552
14371633
14382713
14393794
14404874
14415955
14427036
14438116
14449197
14460278
14471359
14482439
14493520
14504601
14515681
14526762
14537843
14548923
14560004
14571085
14582165
14593246
14604327
14615407
14626488
14637569
14648649
14659730
14670811
14681892
14692972
14704053
14715133
14726214
14737295
14748375
14759456
14770537
14781617
14792698
14803779
14814859
14825940
14837021
14848101
14859182
14870263
14881343
14892424
14903505
14914586
14925666
14936747
14947827
14958908
14969989
14981070
14992150
15003231
15014312
15025392
15036473
15047554
15058634
15069715
15080796
15091876
15102957
15114038
15125118
15136199
15147279
15158360
15169441
15180521
15191602
15202683
15213764
15224844
15235925
15247005
15258086
15269167
15280248
15291328
15302410
15313490
15324570
15335651
15346732
15357812
15368893
15379974
15391054
15402135
15413216
15424296
15435377
15446458
15457538
15468619
15479700
15490780
15501861
15512943
15524023
15535103
15546184
15557265
15568345
15579426
15590506
15601587
15612668
15623749
15634829
15645910
15656991
15668071
15679152
15690232
15701313
15712394
15723475
15734555
15745636
15756717
15767797
15778878
15789958
15801040
15812120
15823201
15834281
15845362
15856443
15867524
15878604
15889685
15900766
15911846
15922927
15934007
15945088
15956169
15967250
15978330
15989411
16000491
16011572
16022653
16033733
16044814
16055895
16066975
16078056
16089137
16100218
16111298
16122379
16133460
16144540
16155621
16166702
16177782
16188863
16199944
16211024
16222105
16233186
16244266
16255347
16266428
16277508
16288589
16299671
16310750
16321831
16332912
16343992
16355073
16366154
16377234
16388315
16399396
16410476
16421557
16432638
16443718
16454799
16465880
16476960
16488041
16499122
16510203
16521283
16532364
16543444
16554525
16565606
16576686
16587767
16598848
16609928
16621009
16632090
16643170
16654251
16665332
16676412
16687493
16698574
16709655
16720735
16731816
16742896
16753977
16765058
16776139
16787219
16798300
16809380
16820461
16831542
16842623
16853703
16864784
16875864
16886945
16898026
16909107
16920187
16931268
16942348
16953429
16964510
16975590
16986671
16997752
17008832
17019913
17030994
17042075
17053155
17064236
17075317
17086397
17097478
17108559
17119640
17130720
17141801
17152881
17163962
17175043
17186123
17197204
17208285
17219365
17230446
17241527
17252607
17263688
17274769
17285850
17296931
17308011
17319091
17330172
17341253
17352333
17363414
17374495
17385575
17396656
17407737
17418817
17429898
17440979
17452060
17463141
17474221
17485302
17496382
17507463
17518544
17529624
17540705
17551786
17562866
17573947
17585028
17596108
17607189
17618270
17629353
17640431
17651512
17662592
17673673
17684754
17695835
17706915
17717996
17729076
17740157
17751238
17762318
17773399
17784480
17795560
17806641
17817722
17828802
17839883
17850964
17862044
17873125
17884206
17895287
17906367
17917448
17928529
17939609
17950690
17961770
17972851
17983932
17995013
18006093
18017174
18028254
18039335
18050416
18061497
18072577
18083658
18094739
18105819
18116900
18127981
18139061
18150142
18161223
18172303
18183384
18194465
18205545
18216626
18227706
18238787
18249868
18260949
18272029
18283110
18294192
18305272
18316352
18327433
18338513
18349594
18360675
18371755
18382836
18393917
18404997
18416078
18427159
18438239
18449320
18460401
18471481
18482562
18493643
18504724
18515804
18526885
18537965
18549046
18560127
18571207
18582288
18593369
18604450
18615530
18626611
18637692
18648772
18659853
18670933
18682014
18693095
18704176
18715256
18726337
18737417
18748498
18759579
18770659
18781740
18792821
18803901
18814982
18826063
18837144
18848224
18859305
18870385
18881466
18892547
18903628
18914708
18925789
18936870
18947950
18959031
18970112
18981192
18992273
19003354
19014434
19025515
19036596
19047676
19058757
19069838
19080918
19091999
19103080
19114160
19125241
19136322
19147402
19158483
19169564
19180644
19191725
19202806
19213886
19224967
19236048
19247129
19258209
19269290
19280371
19291452
19302532
19313612
19324693
19335774
19346855
19357935
19369016
19380096
19391177
19402258
19413339
19424419
19435500
19446581
19457661
19468742
19479823
19490903
19501984
19513065
19524145
19535226
19546307
19557387
19568468
19579549
19590629
19601710
19612791
19623872
19634952
19646033
19657113
19668194
19679275
19690356
19701436
19712517
19723597
19734678
19745759
19756839
19767920
19779001
19790081
19801162
19812243
19823324
19834404
19845485
19856566
19867646
19878727
19889808
19900888
19911969
19923050
19934130
19945211
19956292
19967372
19978453
19989534
20000614
20011695
20022776
20033856
20044937
20056018
20067098
20078179
20089260
20100341
20111421
20122502
20133582
20144663
20155744
20166824
20177905
20188986
20200066
20211147
20222228
20233308
20244389
20255470
20266550
20277631
20288713
20299793
20310873
20321954
20333035
20344115
20355196
20366276
20377357
20388438
20399518
20410599
20421680
20432760
20443841
20454922
20466002
20477083
20488164
20499245
20510325
20521406
20532486
20543567
20554648
20565729
20576809
20587890
20598970
20610051
20621135
20632212
20643293
20654374
20665455
20676535
20687617
20698697
20709777
20720858
20731939
20743020
20754100
20765181
20776261
20787342
20798423
20809503
20820584
20831665
20842745
20853826
20864907
20875987
20887068
20898149
20909229
20920310
20931391
20942471
20953553
20964633
20975713
20986794
20997875
21008955
21020036
21031117
21042198
21053278
21064359
21075440
21086520
21097601
21108682
21119762
21130843
21141924
21153005
21164085
21175166
21186246
21197327
21208408
21219488
21230569
21241650
21252730
21263811
21274892
21285973
21297053
21308134
21319214
21330295
21341376
21352456
21363537
21374618
21385698
21396779
21407860
21418940
21430021
21441102
21452182
21463263
21474344
21485424
21496505
21507586
21518666
21529747
21540828
21551909
21562990
21574070
21585151
21596231
21607312
21618394
21629473
21640554
21651634
21662715
21673796
21684877
21695957
21707038
21718119
21729199
21740280
21751361
21762441
21773522
21784603
21795683
21806764
21817845
21828925
21840006
21851087
21862167
21873248
21884329
21895409
21906490
21917571
21928651
21939732
21950816
21961893
21972974
21984055
21995135
22006216
22017297
22028378
22039458
22050539
22061619
22072700
22083781
22094861
22105942
22117023
22128104
22139184
22150265
22161345
22172426
22183507
22194587
22205668
22216749
22227830
22238910
22249991
22261072
22272152
22283233
22294314
22305394
22316475
22327555
22338636
22349717
22360798
22371878
22382959
22394039
22405120
22416201
22427282
22438362
22449443
22460524
22471604
22482685
22493766
22504846
22515927
22527008
22538089
22549169
22560250
22571330
22582411
22593492
22604572
22615654
22626734
22637815
22648895
22659976
22671056
22682137
22693218
22704298
22715379
22726460
22737540
22748621
22759702
22770783
22781866
22792944
22804025
22815105
22826186
22837266
22848347
22859428
22870509
22881589
22892670
22903751
22914831
22925912
22936992
22948074
22959154
22970234
22981315
22992396
23003477
23014557
23025638
23036718
23047799
23058880
23069960
23081041
23092122
23103203
23114284
23125364
23136445
23147525
23158608
23169687
23180767
23191848
23202929
23214009
23225090
23236171
23247251
23258332
23269413
23280494
23291575
23302655
23313735
23324816
23335897
23346977
23358058
23369139
23380220
23391300
23402381
23413461
23424542
23435623
23446704
23457784
23468865
23479946
23491026
23502107
23513188
23524268
23535349
23546430
23557510
23568591
23579672
23590752
23601833
23612914
23623994
23635075
23646155
23657236
23668317
23679398
23690478
23701559
23712640
23723720
23734801
23745882
23756962
23768043
23779124
23790204
23801285
23812366
23823446
23834527
23845608
23856688
23867769
23878850
23889931
23901011
23912092
23923172
23934253
23945334
23956415
23967495
23978576
23989656
24000737
24011818
24022898
24033979
24045060
24056141
24067221
24078302
24089383
24100463
24111548
24122624
24133705
24144786
24155867
24166947
24178028
24189109
24200189
24211270
24222350
24233431
24244512
24255593
24266673
24277755
24288835
24299916
24310996
24322077
24333157
24344238
24355319
24366399
24377480
24388561
24399641
24410722
24421803
24432883
24443965
24455045
24466125
24477206
24488287
24499367
24510448
24521529
24532609
24543690
24554771
24565851
24576932
24588013
24599093
24610174
24621255
24632335
24643416
24654497
24665578
24676658
24687739
24698820
24709900
24720981
24732062
24743142
24754223
24765304
24776385
24787465
24798545
24809626
24820707
24831788
24842868
24853949
24865029
24876110
24887191
24898272
24909352
24920433
24931514
24942595
24953675
24964756
24975836
24986917
24997998
25009078
25020159
25031240
25042320
25053401
25064482
25075562
25086643
25097724
25108806
25119885
25130966
25142046
25153127
25164208
25175289
25186369
25197450
25208531
25219611
25230692
25241773
25252853
25263934
25275015
25286096
25297176
25308257
25319337
25330418
25341499
25352579
25363660
25374740
25385821
25396902
25407982
25419063
25430144
25441225
25452305
25463386
25474467
25485547
25496628
25507709
25518789
25529870
25540951
25552031
25563112
25574193
25585273
25596354
25607435
25618516
25629596
25640676
25651757
25662838
25673920
25685000
25696080
25707161
25718242
25729322
25740403
25751483
25762564
25773645
25784725
25795806
25806887
25817967
25829048
25840129
25851210
25862290
25873371
25884452
25895532
25906613
25917693
25928774
25939855
25950936
25962016
25973097
25984178
25995258
26006339
26017419
26028501
26039581
26050661
26061742
26072823
26083904
26094984
26106065
26117145
26128226
26139308
26150388
26161468
26172549
26183629
26194710
26205791
26216872
26227952
26239033
26250114
26261194
26272276
26283356
26294436
26305517
26316598
26327678
26338759
26349840
26360920
26372001
26383082
26394163
26405243
26416324
26427405
26438485
26449566
26460646
26471727
26482808
26493888
26504969
26516050
26527131
26538211
26549292
26560373
26571453
26582534
26593615
26604695
26615776
26626857
26637937
26649018
26660099
26671179
26682260
26693341
26704421
26715502
26726583
26737663
26748744
26759825
26770905
26781986
26793067
26804147
26815228
26826309
26837389
26848470
26859551
26870631
26881712
26892793
26903873
26914954
26926035
26937116
26948196
26959277
26970357
26981438
26992519
27003599
27014680
27025761
27036842
27047922
27059003
27070085
27081164
27092245
27103326
27114406
27125487
27136568
27147648
27158729
27169811
27180890
27191971
27203052
27214132
27225213
27236294
27247374
27258455
27269536
27280616
27291697
27302778
27313858
27324939
27336020
27347100
27358181
27369262
27380342
27391423
27402503
27413584
27424665
27435746
27446827
27457907
27468988
27480069
27491149
27502230
27513310
27524391
27535472
27546552
27557633
27568714
27579795
27590875
27601956
27613037
27624116
27635197
27646278
27657358
27668439
27679520
27690600
27701681
27712762
27723842
27734923
27746004
27757084
27768165
27779246
27790326
27801407
27812488
27823568
27834649
27845730
27856810
27867891
27878972
27890053
27901133
27912214
27923294
27934375
27945456
27956536
27967617
27978698
27989779
28000859
28011940
28023020
28034101
28045182
28056262
28067343
28078424
28089504
28100585
28111666
28122746
28133827
28144908
28155989
28167069
28178150
28189231
28200311
28211392
28222473
28233553
28244634
28255715
28266796
28277876
28288957
28300037
28311118
28322199
28333279
28344360
28355441
28366521
28377602
28388683
28399763
28410844
28421925
28433006
28444086
28455167
28466247
28477328
28488409
28499489
28510570
28521651
28532731
28543812
28554893
28565973
28577054
28588135
28599216
28610296
28621377
28632457
28643538
28654619
28665700
28676780
28687861
28698941
28710022
28721103
28732183
28743264
28754345
28765425
28776506
28787587
28798668
28809748
28820829
28831910
28842990
28854071
28865152
28876232
28887313
28898394
28909474
28920555
28931636
28942716
28953797
28964878
28975959
28987039
28998120
29009200
29020281
29031362
29042442
29053523
29064604
29075684
29086765
29097846
29108926
29120007
29131088
29142168
29153249
29164330
29175410
29186491
29197572
29208652
29219733
29230814
29241894
29252975
29264056
29275137
29286217
29297298
29308378
29319459
29330540
29341620
29352701
29363782
29374863
29385943
29397024
29408104
29419185
29430266
29441347
29452427
29463508
29474589
29485669
29496750
29507831
29518911
29529992
29541073
29552153
29563234
29574315
29585396
29596476
29607557
29618637
29629718
29640799
29651879
29662960
29674041
29685121
29696202
29707283
29718363
29729444
29740525
29751605
29762686
29773767
29784847
29795928
29807009
29818089
29829170
29840251
29851331
29862412
29873493
29884573
29895654
29906735
29917816
29928896
29939977
29951058
29962138
29973219
29984299
29995380
30006461
30017542
30028622
30039703
30050784
30061865
30072945
30084026
30095106
30106187
30117268
30128348
30139429
30150510
30161590
30172671
30183752
30194832
30205913
30216994
30228074
30239155
30250236
30261317
30272397
30283478
30294558
30305639
30316720
30327800
30338881
30349962
30361042
30372123
30383204
30394284
30405365
30416446
30427527
30438607
30449688
30460769
30471850
30482930
30494011
30505091
30516172
30527252
30538333
30549414
30560494
30571575
30582656
30593737
30604817
30615898
30626979
30638059
30649140
30660221
30671302
30682382
30693462
30704543
30715624
30726705
30737785
30748866
30759947
30771027
30782108
30793189
30804269
30815350
30826431
30837511
30848592
30859673
30870753
30881834
30892915
30903995
30915076
30926157
30937237
30948318
30959399
30970479
30981560
30992641
31003721
31014802
31025883
31036963
31048044
31059125
31070205
31081286
31092367
31103447
31114528
31125609
31136689
31147770
31158851
31169931
31181012
31192093
31203173
31214254
31225335
31236415
31247496
31258577
31269658
31280738
31291819
31302899
31313980
31325061
31336142
31347222
31358303
31369384
31380464
31391545
31402626
31413707
31424788
31435868
31446949
31458030
31469111
31480191
31491272
31502352
31513433
31524514
31535595
31546675
31557756
31568837
31579917
31591000
31602078
31613159
31624240
31635321
31646401
31657482
31668563
31679643
31690724
31701805
31712885
31723966
31735047
31746127
31757208
31768289
31779369
31790450
31801531
31812611
31823692
31834773
31845854
31856934
31868015
31879095
31890176
31901257
31912337
31923418
31934499
31945579
31956660
31967741
31978821
31989902
32000983
32012064
32023144
32034225
32045305
32056386
32067467
32078548
32089628
32100709
32111790
32122870
32133951
32145031
32156112
32167193
32178273
32189354
32200435
32211515
32222596
32233677
32244758
32255839
32266919
32277999
32289080
32300161
32311242
32322322
32333403
32344484
32355564
32366645
32377726
32388806
32399887
32410968
32422048
32433129
32444210
32455291
32466371
32477452
32488532
32499613
32510694
32521774
32532855
32543936
32555016
32566097
32577178
32588258
32599339
32610420
32621501
32632581
32643662
32654743
32665823
32676904
32687984
32699065
32710146
32721227
32732307
32743388
32754469
32765549
32776630
32787710
32798791
32809872
32820953
32832033
32843114
32854195
32865275
32876357
32887436
32898517
32909598
32920679
32931759
32942840
32953921
32965001
32976082
32987163
32998243
33009324
33020405
33031485
33042566
33053647
33064728
33075808
33086889
33097969
33109050
33120131
33131211
33142292
33153373
33164453
33175534
33186615
33197695
33208776
33219857
33230937
33242018
33253100
33264180
33275260
33286340
33297422
33308502
33319583
33330663
33341744
33352825
33363905
33374986
33386067
33397148
33408228
33419309
33430389
33441470
33452551
33463632
33474712
33485793
33496874
33507954
33519035
33530115
33541196
33552277
33563358
33574438
33585519
33596600
33607680
33618761
33629841
33640922
33652004
33663084
33674164
33685245
33696326
33707406
33718487
33729568
33740648
33751729
33762810
33773890
33784971
33796052
33807132
33818213
33829294
33840374
33851455
33862536
33873616
33884697
33895778
33906858
33917939
33929020
33940101
33951181
33962262
33973342
33984423
33995504
34006584
34017665
34028746
34039827
34050907
34061989
34073068
34084150
34095230
34106311
34117391
34128472
34139553
34150633
34161714
34172795
34183875
34194956
34206036
34217117
34228198
34239279
34250360
34261441
34272520
34283601
34294682
34305763
34316843
34327924
34339005
34350085
34361166
34372246
34383327
34394408
34405489
34416569
34427650
34438730
34449811
34460892
34471973
34483053
34494134
34505215
34516295
34527376
34538457
34549537
34560618
34571699
34582780
34593860
34604941
34616022
34627102
34638183
34649264
34660344
34671425
34682505
34693586
34704667
34715747
34726828
34737909
34748990
34760070
34771151
34782232
34793312
34804393
34815473
34826554
34837635
34848716
34859796
34870877
34881958
34893038
34904119
34915200
34926280
34937361
34948441
34959522
34970603
34981683
34992764
35003845
35014926
35026006
35037087
35048168
35059248
35070329
35081410
35092490
35103571
35114652
35125732
35136813
35147894
35158974
35170055
35181136
35192216
35203297
35214378
35225458
35236539
35247620
35258701
35269781
35280862
35291942
35303023
35314104
35325184
35336265
35347346
35358426
35369507
35380588
35391668
35402749
35413830
35424911
35435991
35447072
35458153
35469233
35480314
35491395
35502475
35513556
35524636
35535717
35546798
35557878
35568959
35580040
35591120
35602201
35613282
35624363
35635443
35646524
35657605
35668685
35679766
35690847
35701927
35713008
35724089
35735169
35746250
35757330
35768411
35779492
35790573
35801653
35812734
35823814
35834895
35845976
35857057
35868137
35879218
35890299
35901379
35912461
35923541
35934621
35945702
35956783
35967863
35978944
35990025
36001105
36012186
36023267
36034347
36045428
36056509
36067589
36078670
36089751
36100831
36111912
36122993
36134074
36145154
36156235
36167316
36178396
36189477
36200557
36211638
36222719
36233800
36244882
36255962
36267042
36278122
36289203
36300283
36311364
36322445
36333526
36344606
36355687
36366768
36377848
36388929
36400010
36411090
36422171
36433252
36444333
36455413
36466494
36477574
36488655
36499736
36510816
36521897
36532978
36544059
36555139
36566220
36577301
36588381
36599462
36610542
36621623
36632704
36643785
36654865
36665946
36677026
36688107
36699188
36710269
36721349
36732430
36743511
36754591
36765672
36776752
36787833
36798914
36809995
36821075
36832156
36843237
36854317
36865398
36876479
36887559
36898640
36909721
36920801
36931882
36942962
36954043
36965124
36976205
36987285
36998366
37009447
37020527
37031608
37042689
37053770
37064850
37075931
37087011
37098092
37109173
37120254
37131334
37142415
37153495
37164576
37175657
37186737
37197818
37208899
37219979
37231060
37242141
37253222
37264302
37275383
37286463
37297544
37308625
37319705
37330786
37341867
37352947
37364028
37375109
37386189
37397270
37408351
37419431
37430512
37441593
37452673
37463754
37474835
37485915
37496996
37508077
37519158
37530238
37541319
37552399
37563480
37574561
37585641
37596722
37607803
37618884
37629964
37641045
37652126
37663206
37674287
37685367
37696448
37707529
37718610
37729690
37740771
37751852
37762932
37774013
37785094
37796174
37807255
37818336
37829416
37840497
37851578
37862658
37873739
37884820
37895900
37906981
37918062
37929142
37940223
37951304
37962384
37973465
37984546
37995627
38006707
38017788
38028868
38039949
38051030
38062111
38073192
38084272
38095353
38106433
38117514
38128594
38139675
38150756
38161837
38172917
38183998
38195079
38206159
38217240
38228320
38239403
38250483
38261563
38272643
38283724
38294805
38305885
38316966
38328047
38339127
38350208
38361289
38372369
38383450
38394531
38405611
38416692
38427773
38438853
38449934
38461015
38472095
38483176
38494257
38505337
38516418
38527499
38538579
38549660
38560741
38571821
38582902
38593983
38605063
38616144
38627225
38638306
38649386
38660467
38671548
38682628
38693709
38704790
38715870
38726951
38738032
38749112
38760193
38771274
38782354
38793435
38804516
38815596
38826677
38837757
38848839
38859919
38870999
38882080
38893161
38904242
38915322
38926403
38937484
38948564
38959645
38970726
38981806
38992887
39003968
39015048
39026129
39037210
39048291
39059371
39070452
39081532
39092613
39103694
39114774
39125855
39136936
39148016
39159097
39170178
39181258
39192339
39203420
39214500
39225581
39236662
39247743
39258823
39269904
39280984
39292065
39303146
39314226
39325307
39336388
39347469
39358549
39369630
39380710
39391791
39402873
39413952
39425033
39436114
39447195
39458275
39469356
39480436
39491517
39502598
39513678
39524759
39535840
39546921
39558001
39569082
39580162
39591243
39602324
39613404
39624485
39635566
39646647
39657728
39668808
39679889
39690969
39702050
39713131
39724211
39735292
39746373
39757453
39768534
39779615
39790695
39801776
39812857
39823937
39835018
39846099
39857179
39868260
39879341
39890421
39901502
39912583
39923663
39934744
39945825
39956906
39967986
39979067
