11081
121887
288096
454306
620515
786725
952935
1119144
1296434
1462644
1628853
1795063
1961273
2127482
2293692
2459902
2626111
2792321
2958530
3124740
3290949
3457158
3623368
3789578
3955787
4121997
4288207
4454416
4620625
4786835
4953044
5119254
5285463
5462753
5628963
5795173
5961382
6127591
6293801
6460011
6626220
6792430
6958640
7124849
7291058
7457268
7623477
7789687
7955896
8122106
8288315
8454525
8620734
8786944
8953153
9119363
9285572
9462863
9629072
9795282
9961491
10127701
10293910
10460120
10626329
10792539
10958749
11124958
11291168
11457377
11623587
11789796
11956005
12122215
12288425
12454634
12620844
12787053
12953263
13119472
13285682
13462972
13629181
13795391
13961600
14127810
14294020
14460229
14626439
14792648
14958858
15125067
15291276
15457486
15623697
15789905
15956115
16122324
16288534
16454743
16620953
16787162
16953372
17119581
17285791
17463081
17629291
17795500
17961711
18127919
18294129
18460338
18626548
18792757
18958968
19125177
19291386
19457596
19623806
19790015
19956225
20122433
20288643
20454853
20621062
20787272
20953482
21119691
21285900
21463190
21629400
21795609
21961819
22128028
22294238
22460447
22626657
22792866
22959077
23125285
23291495
23457704
23623914
23790123
23956333
24122542
24288752
24454961
24621171
24787381
24953590
25119800
25286009
25463299
25629509
25795718
25961928
26128137
26294347
26460556
26626766
26792975
26959185
27125395
27291604
27457813
27624023
27790233
27956442
28122652
28288861
28455071
28621280
28787490
28953699
29119909
29286118
29463408
29629618
29795828
29962037
30128247
30294456
30460665
30626875
30793084
30959294
31125504
31291713
31457922
31624132
31790342
31956551
32122761
32288970
32455180
32621389
32787599
32953808
33120018
33286227
33452437
33629727
33795937
33962146
34128356
34294565
34460775
34626984
34793194
34959403
35125613
35291822
35458032
35624241
35790451
35956660
36122870
36289080
36455289
36621498
36787708
36953918
37120127
37286336
37452546
37629836
37796046
37962256
38128465
38294674
38460884
38627093
38793303
38959512
39125722
39291931
39458141
39624351
39790560
39956770
40122979
40289189
40455398
40621608
40787817
40954027
41120236
41286446
41452656
41629945
41796155
41962365
42128574
42294784
42460993
42627202
42793412
42959621
43125831
43292041
43458250
43624459
43790669
43956879
44123088
44289298
44455507
44621717
44787926
44954136
45120345
45286555
45452765
45630054
45796264
45962474
46128683
46294893
46461102
46627312
46793521
46959731
47125940
47292150
47458359
47624569
47790778
47956988
48123197
48289407
48455617
48621826
48788036
48954245
49120455
49286664
49452874
49630164
49796373
49962583
50128792
50295002
50461211
50627421
50793630
50959840
51126049
51292259
51458469
51624678
51790888
51957097
52123307
52289516
52455726
52621935
52788145
52954354
53120564
53286773
53452983
53630273
53796482
53962692
54128901
54295111
54461321
54627530
54793739
54959949
55126158
55292368
55458578
55624787
55790997
55957206
56123415
56289625
56455835
56622044
56788254
56954463
57120673
57286882
57453092
57630382
57796591
57962801
58129011
58295220
58461430
58627639
58793849
58960058
59126268
59292477
59458687
59624896
59791106
59957315
60123525
60289734
60455944
60622153
60788363
60954573
61120782
61286992
61453201
61619411
61796701
61962910
62129120
62295329
62461539
62627748
62793958
62960167
63126377
63292586
63458796
63625006
63791215
63957424
64123634
64289843
64456053
64622263
64788472
64954682
65120891
65287101
65453310
65619520
65796810
65963019
66129229
66295438
66461648
66627858
66794067
66960277
67126486
67292695
67458905
67625115
67791324
67957533
68123743
68289953
68456162
68622372
68788581
68954791
69121000
69287210
69453419
69619629
69796919
69963128
70129338
70295548
70461757
70627967
70794176
70960386
71126595
71292805
71459014
71625224
71791433
71957643
72123852
72290062
72456271
72622481
72788691
72954900
73121110
73287319
73453528
73619738
73797028
73963238
74129447
74295657
74461866
74628076
74794285
74960495
75126704
75292914
75459124
75625333
75791543
75957752
76123962
76290171
76456381
76622591
76788799
76955009
77121219
77287429
77453638
77619847
77797139
77963347
78129557
78295766
78461976
78628187
78794396
78960604
79126814
79293024
79459233
79625443
79791653
79957863
80124071
80290280
80456490
80622700
80788910
80955119
81121328
81287538
81453747
81619957
81797247
81963456
82129666
82295875
82462085
82628294
82794504
82960713
83126923
83293132
83459342
83625551
83791761
83957970
84124180
84290389
84456599
84622808
84789018
84955228
85121437
85287647
85453856
85620065
85797356
85963565
86129775
86295984
86462194
86628403
86794613
86960823
87127032
87293242
87459451
87625661
87791870
87958079
88124289
88290499
88456708
88622918
88789127
88955337
89121546
89287756
89453965
89620175
89786384
89963675
90129884
90296093
90462303
90628513
90794722
90960932
91127141
91293350
91459560
91625770
91791979
91958189
92124398
92290608
92456817
92623027
92789236
92955446
93121656
93287865
93454074
93620284
93786494
93963784
94129993
94296203
94462412
94628622
94794831
94961041
95127250
95293460
95459670
95625879
95792089
95958298
96124508
96290717
96456927
96623136
96789346
96955555
97121765
97287974
97454184
97620393
97786603
97963893
98130102
98296312
98462522
98628731
98794941
98961150
99127359
99293569
99459779
99625988
99792198
99958407
100124617
100290826
100457036
100623245
100789455
100955664
101121874
101288083
101454293
101620503
101786712
101964002
102130212
102296421
102462631
102628840
102795049
102961259
103127469
103293678
103459888
103626097
103792307
103958516
104124726
104290936
104457145
104623354
104789564
104955773
105121983
105288192
105454402
105620612
105786821
105964111
106130321
106296531
106462740
106628950
106795159
106961369
107127578
107293787
107459997
107626207
107792416
107958626
108124835
108291045
108457254
108623464
108789673
108955883
109122092
109288302
109454511
109620721
109786930
109964221
110130430
110296640
110462849
110629059
110795268
110961478
111127687
111293897
111460106
111626316
111792525
111958735
112124944
112291154
112457363
112623573
112789783
112955992
113122202
113288411
113454621
113620831
113787040
113964330
114130539
114296749
114462958
114629168
114795377
114961587
115127796
115294006
115460215
115626425
115792634
115958844
116125053
116291263
116457473
116623682
116789891
116956101
117122311
117288521
117454730
117620939
117787149
117953358
118130649
118296858
118463067
118629277
118795487
118961696
119127906
119294115
119460325
119626534
119792744
119958954
120125163
120291373
120457582
120623791
120790001
120956210
121122420
121288629
121454839
121621049
121787258
121953468
122130758
122296967
122463177
122629386
122795596
122961806
123128015
123294224
123460434
123626644
123792853
123959063
124125272
124291482
124457691
124623901
124790110
124956320
125122529
125288739
125454949
125621158
125787367
125953577
126130867
126297077
126463286
126629496
126795706
126961915
127128124
127294334
127460543
127626753
127792962
127959172
128125382
128291591
128457801
128624010
128790220
128956429
129122638
129288848
129455058
129621267
129787477
129953686
130130976
130297186
130463395
130629605
130795815
130962024
131128233
131294443
131460653
131626862
131793072
131959281
132125491
132291700
132457910
132624119
132790329
132956538
133122748
133288958
133455167
133621376
133787586
133953796
134131086
134297295
134463505
134629714
134795924
134962133
135128343
135294552
135460762
135626972
135793181
135959390
136125600
136291810
136458019
136624229
136790438
136956648
137122857
137289067
137455276
137621486
137787695
137953905
138131195
138297405
138463614
138629824
138796034
138962243
139128453
139294662
139460872
139627082
139793291
139959500
140125710
140291920
140458129
140624339
140790548
140956758
141122967
141289176
141455386
141621596
141787805
141954014
142120224
142297514
142463723
142629933
142796142
142962352
143128561
143294771
143460980
143627190
143793400
143959609
144125819
144292028
144458238
144624447
144790657
144956866
145123076
145289285
145455495
145621705
145787914
145954123
146120333
146297623
146463833
146630042
146796252
146962461
147128670
147294880
147461090
147627299
147793509
147959719
148125928
148292138
148458347
148624557
148790766
148956976
149123185
149289395
149455604
149621813
149788023
149954233
150120442
150297732
150463942
150630152
150796361
150962570
151128780
151294989
151461200
151627408
151793618
151959828
152126037
152292246
152458456
152624665
152790875
152957085
153123294
153289504
153455713
153621923
153788133
153954342
154120551
154297841
154464051
154630261
154796470
154962680
155128889
155295099
155461308
155627518
155793728
155959937
156126147
156292356
156458566
156624775
156790984
156957194
157123404
157289613
157455823
157622032
157788242
157954451
158120661
158297951
158464161
158630370
158796580
158962789
159128999
159295208
159461418
159627627
159793837
159960046
160126256
160292465
160458675
160624884
160791094
160957303
161123513
161289723
161455932
161622142
161788351
161954561
162120770
162298060
162464270
162630479
162796689
162962899
163129108
163295317
163461527
163627737
163793946
163960156
164126365
164292574
164458784
164624993
164791203
164957413
165123622
165289832
165456041
165622251
165788460
165954671
166120879
166298169
166464379
166630589
166796798
166963008
167129218
167295427
167461636
167627846
167794055
167960265
168126474
168292684
168458894
168625103
168791313
168957522
169123731
169289942
169456151
169622360
169788570
169954779
170120989
170287198
170464488
170630698
170796908
170963117
171129326
171295536
171461746
171627955
171794165
171960374
172126584
172292793
172459003
172625212
172791422
172957631
173123841
173290050
173456260
173622470
173788679
173954889
174121098
174287308
174464598
174630807
174797017
174963226
175129436
175295645
175461855
175628064
175794274
175960483
176126693
176292903
176459112
176625321
176791531
176957741
177123951
177290160
177456369
177622579
177788789
177954998
178121208
178287417
178464707
178630917
178797126
178963336
179129545
179295755
179461964
179628174
179794383
179960593
180126803
180293012
180459222
180625431
180791641
180957850
181124060
181290269
181456479
181622688
181788898
181955107
182121317
182287526
182464817
182631026
182797236
182963445
183129655
183295864
183462074
183628283
183794493
183960702
184126912
184293121
184459331
184625540
184791750
184957959
185124169
185290379
185456588
185622798
185789007
185955217
186121426
186287636
186464926
186631135
186797345
186963554
187129764
187295974
187462183
187628392
187794602
187960811
188127021
188293231
188459440
188625649
188791859
188958069
189124279
189290488
189456697
189622907
189789116
189955326
190121535
190287745
190465035
190631245
190797454
190963664
191129873
191296083
191462292
191628502
191794712
191960921
192127130
192293340
192459550
192625759
192791969
192958178
193124388
193290598
193456807
193623016
193789226
193955435
194121645
194287854
194465144
194631354
194797564
194963773
195129983
195296192
195462402
195628611
195794821
195961030
196127240
196293450
196459659
196625868
196792078
196958288
197124497
197290706
197456916
197623125
197789335
197955545
198121754
198287964
198454173
198631464
198797673
198963883
199130093
199296302
199462512
199628721
199794930
199961140
200127349
200293559
200459770
200625978
200792188
200958397
201124606
201290816
201457026
201623235
201789445
201955655
202121864
202288074
202454283
202631573
202797782
202963992
203130202
203296411
203462621
203628830
203795040
203961249
204127458
204293668
204459878
204626087
204792296
204958506
205124716
205290925
205457135
205623344
205789554
205955763
206121973
206288182
206454392
206631682
206797892
206964101
207130310
207296520
207462730
207628939
207795149
207961358
208127568
208293777
208459987
208626196
208792406
208958615
209124825
209291035
209457244
209623454
209789663
209955873
210122082
210288292
210454501
210631791
210798001
210964210
211130420
211296630
211462839
211629049
211795258
211961468
212127677
212293887
212460096
212626306
212792515
212958725
213124934
213291144
213457353
213623563
213789773
213955982
214122191
214288401
214454611
214631901
214798110
214964320
215130529
215296739
215462948
215629158
215795367
215961577
216127787
216293996
216460205
216626415
216792624
216958834
217125043
217291253
217457463
217623672
217789882
217956091
218122301
218288510
218454720
218632010
218798220
218964429
219130639
219296848
219463058
219629267
219795477
219961687
220127896
220294105
220460315
220626524
220792734
220958943
221125153
221291362
221457572
221623781
221789991
221956200
222122410
222288620
222454829
222632119
222798330
222964538
223130748
223296957
223463167
223629377
223795586
223961796
224128005
224294215
224460424
224626634
224792843
224959053
225125262
225291472
225457681
225623891
225790101
225956310
226122520
226288729
226454939
226621148
226798438
226964648
227130857
227297067
227463276
227629486
227795696
227961905
228128114
228294324
228460533
228626743
228792953
228959162
229125372
229291581
229457790
229624000
229790210
229956419
230122629
230288838
230455048
230621257
230798548
230964757
231130967
231297176
231463386
231629595
231795805
231962014
232128224
232294433
232460643
232626852
232793062
232959271
233125481
233291691
233457900
233624110
233790319
233956528
234122738
234288948
234455157
234621367
234798657
234964867
235131076
235297286
235463495
235629705
235795914
235962124
236128333
236294543
236460752
236626962
236793171
236959381
237125590
237291800
237458009
237624219
237790428
237956638
238122847
238289057
238455267
238621476
238798766
238964976
239131185
239297395
239463604
239629814
239796023
239962233
240128442
240294652
240460861
240627071
240793280
240959490
241125699
241291909
241458119
241624328
241790538
241956747
242122957
242289166
242455376
242621585
242798875
242965085
243131295
243297504
243463714
243629923
243796133
243962342
244128552
244294761
244460971
244627180
244793390
244959599
245125809
245292018
245458228
245624438
245790647
245956857
246123066
246289276
246455485
246621695
246798985
246965195
247131404
247297614
247463823
247630033
247796242
247962452
248128661
248294871
248461080
248627290
248793499
248959709
249125919
249292128
249458337
249624547
249790756
249956966
250123176
250289385
250455595
250621804
250799094
250965304
251131514
251297723
251463932
251630142
251796351
251962561
252128771
252294980
252461189
252627399
252793608
252959818
253126028
253292237
253458446
253624656
253790866
253957075
254123285
254289494
254455704
254621913
254788123
254965413
255131623
255297832
255464041
255630251
255796461
255962670
256128880
256295089
256461299
256627508
256793718
256959927
257126137
257292346
257458556
257624765
257790975
257957184
258123394
258289604
258455813
258622023
258788232
258965522
259131732
259297943
259464151
259630361
259796570
259962780
260128990
260295200
260461408
260627618
260793828
260960037
261126247
261292457
261458665
261624875
261791085
261957294
262123504
262289715
262455923
262622132
262788342
262965631
263131841
263298051
263464260
263630470
263796679
263962889
264129098
264295308
264461517
264627727
264793936
264960146
265126355
265292565
265458774
265624984
265791193
265957403
266123612
266289823
266456032
266622241
266788451
266965741
267131951
267298160
267464370
267630579
267796789
267962998
268129208
268295417
268461627
268627836
268794046
268960256
269126465
269292674
269458884
269625094
269791303
269957513
270123722
270289931
270456141
270622351
270788560
270965850
271132060
271298269
271464479
271630689
271796898
271963108
272129317
272295526
272461736
272627946
272794155
272960365
273126574
273292784
273458993
273625203
273791412
273957622
274123832
274290041
274456251
274622460
274788669
274965960
275132169
275298379
275464588
275630798
275797007
275963217
276129426
276295636
276461846
276628055
276794264
276960474
277126684
277292893
277459103
277625312
277791522
277957731
278123941
278290150
278456360
278622569
278788779
278966069
279132278
279298488
279464698
279630907
279797117
279963326
280129536
280295745
280461955
280628164
280794374
280960583
281126793
281293003
281459212
281625422
281791631
281957840
282124050
282290260
282456469
282622679
282788888
282955098
283132388
283298598
283464807
283631017
283797226
283963436
284129645
284295855
284462064
284628274
284794483
284960693
285126903
285293112
285459321
285625531
285791741
285957950
286124160
286290369
286456578
286622788
286788998
286955207
287132497
287298707
287464916
287631126
287797335
287963545
288129754
288295964
288462173
288628384
288794592
288960802
289127012
289293221
289459430
289625640
289791850
289958059
290124269
290290478
290456688
290622898
290789107
290955316
291132607
291298816
291465026
291631235
291797445
291963654
292129864
292296073
292462283
292628493
292794702
292960912
293127121
293293330
293459540
293625750
293791960
293958169
294124378
294290588
294456798
294623007
294789216
294955426
295132716
295298926
295465135
295631345
295797555
295963764
296129973
296296183
296462392
296628602
296794811
296961021
297127231
297293440
297459650
297625859
297792069
297958278
298124488
298290697
298456907
298623116
298789326
298955535
299132825
299299035
299465244
299631454
299797664
299963873
