166210
332419
498628
675919
842129
1008338
1174547
1340757
1506966
1673176
1839386
2005595
2171804
2338014
2504225
2670434
2836644
3002853
3169063
3335272
3501481
3667691
3833901
4000110
4166319
4332529
4498738
4676028
4842238
5008447
5174657
5340866
5507076
5673285
5839495
6005704
6171914
6338123
6504333
6670542
6836752
7002961
7169171
7335380
7501590
7667799
7834009
8000218
8166428
8332637
8498847
8676137
8842346
9008556
9174766
9340975
9507184
9673394
9839603
10005813
10172022
10338232
10504442
10670651
10836860
11003070
11169279
11335489
11501698
11667908
11834117
12000327
12166536
12332746
12498954
12676245
12842455
13008665
13174874
13341083
13507293
13673502
13839712
14005922
14172131
14338340
14504550
14670759
14836969
15003179
15169388
15335597
15501807
15668016
15834226
16000436
16166645
16332855
16499064
16676354
16842564
17008773
17174983
17341192
17507402
17673611
17839820
18006031
18172240
18338449
18504659
18670868
18837077
19003287
19169496
19335706
19501915
19668125
19834335
20000544
20166754
20332963
20499173
20676463
20842672
21008882
21175092
21341301
21507510
21673720
21839929
22006139
22172348
22338558
22504768
22670977
22837186
23003396
23169605
23335815
23502024
23668234
23834443
24000653
24166862
24333072
24499281
24665491
24842781
25008990
25175201
25341409
25507619
25673828
25840038
26006247
26172457
26338666
26504876
26671085
26837295
27003504
27169714
27335923
27502133
27668342
27834552
28000761
28166971
28333180
28499390
28665599
28842889
29009099
29175309
29341518
29507727
29673937
29840147
30006356
30172566
30338775
30504985
30671194
30837403
31003613
31169823
31336032
31502241
31668451
31834661
32000870
32167079
32333289
32499498
32665708
32842998
33009208
33175417
33341627
33507836
33674046
33840255
34006465
34172674
34338884
34505094
34671303
34837512
35003722
35169931
35336141
35502350
35668560
35834769
36000979
36167188
36333398
36499607
36665817
36843107
37009316
37175526
37341735
37507945
37674154
37840364
38006573
38172783
38338992
38505202
38671411
38837621
39003830
39170040
39336250
39502459
39668668
39834878
40001087
40167297
40333506
40499716
40665925
40843215
41009425
41175635
41341844
41508054
41674263
41840472
42006682
42172891
42339101
42505311
42671520
42837729
43003939
43170148
43336358
43502567
43668777
43834987
44001196
44167405
44333615
44499825
44666034
44843324
45009533
45175743
45341953
45508162
45674371
45840581
46006791
46173000
46339210
46505419
46671629
46837838
47004048
47170257
47336467
47502676
47668886
47835095
48001305
48167514
48333724
48499933
48666143
48843433
49009642
49175852
49342061
49508271
49674480
49840690
50006899
50173109
50339318
50505528
50671737
50837946
51004156
51170365
51336576
51502785
51668994
51835204
52001413
52167623
52333832
52500042
52666251
52832460
53009751
53175960
53342170
53508380
53674589
53840798
54007008
54173217
54339427
54505636
54671846
54838056
55004265
55170474
55336684
55502894
55669103
55835312
56001522
56167732
56333941
56500151
56666360
56832569
57009859
57176069
57342279
57508488
57674697
57840907
58007117
58173326
58339535
58505745
58671954
58838164
59004373
59170583
59336793
59503002
59669212
59835421
60001630
60167840
60334050
60500259
60666469
60832678
61009968
61176178
61342387
61508598
61674807
61841016
62007226
62173435
62339644
62505854
62672065
62838273
63004483
63170692
63336902
63503111
63669321
63835530
64001739
64167949
64334158
64500368
64666578
64832787
65010077
65176286
65342496
65508705
65674915
65841124
66007334
66173544
66339753
66505962
66672172
66838382
67004591
67170800
67337010
67503219
67669429
67835638
68001848
68168057
68334267
68500476
68666686
68832895
69010186
69176395
69342605
69508814
69675023
69841233
70007443
70173652
70339862
70506071
70672281
70838490
71004700
71170909
71337118
71503328
71669538
71835747
72001957
72168166
72334376
72500585
72666795
72833004
73010294
73176504
73342713
73508923
73675132
73841342
74007551
74173760
74339970
74506180
74672389
74838599
75004808
75171017
75337227
75503436
75669646
75835856
76002065
76168274
76334484
76500693
76666903
76833113
76999322
77176612
77342822
77509031
77675241
77841450
78007660
78173869
78340079
78506288
78672498
78838707
79004917
79171126
79337336
79503545
79669755
79835964
80002174
80168383
80334593
80500802
80667012
80833221
80999431
81176721
81342930
81509140
81675350
81841559
82007768
82173978
82340187
82506397
82672607
82838816
83005026
83171235
83337444
83503654
83669864
83836073
84002282
84168492
84334702
84500911
84667120
84833330
84999540
85176829
85343039
85509248
85675458
85841667
86007877
86174086
86340296
86506505
86672715
86838924
87005136
87171343
87337553
87503762
87669972
87836181
88002391
88168600
88334810
88501019
88667229
88833438
88999648
89176938
89343148
89509357
89675567
89841776
90007986
90174195
90340405
90506614
90672824
90839033
91005243
91171452
91337662
91503871
91670081
91836290
92002500
92168709
92334919
92501128
92667338
92833547
92999757
93177047
93343256
93509466
93675676
93841885
94008094
94174304
94340514
94506723
94672932
94839142
95005352
95171561
95337770
95503980
95670190
95836399
96002608
96168818
96335027
96501237
96667446
96833656
96999866
97177156
97343365
97509574
97675784
97841993
98008203
98174413
98340622
98506831
98673041
98839250
99005460
99171670
99337879
99504088
99670298
99836507
100002717
100168927
100335136
100501346
100667555
100833764
100999974
101177265
101343474
101509683
101675893
101842102
102008312
102174521
102340731
102506940
102673150
102839359
103005569
103171778
103337988
103504197
103670407
103836616
104002826
104169036
104335245
104501455
104667664
104833873
105000083
105166293
105343582
105509792
105676002
105842211
106008421
106174630
106340840
106507049
106673259
106839468
107005678
107171887
107338097
107504306
107670516
107836725
108002935
108169144
108335354
108501563
108667773
108833982
109000192
109166401
109343692
109509901
109676110
109842320
110008529
110174739
110340948
110507158
110673367
110839577
111005786
111171996
111338206
111504415
111670624
111836834
112003043
112169253
112335463
112501672
112667881
112834091
113000300
113166510
113343800
113510010
113676219
113842429
114008638
114174848
114341057
114507267
114673476
114839685
115005894
115172104
115338313
115504523
115670733
115836942
116003151
116169361
116335571
116501780
116667989
116834199
117000408
117166618
117343908
117510118
117676327
117842537
118008746
118174956
118341165
118507375
118673584
118839794
119006003
119172213
119338422
119504632
119670841
119837051
120003260
120169470
120335679
120501889
120668098
120834308
121000517
121166727
121344017
121510227
121676436
121842645
122008855
122175064
122341274
122507483
122673694
122839903
123006114
123172322
123338532
123504743
123670952
123837160
124003370
124169579
124335789
124501999
124668208
124834417
125000626
125166837
125344126
125510336
125676545
125842754
126008964
126175173
126341383
126507593
126673802
126840011
127006221
127172430
127338640
127504849
127671059
127837269
128003478
128169687
128335897
128502107
128668316
128834525
129000735
129166944
129344234
129510444
129676653
129842863
130009072
130175282
130341492
130507701
130673911
130840120
131006329
131172539
131338748
131504958
131671167
131837377
132003587
132169796
132336005
132502215
132668424
132834634
133000843
133167053
133333262
133510552
133676762
133842971
134009181
134175390
134341600
134507809
134674019
134840228
135006438
135172647
135338857
135505066
135671276
135837485
136003695
136169904
136336114
136502323
136668533
136834742
137000952
137167161
137333371
137510661
137676870
137843080
138009289
138175499
138341708
138507918
138674127
138840337
139006546
139172756
139338965
139505175
139671384
139837594
140003803
140170013
140336222
140502432
140668641
140834851
141001060
141167270
141333479
141510769
141676979
141843188
142009398
142175607
142341817
142508026
142674236
142840445
143006655
143172864
143339074
143505283
143671493
143837702
144003912
144170121
144336331
144502540
144668750
144834959
145001169
145167378
145333588
145510878
145677087
145843297
146009506
146175716
146341925
146508135
146674344
146840554
147006763
147172973
147339182
147505392
147671601
147837811
148004020
148170230
148336439
148502649
148668858
148835068
149001277
149167487
149333696
149510986
149677196
149843406
150009615
150175824
150342034
150508243
150674453
150840663
151006872
151173082
151339291
151505500
151671710
151837919
152004129
152170338
152336548
152502757
152668967
152835177
153001386
153167595
153333805
153511095
153677305
153843514
154009724
154175933
154342143
154508352
154674562
154840771
155006981
155173190
155339400
155505609
155671819
155838028
156004238
156170447
156336657
156502866
156669075
156835285
157001494
157167704
157333913
157511204
157677413
157843623
158009832
158176042
158342251
158508461
158674670
158840879
159007089
159173299
159339508
159505717
159671927
159838137
160004347
160170555
160336765
160502975
160669184
160835394
161001604
161167812
161334022
161500231
161677522
161843731
162009941
162176150
162342360
162508569
162674779
162840988
163007198
163173407
163339617
163505826
163672036
163838245
164004455
164170664
164336874
164503083
164669293
164835502
165001712
165167921
165334131
165500340
165677631
165843840
166010049
166176259
166342468
166508678
166674887
166841097
167007306
167173516
167339725
167505935
167672144
167838354
168004563
168170773
168336982
168503192
168669401
168835611
169001820
169168030
169334239
169500449
169677739
169843949
170010158
170176368
170342577
170508786
170674996
170841205
171007415
171173625
171339834
171506044
171672253
171838462
172004672
172170882
172337091
172503300
172669510
172835720
173001929
173168138
173334348
173500557
173677848
173844057
174010267
174176476
174342686
174508895
174675105
174841314
175007524
175173734
175339943
175506152
175672362
175838571
176004781
176170990
176337200
176503409
176669619
176835828
177002038
177168247
177334457
177500666
177677957
177844166
178010375
178176585
178342795
178509004
178675213
178841423
179007633
179173842
179340051
179506261
179672470
179838680
180004889
180171099
180337308
180503518
180669727
180835937
181002146
181168356
181334565
181500775
181678066
181844275
182010484
182176694
182342903
182509113
182675322
182841532
183007742
183173951
183340161
183506370
183672579
183838789
184004998
184171208
184337418
184503627
184669836
184836046
185002255
185168465
185334676
185500884
185678174
185844383
186010593
186176802
186343012
186509221
186675431
186841640
187007850
187174059
187340269
187506478
187672688
187838898
188005107
188171316
188337526
188503735
188669945
188836154
189002364
189168573
189334783
189500992
189667202
189844492
190010701
190176911
190343120
190509330
190675539
190841749
191007958
191174168
191340378
191506587
191672797
191839006
192005216
192171425
192337634
192503844
192670054
192836263
193002473
193168682
193334892
193501101
193667311
193844601
194010810
194177020
194343229
194509439
194675648
194841857
195008067
195174277
195340486
195506696
195672905
195839114
196005324
196171533
196337743
196503953
196670162
196836372
197002581
197168790
197335000
197501210
197667419
197844709
198010919
198177128
198343338
198509547
198675757
198841966
199008176
199174386
199340595
199506804
199673014
199839223
200005433
200171642
200337852
200504061
200670271
200836480
201002690
201168899
201335109
201501319
201667528
201844818
202011028
202177237
202343446
202509656
202675866
202842075
203008284
203174494
203340704
203506913
203673123
203839332
204005542
204171751
204337961
204504170
204670380
204836589
205002798
205169008
205335218
205501427
205667637
205844927
206011136
206177346
206343555
206509765
206675974
206842184
207008393
207174602
207340812
207507022
207673231
207839441
208005650
208171860
208338069
208504279
208670489
208836698
209002907
209169117
209335326
209501536
209667745
209845036
210011245
210177455
210343664
210509874
210676083
210842293
211008502
211174712
211340921
211507131
211673340
211839550
212005759
212171969
212338178
212504388
212670597
212836807
213003016
213169226
213335435
213501645
213667854
213845144
214011354
214177564
214343773
214509983
214676192
214842402
215008611
215174821
215341030
215507240
215673449
215839659
216005868
216172078
216338287
216504496
216670706
216836916
217003125
217169335
217335544
217501754
217667963
217834173
218011463
218177672
218343882
218510091
218676302
218842510
219008720
219174929
219341139
219507348
219673558
219839767
220005977
220172186
220338396
220504605
220670815
220837025
221003234
221169442
221335652
221501861
221668071
221834281
222011571
222177780
222343990
222510199
222676410
222842620
223008829
223175038
223341248
223507457
223673667
223839876
224006086
224172295
224338505
224504714
224670924
224837133
225003343
225169552
225335762
225501971
225668181
225834390
226011681
226177890
226344099
226510309
226676518
226842728
227008937
227175147
227341357
227507566
227673776
227839985
228006195
228172404
228338614
228504823
228671032
228837242
229003452
229169661
229335870
229502080
229668290
229834499
230011789
230177999
230344208
230510417
230676627
230842837
231009046
231175255
231341465
231507675
231673884
231840093
232006303
232172513
232338722
232504931
232671141
232837351
233003560
233169770
233335979
233502189
233668398
233834608
234011898
234178107
234344317
234510526
234676736
234842945
235009155
235175364
235341574
235507784
235673993
235840202
236006412
236172621
236338831
236505040
236671250
236837460
237003669
237169878
237336088
237502297
237668507
237834716
238012006
238178216
238344425
238510635
238676845
238843054
239009264
239175473
239341683
239507892
239674102
239840311
240006521
240172730
240338940
240505149
240671359
240837568
241003778
241169987
241336197
241502406
241668616
241834825
242012116
242178325
242344535
242510744
242676954
242843163
243009372
243175583
243341792
243508001
243674210
243840420
244006630
244172841
244339049
244505258
244671468
244837677
245003887
245170097
245336306
245502515
245668725
245834935
246001144
246178434
246344643
246510852
246677062
246843272
247009481
247175691
247341900
247508110
247674319
247840528
248006738
248172948
248339157
248505367
248671576
248837785
249003995
249170205
249336414
249502624
249668833
249835043
250001252
250178542
250344752
250510961
250677171
250843380
251009590
251175799
251342009
251508218
251674428
251840637
252006847
252173056
252339266
252505475
252671685
252837894
253004104
253170313
253336523
253502732
253668942
253835152
254001361
254178651
254344861
254511070
254677279
254843489
255009698
255175908
255342118
255508327
255674536
255840746
256006955
256173165
256339375
256505584
256671793
256838003
257004212
257170422
257336632
257502841
257669050
257835260
258001469
258178759
258344969
258511179
258677388
258843598
259009807
259176017
259342227
259508436
259674645
259840856
260007064
260173274
260339483
260505693
260671902
260838112
261004321
261170531
261336741
261502950
261669159
261835369
262001578
262178868
262345078
262511288
262677497
262843706
263009916
263176126
263342335
263508544
263674754
263840964
264007173
264173382
264339592
264505801
264672011
264838221
265004430
265170640
265336849
265503059
265669268
265835478
266001687
266178977
266345186
266511397
266677606
266843815
267010024
267176234
267342443
267508653
267674862
267841072
268007282
268173491
268339700
268505912
268672119
268838329
269004539
269170748
269336958
269503167
269669377
269835586
270001796
270179086
270345295
270511505
270677714
270843924
271010133
271176343
271342552
271508762
271674971
271841181
272007390
272173600
272339809
272506019
272672228
272838438
273004647
273170857
273337066
273503276
273669485
273835695
274001905
274168114
274345404
274511614
274677823
274844033
275010242
275176452
275342661
275508871
275675080
275841289
276007499
276173709
276339918
276506128
276672337
276838547
277004756
277170966
277337175
277503385
277669594
277835804
278002013
278168223
278345513
278511722
278677932
278844141
279010351
279176560
279342770
279508979
279675189
279841398
280007608
280173817
280340027
280506236
280672446
280838655
281004865
281171074
281337284
281503493
281669703
281835913
282002122
282168331
282345622
282511831
282678041
282844250
283010460
283176669
283342879
283509088
283675297
283841507
284007717
284173926
284340136
284506345
284672555
284838764
285004974
285171183
285337393
285503602
285669812
285836021
286002231
286168440
286345730
286511940
286678149
286844359
287010569
287176778
287342987
287509197
287675406
287841616
288007825
288174035
288340244
288506454
288672663
288838873
289005082
289171292
289337501
289503711
289669920
289836130
290002340
290168549
290345839
290512048
290678258
290844468
291010677
291176886
291343096
291509306
291675515
291841725
292007934
292174143
292340353
292506562
292672772
292838982
293005191
293171400
293337610
293503819
293670029
293836239
294002448
294168658
294345948
294512157
294678367
294844576
295010786
295176995
295343205
295509414
295675624
295841834
296008043
296174252
296340462
296506671
296672881
296839090
297005300
297171509
297337719
297503928
297670138
297836348
298002557
298168766
298334976
298512266
298678475
298844685
299010895
299177104
299343314
299509523
299675733
299841942
