11080
121887
288096
454306
620515
786725
952934
1119144
1285353
1451563
1617772
1783982
1950191
2116401
2293691
2459901
2626111
2792320
2958530
3124739
3290949
3457158
3623368
3789577
3955787
4121996
4288206
4454415
4620625
4786834
4953044
5119253
5285463
5451672
5617882
5784091
5950301
6116510
6293800
6460010
6626219
6792429
6958638
7124848
7291057
7457267
7623476
7789686
7955895
8122105
8288314
8454524
8620733
8786943
8953153
9119362
9285571
9451781
9617990
9784200
9950409
10116619
10293909
10460119
10626328
10792538
10958747
11124956
11291166
11457376
11623585
11789795
11956004
12122214
12288423
12454633
12620842
12787051
12953261
13119471
13285680
13451890
13618099
13784309
13950518
14116727
14294017
14460227
14626436
14792646
14958856
15125065
15291274
15457484
15623694
15789903
15956113
16122322
16288532
16454741
16620950
16787160
16953369
17119579
17285789
17451998
17618207
17784417
17950627
18116836
18294127
18460336
18626546
18792757
18958965
19125175
19291384
19457593
19623803
19790012
19956222
20122432
20288641
20454850
20621060
20787269
20953478
21119689
21285898
21452107
21618316
21784526
21950736
22116946
22294235
22460444
22626654
22792864
22959073
23125283
23291492
23457702
23623911
23790120
23956330
24122540
24288749
24454958
24621168
24787378
24953587
25119797
25286006
25452215
25618425
25784634
25950844
26117054
26283263
26460553
26626762
26792972
26959182
27125391
27291600
27457810
27624020
27790229
27956439
28122648
28288858
28455067
28621277
28787486
28953696
29119905
29286115
29452324
29618534
29784743
29950952
30117162
30283372
30460662
30626871
30793081
30959290
31125500
31291709
31457919
31624128
31790338
31956547
32122757
32288966
32455176
32621385
32787595
32953804
33120014
33286224
33452433
33618642
33784852
33951061
34117271
34283482
34460771
34626980
34793190
34959399
35125609
35291818
35458028
35624237
35790447
35956656
36122866
36289075
36455285
36621494
36787703
36953913
37120123
37286332
37452542
37618751
37784961
37951170
38117380
38283590
38460879
38627088
38793299
38959508
39125717
39291927
39458136
39624346
39790555
39956765
40122974
40289184
40455393
40621603
40787812
40954022
41120231
41286441
41452650
41618860
41785069
41951279
42117488
42283698
42460988
42627197
42793407
42959616
43125826
43292035
43458245
43624455
43790664
43956873
44123083
44289293
44455502
44621711
44787921
44954131
45120340
45286549
45452759
45618968
45785178
45951387
46117597
46283806
46461097
46627306
46793516
46959725
47125935
47292144
47458354
47624563
47790773
47956982
48123192
48289401
48455611
48621820
48788030
48954239
49120449
49286658
49452868
49619077
49785287
49951496
50117706
50283915
50461205
50627415
50793624
50959834
51126043
51292253
51458462
51624672
51790881
51957091
52123300
52289510
52455719
52621929
52788138
52954348
53120557
53286767
53452976
53619186
53785395
53951605
54117814
54284024
54450233
54627525
54793733
54959943
55126152
55292362
55458571
55624781
55790990
55957200
56123409
56289619
56455828
56622038
56788247
56954457
57120666
57286875
57453085
57619295
57785504
57951714
58117923
58284133
58450342
58627633
58793842
58960052
59126261
59292470
59458680
59624889
59791099
59957308
60123518
60289727
60455937
60622146
60788356
60954565
61120775
61286984
61453194
61619404
61785613
61951822
62118032
62284241
62450451
62627741
62793950
62960160
63126370
63292579
63458788
63624998
63791208
63957417
64123626
64289836
64456046
64622255
64788465
64954674
65120884
65287093
65453302
65619512
65785722
65951931
66118141
66284350
66450560
66627850
66794059
66960269
67126478
67292688
67458897
67625107
67791316
67957526
68123735
68289945
68456154
68622364
68788574
68954783
69120992
69287202
69453411
69619621
69785830
69952040
70118250
70284459
70450668
70627959
70794168
70960377
71126587
71292797
71459006
71625216
71791425
71957634
72123844
72290054
72456263
72622473
72788682
72954891
73121101
73287311
73453520
73619730
73785939
73952149
74118359
74284568
74450777
74628067
74794277
74960486
75126695
75292905
75459115
75625324
75791534
75957743
76123953
76290162
76456371
76622581
76788790
76955000
77121209
77287419
77453629
77619838
77786048
77952257
78118467
78284676
78450886
78628176
78794386
78960596
79126805
79293014
79459225
79625433
79791643
79957854
80124063
80290271
80456481
80622690
80788902
80955110
81121319
81287528
81453738
81619947
81786157
81952367
82118576
82284786
82450995
82617204
82794494
82960704
83126913
83293123
83459332
83625542
83791751
83957961
84124170
84290380
84456590
84622799
84789009
84955219
85121427
85287637
85453847
85620056
85786266
85952475
86118685
86284894
86451103
86617313
86794603
86960813
87127022
87293231
87459441
87625651
87791860
87958069
88124279
88290489
88456698
88622908
88789117
88955327
89121536
89287746
89453955
89620165
89786374
89952584
90118794
90285003
90451212
90617421
90794712
90960922
91127131
91293340
91459550
91625760
91791969
91958178
92124389
92290597
92456807
92623016
92789226
92955436
93121645
93287855
93454064
93620273
93786483
93952693
94118902
94285112
94451321
94617531
94794821
94961030
95127240
95293449
95459659
95625868
95792078
95958287
96124497
96290706
96456916
96623125
96789335
96955544
97121754
97287963
97454173
97620383
97786592
97952801
98119012
98285220
98451430
98617639
98794930
98961139
99127348
99293558
99459768
99625977
99792187
99958396
100124606
100290815
100457025
100623234
100789444
100955653
101121863
101288072
101454282
101620491
101786701
101952911
102119120
102285329
102451539
102617749
102795039
102961248
103127457
103293667
103459877
103626086
103792296
103958505
104124715
104290924
104457134
104623343
104789553
104955762
105121972
105288181
105454391
105620600
105786810
105953019
106119229
106285438
106451648
106617857
106795147
106961357
107127566
107293776
107459985
107626195
107792405
107958614
108124824
108291033
108457243
108623452
108789662
108955871
109122081
109288290
109454500
109620709
109786919
109953128
110119338
110285547
110451757
110617966
110784176
110961466
111127675
111293885
111460094
111626304
111792514
111958723
112124932
112291142
112457352
112623561
112789770
112955980
113122190
113288399
113454608
113620818
113787028
113953237
114119447
114285656
114451866
114618075
114784284
114961575
115127784
115293994
115460203
115626413
115792622
115958832
116125041
116291251
116457460
116623670
116789879
116956089
117122298
117288508
117454718
117620927
117787137
117953346
118119556
118285765
118451975
118618184
118784394
118961684
119127893
119294103
119460312
119626522
119792731
119958941
120125150
120291360
120457569
120623779
120789989
120956198
121122408
121288617
121454827
121621036
121787245
121953455
122119665
122285874
122452084
122618293
122784502
122961793
123128002
123294212
123460421
123626631
123792840
123959050
124125259
124291469
124457678
124623888
124790097
124956307
125122516
125288726
125454935
125621145
125787354
125953564
126119773
126285983
126452192
126618402
126784611
126961901
127128111
127294321
127460530
127626740
127792950
127959159
128125368
128291578
128457787
128623997
128790206
128956416
129122625
129288835
129455044
129621254
129787463
129953673
130119882
130286092
130452301
130618511
130784720
130962011
131128220
131294430
131460639
131626849
131793058
131959267
132125477
132291687
132457896
132624106
132790315
132956525
133122734
133288944
133455153
133621363
133787572
133953782
134119991
134286201
134452410
134618620
134784829
134962119
135128329
135294538
135460748
135626957
135793167
135959376
136125586
136291796
136458005
136624214
136790424
136956633
137122843
137289053
137455262
137621472
137787681
137953890
138120100
138286309
138452519
138618729
138784938
138951148
139128438
139294648
139460857
139627067
139793277
139959486
140125695
140291905
140458115
140624324
140790534
140956743
141122952
141289162
141455371
141621581
141787792
141954000
142120209
142286419
142452628
142618838
142785049
142951257
143128547
143294756
143460966
143627175
143793385
143959594
144125804
144292013
144458223
144624432
144790642
144956851
145123061
145289270
145455480
145621689
145787900
145954109
146120318
146286527
146452738
146618946
146785156
146951366
147128656
147294865
147461075
147627284
147793494
147959703
148125913
148292122
148458332
148624542
148790751
148956960
149123170
149289379
149455589
149621798
149788008
149954218
150120427
150286636
150452846
150619056
150785265
150951474
151128765
151294974
151461184
151627393
151793603
151959813
152126022
152292231
152458441
152624650
152790860
152957069
153123279
153289488
153455698
153621907
153788117
153954326
154120536
154286745
154452955
154619165
154785374
154951584
155128874
155295083
155461293
155627502
155793712
155959922
156126131
156292340
156458549
156624759
156790969
156957178
157123388
157289597
157455807
157622016
157788226
157954436
158120645
158286854
158453064
158619273
158785483
158951692
159128983
159295192
159461401
159627611
159793821
159960030
160126239
160292449
160458659
160624868
160791077
160957287
161123497
161289706
161455916
161622125
161788335
161954544
162120754
162286963
162453173
162619382
162785592
162951801
163129092
163295301
163461510
163627720
163793930
163960139
164126349
164292558
164458768
164624977
164791187
164957396
165123606
165289815
165456025
165622234
165788444
165954653
166120863
166287072
166453282
166619491
166785701
166951910
167118120
167295410
167461619
167627829
167794039
167960248
168126458
168292667
168458877
168625086
168791296
168957505
169123715
169289924
169456134
169622343
169788553
169954762
170120972
170287181
170453391
170619600
170785810
170952019
171118228
171295519
171461728
171627938
171794147
171960357
172126566
172292776
172458985
172625195
172791404
172957614
173123824
173290033
173456243
173622452
173788662
173954871
174121080
174287290
174453499
174619709
174785919
174952128
175118337
175295628
175461837
175628047
175794256
175960466
176126675
176292885
176459095
176625304
176791513
176957723
177123933
177290142
177456351
177622561
177788770
177954980
178121190
178287399
178453609
178619818
178786028
178952237
179118446
179295737
179461946
179628156
179794366
179960575
180126784
180292994
180459203
180625413
180791622
180957832
181124042
181290251
181456460
181622670
181788879
181955089
182121299
182287508
182453718
182619927
182786137
182952346
183118556
183295846
183462055
183628264
183794474
183960684
184126893
184293103
184459312
184625522
184791731
184957941
185124150
185290360
185456569
185622779
185788988
185955198
186121407
186287617
186453826
186620036
186786246
186952455
187118664
187295955
187462164
187628374
187794583
187960793
188127002
188293212
188459421
188625631
188791840
188958050
189124259
189290469
189456678
189622888
189789097
189955307
190121516
190287726
190453936
190620145
190786354
190952564
191118774
191284983
191462273
191628483
191794692
191960902
192127111
192293321
192459530
192625740
192791949
192958159
193124368
193290578
193456787
193622997
193789206
193955416
194121625
194287835
194454044
194620254
194786463
194952673
195118882
195285092
195462382
195628591
195794801
195961011
196127220
196293429
196459639
196625849
196792058
196958268
197124477
197290687
197456896
197623106
197789315
197955525
198121734
198287944
198454153
198620363
198786572
198952782
199118991
199285201
199462491
199628702
199794910
199961120
200127329
200293539
200459749
200625958
200792167
200958377
201124587
201290796
201457005
201623216
201789425
201955636
202121843
202288053
202454262
202620473
202786681
202952891
203119101
203285312
203462600
203628809
203795019
203961228
204127438
204293647
204459857
204626067
204792276
204958485
205124695
205290904
205457114
205623324
205789533
205955743
206121952
206288162
206454371
206620581
206786790
206953000
207119209
207285419
207462709
207628918
207795128
207961337
208127547
208293756
208459966
208626175
208792385
208958594
209124804
209291013
209457223
209623432
209789642
209955851
210122061
210288270
210454480
210620690
210786899
210953108
211119318
211285527
211462818
211629027
211795238
211961446
212127656
212293865
212460075
212626285
212792494
212958704
213124914
213291122
213457332
213623541
213789751
213955960
214122170
214288380
214454589
214620799
214787008
214953218
215119427
215285637
215462927
215629136
215795346
215961555
216127765
216293975
216460184
216626393
216792603
216958813
217125022
217291231
217457441
217623651
217789860
217956070
218122279
218288488
218454698
218620908
218787117
218953327
219119536
219285746
219451955
219629245
219795455
219961664
220127874
220294083
220460293
220626502
220792712
220958921
221125131
221291340
221457550
221623759
221789969
221956178
222122388
222288597
222454807
222621017
222787226
222953436
223119645
223285854
223452064
223629354
223795564
223961773
224127983
224294192
224460402
224626611
224792821
224959030
225125240
225291449
225457659
225623868
225790078
225956287
226122497
226288706
226454916
226621125
226787335
226953544
227119754
227285963
227452173
227629463
227795672
227961882
228128092
228294301
228460511
228626720
228792930
228959139
229125349
229291558
229457768
229623977
229790187
229956397
230122606
230288815
230455025
230621234
230787444
230953653
231119863
231286072
231452282
231629572
231795781
231961991
232128200
232294410
232460619
232626829
232793039
232959248
233125457
233291667
233457877
233624086
233790296
233956505
234122715
234288924
234455134
234621343
234787553
234953762
235119972
235286181
235452391
235629681
235795890
235962100
236128310
236294519
236460729
236626938
236793147
236959357
237125568
237291776
237457986
237624195
237790405
237956614
238122824
238289033
238455243
238621452
238787662
238953871
239120081
239286290
239452500
239629790
239795999
239962209
240128418
240294628
240460837
240627047
240793256
240959466
241125676
241291885
241458094
241624304
241790514
241956723
242122933
242289142
242455352
242621561
242787770
242953980
243120189
243286399
243452609
243629899
243796108
243962318
244128527
244294737
244460946
244627156
244793365
244959575
245125784
245291994
245458203
245624413
245790622
245956832
246123041
246289251
246455460
246621670
246787880
246954089
247120299
247286508
247452717
247618927
247796217
247962427
248128636
248294846
248461055
248627265
248793474
248959684
249125893
249292103
249458312
249624522
249790731
249956941
250123150
250289360
250455569
250621779
250787988
250954198
251120407
251286617
251452826
251619036
251796326
251962536
252128745
252294955
252461164
252627373
252793583
252959793
253126002
253292212
253458421
253624631
253790840
253957050
254123259
254289469
254455679
254621887
254788097
254954307
255120516
255286726
255452935
255619145
255796435
255962644
256128854
256295063
256461273
256627482
256793692
256959902
257126111
257292320
257458530
257624739
257790949
257957159
258123368
258289577
258455787
258621997
258788206
258954415
259120625
259286835
259453044
259619254
259796546
259962754
260128963
260295173
260461383
260627592
260793801
260960011
261126222
261292430
261458640
261624849
261791059
261957268
262123477
262289687
262455896
262622106
262788315
262954525
263120734
263286944
263453154
263619363
263796653
263962862
264129072
264295281
264461491
264627700
264793910
264960119
265126329
265292538
265458748
265624957
265791167
265957376
266123586
266289795
266456006
266622214
266788424
266954633
267120843
267287052
267453263
267619472
267796761
267962971
268129181
268295390
268461600
268627809
268794019
268960228
269126438
269292647
269458857
269625066
269791276
269957485
270123695
270289904
270456114
270622323
270788533
270954743
271120952
271287161
271453371
271619580
271796871
271963080
272129290
272295500
272461709
272627918
272794128
272960337
273126547
273292756
273458966
273625175
273791385
273957594
274123804
274290013
274456223
274622432
274788642
274954851
275121061
275287270
275453480
275619690
275785899
275963189
276129398
276295608
276461817
276628027
276794237
276960446
277126656
277292865
277459075
277625284
277791493
277957703
278123913
278290122
278456332
278622541
278788751
278954960
279121170
279287379
279453589
279619798
279786008
279963298
280129507
280295717
280461926
280628136
280794346
280960555
281126764
281292974
281459183
281625393
281791602
281957812
282124022
282290231
282456441
282622650
282788859
282955069
283121279
283287488
283453698
283619907
283786116
283963407
284129616
284295826
284462035
284628245
284794455
284960664
285126873
285293083
285459293
285625502
285791712
285957921
286124131
286290340
286456550
286622759
286788969
286955178
287121388
287287597
287453806
287620016
287786226
287963516
288129725
288295935
288462144
288628354
288794563
288960773
289126982
289293192
289459401
289625611
289791820
289958030
290124239
290290449
290456659
290622868
290789077
290955287
291121497
291287706
291453916
291620125
291786335
291963625
292129834
292296044
292462253
292628463
292794672
292960882
293127091
293293301
293459510
293625720
293791929
293958139
294124348
294290558
294456767
294622977
294789186
294955396
295121605
295287815
295454024
295620234
295786443
295963734
296129943
296296153
296462362
296628572
296794781
296960991
297127200
297293410
297459619
297625829
297792038
297958248
298124457
298290667
298456876
298623086
298789295
298955505
299121714
299287924
299454133
299620343
299786552
299963843
