88644
254854
421063
587272
753482
919691
1085901
1252110
1418320
1584529
1750739
1916948
2083158
2249367
2415577
2581786
2747996
2914206
3091496
3257706
3423915
3590125
3756334
3922544
4088753
4254963
4421172
4587382
4753591
4919801
5086010
5252220
5418429
5584638
5750847
5917057
6083266
6249476
6415685
6581895
6748104
6914314
7091604
7257813
7424023
7590232
7756442
7922652
8088862
8255071
8421281
8587490
8753700
8919910
9086119
9252328
9418537
9584747
9750956
9917166
10083375
10249585
10415795
10582004
10748214
10914423
11091713
11257922
11424132
11590341
11756551
11922760
12088970
12255180
12421389
12587598
12753808
12920017
13086227
13252436
13418646
13584855
13751065
13917274
14083484
14249693
14415903
14582112
14748322
14914531
15091822
15258031
15424241
15590450
15756659
15922869
16089078
16255288
16421497
16587707
16753916
16920126
17086335
17252545
17418754
17584964
17751173
17917383
18083592
18249802
18416011
18582221
18748430
18914640
19080849
19258139
19424349
19590558
19756768
19922977
20089187
20255396
20421606
20587815
20754025
20920234
21086444
21252653
21418863
21585072
21751282
21917491
22083701
22249910
22416120
22582329
22748539
22914748
23080958
23258248
23424457
23590667
23756876
23923085
24089295
24255505
24421714
24587924
24754133
24920343
25086552
25252762
25418971
25585181
25751390
25917600
26083809
26250019
26416228
26582438
26748647
26914857
27081066
27258356
27424566
27590775
27756985
27923194
28089404
28255613
28421823
28588032
28754242
28920451
29086661
29252870
29419080
29585290
29751499
29917708
30083918
30250127
30416337
30582546
30748756
30914965
31081175
31258466
31424674
31590885
31757094
31923303
32089512
32255723
32421931
32588141
32754351
32920560
33086769
33252979
33419189
33585398
33751607
33917817
34084027
34250236
34416445
34582655
34748864
34915074
35081283
35258574
35424783
35590992
35757201
35923411
36089621
36255830
36422039
36588249
36754459
36920668
37086878
37253088
37419296
37585507
37751716
37917925
38084134
38250344
38416554
38582763
38748972
38915182
39081392
39258682
39424891
39591101
39757310
39923520
40089729
40255939
40422148
40588358
40754567
40920777
41086986
41253196
41419405
41585615
41751824
41918034
42084243
42250453
42416662
42582872
42749081
42915291
43081500
43258790
43425000
43591209
43757419
43923628
44089838
44256047
44422257
44588466
44754676
44920885
45087095
45253304
45419514
45585723
45751933
45918142
46084352
46250561
46416771
46582980
46749190
46915399
47081609
47247818
47425109
47591318
47757527
47923737
48089946
48256156
48422366
48588575
48754784
48920994
49087203
49253413
49419622
49585832
49752041
49918251
50084460
50250670
50416879
50583089
50749298
50915508
51081717
51247927
51425217
51591426
51757636
51923846
52090055
52256265
52422474
52588684
52754893
52921103
53087312
53253522
53419731
53585941
53752150
53918360
54084569
54250778
54416988
54583198
54749407
54915617
55081826
55248036
55425326
55591535
55757745
55923954
56090164
56256373
56422583
56588792
56755002
56921211
57087421
57253630
57419840
57586049
57752259
57918468
58084678
58250887
58417097
58583307
58749516
58915725
59081935
59248144
59425434
59591644
59757853
59924063
60090272
60256482
60422691
60588901
60755110
60921320
61087529
61253739
61419948
61586158
61752367
61918577
62084786
62250996
62417205
62583415
62749624
62915834
63082043
63248253
63425543
63591752
63757962
63924172
64090381
64256590
64422800
64589009
64755219
64921428
65087638
65253847
65420057
65586266
65752476
65918685
66084895
66251105
66417314
66583524
66749733
66915942
67082152
67248362
67425651
67591861
67758071
67924280
68090490
68256699
68422909
68589118
68755328
68921537
69087746
69253956
69420166
69586375
69752585
69918794
70085004
70251213
70417423
70583633
70749842
70916051
71082261
71248470
71425760
71591970
71758179
71924389
72090598
72256808
72423017
72589227
72755436
72921646
73087855
73254065
73420274
73586484
73752693
73918903
74085112
74251322
74417531
74583741
74749950
74916160
75082369
75248579
75414788
75592078
75758288
75924498
76090707
76256916
76423126
76589335
76755545
76921754
77087964
77254174
77420383
77586593
77752802
77919011
78085221
78251430
78417640
78583850
78750059
78916268
79082478
79248687
79414897
79592187
79758397
79924606
80090815
80257025
80423235
80589444
80755654
80921863
81088073
81254282
81420492
81586701
81752911
81919120
82085330
82251539
82417749
82583958
82750168
82916377
83082587
83248796
83415006
83592296
83758505
83924715
84090924
84257134
84423343
84589553
84755762
84921972
85088181
85254391
85420600
85586810
85753019
85919229
86085438
86251648
86417857
86584067
86750276
86916486
87082695
87248905
87415114
87592404
87758614
87924824
88091033
88257243
88423452
88589662
88755871
88922080
89088290
89254499
89420709
89586919
89753128
89919338
90085547
90251756
90417966
90584176
90750385
90916594
91082804
91249014
91415223
91592514
91758724
91924934
92091144
92257351
92423561
92589770
92755980
92922189
93088399
93254608
93420818
93587027
93753237
93919446
94085658
94251865
94418075
94584285
94750494
94916703
95082914
95249123
95415333
95592622
95758831
95925041
96091251
96257460
96423669
96589879
96756088
96922298
97088508
97254717
97420926
97587136
97753346
97919555
98085765
98251974
98418183
98584393
98750602
98916812
99083022
99249231
99415441
99592731
99758940
99925150
100091359
100257568
100423778
100589988
100756197
100922407
101088616
101254826
101421035
101587245
101753454
101919664
102085873
102252083
102418292
102584502
102750711
102916921
103083130
103249340
103415549
103581759
103759049
103925258
104091468
104257678
104423887
104590096
104756306
104922516
105088725
105254935
105421144
105587354
105753563
105919773
106085982
106252192
106418401
106584611
106750820
106917030
107083239
107249449
107415658
107581868
107759158
107925367
108091576
108257786
108423995
108590205
108756415
108922624
109088834
109255043
109421253
109587462
109753671
109919881
110086091
110252301
110418510
110584719
110750929
110917138
111083347
111249557
111415767
111581976
111759266
111925476
112091685
112257895
112424104
112590314
112756524
112922733
113088942
113255152
113421362
113587571
113753781
113919990
114086200
114252409
114418619
114584828
114751037
114917247
115083457
115249666
115415876
115582085
115759375
115925585
116091794
116258004
116424213
116590423
116756632
116922842
117089051
117255261
117421470
117587680
117753889
117920099
118086308
118252518
118418728
118584937
118751146
118917356
119083566
119249775
119415984
119582194
119759484
119925693
120091903
120258112
120424322
120590531
120756741
120922950
121089160
121255369
121421579
121587789
121753998
121920207
122086417
122252626
122418836
122585045
122751255
122917465
123083674
123249883
123416093
123582302
123759593
123925802
124092012
124258221
124424431
124590640
124756850
124923059
125089269
125255478
125421688
125587897
125754107
125920316
126086526
126252735
126418946
126585154
126751364
126917573
127083783
127249992
127416202
127582411
127748621
127925911
128092120
128258330
128424540
128590749
128756959
128923168
129089378
129255587
129421796
129588006
129754216
129920425
130086635
130252844
130419055
130585263
130751473
130917682
131083892
131250101
131416311
131582520
131748730
131926020
132092229
132258439
132424648
132590858
132757067
132923277
133089486
133255696
133421905
133588115
133754325
133920534
134086743
134252953
134419162
134585372
134751581
134917791
135084001
135250210
135416419
135582629
135748839
135926129
136092338
136258548
136424757
136590967
136757176
136923386
137089595
137255805
137422014
137588224
137754433
137920643
138086852
138253062
138419271
138585481
138751690
138917900
139084109
139250319
139416528
139582738
139748947
139926238
140092447
140258657
140424866
140591076
140757285
140923495
141089705
141255914
141422123
141588333
141754542
141920751
142086961
142253171
142419380
142585590
142751799
142918009
143084218
143250428
143416637
143582846
143749056
143926346
144092556
144258765
144424975
144591184
144757394
144923603
145089813
145256022
145422232
145588441
145754651
145920860
146087070
146253279
146419489
146585698
146751908
146918117
147084327
147250536
147416746
147582955
147749165
147926455
148092665
148258874
148425084
148591293
148757502
148923712
149089922
149256131
149422341
149588550
149754760
149920969
150087179
150253388
150419597
150585807
150752017
150918226
151084436
151250645
151416855
151583064
151749274
151926565
152092774
152258983
152425194
152591402
152757611
152923821
153090031
153256240
153422450
153588659
153754869
153921080
154087287
154253497
154419706
154585916
154752125
154918336
155084545
155250756
155416964
155583173
155749383
155915594
156092882
156259091
156425301
156591510
156757720
156923930
157090139
157256348
157422558
157588767
157754977
157921187
158087396
158253605
158419815
158586024
158752234
158918444
159084653
159250862
159417072
159583281
159749491
159915701
160092991
160259200
160425410
160591619
160757829
160924038
161090248
161256457
161422667
161588876
161755086
161921295
162087505
162253714
162419924
162586133
162752343
162918552
163084762
163250971
163417181
163583390
163749600
163915810
164093100
164259309
164425519
164591728
164757938
164924147
165090357
165256566
165422776
165588985
165755195
165921404
166087614
166253823
166420032
166586242
166752451
166918661
167084871
167251081
167417290
167583499
167749708
167915918
168093208
168259417
168425627
168591837
168758046
168924256
169090465
169256674
169422884
169589094
169755303
169921513
170087723
170253932
170420141
170586351
170752560
170918770
171084979
171251189
171417398
171583608
171749817
171916027
172093317
172259526
172425736
172591946
172758155
172924364
173090574
173256784
173422993
173589202
173755412
173921622
174087831
174254041
174420250
174586459
174752669
174918878
175085088
175251298
175417507
175583716
175749926
175916136
176093426
176259635
176425845
176592054
176758264
176924473
177090683
177256893
177423102
177589311
177755521
177921731
178087940
178254149
178420359
178586568
178752778
178918987
179085197
179251406
179417616
179583825
179750035
179916244
180093534
180259744
180425953
180592163
180758372
180924582
181090791
181257001
181423210
181589420
181755629
181921839
182088048
182254258
182420467
182586677
182752886
182919096
183085305
183251515
183417725
183583934
183750143
183916353
184082562
184259852
184426062
184592272
184758481
184924691
185090900
185257109
185423319
185589528
185755738
185921948
186088157
186254367
186420576
186586785
186752995
186919204
187085414
187251624
187417833
187584043
187750252
187916462
188082671
188259961
188426171
188592380
188758590
188924799
189091009
189257218
189423428
189589637
189755847
189922056
190088266
190254475
190420685
190586895
190753104
190919314
191085523
191251732
191417942
191584151
191750361
191916571
192082780
192260070
192426280
192592489
192758699
192924908
193091118
193257327
193423537
193589746
193755956
193922165
194088375
194254584
194420794
194587003
194753213
194919422
195085632
195251841
195418051
195584260
195750470
195916679
196082889
196260179
196426389
196592598
196758807
196925017
197091227
197257436
197423646
197589855
197756064
197922274
198088483
198254693
198420903
198587112
198753321
198919531
199085741
199251950
199418160
199584369
199750578
199916788
200082997
200260288
200426497
200592707
200758916
200925126
201091336
201257545
201423754
201589964
201756173
201922383
202088592
202254802
202421011
202587221
202753430
202919640
203085849
203252059
203418268
203584478
203750687
203916897
204083106
204260396
204426606
204592816
204759025
204925234
205091444
205257653
205423863
205590072
205756282
205922491
206088701
206254910
206421120
206587330
206753539
206919748
207085958
207252167
207418377
207584586
207750796
207917005
208083215
208260505
208426715
208592924
208759134
208925343
209091553
209257762
209423972
209590181
209756391
209922600
210088810
210255019
210421229
210587438
210753648
210919857
211086067
211252276
211418486
211584695
211750905
211917114
212083324
212249533
212426824
212593033
212759243
212925452
213091663
213257871
213424081
213590290
213756501
213922709
214088919
214255128
214421338
214587547
214753758
214919966
215086176
215252385
215418595
215584805
215751015
215917224
216083433
216249642
216426932
216593142
216759352
216925561
217091770
217257980
217424189
217590399
217756609
217922819
218089027
218255237
218421446
218587655
218753866
218920075
219086284
219252494
219418703
219584913
219751123
219917332
220083541
220249751
220427041
220593251
220759460
220925670
221091879
221258089
221424299
221590508
221756717
221922926
222089136
222255346
222421555
222587765
222753974
222920184
223086393
223252603
223418812
223585022
223751231
223917441
224083650
224249860
224427150
224593359
224759569
224925779
225091988
225258197
225424407
225590616
225756826
225923035
226089245
226255454
226421664
226587874
226754083
226920293
227086502
227252711
227418921
227585131
227751340
227917550
228083759
228249969
228427259
228593468
228759678
228925887
229092097
229258306
229424516
229590725
229756935
229923144
230089354
230255563
230421773
230587982
230754191
230920401
231086611
231252820
231419030
231585239
231751449
231917659
232083868
232250077
232427368
232593577
232759786
232925996
233092206
233258415
233424625
233590834
233757043
233923253
234089463
234255672
234421882
234588091
234754301
234920510
235086720
235252929
235419138
235585348
235751558
235917767
236083977
236250186
236427476
236593686
236759895
236926105
237092314
237258524
237424733
237590943
237757152
237923362
238089572
238255781
238421990
238588200
238754410
238920619
239086829
239253038
239419248
239585457
239751666
239917876
240084086
240250295
240416505
240593795
240760004
240926213
241092423
241258633
241424842
241591051
241757261
241923470
242089681
242255889
242422099
242588309
242754518
242920728
243086937
243253147
243419356
243585566
243751775
243917985
244084194
244250404
244416613
244593903
244760113
244926322
245092532
245258742
245424951
245591161
245757370
245923579
246089789
246255999
246422208
246588418
246754627
246920837
247087046
247253255
247419465
247585675
247751884
247918094
248084303
248250513
248416722
248594012
248760222
248926431
249092641
249258850
249425060
249591269
249757479
249923688
250089898
250256107
250422317
250588526
250754736
250920945
251087155
251253364
251419574
251585784
251751993
251918202
252084412
252250622
252416831
252594121
252760330
252926540
253092750
253258959
253425169
253591378
253757588
253923797
254090006
254256217
254422425
254588635
254754845
254921054
255087264
255253473
255419682
255585892
255752102
255918311
256084520
256250731
256416939
256594230
256760440
256926649
257092858
257259068
257425277
257591487
257757696
257923906
258090116
258256325
258422534
258588744
258754953
258921163
259087372
259253582
259419792
259586001
259752211
259918420
260084629
260250839
260417049
260594339
260760548
260926758
261092967
261259177
261425386
261591596
261757805
261924015
262090224
262256434
262422643
262588853
262755062
262921272
263087481
263253691
263419900
263586110
263752319
263918529
264084738
264250948
264417157
264594447
264760657
264926866
265093076
265259285
265425495
265591704
265757914
265924123
266090333
266256542
266422752
266588961
266755171
266921381
267087590
267253799
267420009
267586219
267752428
267918637
268084847
268251057
268417267
268583475
268760766
268926975
269093185
269259394
269425604
269591813
269758023
269924232
270090442
270256651
270422861
270589070
270755280
270921489
271087699
271253908
271420118
271586328
271752537
271918746
272084956
272251165
272417375
272583584
272760875
272927085
273093294
273259503
273425713
273591924
273758132
273924341
274090551
274256761
274422970
274589181
274755389
274921598
275087808
275254017
275420227
275586438
275752646
275918855
276085065
276251274
276417484
276583695
276760983
276927193
277093402
277259612
277425821
277592032
277758240
277924450
278090659
278256869
278423078
278589288
278755497
278921707
279087916
279254126
279420335
279586545
279752754
279918964
280085173
280251383
280417592
280583803
280761092
280927302
281093511
281259721
281425930
281592140
281758349
281924559
282090768
282256978
282423187
282589397
282755606
282921816
283088025
283254235
283420444
283586654
283752863
283919073
284085282
284251492
284417701
284583911
284761201
284927411
285093620
285259830
285426039
285592249
285758459
285924668
286090877
286257087
286423296
286589506
286755715
286921924
287088134
287254344
287420553
287586763
287752972
287919182
288085391
288251600
288417810
288584020
288761310
288927519
289093729
289259938
289426148
289592357
289758567
289924776
290090986
290257195
290423405
290589614
290755824
290922033
291088243
291254452
291420662
291586871
291753081
291919290
292085500
292251709
292417919
292584128
292761419
292927628
293093838
293260047
293426257
293592466
293758675
293924885
294091095
294257304
294423513
294589723
294755933
294922142
295088352
295254561
295420771
295586980
295753190
295919399
296085609
296251818
296418028
296584237
296750447
296927737
297093946
297260156
297426365
297592575
297758784
297924994
298091203
298257413
298423622
298589832
298756042
298922251
299088460
299254670
299420879
299587089
299753298
299919508
