166209.0
365661.0
565113.0
764564.0
964016.0
1163468.0
1362920.0
1562371.0
1761823.0
1961275.0
2160727.0
2360179.0
2559631.0
2759082.0
2969615.0
3157986.0
3368518.0
3567970.0
3767422.0
3966874.0
4166326.0
4365778.0
4565229.0
4764681.0
4964133.0
5163585.0
5363036.0
5562488.0
5761940.0
5961392.0
6160844.0
6360296.0
6559748.0
6759199.0
6969733.0
7158103.0
7368635.0
7568087.0
7767539.0
7966991.0
8166442.0
8365894.0
8565346.0
8764798.0
8964250.0
9163701.0
9363153.0
9562605.0
9762057.0
9961509.0
10160961.0
10360412.0
10570945.0
10759316.0
10958768.0
11158220.0
11368752.0
11568204.0
11767656.0
11956027.0
12166560.0
12366011.0
12565463.0
12764915.0
12964367.0
13163819.0
13363271.0
13562722.0
13762174.0
13972707.0
14161078.0
14360530.0
14559982.0
14759433.0
14958885.0
15158337.0
15368869.0
15568321.0
15767773.0
15967242.0
16166677.0
16366129.0
16565580.0
16765032.0
16964484.0
17163936.0
17363388.0
17562839.0
17762291.0
17961743.0
18172276.0
18360646.0
18560098.0
18759550.0
18959002.0
19169534.0
19368987.0
19568438.0
19767890.0
19967342.0
20166794.0
20366246.0
20565698.0
20765149.0
20964601.0
21164053.0
21363504.0
21562956.0
21762408.0
21961860.0
22161312.0
22360764.0
22571296.0
22759667.0
22970200.0
23169652.0
23369104.0
23568556.0
23768007.0
23967459.0
24166911.0
24366362.0
24565814.0
24765266.0
24964718.0
25164170.0
25363622.0
25563074.0
25762525.0
25961977.0
26161429.0
26360881.0
26571413.0
26759785.0
26970318.0
27169769.0
27369221.0
27568673.0
27768124.0
27967585.0
28167028.0
28366481.0
28565932.0
28765384.0
28964836.0
29164288.0
29363739.0
29563192.0
29762644.0
29962103.0
30161547.0
30360999.0
30571530.0
30759904.0
30970434.0
31169886.0
31369339.0
31568790.0
31768242.0
31967693.0
32167146.0
32366597.0
32566050.0
32765502.0
32964953.0
33164404.0
33363856.0
33563308.0
33762761.0
33962212.0
34161664.0
34361116.0
34560567.0
34771100.0
34970552.0
35170004.0
35369456.0
35568907.0
35768365.0
35967811.0
36167263.0
36366714.0
36577247.0
36765618.0
36965070.0
37164522.0
37363973.0
37563425.0
37762877.0
37962329.0
38161781.0
38361233.0
38571765.0
38771217.0
38970669.0
39170121.0
39369573.0
39569025.0
39768477.0
39967928.0
40167380.0
40366832.0
40566284.0
40765735.0
40965187.0
41164639.0
41364091.0
41563543.0
41762995.0
41962446.0
42172979.0
42372431.0
42571883.0
42760254.0
42970787.0
43170238.0
43369690.0
43569142.0
43768593.0
43968045.0
44167497.0
44366949.0
44566402.0
44765853.0
44965305.0
45164757.0
45364208.0
45563660.0
45763112.0
45962564.0
46162016.0
46361467.0
46572000.0
46771452.0
46970903.0
47170355.0
47369808.0
47569259.0
47768711.0
47968163.0
48167615.0
48367067.0
48566518.0
48765971.0
48965422.0
49164874.0
49364326.0
49563778.0
49763230.0
49962682.0
50162133.0
50361585.0
50572118.0
50771570.0
50971022.0
51170473.0
51369925.0
51569377.0
51768829.0
51968280.0
52167732.0
52367185.0
52566636.0
52766088.0
52965540.0
53164992.0
53364444.0
53563895.0
53774428.0
53962799.0
54173332.0
54361704.0
54572235.0
54771687.0
54971139.0
55170591.0
55370043.0
55569495.0
55768946.0
55968398.0
56167850.0
56367302.0
56566753.0
56766206.0
56965657.0
57165109.0
57364561.0
57564012.0
57774546.0
57962917.0
58162368.0
58372901.0
58572353.0
58771805.0
58971257.0
59159628.0
59370161.0
59569612.0
59769064.0
59968516.0
60167967.0
60367419.0
60566872.0
60766323.0
60965775.0
61176329.0
61364678.0
61564130.0
61763583.0
61963034.0
62173568.0
62361938.0
62572470.0
62771922.0
62971374.0
63170851.0
63370277.0
63569730.0
63769182.0
63968633.0
64168086.0
64367537.0
64566989.0
64766441.0
64965893.0
65165345.0
65375878.0
65564248.0
65774781.0
65963152.0
66162604.0
66373136.0
66572588.0
66772040.0
66982572.0
67170944.0
67370395.0
67569847.0
67769299.0
67968751.0
68168204.0
68367655.0
68567107.0
68766559.0
68966010.0
69165462.0
69364914.0
69564366.0
69763818.0
69974350.0
70162721.0
70373254.0
70583787.0
70772158.0
70971610.0
71171062.0
71370514.0
71569965.0
71769417.0
71968869.0
72168322.0
72367772.0
72567224.0
72766676.0
72966128.0
73165580.0
73365032.0
73564483.0
73752855.0
73974469.0
74151759.0
74362291.0
74572824.0
74772276.0
74971728.0
75171179.0
75370631.0
75570083.0
75769535.0
75968987.0
76168439.0
76367890.0
76567347.0
76766794.0
76966246.0
77165698.0
77365150.0
77564601.0
77775134.0
77963506.0
78174038.0
78373490.0
78572942.0
78772393.0
78971845.0
79171297.0
79370749.0
79570200.0
79769653.0
79969105.0
80168557.0
80368008.0
80567460.0
80766912.0
80966364.0
81165816.0
81365268.0
81575800.0
81753090.0
81974703.0
82151995.0
82362527.0
82573059.0
82772511.0
82971963.0
83171416.0
83370867.0
83570319.0
83758690.0
83969222.0
84168674.0
84368126.0
84567578.0
84767030.0
84966482.0
85165933.0
85365385.0
85564838.0
85775371.0
85963741.0
86163193.0
86373725.0
86573177.0
86772630.0
86972081.0
87171533.0
87370984.0
87570437.0
87769888.0
87969340.0
88168792.0
88368244.0
88567696.0
88767148.0
88966602.0
89166051.0
89365503.0
89564955.0
89764407.0
89974939.0
90174391.0
90373843.0
90573295.0
90772747.0
90972199.0
91171651.0
91371103.0
91570554.0
91770007.0
91969458.0
92168910.0
92368362.0
92567813.0
92767265.0
92966717.0
93166169.0
93365622.0
93565073.0
93775606.0
93963977.0
94174509.0
94373961.0
94573413.0
94772865.0
94972317.0
95171768.0
95371220.0
95570672.0
95770124.0
95969576.0
96169028.0
96368480.0
96567932.0
96767384.0
96966835.0
97166287.0
97365739.0
97576273.0
97775724.0
97975176.0
98174627.0
98374080.0
98573532.0
98772983.0
98972435.0
99171887.0
99371339.0
99570792.0
99770243.0
99969695.0
100180226.0
100368598.0
100568050.0
100767502.0
100966954.0
101166406.0
101365858.0
101565309.0
101764761.0
101964213.0
102163665.0
102363117.0
102573650.0
102773101.0
102972554.0
103172005.0
103371456.0
103570909.0
103770360.0
103969812.0
104169265.0
104368716.0
104568169.0
104767619.0
104967072.0
105166523.0
105365975.0
105576508.0
105775959.0
105975411.0
106174864.0
106363234.0
106573767.0
106773219.0
106972670.0
107172122.0
107371574.0
107571026.0
107770478.0
107969930.0
108169382.0
108379915.0
108568285.0
108767737.0
108967189.0
109166641.0
109366093.0
109565545.0
109764997.0
109975530.0
110174981.0
110374434.0
110573885.0
110773337.0
110972789.0
111172240.0
111371692.0
111571144.0
111770596.0
111970048.0
112169499.0
112368951.0
112568403.0
112767856.0
112956226.0
113166759.0
113377292.0
113565663.0
113754034.0
113964567.0
114175099.0
114374552.0
114574002.0
114773454.0
114972907.0
115172358.0
115371810.0
115571262.0
115770714.0
115970166.0
116169618.0
116369070.0
116568521.0
116767973.0
116967425.0
117177958.0
117377409.0
117576861.0
117776313.0
117975765.0
118175217.0
118374669.0
118574121.0
118773572.0
118973024.0
119172476.0
119371929.0
119571380.0
119770832.0
119970284.0
120169736.0
120369188.0
120568640.0
120768091.0
120978624.0
121166995.0
121377527.0
121565899.0
121776432.0
121975883.0
122175336.0
122363706.0
122574239.0
122773691.0
122973143.0
123172595.0
123372047.0
123571498.0
123770950.0
123970402.0
124169854.0
124369305.0
124568758.0
124768209.0
124978742.0
125167113.0
125377645.0
125577097.0
125776549.0
125964921.0
126175453.0
126374905.0
126574358.0
126773809.0
126973261.0
127172712.0
127372164.0
127571616.0
127771068.0
127970520.0
128169972.0
128369423.0
128568875.0
128768328.0
128989942.0
129167231.0
129377763.0
129566135.0
129776667.0
129976119.0
130175571.0
130375023.0
130574475.0
130773926.0
130951217.0
131172830.0
131372282.0
131571734.0
131771186.0
131970638.0
132170090.0
132369542.0
132580074.0
132768445.0
132990059.0
133167349.0
133355720.0
133566253.0
133776785.0
133976238.0
134175689.0
134375141.0
134574593.0
134774045.0
134973496.0
135172953.0
135372400.0
135571852.0
135771305.0
135970756.0
136170208.0
136369660.0
136569111.0
136768563.0
136968015.0
137167467.0
137366919.0
137577451.0
137776903.0
137976355.0
138175807.0
138375259.0
138574711.0
138774163.0
138973615.0
139173066.0
139372518.0
139571970.0
139771422.0
139970874.0
140170326.0
140369778.0
140580310.0
140768681.0
140968133.0
141167585.0
141378117.0
141577569.0
141777021.0
141976473.0
142175925.0
142375377.0
142574829.0
142774281.0
142973733.0
143173184.0
143372637.0
143572088.0
143771540.0
143970992.0
144170443.0
144369895.0
144569347.0
144768799.0
144968251.0
145178784.0
145378236.0
145577689.0
145777140.0
145976591.0
146176043.0
146375495.0
146574947.0
146774399.0
146973851.0
147173302.0
147372754.0
147572207.0
147771658.0
147971110.0
148170562.0
148370014.0
148569466.0
148768918.0
148968369.0
149178902.0
149378354.0
149566725.0
149777257.0
149976713.0
150176161.0
150375613.0
150575065.0
150774517.0
150973968.0
151173421.0
151372872.0
151572324.0
151771776.0
151971228.0
152181760.0
152370132.0
152569584.0
152769035.0
152968487.0
153167939.0
153378471.0
153566843.0
153777375.0
153976827.0
154176279.0
154375731.0
154575183.0
154774635.0
154974086.0
155173539.0
155372990.0
155583523.0
155771894.0
155971346.0
156170798.0
156370250.0
156558621.0
156769156.0
156979686.0
157179138.0
157378590.0
157578042.0
157777494.0
157976945.0
158176397.0
158375849.0
158575301.0
158774753.0
158974205.0
159173656.0
159373109.0
159572595.0
159772012.0
159971464.0
160170916.0
160370369.0
160558739.0
160769272.0
160979805.0
161179256.0
161378708.0
161578160.0
161777612.0
161977064.0
162176515.0
162375967.0
162575419.0
162774871.0
162974322.0
163173774.0
163373226.0
163572679.0
163772130.0
163971584.0
164171033.0
164370486.0
164581019.0
164780470.0
164979922.0
165179374.0
165378826.0
165578278.0
165777730.0
165977181.0
166176633.0
166376085.0
166575538.0
166774989.0
166974440.0
167173892.0
167373345.0
167572796.0
167772248.0
167971700.0
168182234.0
168370604.0
168558975.0
168769508.0
168957879.0
169168411.0
169378945.0
169578396.0
169777848.0
169977300.0
170176752.0
170376204.0
170575655.0
170775108.0
170974559.0
171174011.0
171373463.0
171572915.0
171772367.0
171971819.0
172171270.0
172370722.0
172581254.0
172780706.0
172969078.0
173179610.0
173379063.0
173578515.0
173777966.0
173977418.0
174176869.0
174376323.0
174575773.0
174775225.0
174974677.0
175174129.0
175373581.0
175573032.0
175772484.0
175971937.0
176171388.0
176370840.0
176581373.0
176780824.0
176980277.0
177179728.0
177379180.0
177578632.0
177778084.0
177977535.0
178165907.0
178376439.0
178575891.0
178775343.0
178974795.0
179174247.0
179373698.0
179573151.0
179772602.0
179972054.0
180182587.0
180370958.0
180570410.0
180780942.0
180980394.0
181179846.0
181379298.0
181578750.0
181778202.0
181977653.0
182177105.0
182376557.0
182576010.0
182775461.0
182974912.0
183174367.0
183373816.0
183573269.0
183783801.0
183972172.0
184182705.0
184371076.0
184581608.0
184781060.0
184980512.0
185179964.0
185379416.0
185578868.0
185778319.0
185977771.0
186177223.0
186376675.0
186576127.0
186775579.0
186975031.0
187174484.0
187373935.0
187573387.0
187772838.0
187972290.0
188171743.0
188371194.0
188581726.0
188781178.0
188980630.0
189180082.0
189379534.0
189578986.0
189778438.0
189977890.0
190177342.0
190376793.0
190576245.0
190775698.0
190975149.0
191174601.0
191374053.0
191573505.0
191772956.0
191972408.0
192171860.0
192371312.0
192581845.0
192781297.0
192980749.0
193180200.0
193379652.0
193579104.0
193778556.0
193978008.0
194177459.0
194376913.0
194576363.0
194775815.0
194975267.0
195174719.0
195385251.0
195573623.0
195773074.0
195972526.0
196171978.0
196371430.0
196581962.0
196781414.0
196980866.0
197180318.0
197379770.0
197579222.0
197778674.0
197978127.0
198177578.0
198377029.0
198576481.0
198775933.0
198975385.0
199174837.0
199374289.0
199573740.0
199773192.0
199972644.0
200183177.0
200371548.0
200582081.0
200770453.0
200980985.0
201180436.0
201379888.0
201579340.0
201778792.0
201978244.0
202177695.0
202377147.0
202576599.0
202764970.0
202975503.0
203174955.0
203374407.0
203573859.0
203773311.0
203972763.0
204183296.0
204371666.0
204571118.0
204781651.0
204981102.0
205180554.0
205368925.0
205579458.0
205778910.0
205978362.0
206177814.0
206377265.0
206576717.0
206776169.0
206975621.0
207175073.0
207374525.0
207573977.0
207773429.0
207972880.0
208172332.0
208371784.0
208582316.0
208781769.0
208981220.0
209180672.0
209380124.0
209579576.0
209779028.0
209978480.0
210177932.0
210377383.0
210576836.0
210776288.0
210975739.0
211175193.0
211374643.0
211574095.0
211773547.0
211984079.0
212172450.0
212371902.0
212582435.0
212781887.0
212981338.0
213180790.0
213380242.0
213579694.0
213779147.0
213978598.0
214178050.0
214377502.0
214576953.0
214776406.0
214975857.0
215175310.0
215374761.0
215574212.0
215773665.0
215973116.0
216172568.0
216383101.0
216582553.0
216782005.0
216981456.0
217180908.0
217380360.0
217579812.0
217779264.0
217978716.0
218178168.0
218377619.0
218577072.0
218776523.0
218975975.0
219175427.0
219374879.0
219574331.0
219773782.0
219973235.0
220183767.0
220383219.0
220582671.0
220782122.0
220981574.0
221169946.0
221380478.0
221579931.0
221779382.0
221978834.0
222178286.0
222377738.0
222577191.0
222776641.0
222976093.0
223175545.0
223374997.0
223574449.0
223773901.0
223984433.0
224183885.0
224383337.0
224582789.0
224771160.0
224981693.0
225181144.0
225369515.0
225580049.0
225779500.0
225978952.0
226178404.0
226377856.0
226577308.0
226776759.0
226976211.0
227175663.0
227386217.0
227574567.0
227774019.0
227973471.0
228172922.0
228372374.0
228582907.0
228782359.0
228981810.0
229181263.0
229380715.0
229580166.0
229779618.0
229979070.0
230178522.0
230377974.0
230577426.0
230776877.0
230976329.0
231175782.0
231375234.0
231574685.0
231785218.0
231973588.0
232184121.0
232372492.0
232583025.0
232782477.0
232981929.0
233181381.0
233380833.0
233580284.0
233768655.0
233979188.0
234178640.0
234378092.0
234577543.0
234776996.0
234976447.0
235175899.0
235375352.0
235574803.0
235785336.0
235984787.0
236184240.0
236383691.0
236583143.0
236782595.0
236982047.0
237181499.0
237380951.0
237580402.0
237779854.0
237979306.0
238167677.0
238378210.0
238577662.0
238777113.0
238976566.0
239176017.0
239375469.0
239574921.0
239774373.0
239973825.0
240184360.0
240383810.0
240583261.0
240782715.0
240982164.0
241181617.0
241381069.0
241580521.0
241779973.0
241979425.0
242178877.0
242378328.0
242577780.0
242777232.0
242976684.0
243176136.0
243375588.0
243575039.0
243774492.0
243973943.0
244173396.0
244372847.0
244583379.0
244782831.0
244982283.0
245170654.0
245381187.0
245569558.0
245780090.0
245979542.0
246178994.0
246378446.0
246577899.0
246777351.0
246976802.0
247176254.0
247364625.0
247575157.0
247774609.0
247974061.0
248173513.0
248384045.0
248583497.0
248782949.0
248982401.0
249181853.0
249381305.0
249580756.0
249780208.0
249968587.0
250179112.0
250378564.0
250578015.0
250777468.0
250976919.0
251187452.0
251375823.0
251575275.0
251774727.0
251985260.0
252184711.0
252384163.0
252583615.0
252783067.0
252982519.0
253181971.0
253381423.0
253580875.0
253780326.0
253979778.0
254190311.0
254378682.0
254578133.0
254777586.0
254977038.0
255176489.0
255375941.0
255575394.0
255774845.0
255974297.0
256173749.0
256384281.0
256583733.0
256783185.0
256982637.0
257182088.0
257381540.0
257580993.0
257780444.0
257979896.0
258179348.0
258378800.0
258578252.0
258777704.0
258977156.0
259176607.0
259387140.0
259586591.0
259786043.0
259985495.0
260184947.0
260384399.0
260583851.0
260783303.0
260982755.0
261182207.0
261381659.0
261581111.0
261780563.0
261980014.0
262179466.0
262378918.0
262578370.0
262766741.0
262977274.0
263176726.0
263376178.0
263575629.0
263786162.0
263974533.0
264185065.0
264384517.0
264583969.0
264783421.0
264982874.0
265182326.0
265381777.0
265581228.0
265780681.0
265980132.0
266179584.0
266367956.0
266578488.0
266777941.0
266977391.0
267176843.0
267387376.0
267586828.0
267775199.0
267985731.0
268185183.0
268384636.0
268584087.0
268772458.0
268982991.0
269182443.0
269381895.0
269581346.0
269780799.0
269980250.0
270179702.0
270379153.0
270578605.0
270778057.0
270977509.0
271176961.0
271376413.0
271575865.0
271786398.0
271974769.0
272185301.0
272384753.0
272573124.0
272783657.0
272983109.0
273182562.0
273382012.0
273581464.0
273780916.0
273980368.0
274179820.0
274379272.0
274567643.0
274778176.0
274977628.0
275177079.0
275376531.0
275575983.0
275775435.0
275974887.0
276174339.0
276384871.0
276584323.0
276783775.0
276983227.0
277182679.0
277382130.0
277581583.0
277781035.0
277980487.0
278179938.0
278379390.0
278578842.0
278778294.0
278988826.0
279177197.0
279376649.0
279576101.0
279786633.0
279975005.0
280185537.0
280373909.0
280584442.0
280783893.0
280983345.0
281182797.0
281382249.0
281581700.0
281781152.0
281980604.0
282180056.0
282379508.0
282578960.0
282778412.0
282977864.0
283177315.0
283387848.0
283576219.0
283786752.0
283975123.0
284185655.0
284374026.0
284584560.0
284784011.0
284983463.0
285182915.0
285382366.0
285581819.0
285770190.0
285980724.0
286191255.0
286379625.0
286579077.0
286778529.0
286989062.0
287177433.0
287376886.0
287576337.0
287786870.0
287975241.0
288185773.0
288374144.0
288584677.0
288784129.0
288983581.0
289183034.0
289382485.0
289581937.0
289781388.0
289980840.0
290180292.0
290379744.0
290579196.0
290789728.0
290978099.0
291177551.0
291388084.0
291576455.0
291786988.0
291986439.0
292185891.0
292385343.0
292584795.0
292784246.0
292983699.0
293183151.0
293382603.0
293582054.0
293781506.0
293980958.0
294180410.0
294379862.0
294579314.0
294789846.0
294978218.0
295177669.0
295388202.0
295576573.0
295787105.0
295986557.0
296186009.0
296385461.0
296584913.0
296784365.0
296983817.0
297172188.0
297382721.0
297582172.0
297781624.0
297981076.0
298180528.0
298379980.0
298579432.0
298778884.0
298989416.0
299188868.0
299377239.0
299576691.0
299787225.0
299975595.0
300186128.0
300385579.0
300585031.0
300784483.0
300983935.0
301183387.0
301382839.0
301582291.0
301781742.0
301981194.0
302180646.0
302380098.0
302579551.0
302779001.0
302978453.0
303177905.0
303388438.0
303587890.0
303787342.0
303986794.0
304186246.0
304385697.0
304585149.0
304784601.0
304984053.0
305183505.0
305382956.0
305582408.0
305781860.0
305981312.0
306180764.0
306380216.0
306579668.0
306779119.0
306989652.0
307178023.0
307388556.0
307588008.0
307787460.0
307986911.0
308186364.0
308385815.0
308585267.0
308784719.0
308984170.0
309183623.0
309383074.0
309582527.0
309781978.0
309981430.0
310180882.0
310380334.0
310579786.0
310779238.0
310989772.0
311189223.0
311388674.0
311588127.0
311787578.0
311975949.0
312186482.0
312385933.0
312585386.0
312773756.0
312984290.0
313183741.0
313383193.0
313582645.0
313782097.0
313981550.0
314181001.0
314380453.0
314590984.0
314779356.0
314967727.0
315178260.0
315388792.0
315577164.0
315787696.0
315987149.0
316186600.0
316386051.0
316585503.0
316784955.0
316984407.0
317183859.0
317383311.0
317582762.0
317782214.0
317981667.0
318181118.0
318380571.0
318580022.0
318779474.0
318978926.0
319178377.0
319377829.0
319577281.0
319776733.0
319976185.0
320186717.0
320386170.0
320585622.0
320785073.0
320984526.0
321183977.0
321383429.0
321582880.0
321793413.0
321981784.0
322192317.0
322380688.0
322591220.0
322779592.0
322979043.0
323178495.0
323389028.0
323588480.0
323787932.0
323987384.0
324186835.0
324386287.0
324585740.0
324785191.0
324984643.0
325184094.0
325383547.0
325582999.0
325782454.0
325981902.0
326181354.0
326380806.0
326591338.0
326779710.0
326979161.0
327189694.0
327389146.0
327577517.0
327788049.0
327987501.0
328186953.0
328386405.0
328585857.0
328785309.0
328984761.0
329184213.0
329383665.0
329583116.0
329782569.0
329982020.0
330181472.0
330380924.0
330580376.0
330779828.0
330979279.0
331178731.0
331378183.0
331577636.0
331788168.0
331987620.0
332187072.0
332386523.0
332585975.0
332785427.0
332984879.0
333184331.0
333383783.0
333583235.0
333782687.0
333993219.0
334181590.0
334381042.0
334580494.0
334779946.0
334990478.0
335178850.0
335378301.0
335577753.0
335788285.0
335987738.0
336187189.0
336386641.0
336586093.0
336785545.0
336984997.0
337184449.0
337383901.0
337583353.0
337782804.0
337982256.0
338181708.0
338392241.0
338580612.0
338780064.0
338990596.0
339190048.0
339389501.0
339577872.0
339788404.0
339987855.0
340187308.0
340386759.0
340586211.0
340785663.0
340985115.0
341184566.0
341384018.0
341583471.0
341771842.0
341982374.0
342181826.0
342381278.0
342580732.0
342780182.0
342979633.0
343179086.0
343389618.0
343589070.0
343788522.0
343987974.0
344187426.0
344375797.0
344586329.0
344785781.0
344985233.0
345184685.0
345384137.0
345583588.0
345783040.0
345982492.0
346181945.0
346392477.0
346580849.0
346780300.0
346979752.0
347190284.0
347389736.0
347589188.0
347788640.0
347988092.0
348187543.0
348386995.0
348586447.0
348785899.0
348985351.0
349184803.0
349384255.0
349583707.0
349783158.0
349982610.0
350182062.0
350381514.0
350592047.0
350780418.0
350979870.0
351179321.0
351389855.0
351589306.0
351788758.0
351988210.0
352187662.0
352387114.0
352586565.0
352786018.0
352985469.0
353184921.0
353384373.0
353583825.0
353783276.0
353982728.0
354182180.0
354381632.0
354581084.0
354780535.0
354979987.0
355190520.0
355389972.0
355589424.0
355788876.0
355988328.0
356187779.0
356387231.0
356586683.0
356786135.0
356985587.0
357185039.0
357384490.0
357583942.0
357783394.0
357982846.0
358182298.0
358381751.0
358581202.0
358780654.0
358991186.0
359190639.0
359390090.0
359589542.0
359788994.0
359988446.0
360187898.0
360387350.0
360586801.0
360786253.0
360985705.0
361185157.0
361373528.0
361584060.0
361783513.0
361994045.0
362182417.0
362381868.0
362592401.0
362780772.0
362991305.0
363190756.0
363379127.0
363589660.0
363789112.0
363988563.0
364188016.0
364387468.0
364586919.0
364786371.0
364985823.0
365185276.0
365384727.0
365584179.0
365783631.0
365983082.0
366182534.0
366381986.0
366581438.0
366791970.0
366980352.0
367190874.0
367390326.0
367589778.0
367789230.0
367988682.0
368188134.0
368387586.0
368587037.0
368786489.0
368997022.0
369185393.0
369373764.0
369584297.0
369783749.0
369983200.0
370182653.0
370382104.0
370592637.0
370781008.0
370991541.0
371190992.0
371390444.0
371589896.0
371789348.0
371988800.0
372188252.0
372387704.0
372587156.0
372786607.0
372986059.0
373185511.0
373384963.0
373584415.0
373783866.0
373983319.0
374182770.0
374382222.0
374592754.0
374781126.0
374991658.0
375180034.0
375390562.0
375590014.0
375789466.0
375988918.0
376188370.0
376387822.0
376587273.0
376786725.0
376986177.0
377185629.0
377385080.0
377584532.0
377783985.0
377983437.0
378182888.0
378382340.0
378581792.0
378781244.0
378991776.0
379191228.0
379390680.0
379590132.0
379789584.0
379989035.0
380188487.0
380387939.0
380587391.0
380786843.0
380986295.0
381185748.0
381385199.0
381584651.0
381784103.0
381983555.0
382183006.0
382382458.0
382570829.0
382781362.0
382969734.0
383180266.0
383390799.0
383590251.0
383789702.0
383989155.0
384188606.0
384388058.0
384587510.0
384786962.0
384986414.0
385185866.0
385385317.0
385584769.0
385784221.0
385983673.0
386172044.0
386382577.0
386582029.0
386792562.0
386992013.0
387191465.0
387390916.0
387590368.0
387789820.0
387989272.0
388188724.0
388388176.0
388587627.0
388787081.0
388986531.0
389185984.0
389385435.0
389584887.0
389784339.0
389983790.0
390194323.0
390382694.0
390593227.0
390792679.0
390992131.0
391191582.0
391391034.0
391579406.0
391789938.0
391989390.0
392188842.0
392388294.0
392587745.0
392787197.0
392986649.0
393186101.0
393385553.0
393596086.0
393806618.0
393983909.0
394194441.0
394382812.0
394593345.0
394792797.0
394992249.0
395191700.0
395391153.0
395590615.0
395790056.0
395989509.0
396188960.0
396388411.0
396587864.0
396787315.0
396986767.0
397186219.0
397385671.0
397585123.0
397784575.0
397995107.0
398194559.0
398382930.0
398593463.0
398792915.0
398992367.0
399191818.0
399391270.0
399590722.0
399790174.0
399989626.0
400189078.0
400388530.0
400587982.0
400787434.0
400986885.0
401186338.0
401385789.0
401596323.0
401806854.0
401984145.0
402183597.0
402394129.0
402593582.0
402793033.0
402992485.0
403191936.0
403391389.0
403590841.0
403790292.0
403989744.0
404189196.0
404388648.0
404588100.0
404787552.0
404987004.0
405186457.0
405385907.0
405585359.0
405795892.0
405984263.0
406194795.0
406394248.0
406593699.0
406793151.0
406992603.0
407192055.0
407391507.0
407590958.0
407790410.0
407989862.0
408189314.0
408388771.0
408588218.0
408787670.0
408998202.0
409186573.0
409386025.0
409585477.0
409784929.0
409995462.0
410183832.0
410394365.0
410582736.0
410793269.0
410992721.0
411192173.0
411391624.0
411591077.0
411790528.0
411989980.0
412189433.0
412388884.0
412577255.0
412787787.0
412987239.0
413186691.0
413386143.0
413585595.0
413785047.0
413995580.0
414183951.0
414394483.0
414593935.0
414793387.0
414992839.0
415192290.0
415391743.0
415591194.0
415790646.0
415990098.0
416178470.0
416389002.0
416588454.0
416787906.0
416987358.0
417186810.0
417386261.0
417585714.0
417785165.0
417984617.0
418172988.0
418394601.0
418594053.0
418793505.0
418992957.0
419192409.0
419391861.0
419591313.0
419790764.0
419990216.0
420189668.0
420389120.0
420588572.0
420788024.0
420987476.0
421186928.0
421386379.0
421585831.0
421785283.0
421984735.0
422184187.0
422394719.0
422594171.0
422793623.0
422993075.0
423192527.0
423391978.0
423591431.0
423790882.0
423990334.0
424189787.0
424389238.0
424588690.0
424788142.0
424987594.0
425187045.0
425386497.0
425585949.0
425796482.0
425984853.0
426195386.0
426394838.0
426594289.0
426793741.0
426993193.0
427181564.0
427392097.0
427591549.0
427791001.0
427990453.0
428189904.0
428389356.0
428588807.0
428788260.0
428987711.0
429187163.0
429386615.0
429586067.0
429796600.0
429984971.0
430195503.0
430394955.0
430594407.0
430793860.0
430993317.0
431192763.0
431392215.0
431591667.0
431791118.0
431990570.0
432190022.0
432389474.0
432588926.0
432788378.0
432987830.0
433187282.0
433397815.0
433586186.0
433796718.0
433996170.0
434195621.0
434395073.0
434594525.0
434793977.0
434993429.0
435192881.0
435392333.0
435591785.0
435791237.0
435990689.0
436190140.0
436389592.0
436589044.0
436788496.0
436987948.0
437198480.0
437409013.0
437597384.0
437796836.0
437996288.0
438195739.0
438395192.0
438594644.0
438783015.0
438993547.0
439192999.0
439392451.0
439591903.0
439791355.0
439990807.0
440190258.0
440389710.0
440589163.0
440799695.0
440988066.0
441187518.0
441398050.0
441586422.0
441796955.0
441985325.0
442195858.0
442395310.0
442594762.0
442794213.0
442993665.0
443193117.0
443392569.0
443592021.0
443791473.0
443990924.0
444190376.0
444389828.0
444589280.0
444788732.0
444988184.0
445187636.0
445398169.0
445586539.0
445797072.0
445996524.0
446195976.0
446395428.0
446594879.0
446794331.0
446993783.0
447193235.0
447392687.0
447592139.0
447791591.0
447991043.0
448190495.0
448389946.0
448589398.0
448788850.0
448977221.0
449187754.0
449376125.0
449586658.0
449775029.0
449985561.0
450196094.0
450395546.0
450594997.0
450794449.0
450993901.0
451193353.0
451392805.0
451592257.0
451791709.0
451991161.0
452190613.0
452390064.0
452589517.0
452788968.0
452988420.0
453187872.0
453398405.0
453586776.0
453786228.0
453996760.0
454196212.0
454395664.0
454595116.0
454794568.0
454994019.0
455193472.0
455392923.0
455592377.0
455791828.0
455991279.0
456190731.0
456390183.0
456589636.0
456789087.0
456977457.0
457187990.0
457387442.0
457597980.0
457797426.0
457985798.0
458196330.0
458395782.0
458595234.0
458794686.0
458994138.0
459193590.0
459393041.0
459592493.0
459791945.0
459991397.0
460190849.0
460390301.0
460589753.0
460789205.0
460999737.0
461188108.0
461387560.0
461598093.0
461797545.0
461996996.0
462196448.0
462395900.0
462595352.0
462794804.0
462994256.0
463193708.0
463404240.0
463592611.0
463792063.0
463991515.0
464190967.0
464390418.0
464589870.0
464789322.0
464988774.0
465188226.0
465398759.0
465598211.0
465797662.0
465986034.0
466185486.0
466396018.0
466595470.0
466794923.0
466994374.0
467193825.0
467393277.0
467592729.0
467792181.0
467991633.0
468191085.0
468390537.0
468589989.0
468789441.0
468988892.0
469188344.0
469387796.0
469598329.0
469786700.0
469997232.0
470196684.0
470396136.0
470595588.0
470795040.0
470994492.0
471193944.0
471393396.0
471592847.0
471792299.0
471991751.0
472191204.0
472390655.0
472590106.0
472789558.0
472977930.0
473188462.0
473398994.0
473598447.0
473797898.0
473997350.0
474196803.0
474396254.0
474595706.0
474795158.0
474994610.0
475194061.0
475393513.0
475592965.0
475792417.0
475991869.0
476191321.0
476390773.0
476590225.0
476789677.0
477000209.0
477199661.0
477399113.0
477587484.0
477798017.0
477997468.0
478196920.0
478396372.0
478595824.0
478795276.0
478994728.0
479194181.0
479393632.0
479593083.0
479792536.0
479991987.0
480191440.0
480390891.0
480590342.0
480789794.0
481000327.0
481188699.0
481399231.0
481587603.0
481798135.0
481997587.0
482197038.0
482396490.0
482595942.0
482795394.0
482994846.0
483194298.0
483393749.0
483593202.0
483792653.0
483992105.0
484191557.0
484391009.0
484590461.0
484789913.0
484978284.0
485188816.0
485399349.0
485598801.0
485798252.0
485986624.0
486197156.0
486396608.0
486596060.0
486795512.0
486994964.0
487194415.0
487393868.0
487593319.0
487792771.0
488003304.0
488191675.0
488391127.0
488590579.0
488790030.0
488978402.0
489188935.0
489399467.0
489598918.0
489798370.0
489997823.0
490197274.0
490396727.0
490596178.0
490795630.0
490995082.0
491194534.0
491393986.0
491593438.0
491792889.0
491992341.0
492191793.0
492391245.0
492590699.0
492801229.0
492989601.0
493189053.0
493399585.0
493599037.0
493798489.0
493997941.0
494197392.0
494396844.0
494596296.0
494795748.0
494995200.0
495194652.0
495394104.0
495593555.0
495793007.0
495992461.0
496191911.0
496391363.0
496601895.0
496801347.0
497000800.0
497189170.0
497399704.0
497599155.0
497798607.0
497998059.0
498197511.0
498396962.0
498596414.0
498795866.0
498995318.0
499194770.0
499394222.0
499593673.0
499793126.0
499992579.0
500203110.0
500391481.0
500590933.0
500790385.0
501000917.0
501200369.0
501399821.0
501599273.0
501798725.0
501998177.0
502197629.0
502397081.0
502596532.0
502795984.0
502995436.0
503194888.0
503394340.0
503593792.0
503793244.0
503992695.0
504192147.0
504391599.0
504602132.0
504790504.0
505001036.0
505189407.0
505399939.0
505599391.0
505798843.0
505998294.0
506197747.0
506397198.0
506596650.0
506796102.0
506995554.0
507195006.0
507394458.0
507593910.0
507793362.0
507992814.0
508192266.0
508391717.0
508591169.0
508790621.0
509001153.0
509189525.0
509400057.0
509599509.0
509798962.0
509998414.0
510197865.0
510397317.0
510585688.0
510796220.0
510995672.0
511195124.0
511394576.0
511594028.0
511793480.0
511992932.0
512203464.0
512391835.0
512602368.0
512790740.0
513001273.0
513189642.0
513400175.0
513599628.0
513799079.0
513998531.0
514197983.0
514397435.0
514596887.0
514796338.0
514995790.0
515195243.0
515394694.0
515594146.0
515793598.0
515993050.0
516192501.0
516391953.0
516591406.0
516790857.0
517001389.0
517200842.0
517400293.0
517588666.0
517799198.0
517998649.0
518198101.0
518397553.0
518597005.0
518796456.0
519006989.0
519195360.0
519394812.0
519594265.0
519793716.0
519993168.0
520192620.0
520392071.0
520591524.0
520790975.0
521001508.0
521200960.0
521400412.0
521599863.0
521799315.0
521998767.0
522198219.0
522397671.0
522597123.0
522796575.0
522996027.0
523195478.0
523394930.0
523594383.0
523793834.0
523993286.0
524192738.0
524392190.0
524602723.0
524791094.0
525001627.0
525201078.0
525400530.0
525599982.0
525799434.0
525998886.0
526198338.0
526397790.0
526597242.0
526796693.0
526996146.0
527195597.0
527395050.0
527594501.0
527793953.0
527993404.0
528203936.0
528392309.0
528602841.0
528791212.0
529001744.0
529201196.0
529400649.0
529600100.0
529799552.0
529999003.0
530198456.0
530397908.0
530597359.0
530796811.0
530996263.0
531195715.0
531406253.0
531594618.0
531794070.0
532004603.0
532192974.0
532392426.0
532602958.0
532802410.0
533001862.0
533190234.0
533389687.0
533600218.0
533799670.0
533999121.0
534198573.0
534398025.0
534597477.0
534796929.0
534996381.0
535206923.0
535395284.0
535594736.0
535794188.0
535993640.0
536193092.0
536392545.0
536603077.0
536791448.0
537001980.0
537201434.0
537400884.0
537600336.0
537799788.0
537999239.0
538198692.0
538398143.0
538597595.0
538797047.0
539007579.0
539195951.0
539395403.0
539594855.0
539794306.0
539993758.0
540193210.0
540392662.0
540592114.0
540791566.0
541002099.0
541201550.0
541401002.0
541600454.0
541799906.0
541999357.0
542198810.0
542398261.0
542597713.0
542797166.0
542996617.0
543196069.0
543395521.0
543594973.0
543794427.0
543993876.0
544193328.0
544392780.0
544603313.0
544791684.0
545002216.0
545201668.0
545401120.0
545600572.0
545800024.0
545999476.0
546198928.0
546398380.0
546597832.0
546797283.0
546996735.0
547196187.0
547395639.0
547595091.0
547794543.0
547993995.0
548193447.0
548392898.0
548603431.0
548791802.0
549002334.0
549201787.0
549401238.0
549600690.0
549800142.0
549999594.0
550199046.0
550398498.0
550597950.0
550797402.0
550996854.0
551196305.0
551395757.0
551595209.0
551794661.0
551994113.0
552193565.0
552393016.0
552603549.0
552791920.0
553002453.0
553190824.0
553401357.0
553600808.0
553800260.0
553999712.0
554199164.0
554398616.0
554609149.0
554797519.0
554996971.0
555196423.0
555395875.0
555595327.0
555794779.0
555994231.0
556204764.0
556404215.0
556603667.0
556792039.0
557002571.0
557202023.0
557401474.0
557600926.0
557789297.0
557999830.0
558199282.0
558398734.0
558598186.0
558797638.0
558997091.0
559196541.0
559407074.0
559595446.0
559805978.0
559994349.0
560193801.0
560393252.0
560603785.0
560803237.0
560991609.0
561202141.0
561401593.0
561601045.0
561800496.0
561999948.0
562199400.0
562398852.0
562598304.0
562797756.0
562997208.0
563196659.0
563396112.0
563595563.0
563795047.0
563994467.0
564204999.0
564404452.0
564592823.0
564803356.0
565002807.0
565202259.0
565401711.0
565601163.0
565800615.0
566000066.0
566199518.0
566398970.0
566598422.0
566797874.0
566997326.0
567196778.0
567396230.0
567595681.0
567795134.0
567994585.0
568194037.0
568393489.0
568604022.0
568803473.0
569002925.0
569202377.0
569401829.0
569601281.0
569800733.0
570000185.0
570199636.0
570399088.0
570598540.0
570797992.0
570997444.0
571196896.0
571396347.0
571595799.0
571806333.0
572005784.0
572205236.0
572404688.0
572604140.0
572803592.0
573003043.0
573202496.0
573401947.0
573601399.0
573800851.0
574000303.0
574199754.0
574399206.0
574598658.0
574798110.0
575008642.0
575197014.0
575396466.0
575595918.0
575795369.0
575994821.0
576205354.0
576393725.0
576604258.0
576792629.0
577003161.0
577202613.0
577402065.0
577601517.0
577800969.0
578000421.0
578199873.0
578399325.0
578598776.0
578798228.0
578997680.0
579197132.0
579407665.0
579596036.0
579795488.0
579994940.0
580205472.0
580393843.0
580604376.0
580803828.0
581003279.0
581202731.0
581402183.0
581601636.0
581801087.0
582000539.0
582199991.0
582388362.0
582598895.0
582809427.0
582997799.0
583197250.0
583396702.0
583596154.0
583806687.0
583995057.0
584194509.0
584405043.0
584604494.0
584803946.0
585003398.0
585202850.0
585402302.0
585590673.0
585801205.0
586000658.0
586200109.0
586399561.0
586599013.0
586798465.0
586997917.0
587197368.0
587396821.0
587596272.0
587795724.0
587995176.0
588205708.0
588394080.0
588604612.0
588804064.0
589003516.0
589202968.0
589402420.0
589601872.0
589801324.0
590000775.0
590200227.0
590399679.0
590599131.0
590798582.0
590998035.0
591197487.0
591396938.0
591596391.0
591795843.0
591995294.0
592205827.0
592405278.0
592604731.0
592804183.0
593003634.0
593203086.0
593402537.0
593601989.0
593801441.0
594000893.0
594211427.0
594399797.0
594599249.0
594798701.0
594998153.0
595197605.0
595397057.0
595596509.0
595795960.0
595995412.0
596205946.0
596394316.0
596604849.0
596793220.0
597003753.0
597203205.0
597402657.0
597602109.0
597801560.0
598001012.0
598200464.0
598399916.0
598610449.0
598798819.0
598998272.0
599197723.0
599397175.0
599596627.0
