5
3
4
9
5
73
1178
17
6
8
8
8
4
439
822
5
3
5
4
7
50
1183
35
4
4
7
6
5
405
849
6
3
4
7
5
34
1179
50
5
2
4
5
7
362
902
6
2
4
5
6
18
1197
72
7
7
4
8
6
334
0
6
5
3
5
4
14
1202
96
14
14
16
14
10
299
1019
5
5
7
0
8
13
1174
125
6
11
7
9
7
264
1022
2
3
2
2
3
5
1122
147
4
2
5
8
7
219
1047
2
6
6
2
3
2
1083
184
7
8
8
10
6
185
0
3
4
2
2
7
7
1041
217
2
1
3
4
9
153
1112
5
6
1
4
4
4
1019
270
5
5
4
6
6
125
1179
2
3
2
5
4
3
1001
314
5
10
10
10
13
95
1196
36
7
8
4
6
8
950
359
8
6
9
10
8
76
0
126
6
5
4
4
6
888
386
5
5
8
14
15
54
1005
207
4
7
7
7
7
842
426
2
4
1
5
4
38
954
273
4
1
4
4
4
791
466
9
5
4
8
5
27
910
338
3
4
8
10
8
759
525
4
6
7
6
9
23
0
400
2
6
3
4
6
719
592
9
7
5
8
4
9
860
458
4
6
9
6
5
663
643
7
6
6
8
9
11
798
494
3
6
7
7
4
599
683
3
3
2
4
3
2
725
547
2
6
6
5
6
526
740
7
10
5
8
9
8
0
584
5
4
5
5
5
441
813
5
5
4
8
9
8
635
636
7
3
6
3
1
372
919
6
7
8
7
5
7
605
704
6
4
6
6
5
255
1069
6
5
4
5
3
5
577
761
7
4
4
4
4
135
1178
13
2
8
7
8
9
0
802
4
4
6
5
7
84
1211
21
11
9
8
5
5
464
831
4
3
2
1
3
55
1202
29
6
7
4
8
5
415
854
6
3
4
3
7
36
1191
45
2
11
13
6
8
373
910
1
5
8
3
2
24
1221
72
5
6
9
5
9
0
976
6
5
2
6
4
13
1234
94
6
4
7
6
5
321
1028
5
4
5
6
5
6
1212
125
8
13
11
11
7
283
1059
5
1
2
4
2
2
1166
155
8
13
9
8
5
235
1068
4
6
8
5
7
5
1106
181
6
8
5
6
6
0
1083
4
7
7
5
7
6
1061
211
6
12
15
8
9
163
1131
6
3
8
4
8
4
1046
270
8
9
8
9
5
129
1199
5
4
4
5
1
4
1025
317
7
7
6
9
6
109
1227
25
4
3
6
4
2
985
374
5
7
9
13
9
0
1150
124
4
6
5
6
4
935
407
4
6
7
4
3
66
1058
201
4
7
6
3
8
869
430
6
4
7
4
8
49
974
272
3
6
2
4
5
809
468
7
8
7
10
10
35
933
330
6
6
6
7
6
778
538
5
8
8
8
2
0
918
395
6
5
3
3
4
737
606
2
7
10
10
4
11
898
452
3
5
2
4
4
688
684
5
7
5
7
6
12
862
510
4
3
5
4
3
628
727
9
12
7
10
5
9
786
543
4
6
4
6
4
544
755
9
8
4
7
7
0
695
590
3
1
5
10
4
468
809
6
7
6
6
8
7
648
641
6
5
6
6
3
388
926
7
5
6
4
8
4
629
700
7
5
8
5
7
286
1060
7
5
7
7
5
2
597
764
5
7
3
3
5
151
1212
11
4
7
5
4
0
558
817
0
3
3
5
5
81
1255
24
8
10
6
9
9
487
836
5
6
5
5
6
61
1215
31
12
9
13
7
8
416
865
3
3
4
6
4
35
1200
42
8
6
6
7
7
379
909
7
4
6
4
5
25
1227
66
6
5
9
7
0
356
970
5
3
6
3
5
16
1234
99
8
9
8
8
7
328
1022
5
4
3
4
2
11
1241
122
6
7
7
4
7
297
1079
0
4
4
2
3
4
1190
155
8
8
6
11
10
239
1083
4
4
8
6
5
4
1122
181
5
2
4
6
0
203
1086
5
4
4
3
5
3
1071
204
4
6
4
11
8
163
1126
6
3
8
6
2
3
1062
249
4
4
6
6
5
136
1187
3
5
5
4
5
6
1036
306
4
1
2
5
9
108
1230
19
5
4
2
3
3
1003
370
7
4
6
6
0
92
1183
103
3
2
4
7
5
944
405
8
9
9
14
4
65
1079
189
6
6
5
6
8
878
425
8
7
4
11
8
51
983
257
5
4
4
3
5
816
463
5
6
6
6
5
34
948
318
9
4
4
2
3
785
518
7
5
8
9
0
21
922
380
6
5
4
7
2
748
590
4
4
7
6
3
9
897
446
6
1
6
3
2
693
669
5
8
9
7
8
6
873
498
3
1
3
4
4
640
711
8
8
7
9
8
8
787
536
4
6
3
3
4
558
741
9
6
5
7
0
7
702
582
4
5
3
3
3
482
797
5
7
4
3
4
8
651
634
4
5
3
4
6
403
889
1
4
8
8
6
4
624
685
7
8
6
5
9
301
1029
8
8
5
6
4
8
600
749
4
2
5
3
2
174
1181
11
10
9
9
0
5
568
809
4
3
4
3
2
93
1245
18
8
4
8
8
9
500
827
5
4
3
5
4
63
1213
25
4
10
6
7
7
428
859
7
6
8
6
5
40
1201
39
9
9
7
12
9
385
883
9
5
3
4
7
28
1183
59
6
5
6
0
10
342
928
3
7
5
3
5
20
1204
89
4
4
8
8
3
325
996
6
2
8
6
7
11
1226
112
9
11
6
5
6
298
1054
6
5
3
5
4
8
1193
141
7
12
7
8
9
240
1072
4
5
4
3
2
5
1120
174
8
4
5
0
10
206
1074
3
6
5
3
4
7
1079
192
8
11
8
9
11
167
1105
6
2
5
4
5
5
1038
234
10
10
6
12
10
134
1145
3
4
4
8
7
6
1022
289
7
8
6
7
5
109
1206
12
6
5
6
6
5
996
347
5
7
4
0
7
90
1184
85
5
3
3
5
4
952
387
6
4
6
8
4
71
1083
177
5
8
10
6
3
884
415
4
2
4
5
6
49
998
243
8
6
3
2
4
828
452
10
8
9
6
12
31
938
305
6
5
4
5
6
783
493
8
7
8
0
11
30
897
369
7
4
7
5
6
744
563
10
11
12
10
8
19
891
420
4
3
2
3
4
698
633
7
6
9
13
9
8
858
482
5
9
9
8
4
641
694
17
12
13
10
8
11
791
528
5
8
6
6
4
565
740
11
10
9
0
12
11
723
571
2
5
3
2
4
491
798
5
9
6
6
5
9
660
620
4
4
5
6
3
411
861
8
6
8
10
13
11
618
671
4
3
6
5
2
319
993
7
8
5
11
10
14
596
734
5
4
3
6
5
192
1147
12
10
11
0
8
13
565
795
3
7
7
6
6
102
1221
16
11
14
14
12
13
506
823
3
3
4
3
2
68
1229
23
5
9
12
14
8
452
847
2
4
7
6
2
50
1201
41
5
5
8
8
8
394
883
5
5
3
6
3
26
1189
52
7
10
0
17
10
350
926
3
3
4
5
7
13
1215
81
13
4
5
10
10
326
990
7
5
6
5
3
9
1222
117
2
5
4
8
8
298
1055
2
3
3
2
3
2
1199
140
5
7
8
8
10
263
1079
3
3
2
6
5
6
1157
171
5
9
0
9
7
221
1084
2
3
1
2
1
0
1090
197
3
3
5
10
6
174
1106
7
4
6
5
4
5
1046
229
10
7
15
8
5
142
1143
5
8
1
3
1
4
1026
288
7
10
8
7
7
116
1207
7
4
3
3
5
4
1007
337
10
10
0
3
5
96
1202
69
11
6
8
5
6
966
397
8
10
6
7
8
76
1125
165
10
9
4
4
7
905
432
7
8
5
8
4
55
1025
234
2
5
2
2
6
837
454
7
9
12
13
11
46
951
291
14
4
4
4
3
783
485
11
4
0
14
9
33
913
353
3
5
4
3
4
749
559
10
11
13
9
8
15
900
416
6
6
5
6
4
710
629
12
12
8
7
13
11
867
475
12
10
9
10
5
658
709
10
10
8
7
6
8
836
539
7
7
9
5
6
588
756
19
9
0
9
9
7
747
572
4
6
3
5
5
506
792
8
10
10
9
6
7
675
614
4
3
7
4
5
428
847
9
5
15
10
7
6
625
661
7
9
9
3
3
336
974
9
8
12
9
7
8
608
725
6
7
6
5
6
219
1117
13
10
0
8
6
8
574
778
5
6
7
5
8
113
1252
16
6
4
12
14
11
536
841
3
5
6
8
5
70
1259
25
12
11
11
15
10
464
855
7
7
6
6
6
54
1217
36
6
7
7
6
8
404
876
3
3
4
3
2
31
1197
54
8
0
14
10
6
364
926
10
4
9
8
7
25
1222
73
10
10
8
9
7
337
990
5
7
7
6
4
13
1229
107
8
11
9
10
11
310
1039
5
11
6
4
5
6
1227
148
10
10
11
7
8
277
1094
5
10
6
6
2
3
1178
166
10
0
10
9
6
227
1096
7
8
6
4
4
8
1099
195
5
6
8
7
8
183
1098
4
3
4
4
6
4
1047
227
8
10
5
7
5
147
1134
5
3
3
6
6
9
1028
279
6
8
6
5
5
128
1196
5
8
5
4
4
4
1012
332
10
0
8
9
8
92
1220
47
5
6
5
3
4
986
385
9
10
7
11
13
76
1148
160
7
9
9
9
6
924
425
14
10
9
8
9
54
1052
226
6
4
11
11
9
847
452
7
12
8
6
9
43
965
283
6
5
6
3
3
796
486
8
0
11
9
9
32
924
345
2
5
6
2
4
757
551
5
10
11
8
11
20
902
402
5
7
7
8
6
717
615
6
4
10
9
11
12
878
461
4
2
5
7
9
671
691
10
11
8
13
10
7
844
527
7
4
4
10
13
602
742
11
0
8
13
5
11
759
558
5
9
11
9
6
520
780
6
11
7
7
6
7
683
603
7
7
5
5
5
442
828
7
6
9
9
9
14
636
651
2
2
5
7
7
353
939
5
6
9
6
5
8
603
713
7
9
7
7
4
241
1080
11
0
7
9
10
11
576
766
7
6
4
7
10
130
1225
16
10
10
7
10
13
545
830
3
9
9
6
5
76
1251
24
11
7
13
9
10
469
846
4
5
3
3
7
58
1209
40
9
6
7
6
10
413
873
8
7
4
3
5
34
1201
49
0
4
6
11
8
369
900
2
5
5
2
4
20
1182
69
7
8
7
4
13
328
947
4
5
6
9
4
16
1193
96
6
6
8
10
6
306
1009
7
9
5
7
5
11
1202
129
9
11
11
9
9
272
1069
7
6
4
6
8
8
1170
163
0
12
8
8
7
235
1078
3
9
10
6
6
2
1107
184
8
9
4
5
5
193
1090
5
5
9
9
12
9
1057
221
8
6
9
7
6
159
1112
6
4
5
4
5
4
1014
257
10
9
6
13
7
130
1153
8
8
5
6
5
8
995
308
0
11
8
7
7
93
1196
30
5
5
5
8
7
966
373
11
11
13
12
5
83
1144
132
6
5
6
5
3
927
409
13
10
7
6
9
57
1052
212
8
4
7
6
9
859
437
7
6
8
6
7
44
967
276
4
6
10
9
3
797
472
0
7
5
6
5
25
919
327
3
7
7
4
7
755
523
9
3
5
5
6
23
875
389
4
4
7
9
8
724
583
4
10
9
8
5
10
868
451
9
4
8
6
7
682
662
9
6
9
9
10
10
834
512
4
6
8
8
7
614
723
0
10
9
5
5
8
772
565
6
5
5
6
4
538
779
14
10
10
12
9
14
700
598
4
9
7
7
7
462
824
4
5
4
7
4
3
637
640
5
6
4
2
6
363
912
7
7
9
9
10
10
597
690
6
5
5
7
13
257
1049
0
8
11
6
4
5
571
757
4
2
6
2
6
141
1189
14
15
11
12
9
9
535
815
6
5
2
6
3
79
1246
24
11
10
10
6
9
485
841
4
4
6
4
7
60
1236
32
10
8
10
9
7
426
869
8
6
6
5
10
41
1200
0
6
9
7
9
3
373
899
8
7
6
3
4
26
1185
65
11
13
15
10
10
334
939
3
6
7
5
6
16
1204
92
8
7
12
2
7
302
1009
2
1
7
5
5
9
1210
127
10
9
8
12
12
279
1067
6
6
6
7
10
8
1186
0
8
8
10
8
8
236
1102
5
5
7
8
4
5
1140
186
12
9
10
7
11
196
1107
3
4
9
6
4
4
1079
210
6
10
8
6
5
153
1122
3
8
5
6
5
3
1018
246
5
6
11
12
8
125
1156
2
3
3
7
7
3
1010
0
7
9
5
6
11
103
1208
20
2
2
1
2
4
992
355
8
5
4
3
4
86
1168
117
6
6
12
9
11
949
418
7
1
6
6
3
62
1101
214
10
10
10
12
11
893
455
9
5
7
6
10
49
1013
266
5
7
4
2
3
827
0
9
9
10
6
5
29
937
320
5
7
6
2
3
766
512
7
5
9
11
11
25
894
384
3
4
6
4
5
726
583
12
8
7
5
5
12
885
449
7
9
7
4
7
690
660
8
10
10
9
12
12
858
506
4
9
8
8
6
627
0
7
5
10
9
6
8
816
561
9
4
3
4
5
562
782
17
10
8
12
14
11
722
596
6
7
4
5
4
482
817
8
9
7
10
10
8
656
633
2
6
2
2
8
380
896
5
5
9
9
8
5
607
682
6
4
6
4
8
279
0
11
12
11
12
12
12
583
758
4
9
3
3
2
154
1180
20
8
7
7
9
7
556
807
3
8
8
3
4
86
1268
22
5
6
5
8
5
508
865
4
4
6
7
5
62
1262
30
5
12
8
5
12
445
877
4
6
9
6
7
43
0
45
9
9
9
8
6
391
901
3
5
10
7
9
26
1199
59
3
8
13
8
7
347
942
2
4
4
3
5
16
1217
87
12
8
10
7
11
316
1010
4
3
6
5
4
13
1221
125
8
9
7
11
14
287
1071
4
6
7
5
6
7
0
153
10
9
9
6
10
263
1105
4
5
3
2
4
4
1156
181
11
9
13
10
11
206
1111
2
4
3
3
5
4
1086
210
6
6
7
9
4
172
1117
3
6
2
5
7
4
1038
241
4
7
7
7
9
135
1157
3
4
8
3
4
0
0
293
9
4
9
7
8
106
1206
15
4
2
7
6
3
994
345
7
7
6
13
9
87
1179
92
5
3
3
2
5
960
409
9
7
9
5
6
61
1115
200
9
6
9
7
6
911
439
14
8
12
13
8
48
1017
258
4
6
8
9
11
0
463
8
7
5
11
32
38
948
320
6
6
7
4
1
780
505
10
8
9
5
8
28
903
373
7
8
8
5
5
739
569
16
9
11
10
14
12
869
433
2
2
3
2
3
693
636
5
7
6
9
10
12
838
492
3
7
8
4
8
0
710
2
3
5
7
5
5
800
540
9
9
10
6
9
563
747
5
8
8
11
10
6
717
574
6
5
4
7
5
479
797
11
7
6
6
2
3
653
622
10
5
5
7
9
397
877
10
7
8
7
5
9
614
664
4
3
6
7
5
0
985
6
5
6
8
12
4
571
712
6
5
5
2
4
171
1125
8
4
4
5
7
8
541
769
4
1
1
3
2
88
1225
14
9
9
9
3
7
502
829
8
7
5
5
5
62
1232
24
5
10
5
10
3
441
848
5
2
1
1
2
0
1198
43
11
10
10
6
14
396
879
7
6
4
5
11
26
1195
58
10
12
12
10
8
363
906
6
5
8
6
6
17
1186
72
6
6
3
7
18
325
951
6
1
4
3
2
6
1173
107
10
7
5
5
5
281
1015
4
4
4
6
4
0
1168
138
8
9
7
7
7
256
1058
6
5
6
5
4
6
1126
170
7
10
8
11
11
207
1073
3
7
4
4
5
7
1073
201
9
6
9
6
8
170
1104
6
4
7
5
8
4
1034
238
3
4
6
7
5
161
1119
10
4
6
9
5
0
993
282
10
8
11
13
8
126
1151
11
3
6
7
5
5
958
323
9
4
10
9
8
91
1131
71
3
5
7
4
2
925
389
5
7
8
6
7
67
1083
168
4
2
3
5
7
877
424
11
9
5
9
6
46
1012
243
4
4
1
0
0
827
459
13
10
8
13
10
38
955
295
3
4
5
2
4
768
513
9
5
10
5
11
25
905
354
3
3
7
7
4
725
561
8
10
8
13
8
20
857
411
4
6
6
3
5
678
607
10
6
5
12
7
15
814
471
6
5
3
5
0
620
673
10
5
9
5
7
8
780
519
2
1
2
2
2
561
735
5
5
9
9
12
5
728
558
4
4
4
1
3
483
800
6
8
6
2
6
4
683
603
7
0
1
5
7
405
880
10
11
9
7
4
8
629
649
8
5
9
9
0
312
973
10
8
9
9
3
10
