11081
22162
33243
44323
55404
66484
77565
88646
99726
110807
121888
132968
144049
155130
166210
177291
188372
199452
210533
221614
232694
243775
254856
265936
277017
288098
299179
310260
321340
332421
343502
354582
365662
376743
387824
398905
409985
421066
432147
443228
454308
465389
476469
487550
498631
509712
520792
531873
542953
554034
565115
576195
587276
598357
609437
620518
631599
642679
653760
664841
675922
687002
698083
709163
720244
731325
742405
753486
764567
775647
786728
797809
808889
819970
831051
842132
853212
864293
875374
886454
897535
908616
919696
930777
941858
952939
964019
975100
986180
997261
1008342
1019422
1030503
1041584
1052665
1063746
1074827
1085907
1096988
1108069
1119150
1130230
1141310
1152391
1163472
1174553
1185633
1196714
1207795
1218875
1229956
1241036
1252117
1263198
1274279
1285359
1296440
1307521
1318601
1329682
1340763
1351843
1362924
1374005
1385085
1396166
1407247
1418328
1429408
1440489
1451569
1462650
1473731
1484811
1495892
1506974
1518054
1529134
1540215
1551295
1562376
1573457
1584537
1595618
1606699
1617780
1628860
1639941
1651022
1662102
1673183
1684263
1695344
1706425
1717506
1728586
1739667
1750748
1761828
1772909
1783990
1795070
1806151
1817232
1828313
1839393
1850474
1861554
1872635
1883716
1894796
1905877
1916958
1928039
1939119
1950200
1961280
1972361
1983442
1994522
2005603
2016684
2027764
2038848
2049926
2061006
2072087
2083168
2094249
2105329
2116410
2127490
2138571
2149652
2160733
2171813
2182894
2193975
2205055
2216135
2227217
2238297
2249378
2260459
2271539
2282620
2293701
2304781
2315862
2326942
2338023
2349104
2360185
2371265
2382346
2393427
2404507
2415588
2426669
2437749
2448830
2459911
2470991
2482072
2493153
2504235
2515315
2526395
2537475
2548556
2559637
2570717
2581798
2592879
2603959
2615040
2626121
2637201
2648282
2659363
2670443
2681524
2692605
2703685
2714767
2725847
2736928
2748008
2759089
2770169
2781250
2792331
2803412
2814492
2825573
2836654
2847734
2858815
2869895
2880976
2892057
2903138
2914218
2925299
2936379
2947460
2958541
2969622
2980702
2991783
3002864
3013944
3025025
3036106
3047186
3058267
3069347
3080428
3091509
3102590
3113671
3124751
3135832
3146912
3157993
3169075
3180154
3191235
3202316
3213396
3224477
3235558
3246638
3257719
3268800
3279880
3290961
3302042
3313123
3324203
3335284
3346365
3357445
3368526
3379606
3390687
3401768
3412849
3423929
3435010
3446090
3457171
3468252
3479333
3490413
3501495
3512575
3523655
3534736
3545816
3556897
3567978
3579059
3590139
3601220
3612301
3623381
3634462
3645542
3656623
3667704
3678785
3689865
3700950
3712027
3723107
3734188
3745269
3756349
3767430
3778511
3789591
3800672
3811753
3822833
3833914
3844995
3856075
3867156
3878237
3889317
3900398
3911479
3922559
3933640
3944721
3955802
3966882
3977963
3989044
4000124
4011205
4022285
4033366
4044447
4055528
4066608
4077689
4088770
4099850
4110931
4122011
4133092
4144173
4155254
4166334
4177415
4188496
4199576
4210657
4221738
4232818
4243899
4254980
4266060
4277141
4288222
4299303
4310383
4321464
4332544
4343625
4354706
4365786
4376867
4387948
4399028
4410109
4421190
4432270
4443351
4454432
4465512
4476593
4487674
4498755
4509835
4520916
4531996
4543077
4554158
4565239
4576319
4587400
4598481
4609561
4620642
4631723
4642803
4653884
4664965
4676045
4687126
4698207
4709287
4720368
4731449
4742529
4753610
4764691
4775771
4786852
4797933
4809013
4820094
4831175
4842255
4853336
4864417
4875497
4886578
4897659
4908740
4919820
4930901
4941981
4953062
4964143
4975223
4986304
4997385
5008465
5019546
5030627
5041707
5052788
5063869
5074949
5086030
5097111
5108192
5119272
5130353
5141433
5152514
5163595
5174675
5185756
5196837
5207918
5218998
5230079
5241160
5252240
5263321
5274401
5285482
5296563
5307644
5318724
5329806
5340885
5351966
5363047
5374128
5385208
5396289
5407370
5418450
5429531
5440612
5451692
5462773
5473854
5484934
5496015
5507096
5518176
5529257
5540338
5551418
5562499
5573580
5584660
5595741
5606821
5617902
5628983
5640064
5651144
5662225
5673306
5684386
5695468
5706548
5717629
5728709
5739790
5750871
5761951
5773032
5784113
5795193
5806274
5817354
5828435
5839516
5850596
5861677
5872758
5883839
5894919
5906001
5917081
5928161
5939242
5950323
5961403
5972484
5983565
5994645
6005726
6016807
6027887
6038968
6050049
6061129
6072210
6083291
6094371
6105452
6116533
6127613
6138694
6149776
6160856
6171936
6183017
6194097
6205178
6216259
6227339
6238420
6249501
6260581
6271662
6282743
6293824
6304904
6315985
6327065
6338146
6349227
6360308
6371388
6382469
6393549
6404630
6415711
6426791
6437872
6448953
6460034
6471114
6482195
6493277
6504357
6515437
6526518
6537598
6548679
6559759
6570840
6581921
6593002
6604082
6615163
6626244
6637324
6648405
6659486
6670566
6681647
6692728
6703809
6714889
6725970
6737050
6748131
6759212
6770292
6781373
6792454
6803534
6814615
6825696
6836776
6847857
6858938
6870018
6881099
6892180
6903261
6914341
6925422
6936502
6947583
6958664
6969745
6980825
6991906
7002986
7014067
7025148
7036229
7047309
7058390
7069471
7080551
7091632
7102712
7113793
7124874
7135954
7147035
7158116
7169197
7180277
7191358
7202438
7213519
7224600
7235680
7246761
7257842
7268923
7280003
7291085
7302165
7313245
7324326
7335407
7346487
7357568
7368649
7379729
7390810
7401890
7412971
7424052
7435133
7446213
7457294
7468375
7479455
7490536
7501617
7512697
7523778
7534859
7545940
7557020
7568101
7579181
7590262
7601343
7612423
7623504
7634585
7645666
7656746
7667827
7678907
7689988
7701069
7712150
7723230
7734311
7745391
7756472
7767553
7778634
7789715
7800795
7811875
7822956
7834037
7845117
7856199
7867279
7878360
7889441
7900521
7911602
7922682
7933763
7944843
7955924
7967005
7978086
7989166
8000247
8011328
8022408
8033489
8044570
8055650
8066731
8077812
8088892
8099973
8111054
8122134
8133215
8144296
8155376
8166457
8177538
8188618
8199699
8210780
8221861
8232941
8244022
8255102
8266183
8277264
8288345
8299425
8310506
8321588
8332667
8343748
8354828
8365909
8376990
8388071
8399151
8410232
8421313
8432393
8443474
8454555
8465635
8476716
8487798
8498878
8509958
8521039
8532119
8543200
8554281
8565361
8576442
8587523
8598603
8609684
8620765
8631845
8642926
8654007
8665087
8676168
8687249
8698330
8709410
8720491
8731571
8742652
8753733
8764813
8775894
8786975
8798055
8809136
8820217
8831298
8842378
8853459
8864539
8875620
8886701
8897782
8908862
8919943
8931024
8942104
8953185
8964265
8975346
8986428
8997507
9008588
9019669
9030750
9041830
9052911
9063992
9075072
9086153
9097234
9108314
9119395
9130476
9141556
9152637
9163718
9174798
9185879
9196960
9208040
9219121
9230202
9241282
9252363
9263444
9274524
9285606
9296686
9307766
9318847
9329928
9341008
9352089
9363170
9374250
9385331
9396412
9407492
9418573
9429654
9440734
9451815
9462896
9473977
9485059
9496138
9507219
9518299
9529380
9540460
9551542
9562622
9573703
9584783
9595864
9606945
9618025
9629106
9640186
9651268
9662348
9673429
9684509
9695590
9706671
9717751
9728832
9739913
9750994
9762074
9773155
9784235
9795316
9806397
9817477
9828558
9839639
9850719
9861800
9872881
9883961
9895042
9906123
9917203
9928284
9939365
9950445
9961526
9972607
9983687
9994768
10005849
10016929
10028010
10039091
10050171
10061252
10072333
10083414
10094494
10105575
10116655
10127736
10138817
10149897
10160978
10172059
10183139
10194220
10205301
10216382
10227462
10238543
10249624
10260704
10271785
10282866
10293946
10305027
10316107
10327188
10338269
10349350
10360430
10371511
10382592
10393672
10404753
10415834
10426914
10437995
10449076
10460156
10471237
10482318
10493398
10504479
10515560
10526640
10537721
10548802
10559882
10570963
10582044
10593124
10604205
10615286
10626367
10637447
10648528
10659609
10670689
10681771
10692851
10703931
10715012
10726092
10737173
10748254
10759335
10770415
10781497
10792577
10803657
10814738
10825819
10836899
10847980
10859061
10870141
10881222
10892303
10903384
10914464
10925544
10936626
10947706
10958787
10969867
10980948
10992029
11003109
11014190
11025270
11036351
11047432
11058513
11069593
11080674
11091755
11102835
11113916
11124996
11136077
11147160
11158239
11169319
11180400
11191481
11202561
11213642
11224723
11235803
11246884
11257965
11269045
11280126
11291207
11302288
11313368
11324449
11335530
11346610
11357691
11368772
11379852
11390933
11402013
11413094
11424175
11435256
11446336
11457417
11468497
11479579
11490660
11501740
11512820
11523901
11534982
11546062
11557143
11568223
11579304
11590385
11601466
11612546
11623627
11634708
11645788
11656869
11667950
11679030
11690112
11701192
11712273
11723353
11734434
11745514
11756595
11767676
11778756
11789837
11800918
11812000
11823079
11834160
11845240
11856321
11867402
11878483
11889563
11900644
11911724
11922805
11933886
11944967
11956047
11967128
11978208
11989289
12000370
12011451
12022531
12033612
12044693
12055773
12066854
12077935
12089015
12100096
12111176
12122257
12133338
12144419
12155499
12166580
12177661
12188741
12199822
12210903
12221983
12233064
12244145
12255225
12266306
12277387
12288468
12299548
12310629
12321710
12332790
12343871
12354951
12366032
12377113
12388193
12399274
12410355
12421436
12432516
12443597
12454677
12465758
12476840
12487920
12499000
12510081
12521161
12532242
12543323
12554404
12565484
12576565
12587646
12598726
12609807
12620887
12631968
12643049
12654129
12665210
12676291
12687372
12698452
12709533
12720613
12731694
12742775
12753856
12764936
12776017
12787098
12798178
12809259
12820339
12831421
12842501
12853582
12864662
12875743
12886824
12897904
12908985
12920066
12931146
12942227
12953308
12964388
12975469
12986550
12997630
13008711
13019792
13030872
13041953
13053034
13064114
13075195
13086276
13097357
13108437
13119518
13130599
13141679
13152760
13163840
13174921
13186002
13197083
13208163
13219244
13230325
13241405
13252486
13263567
13274648
13285728
13296809
13307889
13318970
13330051
13341131
13352212
13363292
13374373
13385454
13396535
13407615
13418696
13429777
13440857
13451938
13463019
13474100
13485181
13496261
13507341
13518422
13529503
13540583
13551665
13562745
13573825
13584906
13595987
13607067
13618148
13629229
13640309
13651390
13662471
13673552
13684633
13695713
13706793
13717874
13728955
13740035
13751116
13762197
13773278
13784358
13795439
13806520
13817600
13828681
13839761
13850842
13861923
13873004
13884085
13895165
13906246
13917326
13928407
13939488
13950568
13961649
13972731
13983810
13994891
14005972
14017053
14028133
14039214
14050294
14061375
14072456
14083537
14094617
14105698
14116779
14127859
14138940
14150020
14161101
14172182
14183262
14194343
14205424
14216504
14227585
14238666
14249747
14260827
14271908
14282989
14294069
14305150
14316231
14327311
14338392
14349472
14360553
14371634
14382715
14393795
14404876
14415956
14427037
14438118
14449199
14460279
14471361
14482441
14493521
14504602
14515682
14526763
14537844
14548924
14560005
14571086
14582167
14593247
14604328
14615408
14626489
14637570
14648651
14659731
14670812
14681893
14692973
14704054
14715134
14726215
14737296
14748377
14759457
14770538
14781619
14792699
14803780
14814861
14825942
14837022
14848103
14859183
14870264
14881345
14892426
14903506
14914587
14925668
14936748
14947829
14958909
14969990
14981071
14992152
15003232
15014313
15025394
15036474
15047555
15058636
15069716
15080797
15091878
15102958
15114039
15125120
15136200
15147281
15158362
15169442
15180523
15191604
15202684
15213765
15224846
15235926
15247007
15258088
15269169
15280249
15291330
15302411
15313491
15324572
15335652
15346733
15357814
15368894
15379975
15391056
15402136
15413217
15424298
15435378
15446459
15457540
15468621
15479701
15490782
15501863
15512943
15524024
15535105
15546185
15557266
15568347
15579427
15590508
15601588
15612669
15623750
15634831
15645911
15656992
15668074
15679154
15690234
15701314
15712395
15723476
15734557
15745637
15756718
15767798
15778879
15789960
15801041
15812121
15823202
15834283
15845363
15856444
15867525
15878606
15889686
15900767
15911847
15922928
15934009
15945089
15956170
15967251
15978331
15989412
16000493
16011573
16022654
16033735
16044815
16055896
16066977
16078058
16089138
16100219
16111300
16122380
16133462
16144541
16155622
16166703
16177784
16188864
16199945
16211026
16222106
16233187
16244268
16255348
16266429
16277510
16288590
16299671
16310752
16321832
16332913
16343993
16355074
16366155
16377236
16388316
16399397
16410478
16421558
16432639
16443719
16454800
16465882
16476963
16488043
16499123
16510204
16521284
16532365
16543446
16554526
16565607
16576688
16587768
16598849
16609930
16621011
16632091
16643172
16654253
16665333
16676414
16687495
16698575
16709656
16720736
16731817
16742898
16753979
16765059
16776140
16787220
16798302
16809382
16820463
16831543
16842624
16853705
16864785
16875866
16886946
16898027
16909108
16920189
16931269
16942350
16953431
16964511
16975592
16986673
16997753
17008834
17019915
17030995
17042076
17053157
17064237
17075318
17086399
17097479
17108560
17119641
17130722
17141802
17152883
17163963
17175044
17186125
17197206
17208286
17219367
17230447
17241528
17252609
17263690
17274770
17285851
17296932
17308012
17319093
17330174
17341254
17352335
17363415
17374496
17385577
17396657
17407738
17418819
17429899
17440980
17452061
17463144
17474223
17485303
17496384
17507464
17518545
17529626
17540706
17551787
17562868
17573948
17585029
17596110
17607190
17618271
17629352
17640432
17651513
17662594
17673674
17684755
17695836
17706916
17717997
17729078
17740158
17751239
17762320
17773400
17784481
17795562
17806642
17817723
17828804
17839884
17850965
17862046
17873127
17884207
17895288
17906368
17917449
17928530
17939610
17950691
17961772
17972852
17983933
17995014
18006094
18017175
18028256
18039337
18050417
18061498
18072579
18083660
18094740
18105821
18116901
18127982
18139062
18150143
18161224
18172305
18183385
18194466
18205546
18216627
18227708
18238789
18249869
18260950
18272031
18283111
18294194
18305273
18316353
18327434
18338515
18349596
18360676
18371756
18382837
18393918
18404999
18416079
18427160
18438241
18449321
18460403
18471483
18482564
18493644
18504725
18515806
18526886
18537967
18549047
18560128
18571209
18582289
18593370
18604451
18615532
18626612
18637693
18648774
18659855
18670935
18682015
18693096
18704177
18715258
18726338
18737419
18748500
18759580
18770661
18781742
18792822
18803903
18814984
18826064
18837145
18848226
18859306
18870387
18881468
18892548
18903629
18914710
18925790
18936871
18947952
18959032
18970113
18981194
18992274
19003355
19014436
19025516
19036597
19047678
19058759
19069840
19080920
19092000
19103081
19114162
19125243
19136323
19147404
19158485
19169565
19180646
19191726
19202807
19213888
19224969
19236049
19247130
19258210
19269291
19280372
19291453
19302533
19313614
19324695
19335775
19346856
19357937
19369017
19380098
19391179
19402259
19413340
19424420
19435501
19446582
19457664
19468744
19479824
19490905
19501985
19513066
19524147
19535227
19546308
19557389
19568469
19579550
19590631
19601711
19612792
19623874
19634953
19646034
19657115
19668196
19679276
19690357
19701438
19712518
19723599
19734680
19745760
19756841
19767922
19779002
19790083
19801164
19812244
19823325
19834405
19845486
19856567
19867648
19878728
19889809
19900890
19911970
19923051
19934132
19945212
19956293
19967373
19978454
19989535
20000616
20011696
20022777
20033858
20044938
20056019
20067100
20078180
20089261
20100342
20111422
20122503
20133584
20144664
20155745
20166826
20177906
20188987
20200068
20211148
20222229
20233310
20244390
20255471
20266552
20277632
20288713
20299794
20310875
20321955
20333036
20344116
20355197
20366278
20377359
20388439
20399520
20410600
20421681
20432762
20443843
20454925
20466004
20477085
20488165
20499246
20510327
20521407
20532488
20543569
20554650
20565730
20576811
20587891
20598972
20610053
20621133
20632214
20643295
20654376
20665456
20676537
20687617
20698698
20709779
20720859
20731940
20743021
20754101
20765182
20776263
20787343
20798424
20809505
20820585
20831666
20842747
20853828
20864908
20875989
20887070
20898150
20909231
20920311
20931392
20942473
20953553
20964634
20975715
20986796
20997876
21008957
21020037
21031118
21042199
21053280
21064360
21075441
21086522
21097602
21108683
21119764
21130844
21141925
21153006
21164086
21175167
21186248
21197328
21208409
21219490
21230570
21241651
21252732
21263813
21274893
21285974
21297054
21308135
21319216
21330296
21341377
21352458
21363539
21374619
21385700
21396780
21407861
21418942
21430023
21441103
21452184
21463265
21474345
21485426
21496506
21507587
21518668
21529749
21540829
21551910
21562990
21574071
21585152
21596233
21607313
21618394
21629475
21640555
21651636
21662717
21673797
21684879
21695959
21707039
21718120
21729201
21740281
21751362
21762442
21773523
21784605
21795685
21806765
21817846
21828927
21840008
21851088
21862169
21873249
21884330
21895411
21906491
21917572
21928653
21939733
21950814
21961895
21972975
21984056
21995137
22006218
22017298
22028379
22039460
22050541
22061621
22072701
22083782
22094863
22105943
22117024
22128105
22139186
22150266
22161347
22172427
22183508
22194589
22205670
22216750
22227831
22238912
22249992
22261074
22272153
22283234
22294315
22305396
22316476
22327557
22338638
22349718
22360799
22371880
22382960
22394041
22405122
22416202
22427283
22438364
22449445
22460526
22471606
22482686
22493767
22504848
22515928
22527009
22538090
22549170
22560251
22571332
22582412
22593493
22604574
22615655
22626735
22637816
22648897
22659977
22671058
22682138
22693219
22704300
22715381
22726461
22737542
22748623
22759703
22770784
22781865
22792945
22804026
22815107
22826187
22837268
22848349
22859429
22870510
22881591
22892671
22903752
22914832
22925913
22936994
22948075
22959155
22970236
22981317
22992397
23003478
23014559
23025639
23036720
23047801
23058881
23069962
23081043
23092123
23103204
23114285
23125365
23136446
23147527
23158608
23169688
23180769
23191849
23202930
23214011
23225091
23236172
23247253
23258334
23269414
23280496
23291576
23302656
23313737
23324818
23335898
23346979
23358059
23369140
23380221
23391302
23402382
23413463
23424544
23435624
23446707
23457786
23468866
23479947
23491028
23502108
23513189
23524270
23535350
23546431
23557512
23568593
23579673
23590754
23601834
23612915
23623996
23635077
23646157
23657238
23668319
23679399
23690480
23701560
23712641
23723722
23734803
23745883
23756964
23768045
23779125
23790206
23801286
23812367
23823448
23834529
23845609
23856691
23867771
23878851
23889932
23901012
23912093
23923174
23934255
23945337
23956416
23967497
23978578
23989658
24000738
24011819
24022900
24033981
24045063
24056142
24067223
24078303
24089384
24100465
24111545
24122626
24133707
24144787
24155868
24166949
24178029
24189110
24200191
24211271
24222352
24233433
24244514
24255594
24266675
24277755
24288836
24299917
24310997
24322078
24333159
24344240
24355320
24366401
24377482
24388562
24399643
24410723
24421804
24432885
24443966
24455046
24466127
24477208
24488288
24499369
24510450
24521530
24532611
24543692
24554773
24565853
24576934
24588014
24599095
24610176
24621256
24632337
24643418
24654499
24665579
24676660
24687740
24698821
24709902
24720982
24732063
24743144
24754224
24765305
24776386
24787466
24798547
24809628
24820709
24831789
24842870
24853951
24865031
24876112
24887193
24898273
24909354
24920435
24931515
24942596
24953676
24964757
24975838
24986919
24997999
25009080
25020161
25031241
25042322
25053403
25064483
25075564
25086645
25097725
25108806
25119887
25130967
25142048
25153128
25164209
25175290
25186371
25197451
25208532
25219613
25230693
25241776
25252855
25263935
25275016
25286097
25297177
25308258
25319339
25330420
25341500
25352581
25363661
25374742
25385823
25396903
25407984
25419065
25430145
25441227
25452307
25463387
25474468
25485549
25496629
25507710
25518791
25529871
25540952
25552033
25563113
25574194
25585275
25596355
25607436
25618517
25629598
25640678
25651760
25662839
25673920
25685001
25696082
25707162
25718243
25729324
25740405
25751485
25762566
25773646
25784727
25795808
25806888
25817969
25829050
25840130
25851212
25862292
25873372
25884453
25895533
25906614
25917695
25928776
25939856
25950937
25962018
25973098
25984179
25995260
26006340
26017421
26028502
26039583
26050663
26061744
26072824
26083905
26094986
26106067
26117147
26128228
26139308
26150389
26161470
26172551
26183631
26194712
26205793
26216873
26227954
26239035
26250115
26261196
26272277
26283357
26294438
26305519
26316599
26327680
26338760
26349841
26360922
26372003
26383083
26394164
26405244
26416325
26427406
26438487
26449568
26460648
26471729
26482809
26493890
26504971
26516051
26527132
26538213
26549293
26560374
26571455
26582535
26593616
26604697
26615777
26626858
26637939
26649019
26660100
26671181
26682261
26693342
26704423
26715503
26726584
26737665
26748746
26759826
26770907
26781987
26793068
26804149
26815229
26826310
26837391
26848472
26859552
26870633
26881713
26892794
26903875
26914955
26926036
26937117
26948198
26959278
26970359
26981440
26992520
27003601
27014682
27025762
27036843
27047924
27059004
27070085
27081166
27092246
27103327
27114408
27125489
27136569
27147650
27158730
27169811
27180892
27191972
27203053
27214134
27225215
27236295
27247376
27258457
27269537
27280618
27291698
27302779
27313860
27324941
27336021
27347102
27358183
27369263
27380344
27391424
27402505
27413586
27424667
27435749
27446828
27457909
27468989
27480070
27491151
27502231
27513312
27524392
27535473
27546554
27557635
27568715
27579796
27590877
27601957
27613038
27624119
27635200
27646280
27657361
27668441
27679522
27690603
27701683
27712764
27723845
27734925
27746006
27757087
27768167
27779248
27790329
27801409
27812490
27823571
27834652
27845732
27856813
27867894
27878974
27890055
27901136
27912216
27923297
27934377
27945458
27956539
27967620
27978700
27989781
28000862
28011942
28023023
28034104
28045184
28056265
28067346
28078426
28089507
28100588
28111668
28122749
28133830
28144910
28155991
28167072
28178152
28189233
28200314
28211394
28222475
28233556
28244636
28255717
28266798
28277878
28288959
28300040
28311120
28322201
28333282
28344362
28355443
28366524
28377604
28388685
28399766
28410846
28421927
28433009
28444089
28455169
28466250
28477331
28488411
28499492
28510573
28521653
28532734
28543815
28554895
28565976
28577056
28588137
28599218
28610298
28621379
28632460
28643541
28654621
28665702
28676783
28687863
28698944
28710025
28721105
28732186
28743267
28754347
28765429
28776508
28787589
28798670
28809751
28820832
28831912
28842993
28854073
28865154
28876235
28887315
28898396
28909477
28920557
28931638
28942719
28953800
28964880
28975961
28987041
28998122
29009203
29020283
29031364
29042445
29053525
29064606
29075687
29086768
29097848
29108929
29120009
29131090
29142171
29153251
29164332
29175413
29186494
29197574
29208655
29219735
29230816
29241897
29252977
29264058
29275139
29286220
29297300
29308381
29319462
29330542
29341623
29352704
29363784
29374865
29385946
29397026
29408107
29419188
29430269
29441350
29452430
29463510
29474591
29485672
29496752
29507833
29518914
29529994
29541075
29552156
29563236
29574317
29585398
29596480
29607559
29618640
29629721
29640801
29651882
29662963
29674043
29685124
29696204
29707285
29718366
29729447
29740527
29751608
29762689
29773769
29784850
29795931
29807011
29818092
29829173
29840254
29851334
29862415
29873495
29884576
29895657
29906737
29917818
29928899
29939979
29951060
29962141
29973221
29984302
29995383
30006464
30017544
30028625
30039706
30050786
30061867
30072947
30084028
30095109
30106189
30117270
30128351
30139432
30150512
30161593
30172673
30183754
30194835
30205915
30216996
30228077
30239158
30250238
30261319
30272399
30283480
30294561
30305641
30316722
30327803
30338883
30349964
30361045
30372125
30383206
30394287
30405367
30416448
30427530
30438611
30449690
30460771
30471852
30482932
30494013
30505093
30516175
30527255
30538336
30549416
30560497
30571578
30582658
30593739
30604820
30615901
30626982
30638062
30649142
30660223
30671304
30682384
30693465
30704546
30715626
30726707
30737788
30748869
30759949
30771030
30782110
30793191
30804272
30815352
30826434
30837514
30848595
30859675
30870756
30881836
30892917
30903998
30915079
30926160
30937240
30948321
30959401
30970482
30981563
30992643
31003724
31014805
31025885
31036966
31048047
31059127
31070208
31081289
31092369
31103450
31114531
31125611
31136692
31147773
31158854
31169934
31181015
31192095
31203176
31214257
31225337
31236419
31247499
31258579
31269660
31280741
31291821
31302902
31313983
31325063
31336144
31347225
31358306
31369386
31380467
31391547
31402628
31413709
31424790
31435870
31446951
31458032
31469112
31480193
31491274
31502354
31513435
31524516
31535596
31546677
31557757
31568838
31579919
31591000
31602080
31613161
31624244
31635322
31646403
31657484
31668564
31679645
31690726
31701806
31712887
31723968
31735048
31746129
31757210
31768290
31779371
31790452
31801533
31812613
31823694
31834775
31845855
31856936
31868016
31879097
31890178
31901259
31912339
31923420
31934500
31945581
31956662
31967743
31978823
31989904
32000984
32012065
32023146
32034227
32045307
32056388
32067469
32078549
32089630
32100710
32111792
32122872
32133953
32145033
32156114
32167195
32178275
32189356
32200436
32211517
32222598
32233679
32244759
32255840
32266921
32278001
32289082
32300163
32311243
32322324
32333405
32344485
32355566
32366647
32377727
32388808
32399889
32410969
32422051
32433132
32444212
32455292
32466373
32477453
32488534
32499615
32510695
32521776
32532857
32543937
32555018
32566099
32577180
32588260
32599341
32610422
32621502
32632584
32643664
32654744
32665825
32676906
32687986
32699067
32710148
32721228
32732309
32743389
32754470
32765551
32776632
32787712
32798793
32809874
32820954
32832035
32843116
32854196
32865277
32876358
32887439
32898519
32909600
32920680
32931761
32942842
32953922
32965003
32976084
32987164
32998245
33009326
33020407
33031487
33042568
33053649
33064729
33075810
33086890
33097971
33109052
33120132
33131213
33142294
33153374
33164455
33175536
33186617
33197697
33208778
33219859
33230939
33242020
33253101
33264181
33275262
33286343
33297423
33308504
33319585
33330665
33341746
33352826
33363907
33374988
33386069
33397150
33408230
33419311
33430392
33441472
33452553
33463633
33474714
33485795
33496875
33507956
33519037
33530117
33541198
33552279
33563359
33574440
33585521
33596601
33607682
33618763
33629844
33640924
33652005
33663085
33674166
33685247
33696327
33707408
33718489
33729570
33740650
33751731
33762812
33773892
33784973
33796053
33807134
33818215
33829296
33840376
33851457
33862537
33873618
33884699
33895779
33906860
33917943
33929022
33940102
33951183
33962264
33973344
33984425
33995505
34006586
34017668
34028748
34039828
34050909
34061990
34073070
34084151
34095232
34106312
34117393
34128474
34139554
34150635
34161716
34172796
34183877
34194958
34206038
34217119
34228200
34239281
34250361
34261442
34272523
34283603
34294684
34305765
34316845
34327926
34339007
34350087
34361168
34372249
34383329
34394410
34405491
34416572
34427652
34438733
34449813
34460894
34471975
34483055
34494136
34505217
34516297
34527378
34538459
34549539
34560620
34571701
34582782
34593862
34604943
34616023
34627104
34638185
34649265
34660346
34671427
34682507
34693588
34704669
34715749
34726830
34737911
34748991
34760072
34771153
34782233
34793314
34804395
34815476
34826556
34837637
34848717
34859798
34870879
34881959
34893040
34904121
34915202
34926282
34937363
34948444
34959524
34970605
34981686
34992766
35003847
35014930
35026008
35037089
35048170
35059250
35070331
35081412
35092492
35103573
35114654
35125734
35136815
35147896
35158976
35170057
35181138
35192218
35203299
35214380
35225460
35236541
35247622
35258703
35269783
35280864
35291944
35303025
35314106
35325186
35336267
35347348
35358428
35369509
35380590
35391670
35402751
35413833
35424913
35435993
35447074
35458154
35469235
35480316
35491396
35502477
35513558
35524638
35535719
35546800
35557880
35568961
35580042
35591122
35602203
35613284
35624365
35635445
35646526
35657607
35668688
35679768
35690848
35701929
35713010
35724091
35735171
35746252
35757333
35768413
35779494
35790575
35801655
35812736
35823817
35834897
35845978
35857059
35868140
35879220
35890301
35901381
35912462
35923543
35934623
35945704
35956785
35967866
35978946
35990027
36001108
36012188
36023269
36034349
36045430
36056511
36067592
36078674
36089753
36100834
36111914
36122995
36134075
36145156
36156237
36167318
36178399
36189479
36200560
36211640
36222721
36233802
36244882
36255963
36267044
36278124
36289205
36300286
36311366
36322447
36333527
36344608
36355689
36366770
36377850
36388931
36400012
36411093
36422174
36433254
36444334
36455415
36466496
36477576
36488657
36499738
36510818
36521899
36532980
36544060
36555141
36566222
36577303
36588383
36599464
36610545
36621625
36632706
36643787
36654867
36665948
36677029
36688109
36699190
36710270
36721351
36732432
36743513
36754593
36765674
36776755
36787835
36798916
36809997
36821078
36832158
36843239
36854319
36865400
36876480
36887561
36898642
36909723
36920803
36931884
36942965
36954045
36965126
36976207
36987287
36998368
37009449
37020529
37031610
37042691
37053771
37064852
37075933
37087013
37098094
37109175
37120255
37131336
37142417
37153497
37164578
37175659
37186739
37197820
37208902
37219982
37231062
37242143
37253224
37264304
37275385
37286465
37297546
37308627
37319707
37330788
37341869
37352949
37364030
37375111
37386191
37397272
37408354
37419434
37430515
37441595
37452676
37463756
37474837
37485917
37496998
37508079
37519160
37530240
37541321
37552402
37563482
37574563
37585644
37596724
37607805
37618886
37629966
37641047
37652128
37663208
37674289
37685370
37696450
37707531
37718612
37729692
37740773
37751854
37762934
37774015
37785096
37796176
37807257
37818338
37829419
37840499
37851580
37862660
37873741
37884822
37895903
37906983
37918064
37929145
37940225
37951306
37962386
37973467
37984548
37995629
38006709
38017791
38028871
38039951
38051032
38062112
38073193
38084274
38095355
38106435
38117516
38128597
38139677
38150758
38161839
38172919
38184000
38195081
38206161
38217242
38228323
38239404
38250484
38261565
38272645
38283726
38294807
38305887
38316968
38328049
38339130
38350210
38361291
38372371
38383452
38394533
38405614
38416695
38427775
38438856
38449936
38461017
38472097
38483178
38494259
38505339
38516420
38527501
38538581
38549662
38560743
38571823
38582904
38593985
38605066
38616146
38627227
38638308
38649388
38660469
38671549
38682630
38693711
38704792
38715872
38726953
38738034
38749114
38760195
38771276
38782356
38793437
38804519
38815598
38826679
38837760
38848840
38859921
38871002
38882082
38893163
38904244
38915324
38926405
38937486
38948567
38959647
38970728
38981808
38992889
39003970
39015051
39026131
39037212
39048293
39059373
39070454
39081535
39092615
39103696
39114776
39125857
39136938
39148018
39159099
39170180
39181261
39192341
39203422
39214503
39225583
39236664
39247745
39258828
39269906
39280987
39292067
39303148
39314229
39325309
39336390
39347471
39358551
39369632
39380713
39391793
39402875
39413955
39425035
39436116
39447197
39458277
39469358
39480439
39491519
39502600
39513681
39524762
39535842
39546923
39558004
39569086
39580165
39591245
39602326
39613407
39624488
39635568
39646649
39657730
39668810
39679891
39690971
39702052
39713133
39724214
39735294
39746375
39757455
39768536
39779617
39790697
39801778
39812859
39823940
39835020
39846101
39857181
39868262
39879343
39890424
39901504
39912585
39923666
39934746
39945827
39956908
39967988
39979069
