11080
22161
33241
44323
55403
66484
77564
88645
99726
110806
121887
132968
144048
155129
166210
177290
188371
199452
210532
221613
232694
243774
254855
265936
277016
288097
299178
310258
321339
332420
343500
354581
365662
376742
387823
398904
409985
421065
432146
443227
454307
465388
476469
487549
498630
509711
520791
531872
542953
554033
565114
576194
587275
598356
609437
620517
631598
642679
653759
664840
675921
687001
698082
709163
720243
731324
742405
753485
764566
775647
786727
797808
808889
819969
831050
842131
853212
864292
875373
886453
897534
908615
919696
930777
941858
952938
964019
975106
986180
997261
1008342
1019422
1030503
1041584
1052665
1063745
1074826
1085906
1096987
1108068
1119148
1130229
1141310
1152390
1163471
1174552
1185632
1196713
1207794
1218874
1229955
1241036
1252117
1263197
1274278
1285358
1296439
1307520
1318601
1329681
1340762
1351843
1362923
1374004
1385085
1396165
1407246
1418326
1429407
1440488
1451569
1462649
1473730
1484811
1495891
1506972
1518052
1529133
1540214
1551295
1562375
1573456
1584537
1595617
1606698
1617779
1628859
1639940
1651022
1662101
1673182
1684263
1695343
1706424
1717505
1728585
1739666
1750747
1761827
1772908
1783989
1795069
1806150
1817231
1828311
1839393
1850473
1861554
1872634
1883715
1894795
1905876
1916957
1928037
1939118
1950199
1961280
1972360
1983441
1994522
2005603
2016683
2027764
2038844
2049925
2061005
2072086
2083167
2094248
2105329
2116409
2127490
2138570
2149651
2160732
2171813
2182893
2193974
2205054
2216135
2227216
2238296
2249378
2260458
2271538
2282619
2293700
2304780
2315861
2326942
2338023
2349103
2360184
2371264
2382345
2393426
2404507
2415587
2426668
2437749
2448829
2459910
2470990
2482071
2493152
2504233
2515313
2526394
2537475
2548555
2559636
2570716
2581797
2592878
2603959
2615039
2626120
2637201
2648281
2659362
2670443
2681523
2692604
2703685
2714765
2725846
2736927
2748007
2759088
2770169
2781249
2792330
2803411
2814491
2825572
2836654
2847734
2858814
2869895
2880975
2892056
2903137
2914217
2925298
2936379
2947459
2958540
2969621
2980701
2991782
3002863
3013943
3025024
3036105
3047186
3058266
3069347
3080428
3091508
3102589
3113669
3124750
3135831
3146912
3157992
3169073
3180154
3191234
3202315
3213396
3224476
3235557
3246638
3257718
3268799
3279880
3290960
3302041
3313121
3324202
3335284
3346364
3357444
3368525
3379606
3390686
3401767
3412848
3423928
3435009
3446090
3457171
3468251
3479332
3490412
3501493
3512574
3523654
3534735
3545816
3556896
3567977
3579058
3590139
3601219
3612300
3623381
3634461
3645542
3656622
3667703
3678784
3689865
3700945
3712026
3723107
3734187
3745268
3756348
3767429
3778510
3789591
3800671
3811752
3822833
3833914
3844994
3856075
3867155
3878236
3889317
3900397
3911478
3922559
3933639
3944720
3955801
3966881
3977962
3989043
4000123
4011204
4022285
4033365
4044447
4055527
4066607
4077688
4088769
4099849
4110930
4122011
4133091
4144172
4155253
4166334
4177414
4188495
4199576
4210656
4221737
4232818
4243899
4254979
4266059
4277140
4288221
4299302
4310382
4321463
4332544
4343624
4354705
4365785
4376866
4387947
4399028
4410108
4421189
4432270
4443350
4454431
4465512
4476592
4487673
4498754
4509834
4520915
4531996
4543076
4554157
4565238
4576318
4587399
4598480
4609560
4620641
4631722
4642803
4653883
4664964
4676044
4687125
4698206
4709286
4720367
4731448
4742529
4753609
4764690
4775771
4786851
4797932
4809012
4820093
4831176
4842255
4853335
4864416
4875497
4886577
4897658
4908738
4919819
4930900
4941980
4953061
4964142
4975223
4986303
4997384
5008465
5019545
5030626
5041707
5052787
5063868
5074949
5086029
5097110
5108191
5119271
5130352
5141432
5152513
5163594
5174675
5185755
5196836
5207917
5218997
5230078
5241159
5252239
5263320
5274401
5285481
5296562
5307643
5318723
5329804
5340885
5351965
5363046
5374127
5385207
5396288
5407369
5418450
5429530
5440611
5451691
5462772
5473853
5484934
5496015
5507095
5518175
5529256
5540337
5551417
5562498
5573579
5584660
5595740
5606821
5617902
5628983
5640063
5651144
5662225
5673305
5684386
5695466
5706547
5717628
5728708
5739789
5750870
5761950
5773031
5784112
5795192
5806273
5817354
5828436
5839516
5850596
5861676
5872757
5883838
5894918
5905999
5917080
5928161
5939241
5950322
5961403
5972483
5983564
5994645
6005725
6016806
6027887
6038968
6050048
6061129
6072209
6083290
6094370
6105451
6116532
6127612
6138693
6149774
6160855
6171935
6183016
6194096
6205177
6216258
6227339
6238419
6249500
6260581
6271661
6282742
6293823
6304903
6315984
6327068
6338145
6349226
6360307
6371387
6382468
6393549
6404629
6415710
6426791
6437872
6448952
6460033
6471113
6482194
6493275
6504355
6515436
6526517
6537597
6548678
6559759
6570840
6581920
6593001
6604082
6615162
6626243
6637324
6648404
6659485
6670565
6681646
6692727
6703808
6714888
6725969
6737049
6748130
6759211
6770292
6781372
6792453
6803534
6814614
6825695
6836776
6847857
6858937
6870018
6881098
6892179
6903260
6914340
6925421
6936502
6947582
6958663
6969744
6980824
6991905
7002986
7014066
7025147
7036228
7047308
7058389
7069470
7080550
7091631
7102712
7113792
7124873
7135954
7147034
7158115
7169196
7180276
7191357
7202438
7213519
7224599
7235680
7246760
7257841
7268922
7280002
7291083
7302164
7313245
7324326
7335406
7346487
7357567
7368648
7379729
7390809
7401890
7412971
7424051
7435132
7446212
7457293
7468374
7479454
7490536
7501616
7512697
7523777
7534858
7545939
7557019
7568100
7579181
7590261
7601342
7612423
7623504
7634584
7645665
7656746
7667826
7678907
7689987
7701068
7712149
7723229
7734310
7745391
7756472
7767552
7778633
7789713
7800794
7811875
7822957
7834037
7845117
7856198
7867278
7878359
7889440
7900520
7911601
7922682
7933762
7944843
7955923
7967004
7978085
7989166
8000246
8011327
8022408
8033489
8044569
8055650
8066730
8077811
8088892
8099972
8111053
8122134
8133214
8144295
8155376
8166456
8177537
8188618
8199698
8210779
8221860
8232941
8244021
8255102
8266183
8277263
8288344
8299425
8310505
8321586
8332666
8343747
8354828
8365908
8376989
8388070
8399150
8410231
8421312
8432393
8443473
8454554
8465634
8476715
8487796
8498876
8509957
8521038
8532118
8543199
8554280
8565361
8576441
8587522
8598603
8609683
8620764
8631845
8642925
8654006
8665087
8676167
8687248
8698329
8709409
8720490
8731571
8742651
8753732
8764813
8775893
8786974
8798055
8809135
8820217
8831297
8842378
8853458
8864539
8875619
8886700
8897781
8908861
8919942
8931023
8942103
8953184
8964265
8975345
8986428
8997507
9008588
9019668
9030750
9041830
9052910
9063991
9075071
9086152
9097233
9108313
9119394
9130475
9141556
9152637
9163717
9174798
9185879
9196959
9208040
9219121
9230201
9241282
9252362
9263443
9274524
9285604
9296685
9307766
9318846
9329927
9341008
9352088
9363169
9374250
9385330
9396411
9407492
9418573
9429653
9440734
9451815
9462895
9473976
9485057
9496137
9507218
9518298
9529379
9540460
9551541
9562621
9573702
9584783
9595863
9606944
9618025
9629105
9640186
9651267
9662347
9673428
9684509
9695589
9706670
9717750
9728831
9739912
9750993
9762073
9773154
9784235
9795315
9806396
9817477
9828558
9839638
9850719
9861799
9872880
9883961
9895041
9906122
9917203
9928283
9939364
9950445
9961525
9972606
9983688
9994767
10005848
10016930
10028009
10039090
10050171
10061252
10072332
10083413
10094493
10105574
10116655
10127735
10138816
10149897
10160977
10172058
10183139
10194220
10205300
10216382
10227462
10238542
10249623
10260703
10271784
10282865
10293946
10305026
10316108
10327188
10338268
10349349
10360430
10371511
10382591
10393672
10404752
10415833
10426914
10437994
10449075
10460156
10471236
10482317
10493398
10504478
10515559
10526640
10537720
10548801
10559882
10570962
10582043
10593124
10604204
10615285
10626366
10637446
10648528
10659608
10670688
10681769
10692850
10703931
10715011
10726092
10737173
10748253
10759334
10770415
10781495
10792576
10803657
10814738
10825818
10836899
10847979
10859060
10870141
10881221
10892302
10903383
10914463
10925544
10936625
10947705
10958786
10969867
10980948
10992028
11003109
11014189
11025271
11036351
11047431
11058512
11069593
11080673
11091754
11102835
11113915
11124996
11136077
11147158
11158238
11169319
11180399
11191480
11202561
11213641
11224723
11235803
11246883
11257964
11269045
11280126
11291206
11302287
11313368
11324448
11335529
11346610
11357690
11368771
11379851
11390932
11402013
11413094
11424174
11435255
11446336
11457416
11468497
11479578
11490658
11501739
11512819
11523900
11534981
11546062
11557142
11568223
11579304
11590384
11601465
11612546
11623627
11634707
11645788
11656868
11667949
11679030
11690110
11701191
11712272
11723352
11734433
11745514
11756594
11767675
11778756
11789837
11800917
11811999
11823079
11834159
11845240
11856321
11867401
11878482
11889563
11900643
11911724
11922805
11933885
11944966
11956047
11967127
11978208
11989289
12000369
12011450
12022531
12033611
12044692
12055772
12066853
12077934
12089015
12100095
12111176
12122257
12133337
12144418
12155498
12166579
12177660
12188741
12199821
12210902
12221983
12233063
12244144
12255225
12266305
12277386
12288467
12299548
12310628
12321709
12332789
12343870
12354951
12366031
12377112
12388193
12399273
12410354
12421435
12432515
12443596
12454677
12465758
12476839
12487919
12498999
12510080
12521161
12532242
12543322
12554403
12565484
12576564
12587645
12598725
12609807
12620887
12631968
12643049
12654129
12665210
12676290
12687371
12698451
12709532
12720613
12731694
12742774
12753855
12764936
12776016
12787097
12798178
12809259
12820340
12831420
12842500
12853581
12864662
12875742
12886823
12897904
12908984
12920065
12931146
12942226
12953307
12964388
12975468
12986549
12997630
13008711
13019792
13030872
13041953
13053033
13064114
13075195
13086275
13097356
13108437
13119517
13130598
13141679
13152759
13163840
13174921
13186001
13197082
13208163
13219244
13230324
13241405
13252485
13263566
13274647
13285727
13296808
13307889
13318969
13330050
13341131
13352211
13363292
13374373
13385453
13396534
13407615
13418696
13429776
13440857
13451937
13463018
13474099
13485179
13496260
13507341
13518421
13529502
13540583
13551663
13562744
13573825
13584905
13595986
13607068
13618148
13629228
13640309
13651389
13662470
13673551
13684632
13695712
13706795
13717874
13728954
13740035
13751115
13762196
13773277
13784358
13795438
13806519
13817600
13828681
13839761
13850842
13861923
13873003
13884084
13895164
13906245
13917325
13928406
13939487
13950568
13961648
13972729
13983810
13994890
14005971
14017053
14028132
14039213
14050294
14061374
14072455
14083536
14094616
14105697
14116778
14127858
14138939
14150020
14161100
14172181
14183262
14194342
14205423
14216504
14227585
14238665
14249746
14260827
14271907
14282988
14294069
14305149
14316230
14327311
14338391
14349472
14360553
14371633
14382714
14393794
14404875
14415957
14427036
14438117
14449198
14460279
14471360
14482440
14493521
14504601
14515682
14526763
14537843
14548924
14560005
14571085
14582166
14593247
14604327
14615408
14626489
14637570
14648650
14659731
14670811
14681892
14692973
14704053
14715134
14726215
14737295
14748376
14759457
14770538
14781618
14792699
14803781
14814860
14825941
14837022
14848102
14859183
14870264
14881344
14892425
14903506
14914586
14925667
14936747
14947828
14958909
14969990
14981070
14992151
15003232
15014312
15025393
15036473
15047554
15058635
15069716
15080796
15091877
15102958
15114038
15125119
15136200
15147281
15158361
15169442
15180522
15191603
15202685
15213765
15224845
15235926
15247006
15258087
15269168
15280248
15291329
15302410
15313490
15324571
15335652
15346732
15357813
15368894
15379975
15391055
15402136
15413217
15424297
15435378
15446459
15457539
15468620
15479701
15490781
15501862
15512943
15524023
15535104
15546185
15557266
15568346
15579426
15590507
15601588
15612669
15623749
15634830
15645911
15656991
15668072
15679152
15690233
15701314
15712395
15723475
15734556
15745637
15756717
15767798
15778879
15789959
15801041
15812122
15823201
15834282
15845363
15856443
15867524
15878605
15889685
15900766
15911847
15922927
15934008
15945089
15956169
15967250
15978331
15989412
16000492
16011573
16022654
16033734
16044815
16055896
16066976
16078057
16089137
16100218
16111299
16122380
16133461
16144541
16155622
16166702
16177783
16188864
16199944
16211025
16222105
16233186
16244267
16255348
16266428
16277509
16288590
16299671
16310751
16321832
16332912
16343993
16355074
16366154
16377235
16388316
16399396
16410478
16421558
16432638
16443719
16454800
16465880
16476961
16488042
16499122
16510203
16521284
16532365
16543445
16554526
16565606
16576687
16587768
16598849
16609929
16621010
16632091
16643171
16654252
16665333
16676413
16687496
16698575
16709655
16720736
16731816
16742897
16753978
16765059
16776139
16787221
16798302
16809382
16820462
16831543
16842623
16853704
16864785
16875865
16886946
16898027
16909107
16920188
16931269
16942349
16953430
16964511
16975591
16986672
16997754
17008834
17019914
17030995
17042075
17053156
17064237
17075317
17086398
17097479
17108559
17119640
17130721
17141801
17152882
17163963
17175043
17186124
17197205
17208286
17219366
17230447
17241527
17252608
17263689
17274770
17285850
17296931
17308011
17319092
17330173
17341253
17352334
17363415
17374496
17385576
17396657
17407738
17418818
17429899
17440980
17452060
17463141
17474222
17485302
17496383
17507464
17518544
17529625
17540706
17551786
17562867
17573948
17585028
17596109
17607190
17618271
17629351
17640432
17651512
17662593
17673674
17684754
17695835
17706916
17717997
17729077
17740158
17751239
17762319
17773400
17784481
17795562
17806642
17817722
17828803
17839884
17850965
17862045
17873126
17884207
17895287
17906368
17917449
17928529
17939610
17950691
17961771
17972852
17983933
17995013
18006094
18017175
18028255
18039336
18050417
18061497
18072578
18083659
18094739
18105820
18116901
18127982
18139062
18150143
18161223
18172304
18183385
18194465
18205547
18216627
18227707
18238788
18249869
18260949
18272030
18283111
18294192
18305272
18316353
18327434
18338514
18349595
18360676
18371756
18382837
18393918
18404999
18416079
18427160
18438240
18449321
18460402
18471482
18482563
18493644
18504724
18515805
18526886
18537966
18549047
18560128
18571208
18582289
18593370
18604451
18615531
18626612
18637693
18648773
18659854
18670934
18682015
18693096
18704176
18715257
18726338
18737418
18748499
18759580
18770660
18781741
18792823
18803903
18814983
18826064
18837144
18848225
18859306
18870386
18881467
18892548
18903629
18914710
18925790
18936871
18947951
18959032
18970112
18981193
18992274
19003355
19014435
19025516
19036597
19047677
19058758
19069839
19080919
19092000
19103081
19114161
19125242
19136323
19147403
19158484
19169565
19180645
19191726
19202807
19213887
19224968
19236049
19247129
19258210
19269291
19280371
19291453
19302533
19313613
19324694
19335775
19346855
19357936
19369017
19380098
19391178
19402259
19413339
19424420
19435501
19446581
19457664
19468743
19479823
19490904
19501985
19513066
19524146
19535227
19546308
19557388
19568469
19579549
19590630
19601711
19612792
19623872
19634953
19646034
19657114
19668196
19679276
19690356
19701437
19712518
19723598
19734679
19745760
19756840
19767921
19779002
19790083
19801164
19812244
19823324
19834405
19845486
19856566
19867647
19878728
19889808
19900889
19911970
19923050
19934131
19945212
19956292
19967373
19978454
19989534
20000615
20011696
20022777
20033857
20044938
20056019
20067099
20078180
20089261
20100341
20111422
20122503
20133583
20144664
20155744
20166825
20177906
20188987
20200068
20211148
20222229
20233310
20244390
20255470
20266551
20277632
20288714
20299793
20310874
20321955
20333035
20344116
20355196
20366277
20377358
20388440
20399520
20410600
20421681
20432761
20443842
20454923
20466003
20477084
20488165
20499245
20510326
20521407
20532487
20543568
20554649
20565729
20576810
20587891
20598972
20610052
20621133
20632214
20643294
20654375
20665456
20676536
20687617
20698697
20709778
20720859
20731939
20743020
20754101
20765182
20776262
20787343
20798424
20809504
20820585
20831665
20842746
20853827
20864908
20875988
20887069
20898149
20909230
20920311
20931392
20942472
20953553
20964634
20975714
20986795
20997876
21008957
21020037
21031117
21042198
21053279
21064360
21075440
21086521
21097602
21108683
21119763
21130844
21141925
21153005
21164086
21175167
21186247
21197328
21208409
21219489
21230570
21241651
21252731
21263812
21274892
21285973
21297054
21308134
21319215
21330296
21341376
21352457
21363538
21374619
21385699
21396781
21407861
21418941
21430022
21441103
21452184
21463264
21474345
21485425
21496506
21507587
21518667
21529748
21540829
21551909
21562990
21574071
21585152
21596232
21607313
21618393
21629474
21640555
21651635
21662716
21673797
21684877
21695958
21707039
21718120
21729200
21740281
21751361
21762442
21773523
21784604
21795685
21806765
21817845
21828926
21840007
21851088
21862168
21873249
21884330
21895410
21906491
21917572
21928652
21939733
21950815
21961894
21972975
21984056
21995137
22006217
22017298
22028378
22039459
22050540
22061620
22072701
22083782
22094862
22105943
22117024
22128104
22139185
22150266
22161346
22172427
22183508
22194589
22205669
22216750
22227830
22238911
22249992
22261072
22272153
22283234
22294315
22305395
22316476
22327557
22338637
22349719
22360799
22371879
22382960
22394040
22405121
22416202
22427283
22438363
22449446
22460525
22471605
22482686
22493766
22504847
22515928
22527009
22538089
22549170
22560250
22571331
22582412
22593493
22604573
22615654
22626735
22637815
22648896
22659977
22671057
22682138
22693219
22704300
22715380
22726461
22737541
22748622
22759703
22770783
22781865
22792946
22804025
22815106
22826187
22837267
22848348
22859429
22870510
22881590
22892671
22903752
22914832
22925913
22936993
22948074
22959155
22970236
22981316
22992397
23003478
23014559
23025639
23036719
23047800
23058881
23069962
23081042
23092123
23103204
23114284
23125365
23136445
23147526
23158607
23169688
23180768
23191849
23202930
23214010
23225091
23236172
23247252
23258333
23269414
23280494
23291575
23302656
23313736
23324817
23335898
23346978
23358059
23369140
23380221
23391301
23402382
23413463
23424543
23435624
23446705
23457785
23468866
23479947
23491027
23502108
23513189
23524270
23535350
23546430
23557511
23568592
23579673
23590754
23601834
23612915
23623995
23635076
23646156
23657237
23668318
23679399
23690479
23701560
23712641
23723721
23734802
23745883
23756963
23768044
23779125
23790206
23801286
23812367
23823448
23834528
23845609
23856689
23867770
23878851
23889931
23901012
23912093
23923173
23934254
23945335
23956415
23967496
23978577
23989657
24000738
24011819
24022900
24033980
24045061
24056141
24067222
24078303
24089384
24100464
24111545
24122625
24133706
24144787
24155867
24166948
24178029
24189110
24200190
24211271
24222351
24233432
24244514
24255594
24266674
24277755
24288836
24299916
24310997
24322078
24333158
24344239
24355320
24366400
24377481
24388562
24399642
24410723
24421804
24432884
24443965
24455046
24466126
24477207
24488288
24499368
24510449
24521529
24532610
24543691
24554772
24565853
24576933
24588014
24599095
24610176
24621256
24632336
24643417
24654498
24665579
24676659
24687740
24698820
24709902
24720982
24732062
24743143
24754224
24765305
24776387
24787467
24798546
24809627
24820708
24831789
24842869
24853950
24865031
24876111
24887192
24898273
24909353
24920434
24931515
24942596
24953676
24964757
24975838
24986918
24997999
25009079
25020160
25031241
25042321
25053402
25064483
25075563
25086644
25097725
25108805
25119886
25130967
25142048
25153128
25164209
25175290
25186370
25197451
25208532
25219612
25230693
25241774
25252854
25263935
25275016
25286096
25297177
25308258
25319338
25330419
25341500
25352580
25363661
25374743
25385823
25396903
25407984
25419064
25430145
25441226
25452306
25463387
25474468
25485548
25496629
25507710
25518790
25529871
25540952
25552032
25563113
25574194
25585275
25596355
25607436
25618516
25629597
25640678
25651758
25662839
25673920
25685000
25696081
25707162
25718243
25729323
25740404
25751485
25762565
25773647
25784727
25795807
25806888
25817968
25829049
25840130
25851210
25862291
25873372
25884453
25895533
25906614
25917694
25928775
25939858
25950937
25962017
25973098
25984179
25995259
26006340
26017420
26028501
26039582
26050663
26061743
26072824
26083905
26094985
26106066
26117147
26128227
26139308
26150389
26161469
26172550
26183631
26194711
26205792
26216873
26227953
26239034
26250115
26261196
26272277
26283357
26294437
26305518
26316599
26327679
26338760
26349841
26360922
26372002
26383084
26394164
26405244
26416325
26427406
26438487
26449567
26460647
26471728
26482809
26493890
26504970
26516051
26527132
26538212
26549293
26560374
26571454
26582535
26593616
26604697
26615777
26626858
26637938
26649019
26660100
26671180
26682261
26693342
26704422
26715503
26726584
26737664
26748745
26759826
26770908
26781988
26793068
26804149
26815229
26826310
26837391
26848471
26859552
26870633
26881713
26892794
26903875
26914955
26926036
26937118
26948197
26959278
26970359
26981440
26992520
27003601
27014681
27025762
27036843
27047923
27059004
27070085
27081165
27092246
27103327
27114407
27125488
27136569
27147649
27158730
27169811
27180892
27191972
27203053
27214133
27225214
27236295
27247375
27258456
27269537
27280617
27291698
27302779
27313859
27324940
27336021
27347102
27358182
27369263
27380343
27391424
27402505
27413586
27424666
27435747
27446828
27457908
27468989
27480070
27491150
27502231
27513311
27524392
27535473
27546554
27557634
27568715
27579796
27590877
27601958
27613037
27624118
27635199
27646280
27657360
27668441
27679522
27690603
27701683
27712764
27723844
27734925
27746006
27757086
27768169
27779249
27790328
27801409
27812489
27823570
27834651
27845732
27856812
27867893
27878974
27890055
27901136
27912216
27923297
27934377
27945458
27956538
27967619
27978700
27989781
28000861
28011942
28023023
28034103
28045184
28056264
28067345
28078426
28089507
28100587
28111668
28122749
28133829
28144910
28155991
28167071
28178152
28189233
28200313
28211394
28222475
28233555
28244636
28255717
28266797
28277878
28288959
28300039
28311124
28322201
28333281
28344362
28355443
28366523
28377604
28388685
28399766
28410846
28421927
28433008
28444088
28455169
28466250
28477330
28488411
28499492
28510572
28521653
28532734
28543814
28554895
28565975
28577057
28588137
28599218
28610298
28621379
28632460
28643540
28654621
28665701
28676782
28687863
28698944
28710024
28721105
28732186
28743266
28754347
28765428
28776508
28787589
28798670
28809750
28820831
28831912
28842992
28854073
28865154
28876234
28887315
28898396
28909476
28920557
28931639
28942718
28953799
28964880
28975960
28987041
28998122
29009202
29020283
29031364
29042445
29053525
29064606
29075687
29086767
29097848
29108928
29120009
29131090
29142171
29153251
29164332
29175413
29186493
29197574
29208654
29219735
29230816
29241897
29252977
29264058
29275139
29286219
29297300
29308380
29319461
29330542
29341623
29352703
29363784
29374865
29385946
29397026
29408107
29419187
29430268
29441349
29452429
29463510
29474591
29485671
29496752
29507833
29518914
29529994
29541075
29552156
29563236
29574317
29585397
29596479
29607559
29618639
29629720
29640801
29651882
29662962
29674043
29685124
29696204
29707285
29718365
29729446
29740527
29751608
29762690
29773770
29784849
29795931
29807011
29818092
29829172
29840253
29851334
29862414
29873495
29884576
29895657
29906737
29917818
29928898
29939979
29951060
29962141
29973221
29984302
29995382
30006463
30017544
30028625
30039705
30050786
30061867
30072947
30084028
30095109
30106189
30117270
30128351
30139431
30150512
30161596
30172673
30183754
30194835
30205915
30216996
30228077
30239157
30250238
30261319
30272399
30283480
30294561
30305641
30316722
30327803
30338883
30349964
30361045
30372125
30383206
30394287
30405367
30416448
30427529
30438609
30449690
30460771
30471851
30482932
30494013
30505093
30516174
30527255
30538335
30549416
30560497
30571578
30582658
30593739
30604819
30615900
30626981
30638062
30649142
30660223
30671304
30682384
30693465
30704546
30715626
30726707
30737787
30748868
30759951
30771030
30782110
30793191
30804271
30815352
30826433
30837514
30848594
30859675
30870756
30881836
30892917
30903998
30915078
30926159
30937240
30948320
30959401
30970482
30981562
30992643
31003724
31014805
31025885
31036966
31048046
31059127
31070208
31081289
31092370
31103450
31114530
31125611
31136692
31147773
31158854
31169934
31181015
31192095
31203176
31214257
31225337
31236418
31247498
31258579
31269660
31280741
31291821
31302902
31313983
31325063
31336144
31347224
31358305
31369386
31380467
31391548
31402628
31413709
31424791
31435870
31446951
31458031
31469112
31480193
31491273
31502354
31513435
31524515
31535596
31546677
31557757
31568839
31579919
31591000
31602080
31613161
31624241
31635322
31646403
31657483
31668564
31679645
31690725
31701806
31712887
31723967
31735048
31746129
31757210
31768291
31779371
31790452
31801532
31812613
31823694
31834774
31845855
31856935
31868016
31879097
31890178
31901258
31912339
31923420
31934500
31945581
31956661
31967742
31978823
31989904
32000984
32012065
32023146
32034226
32045307
32056388
32067468
32078549
32089630
32100710
32111791
32122872
32133952
32145033
32156114
32167195
32178275
32189356
32200436
32211517
32222598
32233678
32244759
32255840
32266920
32278001
32289082
32300162
32311243
32322324
32333405
32344485
32355566
32366647
32377727
32388808
32399888
32410969
32422051
32433130
32444211
32455292
32466373
32477453
32488534
32499615
32510695
32521776
32532857
32543937
32555018
32566099
32577179
32588260
32599341
32610421
32621502
32632583
32643663
32654744
32665825
32676905
32687986
32699067
32710147
32721228
32732309
32743389
32754471
32765551
32776631
32787712
32798793
32809873
32820954
32832035
32843116
32854196
32865277
32876358
32887438
32898519
32909600
32920680
32931761
32942841
32953922
32965003
32976084
32987164
32998245
33009326
33020406
33031487
33042568
33053648
33064729
33075810
33086891
33097971
33109052
33120132
33131213
33142293
33153374
33164455
33175536
33186616
33197697
33208778
33219858
33230939
33242020
33253101
33264181
33275262
33286342
33297423
33308504
33319584
33330665
33341746
33352827
33363908
33374988
33386069
33397149
33408230
33419311
33430391
33441472
33452552
33463633
33474714
33485794
33496875
33507956
33519037
33530117
33541198
33552279
33563360
33574440
33585521
33596601
33607682
33618763
33629843
33640924
33652004
33663085
33674166
33685247
33696328
33707408
33718489
33729569
33740650
33751733
33762811
33773892
33784973
33796053
33807134
33818215
33829295
33840376
33851457
33862538
33873618
33884699
33895779
33906860
33917941
33929021
33940102
33951183
33962264
33973344
33984425
33995506
34006586
34017667
34028747
34039828
34050909
34061990
34073070
34084151
34095232
34106312
34117393
34128474
34139554
34150635
34161715
34172796
34183877
34194957
34206038
34217119
34228200
34239280
34250361
34261442
34272522
34283603
34294684
34305764
34316845
34327926
34339006
34350087
34361168
34372248
34383329
34394410
34405490
34416571
34427652
34438732
34449813
34460894
34471975
34483055
34494136
34505217
34516297
34527378
34538458
34549539
34560621
34571700
34582781
34593862
34604942
34616023
34627104
34638184
34649265
34660346
34671427
34682507
34693588
34704669
34715749
34726830
34737910
34748993
34760073
34771153
34782233
34793314
34804395
34815475
34826556
34837636
34848717
34859798
34870879
34881960
34893040
34904121
34915202
34926282
34937363
34948443
34959524
34970605
34981685
34992766
35003847
35014927
35026008
35037089
35048169
35059250
35070331
35081412
35092492
35103573
35114654
35125734
35136815
35147896
35158976
35170057
35181138
35192218
35203299
35214380
35225460
35236541
35247622
35258702
35269783
35280864
35291944
35303025
35314106
35325186
35336267
35347347
35358429
35369509
35380590
35391670
35402751
35413832
35424912
35435993
35447074
35458154
35469235
35480316
35491396
35502477
35513558
35524638
35535719
35546800
35557881
35568961
35580042
35591122
35602203
35613284
35624365
35635445
35646526
35657606
35668687
35679768
35690848
35701929
35713010
35724091
35735171
35746253
35757333
35768414
35779494
35790574
35801655
35812736
35823817
35834897
35845978
35857059
35868139
35879220
35890301
35901381
35912464
35923543
35934623
35945704
35956785
35967866
35978946
35990027
36001107
36012188
36023269
36034349
36045430
36056511
36067592
36078672
36089753
36100833
36111914
36122995
36134075
36145156
36156237
36167318
36178398
36189479
36200560
36211640
36222721
36233801
36244883
36255963
36267044
36278124
36289205
36300286
36311366
36322447
36333527
36344608
36355689
36366770
36377850
36388931
36400012
36411093
36422173
36433254
36444334
36455415
36466496
36477576
36488657
36499738
36510818
36521899
36532980
36544060
36555142
36566222
36577302
36588383
36599464
36610544
36621625
36632706
36643786
36654867
36665948
36677028
36688109
36699190
36710271
36721351
36732432
36743513
36754593
36765674
36776755
36787835
36798916
36809997
36821077
36832158
36843239
36854319
36865400
36876480
36887562
36898642
36909723
36920803
36931884
36942966
36954045
36965126
36976206
36987287
36998368
37009449
37020529
37031610
37042691
37053771
37064852
37075933
37087013
37098094
37109175
37120255
37131336
37142417
37153498
37164578
37175659
37186739
37197820
37208901
37219981
37231062
37242143
37253223
37264304
37275385
37286465
37297546
37308627
37319708
37330788
37341869
37352950
37364030
37375111
37386191
37397272
37408353
37419434
37430514
37441595
37452676
37463756
37474837
37485918
37496998
37508079
37519160
37530240
37541321
37552402
37563482
37574563
37585644
37596724
37607805
37618886
37629966
37641047
37652127
37663208
37674289
37685370
37696450
37707531
37718612
37729692
37740775
37751854
37762935
37774015
37785096
37796176
37807257
37818338
37829418
37840499
37851580
37862660
37873741
37884822
37895902
37906984
37918064
37929144
37940225
37951306
37962387
37973467
37984548
37995629
38006709
38017790
38028870
38039951
38051032
38062113
38073195
38084274
38095355
38106435
38117516
38128597
38139677
38150758
38161839
38172919
38184000
38195081
38206161
38217242
38228323
38239403
38250484
38261565
38272646
38283726
38294807
38305887
38316968
38328049
38339130
38350210
38361291
38372371
38383452
38394533
38405614
38416694
38427775
38438856
38449936
38461017
38472098
38483178
38494259
38505340
38516420
38527501
38538582
38549662
38560743
38571824
38582904
38593985
38605066
38616146
38627227
38638307
38649388
38660469
38671550
38682630
38693711
38704792
38715872
38726953
38738035
38749115
38760195
38771276
38782356
38793437
38804518
38815598
38826679
38837760
38848840
38859921
38871002
38882082
38893163
38904244
38915325
38926405
38937486
38948567
38959647
38970728
38981808
38992889
39003970
39015051
39026131
39037212
39048293
39059373
39070454
39081534
39092615
39103696
39114776
39125857
39136938
39148019
39159099
39170180
39181261
39192341
39203422
39214502
39225583
39236664
39247745
39258825
39269906
39280987
39292067
39303148
39314229
39325309
39336390
39347471
39358552
39369632
39380713
39391793
39402874
39413955
39425035
39436116
39447197
39458277
39469358
39480439
39491519
39502600
39513681
39524761
39535842
39546923
39558004
39569084
39580165
39591246
39602326
39613407
39624488
39635568
39646649
39657729
39668810
39679891
39690972
39702052
39713133
39724214
39735295
39746375
39757456
39768536
39779617
39790698
39801778
39812859
39823940
39835020
39846101
39857182
39868262
39879343
39890424
39901505
39912585
39923666
39934746
39945827
39956908
39967988
39979069
