11080
22161
33242
44322
55403
66484
77564
88645
99726
110806
121887
132968
144048
155129
166210
177290
188371
199452
210532
221613
232694
243775
254855
265936
277016
288097
299178
310259
321339
332420
343501
354581
365662
376743
387823
398904
409985
421065
432146
443227
454308
465388
476469
487549
498630
509711
520791
531872
542953
554033
565114
576195
587275
598356
609437
620517
631598
642679
653760
664840
675921
687001
698082
709163
720243
731324
742405
753485
764566
775647
786727
797808
808889
819969
831050
842131
853212
864292
875373
886453
897534
908615
919696
930776
941857
952938
964018
975099
986179
997260
1008341
1019421
1030502
1041583
1052664
1063744
1074825
1085906
1096986
1108067
1119148
1130228
1141309
1152390
1163470
1174551
1185632
1196712
1207793
1218874
1229954
1241035
1252116
1263196
1274277
1285358
1296438
1307519
1318600
1329680
1340761
1351842
1362922
1374003
1385084
1396164
1407245
1418326
1429406
1440487
1451568
1462648
1473729
1484810
1495890
1506971
1518052
1529132
1540213
1551294
1562374
1573457
1584537
1595617
1606698
1617779
1628859
1639940
1651021
1662102
1673182
1684263
1695343
1706424
1717505
1728586
1739666
1750747
1761828
1772908
1783989
1795069
1806150
1817231
1828311
1839393
1850473
1861553
1872634
1883715
1894796
1905876
1916957
1928038
1939118
1950199
1961279
1972360
1983441
1994522
2005603
2016683
2027764
2038844
2049925
2061006
2072087
2083167
2094248
2105328
2116409
2127490
2138570
2149651
2160732
2171812
2182893
2193974
2205054
2216135
2227216
2238296
2249377
2260458
2271538
2282619
2293700
2304780
2315861
2326942
2338023
2349103
2360184
2371264
2382345
2393426
2404507
2415587
2426668
2437749
2448829
2459910
2470991
2482071
2493152
2504233
2515313
2526394
2537474
2548555
2559636
2570717
2581797
2592878
2603959
2615039
2626120
2637201
2648282
2659362
2670443
2681523
2692604
2703684
2714765
2725846
2736927
2748007
2759088
2770169
2781249
2792330
2803410
2814491
2825572
2836654
2847734
2858814
2869895
2880975
2892056
2903137
2914217
2925298
2936379
2947459
2958540
2969621
2980702
2991782
3002863
3013943
3025024
3036105
3047186
3058266
3069347
3080428
3091508
3102589
3113669
3124750
3135831
3146912
3157992
3169074
3180154
3191234
3202315
3213395
3224476
3235557
3246638
3257718
3268799
3279880
3290960
3302041
3313121
3324202
3335285
3346363
3357444
3368525
3379605
3390686
3401767
3412848
3423928
3435009
3446090
3457170
3468251
3479332
3490412
3501493
3512574
3523654
3534735
3545816
3556896
3567977
3579057
3590138
3601219
3612300
3623380
3634461
3645542
3656622
3667704
3678784
3689864
3700945
3712026
3723106
3734187
3745268
3756348
3767429
3778510
3789590
3800671
3811752
3822832
3833914
3844994
3856074
3867155
3878236
3889317
3900397
3911478
3922558
3933639
3944720
3955801
3966881
3977962
3989042
4000123
4011204
4022285
4033365
4044446
4055527
4066607
4077688
4088769
4099849
4110930
4122011
4133091
4144172
4155253
4166333
4177414
4188495
4199575
4210656
4221737
4232818
4243898
4254979
4266060
4277140
4288221
4299301
4310382
4321463
4332545
4343624
4354705
4365785
4376866
4387947
4399027
4410108
4421189
4432270
4443350
4454431
4465511
4476592
4487673
4498754
4509834
4520915
4531995
4543076
4554157
4565238
4576318
4587399
4598479
4609560
4620641
4631722
4642802
4653883
4664964
4676044
4687125
4698206
4709286
4720367
4731448
4742528
4753609
4764690
4775770
4786851
4797932
4809012
4820093
4831175
4842255
4853336
4864416
4875496
4886577
4897658
4908738
4919819
4930900
4941980
4953061
4964142
4975222
4986303
4997384
5008464
5019545
5030626
5041707
5052787
5063868
5074948
5086029
5097110
5108190
5119271
5130352
5141432
5152513
5163594
5174675
5185755
5196836
5207917
5218997
5230078
5241158
5252239
5263320
5274401
5285481
5296562
5307643
5318723
5329804
5340884
5351965
5363046
5374126
5385207
5396288
5407369
5418449
5429530
5440611
5451691
5462772
5473852
5484933
5496014
5507095
5518175
5529256
5540337
5551417
5562498
5573578
5584659
5595740
5606821
5617902
5628982
5640063
5651143
5662224
5673305
5684385
5695466
5706547
5717627
5728708
5739789
5750869
5761950
5773031
5784111
5795192
5806273
5817353
5828435
5839515
5850596
5861676
5872757
5883838
5894918
5905999
5917080
5928160
5939241
5950322
5961402
5972483
5983564
5994645
6005725
6016805
6027886
6038967
6050048
6061128
6072209
6083290
6094370
6105451
6116532
6127612
6138693
6149774
6160855
6171935
6183016
6194096
6205177
6216258
6227338
6238419
6249500
6260580
6271661
6282742
6293822
6304903
6315983
6327065
6338145
6349226
6360306
6371387
6382468
6393548
6404629
6415710
6426791
6437871
6448952
6460032
6471113
6482194
6493276
6504355
6515436
6526516
6537597
6548678
6559759
6570839
6581920
6593000
6604081
6615162
6626243
6637323
6648404
6659485
6670565
6681646
6692727
6703807
6714888
6725969
6737049
6748130
6759211
6770291
6781372
6792453
6803533
6814614
6825696
6836775
6847856
6858937
6870017
6881098
6892179
6903259
6914340
6925421
6936501
6947582
6958663
6969743
6980824
6991905
7002986
7014066
7025147
7036228
7047308
7058389
7069469
7080550
7091631
7102711
7113792
7124873
7135953
7147034
7158115
7169195
7180276
7191357
7202437
7213518
7224599
7235680
7246760
7257841
7268922
7280002
7291083
7302163
7313244
7324325
7335405
7346486
7357567
7368647
7379728
7390809
7401889
7412970
7424051
7435132
7446212
7457293
7468374
7479454
7490536
7501615
7512696
7523777
7534858
7545938
7557019
7568100
7579180
7590261
7601342
7612422
7623503
7634584
7645664
7656745
7667826
7678906
7689987
7701068
7712148
7723229
7734310
7745390
7756471
7767552
7778632
7789713
7800794
7811874
7822956
7834036
7845117
7856197
7867278
7878358
7889439
7900520
7911601
7922681
7933762
7944842
7955923
7967004
7978085
7989166
8000246
8011327
8022407
8033488
8044568
8055649
8066730
8077811
8088891
8099972
8111053
8122133
8133214
8144295
8155375
8166456
8177537
8188617
8199698
8210779
8221859
8232940
8244021
8255101
8266182
8277263
8288344
8299424
8310505
8321586
8332666
8343747
8354827
8365908
8376989
8388069
8399150
8410231
8421312
8432392
8443472
8454553
8465634
8476715
8487796
8498876
8509957
8521037
8532118
8543199
8554279
8565360
8576441
8587522
8598602
8609683
8620764
8631844
8642925
8654007
8665086
8676167
8687248
8698328
8709409
8720490
8731570
8742651
8753732
8764812
8775893
8786974
8798054
8809135
8820217
8831297
8842377
8853457
8864538
8875619
8886700
8897780
8908861
8919942
8931022
8942103
8953184
8964264
8975345
8986426
8997506
9008587
9019668
9030749
9041829
9052910
9063990
9075071
9086152
9097232
9108313
9119394
9130474
9141555
9152636
9163716
9174797
9185878
9196958
9208039
9219120
9230201
9241281
9252362
9263442
9274523
9285604
9296685
9307765
9318846
9329926
9341007
9352088
9363169
9374249
9385330
9396410
9407491
9418572
9429653
9440733
9451814
9462895
9473975
9485056
9496136
9507217
9518298
9529378
9540459
9551540
9562621
9573701
9584782
9595863
9606943
9618024
9629105
9640185
9651266
9662347
9673427
9684508
9695589
9706669
9717750
9728831
9739911
9750992
9762073
9773153
9784234
9795315
9806395
9817478
9828557
9839637
9850718
9861799
9872879
9883960
9895041
9906121
9917202
9928283
9939363
9950444
9961525
9972606
9983688
9994767
10005848
10016928
10028009
10039090
10050170
10061251
10072332
10083412
10094493
10105574
10116654
10127735
10138816
10149897
10160977
10172057
10183139
10194219
10205300
10216380
10227461
10238542
10249622
10260703
10271785
10282864
10293945
10305026
10316106
10327187
10338268
10349348
10360429
10371509
10382590
10393671
10404752
10415832
10426913
10437994
10449074
10460155
10471236
10482317
10493397
10504478
10515558
10526639
10537720
10548801
10559881
10570962
10582043
10593123
10604204
10615285
10626365
10637446
10648527
10659607
10670688
10681769
10692849
10703930
10715011
10726091
10737172
10748252
10759333
10770414
10781495
10792575
10803656
10814738
10825818
10836898
10847979
10859059
10870140
10881221
10892301
10903382
10914463
10925543
10936624
10947705
10958785
10969866
10980947
10992027
11003108
11014189
11025269
11036350
11047431
11058512
11069592
11080673
11091753
11102834
11113915
11124995
11136076
11147157
11158237
11169318
11180399
11191479
11202560
11213641
11224722
11235802
11246883
11257963
11269044
11280125
11291205
11302286
11313368
11324447
11335528
11346609
11357690
11368770
11379851
11390932
11402012
11413093
11424174
11435254
11446335
11457416
11468496
11479577
11490657
11501738
11512819
11523899
11534980
11546061
11557142
11568222
11579303
11590384
11601464
11612545
11623626
11634706
11645787
11656867
11667948
11679029
11690110
11701190
11712271
11723352
11734432
11745513
11756594
11767674
11778755
11789836
11800916
11811998
11823078
11834158
11845239
11856320
11867400
11878481
11889562
11900642
11911723
11922804
11933884
11944965
11956046
11967126
11978208
11989288
12000368
12011449
12022530
12033611
12044691
12055772
12066852
12077933
12089014
12100095
12111175
12122256
12133337
12144418
12155498
12166579
12177659
12188740
12199820
12210901
12221982
12233063
12244143
12255224
12266305
12277385
12288466
12299547
12310628
12321708
12332789
12343869
12354950
12366030
12377111
12388192
12399273
12410353
12421434
12432515
12443595
12454676
12465757
12476838
12487918
12498999
12510079
12521160
12532241
12543322
12554402
12565483
12576563
12587644
12598725
12609805
12620886
12631967
12643047
12654128
12665209
12676289
12687370
12698451
12709531
12720612
12731693
12742773
12753854
12764935
12776015
12787096
12798177
12809258
12820339
12831419
12842500
12853580
12864661
12875742
12886822
12897903
12908984
12920064
12931145
12942226
12953306
12964387
12975468
12986548
12997629
13008710
13019790
13030871
13041952
13053032
13064113
13075194
13086274
13097355
13108436
13119516
13130597
13141678
13152758
13163839
13174919
13186000
13197081
13208162
13219243
13230323
13241404
13252484
13263565
13274646
13285726
13296807
13307889
13318968
13330049
13341130
13352210
13363291
13374372
13385453
13396533
13407614
13418695
13429775
13440856
13451936
13463017
13474099
13485179
13496259
13507340
13518420
13529501
13540582
13551663
13562743
13573824
13584904
13595985
13607066
13618147
13629227
13640308
13651389
13662469
13673550
13684630
13695711
13706792
13717873
13728954
13740034
13751115
13762195
13773276
13784357
13795437
13806519
13817599
13828679
13839760
13850841
13861921
13873002
13884083
13895163
13906244
13917325
13928405
13939486
13950567
13961647
13972728
13983809
13994889
14005970
14017051
14028131
14039212
14050293
14061374
14072454
14083536
14094616
14105696
14116777
14127858
14138938
14150019
14161100
14172180
14183261
14194342
14205422
14216503
14227583
14238664
14249745
14260826
14271906
14282987
14294067
14305148
14316229
14327309
14338390
14349471
14360552
14371632
14382713
14393794
14404874
14415955
14427036
14438116
14449197
14460278
14471359
14482439
14493520
14504600
14515681
14526762
14537842
14548923
14560004
14571084
14582165
14593246
14604327
14615408
14626488
14637569
14648649
14659730
14670810
14681891
14692972
14704052
14715133
14726214
14737294
14748375
14759456
14770536
14781617
14792698
14803779
14814859
14825940
14837020
14848101
14859182
14870263
14881343
14892424
14903504
14914585
14925666
14936747
14947827
14958908
14969989
14981069
14992150
15003231
15014312
15025392
15036473
15047553
15058634
15069714
15080795
15091876
15102957
15114037
15125118
15136199
15147279
15158360
15169441
15180521
15191602
15202683
15213763
15224844
15235925
15247005
15258086
15269167
15280247
15291328
15302410
15313489
15324570
15335651
15346731
15357812
15368893
15379974
15391054
15402135
15413216
15424298
15435377
15446457
15457538
15468619
15479699
15490780
15501861
15512942
15524022
15535103
15546184
15557264
15568345
15579425
15590506
15601587
15612668
15623748
15634829
15645910
15656990
15668071
15679152
15690232
15701313
15712393
15723474
15734555
15745635
15756716
15767797
15778877
15789958
15801039
15812120
15823200
15834281
15845361
15856442
15867523
15878604
15889684
15900765
15911846
15922926
15934007
15945088
15956168
15967249
15978330
15989410
16000491
16011572
16022652
16033733
16044814
16055894
16066975
16078056
16089137
16100217
16111298
16122378
16133459
16144540
16155620
16166701
16177782
16188862
16199943
16211024
16222105
16233185
16244266
16255346
16266427
16277508
16288589
16299669
16310750
16321831
16332911
16343992
16355072
16366153
16377234
16388315
16399396
16410477
16421557
16432637
16443718
16454799
16465879
16476960
16488041
16499121
16510202
16521283
16532363
16543444
16554525
16565605
16576686
16587767
16598848
16609929
16621009
16632090
16643170
16654251
16665331
16676412
16687493
16698573
16709654
16720735
16731816
16742896
16753977
16765057
16776138
16787219
16798301
16809380
16820461
16831541
16842622
16853703
16864784
16875864
16886945
16898026
16909106
16920187
16931268
16942348
16953429
16964511
16975590
16986671
16997752
17008832
17019913
17030994
17042074
17053155
17064235
17075316
17086397
17097478
17108558
17119639
17130721
17141800
17152881
17163962
17175042
17186123
17197203
17208284
17219365
17230446
17241526
17252607
17263688
17274768
17285849
17296930
17308010
17319091
17330172
17341252
17352333
17363414
17374494
17385575
17396656
17407737
17418817
17429898
17440979
17452059
17463140
17474221
17485301
17496382
17507462
17518543
17529624
17540705
17551785
17562866
17573947
17585027
17596108
17607189
17618269
17629351
17640430
17651511
17662592
17673673
17684753
17695834
17706915
17717995
17729076
17740156
17751237
17762318
17773399
17784479
17795561
17806641
17817721
17828802
17839883
17850963
17862044
17873125
17884205
17895286
17906367
17917447
17928528
17939609
17950689
17961770
17972851
17983932
17995013
18006093
18017173
18028254
18039335
18050415
18061496
18072577
18083657
18094738
18105819
18116899
18127980
18139061
18150141
18161222
18172303
18183383
18194466
18205545
18216626
18227706
18238787
18249868
18260948
18272029
18283109
18294190
18305271
18316351
18327432
18338513
18349594
18360674
18371755
18382835
18393916
18404997
18416078
18427158
18438239
18449320
18460401
18471481
18482561
18493642
18504723
18515804
18526884
18537965
18549046
18560126
18571207
18582288
18593369
18604449
18615530
18626610
18637691
18648772
18659852
18670933
18682014
18693094
18704175
18715256
18726336
18737417
18748498
18759578
18770659
18781740
18792821
18803902
18814982
18826063
18837143
18848224
18859304
18870385
18881466
18892546
18903627
18914708
18925789
18936869
18947950
18959031
18970111
18981192
18992273
19003353
19014434
19025515
19036595
19047676
19058757
19069837
19080918
19091999
19103079
19114160
19125244
19136321
19147402
19158483
19169563
19180644
19191725
19202805
19213886
19224966
19236047
19247128
19258209
19269289
19280370
19291451
19302531
19313612
19324693
19335773
19346854
19357935
19369015
19380096
19391177
19402257
19413338
19424419
19435499
19446580
19457661
19468741
19479822
19490903
19501983
19513064
19524145
19535226
19546306
19557387
19568467
19579549
19590629
19601710
19612790
19623871
19634952
19646032
19657113
19668194
19679274
19690355
19701436
19712516
19723597
19734677
19745758
19756839
19767919
19779000
19790082
19801162
19812242
19823323
19834404
19845484
19856565
19867646
19878726
19889807
19900888
19911968
19923049
19934130
19945210
19956291
19967372
19978452
19989533
20000615
20011694
20022775
20033856
20044936
20056017
20067098
20078178
20089259
20100340
20111420
20122501
20133582
20144662
20155743
20166824
20177905
20188985
20200066
20211147
20222227
20233308
20244389
20255469
20266550
20277631
20288711
20299792
20310872
20321953
20333034
20344115
20355195
20366276
20377357
20388437
20399518
20410598
20421679
20432760
20443841
20454923
20466002
20477083
20488163
20499244
20510324
20521405
20532486
20543567
20554647
20565728
20576809
20587889
20598970
20610051
20621131
20632212
20643293
20654374
20665454
20676535
20687615
20698696
20709777
20720857
20731938
20743019
20754099
20765180
20776261
20787343
20798423
20809503
20820583
20831664
20842745
20853825
20864906
20875987
20887068
20898148
20909229
20920310
20931390
20942471
20953552
20964632
20975713
20986794
20997874
21008955
21020036
21031116
21042197
21053278
21064359
21075439
21086520
21097600
21108681
21119763
21130842
21141923
21153004
21164084
21175165
21186246
21197326
21208407
21219488
21230568
21241649
21252730
21263810
21274891
21285972
21297052
21308133
21319214
21330294
21341375
21352456
21363536
21374617
21385698
21396779
21407859
21418940
21430020
21441101
21452182
21463262
21474344
21485424
21496504
21507585
21518666
21529747
21540827
21551908
21562988
21574069
21585150
21596231
21607311
21618392
21629472
21640553
21651634
21662714
21673795
21684876
21695956
21707037
21718118
21729198
21740279
21751360
21762441
21773521
21784602
21795683
21806764
21817844
21828925
21840006
21851086
21862167
21873247
21884328
21895409
21906489
21917570
21928651
21939732
21950812
21961894
21972973
21984054
21995135
22006215
22017296
22028376
22039457
22050538
22061619
22072699
22083780
22094861
22105941
22117022
22128103
22139183
22150264
22161345
22172425
22183506
22194587
22205667
22216748
22227829
22238910
22249990
22261071
22272152
22283233
22294313
22305394
22316474
22327555
22338636
22349716
22360797
22371878
22382958
22394039
22405120
22416200
22427281
22438362
22449443
22460523
22471604
22482684
22493765
22504846
22515926
22527007
22538088
22549168
22560249
22571330
22582410
22593491
22604572
22615652
22626733
22637814
22648894
22659975
22671056
22682136
22693217
22704298
22715378
22726459
22737540
22748620
22759702
22770782
22781864
22792943
22804024
22815105
22826185
22837266
22848346
22859427
22870508
22881589
22892669
22903750
22914830
22925911
22936992
22948073
22959153
22970234
22981315
22992396
23003476
23014557
23025637
23036718
23047798
23058879
23069960
23081041
23092121
23103202
23114282
23125363
23136444
23147525
23158605
23169686
23180767
23191847
23202928
23214009
23225090
23236170
23247251
23258331
23269412
23280493
23291573
23302654
23313735
23324816
23335896
23346977
23358057
23369138
23380220
23391300
23402380
23413461
23424542
23435622
23446703
23457783
23468864
23479945
23491025
23502106
23513187
23524268
23535348
23546429
23557510
23568590
23579671
23590752
23601832
23612913
23623993
23635074
23646155
23657236
23668316
23679397
23690477
23701558
23712639
23723720
23734800
23745881
23756962
23768042
23779124
23790204
23801284
23812365
23823446
23834526
23845607
23856687
23867768
23878849
23889930
23901010
23912091
23923172
23934252
23945335
23956414
23967494
23978575
23989656
24000736
24011817
24022898
24033978
24045059
24056140
24067220
24078301
24089382
24100462
24111544
24122624
24133704
24144785
24155866
24166946
24178027
24189108
24200188
24211269
24222350
24233430
24244511
24255592
24266673
24277753
24288834
24299915
24310995
24322076
24333156
24344237
24355318
24366399
24377479
24388560
24399641
24410721
24421802
24432883
24443964
24455044
24466124
24477205
24488286
24499367
24510447
24521528
24532609
24543689
24554770
24565851
24576932
24588012
24599093
24610174
24621254
24632335
24643415
24654496
24665577
24676657
24687738
24698819
24709900
24720980
24732061
24743141
24754222
24765303
24776385
24787465
24798545
24809625
24820706
24831787
24842868
24853948
24865029
24876109
24887190
24898271
24909352
24920432
24931513
24942594
24953674
24964755
24975836
24986916
24997997
25009078
25020158
25031239
25042320
25053400
25064481
25075562
25086642
25097723
25108804
25119885
25130965
25142046
25153126
25164207
25175288
25186369
25197449
25208530
25219610
25230691
25241772
25252852
25263933
25275015
25286094
25297175
25308256
25319336
25330417
25341498
25352578
25363659
25374740
25385820
25396901
25407982
25419062
25430143
25441225
25452305
25463385
25474466
25485547
25496627
25507708
25518788
25529869
25540950
25552030
25563111
25574192
25585273
25596353
25607434
25618514
25629595
25640676
25651757
25662837
25673918
25684999
25696079
25707160
25718240
25729321
25740402
25751483
25762563
25773645
25784725
25795805
25806886
25817967
25829047
25840128
25851209
25862289
25873370
25884451
25895531
25906612
25917693
25928773
25939854
25950935
25962015
25973096
25984177
25995257
26006338
26017419
26028499
26039580
26050661
26061741
26072822
26083903
26094983
26106065
26117145
26128225
26139306
26150387
26161467
26172548
26183629
26194709
26205792
26216871
26227952
26239032
26250113
26261194
26272274
26283355
26294436
26305516
26316597
26327678
26338758
26349839
26360922
26371999
26383080
26394161
26405242
26416322
26427403
26438484
26449564
26460645
26471725
26482806
26493887
26504967
26516048
26527129
26538209
26549290
26560371
26571453
26582533
26593614
26604694
26615776
26626856
26637936
26649017
26660098
26671178
26682259
26693340
26704420
26715501
26726582
26737663
26748743
26759824
26770905
26781985
26793066
26804146
26815227
26826308
26837388
26848469
26859550
26870630
26881711
26892792
26903872
26914953
26926034
26937115
26948195
26959276
26970357
26981437
26992518
27003598
27014679
27025760
27036841
27047921
27059002
27070083
27081163
27092244
27103325
27114405
27125486
27136567
27147647
27158728
27169809
27180889
27191970
27203050
27214131
27225212
27236293
27247373
27258454
27269535
27280616
27291696
27302776
27313857
27324938
27336019
27347099
27358180
27369261
27380342
27391422
27402503
27413583
27424664
27435746
27446826
27457906
27468987
27480068
27491148
27502229
27513309
27524390
27535471
27546552
27557632
27568713
27579794
27590874
27601955
27613035
27624116
27635197
27646278
27657358
27668439
27679519
27690600
27701681
27712762
27723842
27734923
27746004
27757084
27768166
27779246
27790326
27801408
27812488
27823568
27834649
27845730
27856810
27867891
27878972
27890052
27901133
27912214
27923294
27934375
27945456
27956536
27967617
27978698
27989778
28000859
28011941
28023020
28034101
28045182
28056263
28067343
28078424
28089504
28100585
28111666
28122746
28133827
28144908
28155989
28167069
28178150
28189231
28200311
28211392
28222473
28233553
28244634
28255715
28266796
28277876
28288957
28300037
28311118
28322199
28333279
28344360
28355441
28366522
28377602
28388683
28399763
28410844
28421925
28433005
28444086
28455166
28466247
28477328
28488409
28499489
28510570
28521651
28532731
28543812
28554893
28565973
28577054
28588135
28599216
28610296
28621377
28632457
28643538
28654619
28665699
28676780
28687861
28698941
28710022
28721103
28732183
28743264
28754345
28765427
28776507
28787587
28798667
28809748
28820829
28831910
28842990
28854071
28865152
28876232
28887313
28898393
28909474
28920555
28931636
28942716
28953797
28964878
28975958
28987039
28998120
29009200
29020281
29031362
29042442
29053523
29064604
29075684
29086765
29097847
29108926
29120007
29131088
29142168
29153249
29164330
29175411
29186491
29197572
29208652
29219733
29230814
29241894
29252975
29264056
29275136
29286217
29297298
29308378
29319459
29330540
29341621
29352701
29363782
29374862
29385944
29397024
29408105
29419185
29430266
29441347
29452427
29463508
29474589
29485669
29496750
29507831
29518911
29529992
29541072
29552153
29563234
29574315
29585395
29596477
29607556
29618637
29629718
29640798
29651879
29662960
29674040
29685121
29696202
29707283
29718363
29729444
29740525
29751605
29762686
29773767
29784847
29795928
29807009
29818090
29829170
29840251
29851331
29862412
29873493
29884573
29895654
29906735
29917815
29928896
29939977
29951057
29962138
29973219
29984299
29995380
30006461
30017541
30028622
30039703
30050784
30061864
30072945
30084025
30095106
30106187
30117268
30128348
30139429
30150510
30161590
30172671
30183752
30194832
30205913
30216994
30228074
30239155
30250236
30261317
30272397
30283478
30294558
30305639
30316720
30327800
30338881
30349962
30361042
30372123
30383204
30394284
30405365
30416446
30427527
30438607
30449688
30460768
30471849
30482930
30494010
30505091
30516172
30527252
30538333
30549414
30560495
30571575
30582656
30593736
30604817
30615898
30626978
30638059
30649140
30660221
30671301
30682382
30693463
30704543
30715624
30726704
30737785
30748866
30759948
30771028
30782108
30793189
30804269
30815350
30826430
30837511
30848592
30859673
30870753
30881834
30892915
30903995
30915076
30926157
30937237
30948318
30959399
30970480
30981560
30992641
31003721
31014802
31025883
31036963
31048044
31059125
31070205
31081286
31092368
31103447
31114528
31125609
31136690
31147770
31158851
31169931
31181012
31192093
31203174
31214254
31225335
31236415
31247496
31258577
31269657
31280738
31291819
31302900
31313980
31325061
31336142
31347222
31358303
31369384
31380464
31391545
31402626
31413706
31424788
31435867
31446949
31458029
31469109
31480190
31491271
31502352
31513432
31524513
31535594
31546675
31557756
31568836
31579916
31590998
31602078
31613158
31624239
31635320
31646400
31657481
31668562
31679642
31690723
31701804
31712884
31723965
31735046
31746126
31757208
31768288
31779368
31790449
31801530
31812610
31823691
31834772
31845852
31856933
31868014
31879094
31890175
31901256
31912337
31923417
31934498
31945579
31956659
31967740
31978821
31989901
32000982
32012063
32023143
32034224
32045305
32056385
32067466
32078547
32089628
32100708
32111788
32122869
32133950
32145030
32156111
32167192
32178273
32189353
32200434
32211515
32222595
32233676
32244757
32255837
32266918
32277999
32289079
32300160
32311241
32322321
32333402
32344483
32355564
32366644
32377725
32388805
32399886
32410967
32422048
32433128
32444209
32455289
32466370
32477451
32488532
32499612
32510693
32521773
32532854
32543935
32555016
32566096
32577177
32588258
32599338
32610419
32621499
32632580
32643661
32654742
32665822
32676903
32687984
32699064
32710145
32721226
32732306
32743387
32754469
32765549
32776629
32787710
32798790
32809871
32820952
32832032
32843113
32854194
32865274
32876355
32887436
32898516
32909597
32920679
32931758
32942839
32953920
32965001
32976081
32987162
32998242
33009323
33020404
33031484
33042565
33053646
33064726
33075807
33086890
33097968
33109049
33120130
33131210
33142291
33153372
33164453
33175533
33186614
33197694
33208775
33219856
33230937
33242017
33253098
33264178
33275259
33286340
33297420
33308501
33319582
33330663
33341743
33352824
33363905
33374985
33386066
33397148
33408227
33419308
33430388
33441469
33452550
33463631
33474711
33485792
33496873
33507953
33519034
33530115
33541195
33552276
33563357
33574437
33585518
33596599
33607680
33618760
33629841
33640921
33652003
33663083
33674163
33685244
33696325
33707406
33718486
33729567
33740648
33751730
33762809
33773889
33784970
33796051
33807132
33818212
33829293
33840374
33851454
33862535
33873616
33884696
33895777
33906857
33917938
33929019
33940100
33951180
33962261
33973342
33984422
33995503
34006583
34017664
34028745
34039826
34050906
34061987
34073068
34084148
34095229
34106310
34117391
34128471
34139551
34150632
34161713
34172794
34183874
34194955
34206036
34217117
34228197
34239278
34250359
34261439
34272520
34283600
34294681
34305762
34316842
34327923
34339004
34350085
34361165
34372246
34383326
34394407
34405488
34416568
34427649
34438730
34449811
34460891
34471972
34483052
34494133
34505214
34516295
34527375
34538456
34549537
34560617
34571698
34582779
34593859
34604940
34616021
34627101
34638182
34649262
34660343
34671424
34682505
34693585
34704666
34715747
34726827
34737908
34748990
34760069
34771150
34782231
34793311
34804392
34815473
34826553
34837634
34848715
34859795
34870876
34881957
34893037
34904118
34915199
34926279
34937360
34948441
34959522
34970602
34981683
34992764
35003844
35014925
35026005
35037086
35048167
35059248
35070328
35081409
35092489
35103570
35114651
35125732
35136812
35147893
35158974
35170055
35181135
35192215
35203296
35214377
35225457
35236538
35247619
35258699
35269780
35280861
35291942
35303022
35314103
35325184
35336264
35347345
35358426
35369506
35380587
35391668
35402748
35413829
35424910
35435990
35447071
35458152
35469232
35480313
35491394
35502474
35513555
35524636
35535716
35546797
35557878
35568959
35580043
35591120
35602200
35613281
35624362
35635442
35646523
35657604
35668684
35679765
35690846
35701926
35713007
35724088
35735168
35746251
35757331
35768411
35779491
35790572
35801653
35812733
35823814
35834894
35845975
35857056
35868137
35879217
35890298
35901379
35912460
35923540
35934621
35945701
35956782
35967863
35978944
35990024
36001105
36012185
36023266
36034347
36045427
36056508
36067589
36078670
36089750
36100831
36111911
36122992
36134073
36145154
36156234
36167315
36178395
36189476
36200557
36211637
36222718
36233799
36244880
36255960
36267041
36278122
36289202
36300283
36311364
36322444
36333525
36344606
36355686
36366767
36377848
36388928
36400009
36411090
36422170
36433251
36444332
36455412
36466493
36477574
36488655
36499735
36510816
36521896
36532977
36544058
36555139
36566219
36577300
36588380
36599461
36610542
36621622
36632703
36643784
36654864
36665945
36677026
36688106
36699187
36710268
36721348
36732429
36743511
36754591
36765671
36776752
36787832
36798913
36809994
36821074
36832155
36843236
36854316
36865397
36876478
36887559
36898639
36909720
36920800
36931881
36942962
36954043
36965123
36976204
36987285
36998365
37009446
37020526
37031607
37042688
37053769
37064849
37075930
37087011
37098091
37109172
37120253
37131333
37142414
37153495
37164575
37175656
37186737
37197817
37208898
37219979
37231059
37242140
37253221
37264301
37275382
37286463
37297543
37308624
37319705
37330785
37341866
37352947
37364028
37375108
37386189
37397270
37408350
37419431
37430511
37441592
37452673
37463754
37474834
37485915
37496996
37508076
37519157
37530238
37541318
37552399
37563480
37574561
37585641
37596722
37607802
37618883
37629964
37641044
37652125
37663205
37674286
37685367
37696448
37707528
37718609
37729690
37740771
37751851
37762932
37774013
37785093
37796174
37807254
37818335
37829416
37840496
37851577
37862658
37873738
37884819
37895900
37906980
37918061
37929142
37940223
37951303
37962384
37973464
37984545
37995626
38006706
38017787
38028868
38039949
38051029
38062110
38073191
38084271
38095352
38106432
38117513
38128594
38139675
38150756
38161836
38172916
38183998
38195078
38206159
38217239
38228320
38239401
38250481
38261562
38272642
38283723
38294804
38305885
38316965
38328046
38339127
38350208
38361288
38372369
38383449
38394530
38405611
38416691
38427772
38438852
38449933
38461014
38472095
38483175
38494256
38505337
38516417
38527498
38538581
38549660
38560740
38571821
38582902
38593982
38605063
38616143
38627224
38638305
38649385
38660466
38671547
38682627
38693708
38704789
38715869
38726950
38738032
38749111
38760192
38771273
38782354
38793434
38804515
38815595
38826676
38837757
38848837
38859918
38870999
38882079
38893160
38904244
38915321
38926402
38937483
38948564
38959644
38970725
38981806
38992886
39003967
39015048
39026128
39037209
39048290
39059371
39070451
39081532
39092612
39103693
39114774
39125854
39136935
39148016
39159097
39170177
39181258
39192338
39203419
39214500
39225580
39236661
39247742
39258823
39269903
39280984
39292065
39303145
39314226
39325306
39336387
39347468
39358548
39369629
39380710
39391791
39402872
39413952
39425033
39436113
39447194
39458274
39469355
39480436
39491517
39502597
39513678
39524759
39535839
39546920
39558001
39569082
39580162
39591243
39602323
39613404
39624485
39635565
39646646
39657727
39668807
39679888
39690969
39702050
39713130
39724211
39735293
39746373
39757453
39768533
39779614
39790695
39801776
39812856
39823937
39835018
39846098
39857179
39868259
39879340
39890421
39901502
39912582
39923663
39934744
39945825
39956905
39967986
39979066
