40
13
9
8
6
5
369
894
4
9
5
6
6
29
1212
68
6
8
12
7
9
359
956
10
4
6
7
6
20
1238
87
6
7
6
8
12
329
1024
6
7
3
6
4
8
1249
116
7
8
4
8
11
299
1075
5
5
3
7
6
7
0
141
6
9
13
10
12
240
1075
5
4
7
6
5
3
1132
160
4
6
7
8
9
206
1076
10
6
9
9
5
9
1073
196
6
9
6
11
4
168
1124
4
7
5
5
6
5
1066
247
9
11
10
10
9
144
1180
4
5
7
4
5
6
0
303
14
12
8
11
3
121
1235
7
3
2
5
3
1
1019
351
9
8
3
5
5
92
1210
73
2
3
4
2
6
966
379
10
7
12
9
13
66
1090
164
7
5
4
2
4
886
407
9
5
5
8
5
50
1000
237
5
6
8
8
5
0
444
10
6
9
6
8
32
953
306
4
4
6
4
5
800
502
9
8
6
8
7
19
934
371
3
3
4
5
6
763
576
11
7
13
8
6
14
913
428
7
6
3
3
3
716
650
10
13
9
9
6
12
876
488
4
5
6
3
5
0
690
11
8
9
10
8
5
789
527
4
1
2
5
6
584
715
6
5
2
6
3
2
715
572
6
7
7
5
6
508
765
6
5
4
4
6
5
654
622
5
6
8
7
9
422
865
9
7
6
5
7
6
624
678
2
1
2
1
3
0
984
7
8
7
14
7
10
596
736
9
6
11
5
6
205
1145
15
11
4
10
8
9
569
797
3
2
5
5
5
109
1212
16
14
8
13
13
10
491
816
2
3
2
3
5
68
1188
26
9
8
7
12
11
434
834
4
6
6
4
6
0
1178
38
6
6
6
7
5
387
867
1
1
2
4
4
33
1168
52
13
11
11
8
9
345
911
7
8
5
5
8
25
1178
77
8
4
8
4
5
315
983
3
4
2
4
3
9
1200
109
8
4
5
10
10
289
1031
3
4
2
5
6
0
1171
130
6
9
10
8
3
244
1041
3
3
4
8
4
7
1114
154
6
7
4
2
5
208
1055
5
9
2
6
4
4
1063
188
8
6
11
13
6
175
1080
3
6
7
3
5
6
1025
226
8
6
9
11
7
145
1113
7
4
3
5
5
0
1014
276
5
8
4
6
7
115
1187
5
2
2
5
3
4
985
327
5
9
8
7
10
93
1181
57
8
6
8
6
7
946
361
9
8
7
8
8
72
1075
150
5
9
7
5
6
883
393
8
6
8
6
8
52
995
223
6
8
5
5
0
824
431
6
8
6
8
9
33
938
286
2
4
5
8
11
778
473
9
7
10
9
11
29
896
343
6
5
1
4
4
747
529
5
6
3
4
6
16
880
410
0
2
1
2
5
708
604
11
8
6
3
6
8
849
467
6
2
7
5
0
648
658
8
7
7
8
4
8
778
517
3
3
4
7
7
585
697
7
5
5
4
6
7
716
557
3
6
8
7
5
511
746
6
9
8
8
11
7
651
607
5
7
8
2
4
434
821
13
8
10
10
11
9
611
655
7
3
4
6
0
350
932
5
4
6
9
5
3
588
717
6
6
3
5
4
226
1082
11
7
3
8
6
10
559
764
9
8
3
6
6
118
1183
18
11
10
8
11
5
500
798
3
4
3
4
5
79
1193
17
7
5
6
5
3
441
835
6
5
5
6
0
53
1175
33
6
3
6
5
8
393
859
6
6
4
6
5
33
1171
46
9
8
12
9
5
354
907
4
8
5
7
4
22
1195
77
4
6
4
6
6
326
974
0
6
5
3
3
12
1210
102
10
9
7
7
7
298
1027
4
4
7
4
0
5
1179
130
4
9
7
5
10
264
1049
3
6
10
9
6
3
1144
156
4
7
4
10
10
221
1059
5
6
8
6
3
4
1080
188
7
4
5
7
3
181
1078
7
4
6
3
6
4
1034
223
6
9
10
7
10
146
1113
7
6
6
4
0
6
1019
273
3
4
5
4
4
119
1185
2
1
3
5
7
7
997
314
8
6
3
6
8
92
1194
40
7
10
4
6
7
962
371
4
6
5
5
4
73
1125
135
4
7
7
7
5
915
403
12
10
9
10
5
54
1034
212
6
5
9
0
3
846
429
7
9
6
7
9
43
957
280
5
6
4
5
6
792
464
8
8
7
6
5
25
905
342
8
7
4
7
4
759
535
6
6
7
12
6
15
892
404
3
1
6
1
4
717
594
5
6
5
7
4
11
866
460
4
5
7
0
4
662
680
7
4
6
8
12
10
829
518
4
3
2
2
6
607
712
10
10
9
9
7
7
741
556
5
4
5
2
6
526
749
3
4
6
6
4
4
669
597
5
6
6
7
10
448
809
7
7
7
8
7
8
620
647
5
5
8
0
5
372
923
8
6
3
6
7
3
600
705
6
3
2
1
5
250
1060
7
6
9
7
8
3
566
765
7
7
2
5
3
134
1200
16
9
9
10
9
10
531
817
3
4
3
7
8
83
1223
21
7
12
9
7
5
459
839
3
6
3
0
5
56
1192
34
4
1
5
7
8
395
868
5
3
5
5
6
39
1174
51
6
8
7
10
4
360
907
4
0
7
4
3
25
1203
69
4
6
7
7
9
337
966
3
6
8
6
6
9
1210
91
10
11
5
8
7
299
1024
9
8
4
0
6
10
1208
136
8
9
9
5
11
278
1068
3
3
7
4
8
8
1166
155
10
9
9
6
7
226
1070
3
2
2
3
2
1
1094
189
6
3
4
0
7
192
1079
6
9
6
8
6
9
1045
215
8
7
7
7
5
157
1119
8
5
3
0
3
5
1030
260
7
5
7
9
8
123
1178
3
3
2
3
9
5
1003
311
10
10
5
6
9
103
1200
31
9
7
8
7
6
979
364
8
6
8
7
6
75
1156
122
3
2
4
6
6
927
394
6
6
13
7
10
61
1038
199
1
3
0
4
6
854
427
10
10
6
10
10
42
970
268
6
5
3
4
5
801
458
6
4
4
6
5
26
911
330
4
6
12
7
3
762
514
9
4
6
7
9
19
882
394
3
3
3
3
4
723
587
11
9
12
5
6
8
864
454
4
4
0
8
7
674
651
8
8
9
10
11
9
832
503
4
3
8
9
7
614
705
8
12
10
8
4
9
743
547
5
2
1
5
4
535
734
9
6
4
8
7
9
680
588
6
5
1
5
7
462
794
7
7
6
2
6
7
621
639
8
7
0
9
8
375
893
7
9
5
7
7
7
592
689
4
4
5
6
3
275
1027
4
2
7
7
6
6
566
746
6
7
5
5
5
142
1177
13
10
6
5
6
5
526
804
7
4
6
7
6
88
1216
19
6
9
10
6
7
462
832
5
6
0
6
6
61
1187
26
4
8
7
6
7
408
851
3
4
6
4
4
43
1174
46
4
5
8
11
11
358
885
3
7
8
4
9
25
1169
63
7
14
12
6
9
324
927
7
7
8
4
5
17
1177
87
7
10
7
8
6
306
994
2
1
0
5
2
6
1193
112
9
14
7
5
8
269
1043
5
5
6
7
7
5
1158
148
11
12
9
4
8
230
1052
8
3
6
6
7
7
1095
175
5
3
6
1
6
184
1072
5
8
5
5
5
7
1045
207
5
10
11
9
8
161
1092
6
5
0
6
5
6
1011
244
11
11
6
7
13
133
1131
3
6
5
9
6
4
996
293
8
7
4
4
4
101
1185
18
2
3
2
2
4
967
344
10
9
7
7
6
82
1144
102
8
9
6
7
3
927
377
5
10
8
6
7
57
1050
190
7
0
4
4
4
861
419
9
7
4
6
4
45
969
253
5
3
5
6
8
806
448
8
8
10
7
11
30
914
314
7
8
6
10
8
765
490
9
8
13
10
12
23
865
373
8
5
5
5
6
728
554
7
9
5
8
5
14
861
437
5
0
7
8
6
686
627
8
11
8
5
6
11
828
493
2
7
7
4
4
622
685
6
6
4
8
7
6
754
541
5
2
3
4
3
554
727
3
5
4
7
8
6
687
586
7
5
7
8
5
477
784
6
5
4
7
4
7
631
625
4
0
3
6
4
391
860
8
6
8
10
7
6
597
672
7
5
4
6
6
287
998
6
4
5
6
6
7
563
736
4
2
3
4
3
161
1142
12
8
9
8
9
9
534
789
4
2
6
7
3
90
1207
22
9
10
10
5
6
472
830
2
0
7
0
