11080
22161
33241
44322
55402
66483
77563
88644
99725
110806
121886
132967
144048
155128
166209
177290
188370
199451
210532
221612
232693
243774
254854
265935
277016
288097
299177
310258
321338
332419
343501
354580
365661
376742
387822
398903
409984
421065
432145
443226
454306
465387
476468
487548
498629
509710
520790
531871
542952
554032
565113
576194
587274
598355
609436
620517
631597
642678
653759
664839
675920
687000
698081
709162
720242
731323
742404
753485
764565
775646
786727
797807
808888
819969
831049
842130
853211
864291
875372
886452
897533
908614
919694
930775
941856
952937
964017
975098
986179
997259
1008340
1019421
1030501
1041582
1052663
1063743
1074824
1085905
1096985
1108066
1119147
1130227
1141308
1152389
1163469
1174550
1185631
1196711
1207792
1218873
1229953
1241034
1252115
1263196
1274276
1285357
1296437
1307518
1318599
1329679
1340760
1351841
1362922
1374002
1385083
1396163
1407244
1418325
1429405
1440486
1451567
1462647
1473728
1484809
1495890
1506970
1518051
1529131
1540212
1551293
1562374
1573455
1584535
1595616
1606697
1617777
1628858
1639938
1651019
1662100
1673181
1684262
1695343
1706423
1717504
1728585
1739665
1750746
1761826
1772907
1783988
1795069
1806149
1817230
1828311
1839392
1850472
1861552
1872633
1883714
1894795
1905875
1916956
1928037
1939117
1950198
1961279
1972359
1983440
1994521
2005602
2016683
2027763
2038843
2049924
2061005
2072085
2083166
2094247
2105327
2116408
2127489
2138570
2149650
2160731
2171812
2182892
2193973
2205054
2216134
2227215
2238296
2249376
2260457
2271537
2282618
2293699
2304780
2315860
2326941
2338022
2349102
2360183
2371264
2382344
2393425
2404506
2415587
2426667
2437748
2448828
2459909
2470990
2482070
2493151
2504234
2515312
2526393
2537474
2548554
2559635
2570716
2581797
2592877
2603958
2615039
2626119
2637200
2648280
2659361
2670443
2681522
2692603
2703683
2714764
2725845
2736926
2748006
2759087
2770168
2781248
2792329
2803410
2814491
2825571
2836652
2847732
2858813
2869894
2880974
2892055
2903136
2914216
2925297
2936378
2947458
2958539
2969620
2980701
2991781
3002863
3013943
3025023
3036104
3047185
3058265
3069346
3080427
3091507
3102588
3113669
3124749
3135830
3146910
3157991
3169072
3180153
3191233
3202314
3213395
3224475
3235556
3246636
3257717
3268798
3279879
3290959
3302040
3313121
3324202
3335282
3346363
3357443
3368524
3379605
3390685
3401766
3412847
3423928
3435008
3446088
3457169
3468250
3479331
3490411
3501492
3512573
3523653
3534734
3545815
3556895
3567976
3579057
3590137
3601218
3612299
3623379
3634461
3645541
3656621
3667702
3678783
3689863
3700944
3712025
3723106
3734187
3745267
3756347
3767428
3778509
3789590
3800670
3811751
3822832
3833912
3844993
3856073
3867154
3878235
3889315
3900396
3911477
3922558
3933638
3944719
3955800
3966880
3977961
3989041
4000124
4011204
4022284
4033364
4044445
4055526
4066606
4077687
4088768
4099848
4110929
4122010
4133090
4144171
4155252
4166332
4177413
4188494
4199574
4210656
4221736
4232816
4243897
4254978
4266058
4277139
4288220
4299300
4310381
4321462
4332542
4343623
4354704
4365784
4376865
4387946
4399026
4410107
4421188
4432268
4443349
4454430
4465511
4476591
4487672
4498753
4509833
4520914
4531995
4543075
4554156
4565237
4576317
4587398
4598479
4609559
4620640
4631721
4642801
4653882
4664964
4676043
4687124
4698205
4709285
4720366
4731446
4742527
4753608
4764689
4775769
4786850
4797931
4809011
4820092
4831173
4842253
4853334
4864414
4875495
4886576
4897657
4908737
4919818
4930899
4941979
4953060
4964141
4975221
4986302
4997384
5008464
5019544
5030625
5041705
5052786
5063867
5074947
5086028
5097109
5108189
5119270
5130351
5141431
5152512
5163593
5174673
5185754
5196835
5207916
5218996
5230077
5241158
5252238
5263319
5274400
5285480
5296561
5307642
5318722
5329807
5340883
5351964
5363045
5374125
5385206
5396287
5407368
5418448
5429529
5440610
5451690
5462771
5473851
5484932
5496013
5507094
5518174
5529255
5540336
5551416
5562497
5573577
5584658
5595739
5606820
5617900
5628981
5640062
5651142
5662223
5673304
5684384
5695466
5706546
5717626
5728707
5739788
5750868
5761949
5773030
5784110
5795191
5806272
5817353
5828433
5839514
5850595
5861675
5872756
5883837
5894917
5905998
5917078
5928159
5939240
5950321
5961401
5972482
5983562
5994644
6005724
6016804
6027885
6038966
6050047
6061127
6072208
6083289
6094369
6105450
6116530
6127611
6138692
6149773
6160854
6171934
6183015
6194095
6205176
6216257
6227337
6238418
6249499
6260580
6271660
6282741
6293821
6304902
6315983
6327064
6338144
6349225
6360305
6371386
6382467
6393547
6404628
6415709
6426789
6437870
6448951
6460031
6471112
6482193
6493273
6504354
6515435
6526516
6537596
6548677
6559757
6570838
6581919
6593000
6604080
6615161
6626241
6637322
6648403
6659484
6670564
6681645
6692726
6703806
6714887
6725967
6737048
6748129
6759210
6770290
6781371
6792452
6803532
6814613
6825694
6836774
6847855
6858936
6870016
6881097
6892178
6903258
6914339
6925420
6936500
6947581
6958662
6969742
6980823
6991905
7002985
7014065
7025146
7036226
7047307
7058388
7069468
7080549
7091630
7102710
7113791
7124872
7135953
7147033
7158114
7169194
7180275
7191357
7202437
7213517
7224598
7235679
7246759
7257840
7268920
7280001
7291082
7302163
7313243
7324324
7335404
7346485
7357566
7368646
7379727
7390808
7401889
7412969
7424050
7435130
7446211
7457292
7468372
7479453
7490534
7501615
7512695
7523776
7534857
7545937
7557018
7568099
7579179
7590260
7601341
7612421
7623502
7634583
7645663
7656746
7667824
7678905
7689986
7701066
7712147
7723228
7734309
7745389
7756470
7767551
7778631
7789712
7800793
7811873
7822954
7834035
7845115
7856196
7867277
7878357
7889438
7900519
7911600
7922680
7933761
7944841
7955922
7967003
7978083
7989198
8000245
8011325
8022406
8033487
8044567
8055648
8066729
8077809
8088890
8099971
8111052
8122132
8133213
8144293
8155374
8166455
8177536
8188616
8199697
8210777
8221858
8232939
8244020
8255100
8266181
8277262
8288342
8299423
8310504
8321585
8332665
8343745
8354826
8365907
8376988
8388068
8399149
8410230
8421310
8432391
8443472
8454552
8465633
8476714
8487794
8498875
8509956
8521036
8532117
8543198
8554278
8565359
8576440
8587521
8598602
8609682
8620762
8631843
8642924
8654008
8665085
8676166
8687247
8698327
8709408
8720488
8731569
8742650
8753730
8764811
8775892
8786973
8798054
8809134
8820215
8831295
8842376
8853456
8864537
8875618
8886699
8897779
8908860
8919941
8931021
8942102
8953183
8964263
8975344
8986425
8997505
9008587
9019667
9030747
9041828
9052908
9063989
9075070
9086151
9097231
9108312
9119393
9130473
9141554
9152635
9163715
9174796
9185877
9196958
9208038
9219119
9230199
9241280
9252361
9263441
9274522
9285603
9296683
9307764
9318845
9329925
9341006
9352087
9363167
9374248
9385329
9396409
9407490
9418571
9429651
9440732
9451813
9462893
9473974
9485055
9496135
9507216
9518297
9529377
9540458
9551539
9562620
9573700
9584781
9595862
9606942
9618023
9629103
9640184
9651265
9662346
9673426
9684507
9695588
9706668
9717751
9728830
9739910
9750991
9762072
9773152
9784233
9795314
9806394
9817476
9828556
9839636
9850717
9861798
9872878
9883959
9895039
9906120
9917201
9928282
9939362
9950443
9961524
9972604
9983686
9994766
10005846
10016927
10028008
10039088
10050169
10061250
10072330
10083411
10094492
10105572
10116653
10127734
10138814
10149895
10160976
10172056
10183137
10194218
10205299
10216379
10227460
10238540
10249621
10260702
10271782
10282863
10293944
10305024
10316106
10327186
10338267
10349347
10360428
10371508
10382589
10393671
10404751
10415831
10426912
10437993
10449073
10460154
10471234
10482317
10493396
10504476
10515557
10526638
10537719
10548799
10559880
10570961
10582041
10593122
10604203
10615283
10626364
10637445
10648526
10659606
10670687
10681767
10692848
10703929
10715009
10726090
10737171
10748251
10759332
10770413
10781494
10792574
10803655
10814735
10825816
10836897
10847977
10859058
10870139
10881219
10892300
10903381
10914461
10925542
10936623
10947704
10958784
10969865
10980947
10992026
11003107
11014188
11025268
11036349
11047429
11058510
11069591
11080672
11091752
11102833
11113913
11124994
11136075
11147156
11158237
11169317
11180398
11191478
11202559
11213639
11224720
11235801
11246882
11257962
11269043
11280124
11291204
11302285
11313366
11324446
11335527
11346608
11357689
11368769
11379850
11390930
11402011
11413092
11424172
11435253
11446334
11457414
11468495
11479576
11490656
11501737
11512818
11523898
11534979
11546060
11557140
11568221
11579302
11590383
11601463
11612544
11623625
11634705
11645786
11656866
11667947
11679028
11690109
11701189
11712270
11723351
11734431
11745512
11756593
11767673
11778754
11789835
11800915
11811996
11823077
11834157
11845238
11856318
11867399
11878480
11889561
11900641
11911722
11922803
11933883
11944964
11956044
11967125
11978207
11989287
12000368
12011448
12022529
12033609
12044690
12055770
12066851
12077932
12089013
12100093
12111174
12122255
12133335
12144416
12155497
12166577
12177658
12188739
12199820
12210900
12221981
12233061
12244142
12255223
12266303
12277384
12288465
12299545
12310626
12321707
12332788
12343868
12354949
12366030
12377110
12388191
12399272
12410352
12421433
12432514
12443594
12454675
12465756
12476836
12487917
12498997
12510078
12521159
12532240
12543320
12554401
12565481
12576563
12587643
12598723
12609804
12620885
12631966
12643047
12654127
12665208
12676288
12687369
12698450
12709530
12720611
12731692
12742772
12753853
12764934
12776014
12787095
12798176
12809257
12820337
12831418
12842498
12853579
12864660
12875740
12886821
12897902
12908983
12920063
12931144
12942224
12953305
12964386
12975468
12986548
12997628
13008709
13019789
13030870
13041951
13053031
13064112
13075193
13086273
13097354
13108435
13119515
13130596
13141676
13152757
13163838
13174919
13185999
13197080
13208161
13219242
13230322
13241402
13252483
13263564
13274644
13285725
13296806
13307887
13318968
13330048
13341129
13352209
13363290
13374372
13385452
13396532
13407613
13418693
13429774
13440855
13451935
13463016
13474097
13485177
13496258
13507339
13518419
13529500
13540581
13551661
13562742
13573823
13584904
13595984
13607065
13618146
13629226
13640307
13651388
13662468
13673549
13684629
13695710
13706791
13717872
13728952
13740033
13751114
13762194
13773275
13784356
13795436
13806517
13817598
13828678
13839759
13850840
13861920
13873001
13884081
13895162
13906243
13917324
13928404
13939485
13950566
13961646
13972728
13983808
13994888
14005969
14017050
14028130
14039211
14050292
14061372
14072453
14083534
14094614
14105695
14116776
14127856
14138937
14150018
14161098
14172179
14183260
14194341
14205421
14216502
14227582
14238663
14249744
14260824
14271905
14282986
14294066
14305147
14316228
14327309
14338389
14349470
14360550
14371631
14382712
14393792
14404873
14415954
14427034
14438115
14449196
14460276
14471358
14482438
14493519
14504599
14515680
14526760
14537841
14548922
14560003
14571083
14582164
14593245
14604325
14615406
14626487
14637567
14648648
14659729
14670809
14681890
14692971
14704051
14715132
14726212
14737293
14748374
14759455
14770535
14781616
14792697
14803778
14814858
14825939
14837019
14848100
14859181
14870261
14881342
14892423
14903503
14914585
14925665
14936745
14947826
14958907
14969989
14981068
14992149
15003230
15014310
15025391
15036471
15047552
15058633
15069714
15080794
15091875
15102956
15114036
15125117
15136198
15147278
15158359
15169439
15180520
15191601
15202682
15213762
15224843
15235924
15247004
15258085
15269166
15280246
15291327
15302408
15313488
15324569
15335650
15346730
15357811
15368892
15379972
15391053
15402134
15413214
15424295
15435375
15446456
15457537
15468618
15479698
15490779
15501860
15512940
15524021
15535102
15546182
15557263
15568344
15579424
15590505
15601586
15612666
15623747
15634828
15645908
15656989
15668070
15679150
15690231
15701312
15712392
15723473
15734554
15745635
15756715
15767796
15778876
15789957
15801038
15812119
15823199
15834280
15845360
15856441
15867522
15878602
15889683
15900764
15911844
15922925
15934006
15945087
15956167
15967281
15978329
15989409
16000490
16011570
16022651
16033732
16044813
16055893
16066974
16078055
16089135
16100216
16111296
16122377
16133458
16144539
16155619
16166700
16177781
16188861
16199942
16211023
16222103
16233184
16244265
16255346
16266426
16277507
16288587
16299668
16310749
16321829
16332910
16343991
16355071
16366152
16377233
16388313
16399394
16410475
16421556
16432636
16443717
16454797
16465879
16476959
16488040
16499120
16510201
16521282
16532362
16543443
16554523
16565604
16576686
16587765
16598846
16609927
16621007
16632089
16643169
16654250
16665330
16676411
16687492
16698572
16709653
16720734
16731814
16742895
16753975
16765056
16776137
16787218
16798299
16809379
16820460
16831540
16842621
16853701
16864782
16875863
16886944
16898024
16909105
16920186
16931266
16942347
16953428
16964509
16975589
16986670
16997750
17008831
17019912
17030993
17042073
17053154
17064234
17075315
17086396
17097476
17108557
17119638
17130720
17141799
17152880
17163961
17175041
17186122
17197202
17208283
17219364
17230445
17241526
17252606
17263687
17274767
17285848
17296929
17308009
17319090
17330171
17341252
17352332
17363413
17374494
17385574
17396655
17407735
17418816
17429897
17440977
17452058
17463139
17474219
17485300
17496381
17507461
17518542
17529623
17540703
17551784
17562865
17573946
17585026
17596107
17607187
17618268
17629349
17640429
17651510
17662591
17673671
17684752
17695833
17706913
17717994
17729075
17740156
17751236
17762317
17773397
17784478
17795559
17806639
17817720
17828801
17839881
17850962
17862043
17873123
17884204
17895285
17906366
17917446
17928527
17939607
17950688
17961770
17972850
17983930
17995011
18006091
18017172
18028253
18039333
18050414
18061495
18072576
18083656
18094737
18105818
18116898
18127979
18139060
18150140
18161221
18172302
18183383
18194463
18205544
18216625
18227705
18238785
18249866
18260947
18272028
18283108
18294189
18305270
18316350
18327431
18338511
18349592
18360673
18371755
18382834
18393915
18404996
18416077
18427157
18438238
18449318
18460399
18471480
18482560
18493641
18504722
18515802
18526884
18537964
18549045
18560125
18571206
18582287
18593367
18604448
18615528
18626609
18637690
18648771
18659851
18670932
18682013
18693093
18704174
18715255
18726335
18737416
18748497
18759577
18770658
18781739
18792820
18803900
18814981
18826061
18837142
18848223
18859303
18870384
18881465
18892545
18903626
18914707
18925787
18936868
18947949
18959031
18970110
18981192
18992271
19003352
19014433
19025513
19036594
19047675
19058756
19069836
19080917
19091997
19103078
19114159
19125240
19136320
19147401
19158482
19169562
19180643
19191723
19202804
19213885
19224966
19236046
19247127
19258208
19269288
19280369
19291450
19302530
19313611
19324692
19335772
19346853
19357934
19369014
19380095
19391176
19402256
19413337
19424418
19435498
19446579
19457660
19468740
19479821
19490902
19501982
19513063
19524144
19535224
19546305
19557386
19568466
19579547
19590628
19601709
19612789
19623870
19634950
19646031
19657112
19668192
19679273
19690354
19701434
19712515
19723596
19734676
19745757
19756838
19767919
19778999
19790080
19801160
19812241
19823322
19834402
19845483
19856564
19867645
19878725
19889806
19900887
19911967
19923048
19934128
19945209
19956292
19967371
