10
75
1072
165
4
6
8
3
5
879
425
8
7
6
7
7
53
1014
248
1
3
3
2
2
842
482
5
7
6
7
6
39
983
316
7
6
6
7
6
794
520
4
6
6
11
15
25
912
369
3
0
4
3
0
736
568
8
9
6
0
4
18
861
419
4
2
7
3
5
685
615
7
5
5
4
7
5
828
470
5
7
9
6
4
625
675
6
6
8
9
7
10
777
524
1
1
4
2
3
561
749
10
7
8
7
5
5
751
579
5
6
6
3
4
494
843
9
12
13
0
7
7
713
632
8
4
3
4
6
416
912
6
11
9
7
8
11
648
670
4
6
3
5
3
306
1000
9
10
10
8
10
8
592
712
2
3
2
4
6
187
1109
8
6
7
7
9
8
553
745
9
6
6
6
4
92
1197
11
5
8
0
6
11
504
798
2
2
2
3
6
53
1233
31
11
11
9
5
5
457
865
6
6
5
1
6
34
1263
41
6
6
10
4
5
423
916
5
8
3
5
5
18
1250
66
8
4
9
7
9
381
944
4
5
3
4
5
13
1229
80
8
10
0
6
12
336
968
4
2
2
1
4
8
1190
108
3
3
4
4
2
300
997
5
4
8
2
6
6
1161
132
7
9
7
7
10
261
1040
4
5
5
4
2
3
1146
171
8
12
7
6
4
228
1098
5
6
6
6
5
3
1121
214
5
7
0
7
5
185
1159
6
4
5
4
4
6
1090
249
8
8
8
6
7
148
1184
2
4
5
5
5
4
1040
284
10
3
11
6
14
127
1179
4
4
1
0
2
0
975
323
4
6
4
4
6
104
1142
58
4
5
3
5
6
926
374
3
9
0
7
8
75
1081
149
3
1
2
3
2
897
418
8
9
5
7
8
55
1040
236
2
5
4
4
7
858
487
10
5
12
11
12
42
1005
310
6
7
6
6
3
817
541
11
6
8
7
8
26
963
371
6
4
2
3
6
756
578
7
8
0
12
10
17
885
419
3
4
5
6
3
696
604
4
6
8
7
6
7
836
459
3
1
2
7
4
636
663
10
6
11
10
7
5
788
514
2
0
2
3
3
573
738
6
7
4
6
6
5
755
575
4
3
5
5
4
515
822
10
12
0
8
10
16
727
622
3
3
6
3
3
435
921
9
4
5
6
6
7
687
678
5
5
4
6
1
330
1006
11
10
12
10
9
7
614
713
8
2
5
6
1
205
1091
11
11
8
6
8
12
554
743
2
1
1
0
1
106
1187
12
11
0
5
3
9
515
788
3
3
6
6
8
56
1239
30
7
7
6
8
10
471
855
8
5
5
4
5
36
1260
47
10
12
13
7
5
438
907
3
5
4
5
5
18
1282
60
8
9
9
9
8
393
964
3
3
7
7
5
13
1243
82
12
0
13
15
11
343
971
4
3
6
5
8
11
1197
97
10
11
9
7
6
306
991
2
1
3
3
3
4
1171
125
10
11
9
7
8
268
1031
4
5
5
4
7
6
1155
166
9
8
9
7
9
235
1093
5
6
3
1
5
4
1135
206
8
0
10
9
11
200
1147
2
5
2
4
7
3
1103
253
8
8
9
8
6
164
1199
8
8
4
1
4
4
1047
286
8
11
5
10
9
129
1197
6
3
5
4
4
6
987
322
6
7
10
14
9
103
1162
38
5
3
3
2
2
933
368
10
0
9
8
7
80
1088
137
4
6
6
4
2
897
413
8
8
10
7
7
58
1051
222
4
4
4
4
6
866
473
8
11
7
7
7
44
1008
299
1
2
6
7
4
822
535
3
10
6
3
6
28
979
364
3
2
3
3
4
764
583
10
0
7
11
7
17
901
408
3
2
3
5
3
710
596
7
9
11
6
7
14
839
451
2
2
2
2
1
648
652
7
7
10
7
4
3
797
503
5
4
5
3
3
585
721
8
14
11
9
8
11
754
564
3
4
5
2
4
522
810
6
0
5
5
9
7
722
616
6
5
4
5
5
444
902
14
11
12
5
11
8
688
672
2
4
4
2
5
352
987
14
13
9
11
7
9
626
701
5
3
7
6
3
223
1081
5
5
11
7
8
7
566
737
3
4
7
4
3
112
1178
13
0
6
10
9
9
523
777
1
4
5
2
2
72
1218
19
10
11
8
11
8
472
831
5
4
6
2
4
43
1239
40
14
6
10
7
8
432
895
5
6
3
4
3
23
1256
62
11
4
8
14
13
398
942
3
4
5
3
4
11
1253
74
0
11
16
10
8
347
964
5
4
4
3
4
12
1203
96
9
10
11
8
8
310
986
6
3
3
6
9
4
1176
117
7
6
6
7
8
277
1022
3
1
4
2
5
4
1151
154
12
12
9
12
7
245
1056
4
4
7
4
3
3
1118
188
0
11
11
9
12
195
1126
3
2
4
5
5
4
1094
233
11
8
9
9
10
161
1179
5
4
3
5
5
3
1056
270
6
8
10
12
7
131
1181
6
2
4
7
5
4
989
311
8
4
8
7
4
110
1166
31
5
4
7
4
4
944
351
0
6
7
7
6
80
1115
114
4
2
4
1
3
910
397
11
11
6
10
10
63
1045
200
7
7
6
3
4
863
448
9
11
11
15
14
44
1001
280
3
3
2
6
4
822
510
7
9
9
8
9
31
968
345
4
4
5
3
4
779
550
0
8
10
15
14
28
904
397
3
1
4
3
3
720
587
10
13
6
10
8
16
846
445
4
5
5
9
5
661
639
6
8
8
10
11
8
807
493
2
2
5
2
4
598
705
8
8
8
10
10
9
758
545
4
7
3
2
5
530
779
0
9
5
6
9
8
720
603
2
2
4
2
5
458
882
12
9
10
10
14
17
694
657
5
5
0
4
4
368
965
8
13
9
8
9
10
628
693
2
3
1
2
3
252
1059
8
13
14
8
14
11
574
728
7
4
4
7
5
129
1165
0
9
10
7
8
7
529
772
2
2
4
3
4
77
1211
19
5
5
11
17
9
488
816
7
4
2
5
5
46
1237
37
13
15
9
5
9
442
883
2
2
3
4
4
28
1263
55
10
10
13
10
17
406
937
4
7
5
3
3
8
1257
0
10
8
11
10
11
354
969
3
4
3
1
4
3
1227
88
8
13
11
9
8
311
990
6
5
5
2
2
4
1185
115
6
5
6
4
5
280
1014
5
6
5
4
4
5
1154
145
7
6
10
6
14
243
1057
5
4
5
5
7
3
1129
0
7
9
7
7
6
209
1119
2
4
6
6
6
4
1107
231
13
12
10
8
9
173
1164
2
1
4
2
3
1
1070
264
9
10
10
10
6
135
1192
4
2
2
5
4
1
1015
304
9
13
13
11
9
106
1182
19
4
2
3
4
3
956
0
6
9
7
8
6
91
1113
101
5
6
5
3
4
909
389
6
8
11
7
8
67
1050
190
5
5
2
3
1
872
440
8
15
9
8
11
49
1013
272
5
3
3
4
3
832
505
6
12
12
13
15
35
979
339
2
4
4
2
3
785
0
8
8
8
6
9
22
949
397
2
1
2
4
2
732
610
13
13
10
10
7
15
868
444
3
3
4
5
2
671
629
9
7
10
7
9
15
814
483
2
3
2
6
6
608
689
9
7
8
11
6
6
767
539
3
3
2
1
3
547
0
9
12
14
10
17
6
731
596
4
2
5
6
4
471
863
11
11
13
11
7
10
702
648
3
3
2
3
4
386
971
11
13
9
8
8
8
666
701
2
2
4
3
3
277
1065
15
15
12
9
11
8
589
735
5
1
2
4
4
147
0
13
8
9
8
13
9
540
764
6
6
4
6
4
83
1205
17
11
12
6
6
4
487
817
4
1
1
0
2
50
1251
29
9
9
12
9
11
448
880
3
2
2
4
1
27
1270
52
9
8
12
12
12
417
935
4
5
5
3
1
10
0
77
3
6
9
11
7
380
987
3
2
3
1
1
9
1251
84
15
12
12
12
12
326
997
3
4
2
2
2
4
1194
111
12
7
8
12
5
289
1014
3
1
6
6
4
5
1157
142
6
7
7
4
8
252
1053
5
7
4
4
3
2
0
177
8
12
10
9
5
215
1114
3
4
5
6
3
4
1116
221
9
8
9
11
8
180
1162
3
1
3
3
3
2
1077
270
10
13
14
11
8
144
1208
5
3
3
3
5
2
1025
300
12
9
13
12
14
113
1193
12
2
1
1
1
3
0
341
6
6
8
12
10
93
1126
80
2
2
3
4
5
916
379
5
10
7
7
10
68
1062
176
0
4
5
3
4
885
429
7
17
11
11
11
51
1016
254
2
2
0
3
4
838
495
9
8
8
7
6
36
986
322
1
3
3
4
3
0
543
6
7
10
6
11
27
939
386
1
2
4
6
4
738
594
14
12
11
14
8
14
864
425
3
4
0
2
0
672
617
14
13
7
10
13
15
813
473
4
2
5
3
4
616
681
6
5
10
5
6
6
772
521
5
4
3
3
4
0
749
6
6
6
8
10
11
724
577
2
3
4
4
2
486
823
9
11
9
8
9
14
687
631
6
4
3
3
4
398
919
14
8
6
7
12
11
650
682
5
4
5
4
3
296
1022
12
12
10
10
7
12
586
718
2
2
1
2
5
0
1124
11
10
6
13
9
4
545
747
4
2
3
5
3
89
1204
14
5
7
5
7
6
504
795
2
5
7
5
4
56
1227
22
9
9
9
12
4
462
840
3
4
3
4
5
33
1224
46
9
9
7
12
10
408
900
2
2
1
1
2
0
1245
68
10
10
10
9
13
369
943
4
6
2
2
2
10
1220
88
14
11
16
9
11
328
973
3
4
3
3
4
7
1188
106
8
6
8
7
8
297
995
4
4
7
5
5
3
1161
134
8
8
5
4
9
269
1029
6
6
6
3
4
0
1129
173
5
6
8
11
9
231
1070
7
4
6
5
1
5
1091
203
11
9
11
11
10
179
1124
3
2
3
4
4
1
1063
247
7
15
12
11
9
148
1169
3
3
5
5
5
3
1020
288
10
10
15
9
8
117
1172
11
4
5
4
3
0
967
330
4
6
10
11
5
96
1131
67
4
4
4
4
3
919
379
4
8
8
7
6
74
1076
151
4
7
3
6
6
879
423
5
5
3
13
10
66
1015
234
5
2
1
2
2
824
474
10
8
10
17
11
42
965
307
1
2
4
4
0
794
521
10
10
8
11
12
27
930
366
3
1
2
4
2
733
571
11
10
12
11
13
12
872
416
5
5
3
3
2
684
609
7
9
5
9
5
12
816
465
4
5
4
4
2
620
677
6
3
4
6
6
6
786
514
1
2
1
3
0
562
743
7
9
6
10
9
10
741
563
3
4
3
3
2
492
808
8
9
12
11
9
9
692
619
4
5
6
4
2
420
894
6
10
10
7
10
8
651
669
4
4
3
4
3
314
994
9
8
8
12
9
8
596
711
2
3
0
1
0
192
1103
8
6
6
8
7
9
552
737
5
4
2
2
3
93
1192
11
7
4
6
7
9
511
782
1
1
3
1
2
63
1222
20
10
10
7
8
10
469
832
4
5
2
5
4
33
1234
40
11
9
12
10
9
416
887
1
1
1
3
0
18
1239
61
14
10
11
11
6
373
936
2
3
2
3
3
8
1231
73
10
8
7
7
9
337
971
1
0
1
2
1
2
1199
102
9
7
9
10
5
301
991
5
4
5
6
7
7
1162
128
7
5
7
9
12
271
1025
6
6
6
3
0
3
1135
163
5
5
6
6
7
241
1061
2
6
4
3
3
2
1094
202
9
7
11
7
8
183
1118
2
2
4
4
4
4
1070
240
5
9
8
16
11
151
1163
2
5
4
5
5
4
1026
289
5
8
8
9
12
126
1185
7
3
4
5
0
1
982
320
9
11
12
8
14
96
1152
49
1
2
3
3
3
929
363
8
3
4
5
8
72
1077
141
2
3
4
2
2
886
414
5
7
7
9
9
65
1019
222
6
4
3
2
3
838
463
9
11
10
9
16
41
980
295
3
1
4
0
2
800
521
9
6
6
10
11
24
947
360
2
4
2
4
6
751
583
13
8
10
10
15
13
908
414
3
4
4
2
3
702
620
14
12
10
11
11
19
838
456
3
2
1
3
4
635
659
10
10
9
8
8
7
790
499
3
3
3
0
1
579
718
10
6
7
10
10
6
744
550
5
3
3
3
0
510
791
9
9
13
10
10
11
697
619
3
4
2
3
3
430
887
10
7
11
9
7
11
665
658
4
2
3
2
3
335
985
9
8
8
9
7
4
626
705
6
3
3
0
3
208
1100
6
12
10
9
9
8
553
740
1
3
2
1
3
100
1181
14
9
7
8
5
4
514
775
1
4
5
5
4
64
1221
22
2
6
11
14
6
459
832
2
0
3
4
3
35
1231
37
8
12
8
6
6
422
885
2
2
2
0
2
21
1240
55
10
10
12
11
9
387
932
4
2
5
4
3
8
1244
79
14
10
5
7
8
349
978
4
5
3
3
1
7
1207
98
6
6
11
9
11
291
997
3
2
3
5
5
4
1167
125
10
10
5
7
6
269
1021
2
4
3
0
4
6
1134
162
6
6
10
5
14
233
1056
5
3
1
2
1
3
1103
196
12
9
5
6
4
193
1115
2
2
3
4
4
2
1075
235
11
11
6
7
9
161
1158
2
5
3
3
2
4
1045
284
6
10
7
7
6
132
1200
3
4
4
0
5
1
997
316
8
13
12
12
7
100
1172
33
3
3
3
0
4
937
361
10
11
11
10
6
83
1081
127
2
2
2
2
4
891
404
5
7
10
8
7
62
1027
210
5
5
2
2
1
846
451
7
9
12
10
8
44
984
282
1
0
0
4
2
810
505
10
7
9
6
7
31
945
347
3
4
5
2
1
756
566
10
6
6
8
13
21
913
409
4
2
2
3
4
712
606
12
16
9
14
9
16
841
452
2
3
3
3
4
646
647
10
12
13
10
8
9
795
492
6
3
0
4
4
588
713
3
8
3
4
5
5
753
547
4
2
3
3
4
520
773
7
11
10
7
11
8
704
596
2
1
2
4
2
441
863
10
10
10
13
15
15
666
651
5
2
4
2
4
351
964
12
6
8
4
6
7
628
696
5
7
0
3
3
236
1073
9
11
7
9
5
13
567
731
2
1
3
3
2
118
1167
14
6
5
8
5
8
519
770
3
3
6
4
6
66
1217
18
4
6
4
6
6
481
817
5
5
1
5
5
45
1236
28
6
7
6
12
9
440
861
2
4
0
4
3
21
1229
51
13
14
11
9
13
392
915
2
1
3
1
4
9
1231
72
12
8
9
8
6
353
962
4
6
1
6
3
5
1214
86
11
12
11
8
13
309
986
2
5
5
3
4
3
1173
116
3
8
8
5
5
278
1011
2
3
0
3
2
3
1148
150
7
5
6
7
10
251
1052
4
3
5
6
5
2
1117
186
4
9
8
10
7
217
1087
5
2
4
4
3
3
1072
229
13
9
9
9
10
166
1141
5
3
3
3
4
3
1046
269
6
5
11
6
8
128
1191
2
4
0
4
2
2
995
307
14
15
13
10
9
103
1174
25
3
5
2
2
3
945
346
10
10
10
9
10
85
1109
105
3
7
5
2
3
903
398
2
5
4
6
6
63
1051
187
2
4
4
4
4
861
447
7
4
1
11
7
53
990
265
6
0
1
3
5
806
496
10
8
10
6
12
33
942
331
3
3
2
4
6
772
550
10
13
11
7
6
20
907
397
3
3
4
4
4
713
592
11
9
14
6
8
16
848
438
0
0
3
3
1
656
638
6
9
10
10
8
12
798
488
5
0
3
5
4
599
694
9
4
4
5
8
7
768
535
2
3
0
2
2
528
772
6
5
9
10
5
9
718
581
2
4
5
4
5
447
849
5
16
8
8
12
8
662
644
3
0
2
5
4
366
940
8
7
8
3
5
8
628
691
6
0
3
3
4
256
1045
9
10
13
12
10
9
571
729
4
4
2
2
0
133
1161
12
10
7
8
7
10
536
761
2
2
4
3
5
72
1211
21
4
5
7
5
6
492
808
5
4
4
3
5
48
1234
26
8
5
4
11
7
455
846
3
0
2
2
2
26
1223
50
8
12
14
9
15
395
912
5
4
2
4
4
9
1237
73
14
9
12
7
6
358
953
1
3
5
3
7
8
1218
88
7
10
10
7
9
314
988
1
1
5
4
2
2
1186
115
13
10
12
10
9
286
1009
3
0
2
5
3
3
1149
146
7
9
4
10
7
250
1041
6
6
4
4
2
2
1126
182
3
5
10
8
8
222
1081
5
3
4
2
4
3
1073
220
8
13
12
8
10
164
1136
1
1
5
6
3
3
1051
263
7
8
8
11
8
139
1173
3
0
4
2
1
3
1011
306
7
10
11
10
8
104
1200
17
4
2
3
3
4
963
343
6
7
10
9
16
86
1120
91
1
1
3
2
4
909
383
8
6
6
7
8
70
1049
180
5
3
3
3
2
867
439
9
6
5
4
7
63
991
254
0
3
2
2
3
813
489
17
11
9
5
11
30
956
324
4
4
5
3
3
775
543
8
11
8
11
12
23
918
386
4
1
3
2
4
732
593
9
10
7
9
7
15
882
436
6
4
5
5
3
673
646
14
8
13
7
7
12
809
486
0
0
2
0
2
611
685
10
8
10
5
3
8
761
527
4
3
3
4
4
538
756
9
6
8
9
8
6
721
574
3
1
2
2
2
466
829
13
12
8
8
9
10
676
638
4
3
1
2
7
384
930
7
6
4
6
6
8
639
679
0
6
4
3
3
283
1044
9
6
8
7
9
17
603
728
2
3
2
4
2
151
1160
14
9
12
11
8
6
529
769
3
2
4
3
3
78
1199
17
8
7
10
7
6
494
792
2
3
2
3
3
51
1223
26
5
10
7
8
9
450
844
0
2
4
5
5
28
1231
45
13
11
10
8
5
403
905
1
2
2
1
3
10
1243
70
9
10
7
10
15
374
951
3
4
2
2
3
10
1233
88
12
6
8
8
6
331
997
4
5
7
7
6
7
1200
112
10
9
9
8
8
285
1011
0
3
2
2
2
4
1143
142
8
7
8
8
5
253
1035
4
1
1
3
2
2
1121
176
4
6
5
8
11
222
1072
2
3
1
1
2
5
1089
210
6
6
7
9
16
172
1129
1
1
5
4
5
3
1055
259
8
9
12
12
11
147
1172
0
6
1
4
3
3
1024
295
7
10
9
10
9
115
1205
9
7
4
3
4
4
976
338
11
6
12
15
10
85
1138
76
2
3
2
3
2
914
376
8
12
8
7
10
77
1060
162
2
1
1
0
3
860
433
6
9
12
7
7
56
1002
0
1
5
4
0
1
823
480
10
13
8
5
11
40
963
310
5
4
6
4
5
790
523
10
12
16
10
10
27
922
376
4
3
3
3
0
737
585
8
8
8
8
9
20
884
434
4
5
6
4
3
676
638
15
9
7
7
9
11
820
0
6
5
3
1
2
618
677
7
13
12
10
9
8
770
516
2
4
3
2
3
550
750
8
7
8
13
7
7
734
566
3
4
3
1
2
481
812
7
7
7
11
8
8
686
615
5
2
3
6
7
402
898
10
9
11
10
9
8
642
0
5
6
4
3
2
304
1020
10
8
8
5
8
5
613
720
2
6
5
3
2
174
1139
13
11
11
15
9
10
553
754
0
3
2
3
6
84
1205
17
10
8
5
6
6
507
782
4
5
4
1
2
53
1225
25
6
6
6
10
8
469
0
3
2
2
2
4
34
1237
37
8
6
5
13
11
427
878
1
4
4
3
3
15
1225
61
9
7
6
12
11
367
936
3
4
2
3
7
7
1228
88
7
9
10
11
9
336
984
1
3
2
1
2
5
1204
102
8
14
11
11
3
301
0
2
3
1
3
3
3
1160
132
7
6
1
2
6
262
1030
3
1
4
5
1
3
1134
169
3
5
10
5
3
235
1065
5
4
1
1
1
1
1096
213
8
7
6
9
13
196
1107
5
2
4
2
3
3
1049
246
10
8
7
9
11
151
0
4
1
4
3
5
2
1027
283
11
14
9
7
11
125
1193
8
3
3
6
7
6
980
329
7
9
13
14
14
94
1145
60
5
2
1
3
3
923
368
3
6
7
4
3
75
1072
146
1
2
2
3
2
881
422
10
8
11
8
7
63
0
221
3
3
1
2
2
837
472
3
6
7
9
10
42
976
293
1
2
4
5
1
788
509
9
9
9
9
8
26
920
364
3
5
4
6
4
745
573
12
11
9
9
12
12
890
423
4
4
2
4
5
689
620
11
9
12
8
8
11
0
460
2
4
3
2
4
627
664
9
7
8
7
7
9
777
510
2
2
4
3
4
570
729
8
5
4
2
8
8
746
551
4
3
2
1
1
493
813
9
7
6
12
8
8
700
604
1
1
1
1
2
414
881
14
10
12
12
9
14
0
661
4
6
7
4
4
324
992
6
7
14
10
7
13
612
711
4
3
2
2
4
194
1109
8
5
6
6
13
10
549
749
1
3
6
5
5
98
1195
18
10
11
9
9
9
511
781
1
3
4
5
4
56
1218
21
9
8
9
7
8
0
825
3
3
2
1
0
36
1235
36
9
7
12
10
9
435
865
5
4
4
4
4
17
1232
54
7
11
6
9
10
373
929
2
2
4
5
3
8
1225
84
10
12
10
11
9
350
971
5
8
6
2
4
10
1208
99
6
6
8
5
8
0
1010
3
4
2
4
2
5
1174
125
10
11
11
7
6
267
1032
6
2
4
2
3
1
1130
160
7
12
6
4
4
239
1055
3
6
4
3
3
2
1102
197
6
4
8
4
11
199
1101
2
2
1
2
2
3
1059
238
12
13
15
8
4
0
1158
6
5
1
4
4
4
1035
287
6
4
5
6
7
128
1202
5
7
4
7
5
10
1007
323
10
7
6
7
6
95
1200
45
3
5
8
7
4
955
369
14
14
9
7
6
78
1088
143
5
6
2
3
4
890
404
8
9
13
7
12
0
1023
215
2
2
1
1
3
845
459
9
8
8
11
9
51
978
286
1
2
2
5
3
805
505
5
5
6
7
9
30
944
353
2
3
5
3
5
757
573
5
5
5
8
11
18
910
414
6
6
4
5
4
710
638
8
6
11
8
5
0
881
471
4
2
3
6
5
652
683
11
8
6
9
6
10
800
515
7
4
1
5
6
580
716
9
11
8
10
12
13
741
555
2
2
3
3
2
508
788
7
8
11
11
8
12
701
602
3
4
4
4
6
434
876
7
3
5
5
5
0
662
663
5
5
4
5
5
349
982
9
9
9
11
9
9
628
714
3
5
4
2
6
226
1131
9
7
4
7
8
4
597
767
5
6
3
6
5
112
1228
14
10
9
3
6
3
523
803
5
3
6
2
4
59
1227
24
15
7
8
9
0
475
826
2
4
1
3
1
37
1238
29
5
11
7
13
7
426
876
5
1
3
4
6
21
1244
59
8
9
10
6
8
395
931
8
5
4
4
6
9
1259
73
7
6
6
4
11
357
985
4
5
2
5
3
10
1244
106
9
6
6
9
0
329
1032
2
2
1
2
3
7
1212
123
8
9
10
7
10
273
1049
6
2
7
5
6
4
1146
154
8
9
9
5
11
238
1057
3
4
7
4
2
2
1107
194
10
7
11
5
7
193
1105
3
1
5
7
3
3
1077
230
5
7
6
10
0
158
1158
2
4
7
6
2
6
1055
277
5
8
6
6
5
126
1212
5
4
2
6
4
5
1020
331
7
9
5
12
11
102
1226
30
3
7
7
6
4
967
366
14
8
9
9
13
80
1115
125
4
9
10
6
6
900
398
12
10
13
9
0
66
1032
206
4
2
2
2
2
856
450
7
9
8
11
9
53
986
278
4
4
2
3
2
809
502
9
7
9
9
9
32
950
339
4
7
6
3
5
765
563
6
4
10
7
7
20
916
411
6
3
1
3
5
723
627
6
7
6
6
0
14
890
465
3
5
6
5
5
668
673
9
4
8
8
5
14
815
500
5
5
2
4
6
596
709
16
10
13
9
6
9
751
547
6
2
4
3
3
526
774
5
7
10
6
7
4
708
594
1
2
2
2
1
447
860
8
5
7
10
0
15
660
649
2
2
6
7
7
363
959
8
8
2
4
11
12
634
708
5
6
5
4
6
247
1094
13
9
12
9
6
7
598
759
6
3
2
6
6
129
1209
12
3
5
10
13
7
528
793
4
3
3
3
3
66
1221
20
10
11
14
0
7
483
816
4
3
3
3
2
40
1233
30
13
9
8
6
7
452
849
1
2
2
2
2
26
1241
45
9
7
7
9
5
408
900
4
5
3
3
4
14
1229
68
11
11
12
9
8
353
965
6
5
4
3
7
9
1233
95
8
6
7
0
5
322
1019
8
7
2
5
1
9
1203
120
9
10
11
8
8
283
1029
3
3
3
0
3
5
1150
156
9
9
5
12
12
249
1050
1
3
3
2
4
4
1116
185
5
5
6
4
8
212
1090
2
3
3
0
2
4
1081
228
10
10
8
0
7
185
1122
4
5
6
4
4
6
1043
260
15
12
9
10
10
134
1185
7
5
5
6
7
4
1025
309
5
5
9
12
7
107
1217
21
5
5
4
4
5
977
350
14
7
7
5
10
76
1130
105
3
4
8
7
3
908
395
6
11
14
0
8
65
1047
188
4
0
2
5
4
863
440
2
6
5
8
10
57
1005
258
3
3
4
1
2
808
496
5
9
8
12
8
39
954
322
2
5
4
1
3
770
535
10
14
11
9
7
21
911
395
4
3
2
3
4
729
601
5
9
10
0
8
11
881
449
6
6
5
6
5
675
655
9
7
12
7
6
8
816
494
5
8
6
4
5
606
698
8
7
10
10
12
14
758
532
6
6
3
6
5
536
758
8
3
8
10
6
7
722
578
3
3
3
4
4
459
845
9
7
8
0
5
8
676
629
3
3
1
1
1
375
924
10
13
9
6
7
7
629
692
5
8
6
5
2
270
1058
9
9
6
5
6
4
593
744
6
7
6
5
6
144
1184
12
6
7
12
11
9
537
782
5
5
3
4
5
76
1227
15
7
6
0
11
12
485
811
6
3
5
4
6
45
1235
24
6
9
11
10
10
452
850
6
4
2
4
1
25
1240
42
8
8
9
10
6
417
888
6
7
5
12
10
15
1228
64
7
11
9
5
8
363
956
6
8
4
4
5
8
1235
94
5
11
0
9
7
331
1005
3
3
5
3
5
5
1210
124
6
7
5
5
9
285
1043
3
5
6
4
4
8
1174
144
7
7
6
6
6
253
1053
4
8
4
3
4
4
1117
174
12
8
9
10
9
215
1078
5
6
5
3
4
5
1082
219
5
6
0
4
11
178
1121
8
7
7
6
7
2
1055
253
12
7
7
9
4
141
1183
8
4
5
7
6
3
1024
312
5
12
10
8
6
113
1227
10
3
2
2
2
4
995
352
9
5
7
4
3
82
1169
94
4
8
5
4
4
940
393
8
12
0
9
12
70
1070
187
1
5
3
7
7
876
426
9
5
7
15
11
55
1002
249
2
3
3
5
3
816
485
5
7
11
9
12
45
956
314
7
10
9
7
6
782
530
7
9
9
3
9
24
928
385
5
4
5
5
5
741
599
9
10
0
7
4
12
891
446
5
3
6
2
1
684
674
8
13
6
5
9
4
867
497
4
5
3
2
4
622
716
14
11
7
9
8
10
786
534
3
4
4
4
8
557
744
9
9
9
4
9
18
724
575
4
7
5
5
5
477
821
11
8
0
11
10
7
677
625
6
4
8
9
4
394
921
8
9
7
7
8
7
648
684
4
5
4
10
8
295
1044
3
9
9
9
8
8
614
735
2
4
5
8
3
162
1193
12
6
3
9
6
3
573
799
4
5
2
8
5
79
1255
21
12
0
8
7
9
506
816
7
7
4
5
4
46
1234
28
12
11
11
11
17
449
848
7
5
2
5
7
31
1235
42
5
9
11
8
9
408
891
6
7
5
6
2
15
1239
68
9
12
8
8
10
374
954
3
5
5
6
3
7
1245
89
9
0
5
5
8
343
999
4
4
3
2
3
8
1237
118
6
10
7
7
7
306
1060
6
6
5
2
8
5
1193
138
8
7
10
7
13
256
1064
5
3
6
7
6
8
1131
168
10
12
12
12
5
220
1075
4
4
3
8
7
6
1090
208
7
0
9
7
10
180
1122
7
7
6
1
3
4
1061
249
9
11
7
7
5
148
1174
6
5
4
5
4
5
1040
298
8
6
11
6
9
125
1217
9
5
3
5
2
6
1002
350
5
10
10
9
9
89
1202
80
4
2
5
2
2
954
386
6
0
8
9
7
65
1089
171
7
5
6
5
5
886
414
9
11
8
9
8
50
1005
237
2
6
7
4
8
824
473
12
7
11
13
6
43
962
301
3
4
6
7
4
794
514
7
10
10
9
10
24
926
373
6
5
6
5
6
746
588
5
0
3
6
9
18
895
432
5
4
3
2
3
697
648
6
5
6
4
7
8
870
490
4
6
5
6
4
634
705
10
8
6
6
8
9
792
528
4
5
5
6
4
566
739
11
7
8
16
9
6
731
567
6
6
7
5
5
484
812
11
0
7
6
5
11
691
614
5
5
4
4
4
403
900
14
13
13
7
9
5
634
674
5
3
9
5
3
317
1011
5
7
6
4
8
6
611
726
5
4
3
3
5
185
1157
5
4
5
10
12
8
573
782
5
5
2
3
4
85
1243
25
0
9
7
12
7
507
807
4
4
3
3
3
51
1230
26
13
8
8
7
10
462
835
5
4
4
5
5
34
1234
39
10
7
7
4
5
430
873
4
4
3
2
3
19
1236
58
8
8
11
10
11
388
915
7
6
4
4
3
12
1221
75
0
8
8
9
10
337
983
2
0
4
4
6
7
1222
111
6
9
8
6
6
309
1034
1
3
3
2
5
5
1191
129
12
8
6
8
14
258
1053
6
5
2
5
3
7
1138
165
10
11
12
6
12
229
1071
5
5
8
6
5
9
1101
207
0
9
8
6
5
200
1104
2
2
4
5
4
1
1065
239
7
10
8
8
14
163
1143
4
3
7
8
6
6
1027
279
9
6
10
8
4
124
1196
5
6
6
6
4
4
1003
331
7
9
12
4
6
86
1197
57
7
5
4
5
4
955
375
0
4
9
6
10
71
1088
153
6
6
6
6
4
891
414
12
10
10
8
5
58
1017
228
6
5
4
8
9
837
466
10
11
6
6
7
41
981
288
3
2
4
5
4
794
514
6
4
4
7
12
30
932
352
8
7
6
6
4
746
559
0
12
6
9
7
15
894
420
6
4
3
5
6
707
630
5
11
5
9
10
12
856
475
4
3
5
2
5
643
683
9
9
7
10
10
15
799
515
3
4
2
3
4
576
727
9
8
14
7
7
9
738
556
4
5
6
4
7
498
799
0
9
11
8
7
8
704
601
6
4
7
5
1
421
888
7
7
4
5
14
7
654
656
5
4
2
5
3
327
975
4
9
6
7
7
5
606
715
4
2
6
5
4
205
1120
5
7
12
8
4
4
572
770
5
5
1
4
4
99
1225
0
12
6
9
11
10
520
803
5
3
4
2
1
57
1238
17
4
4
8
10
7
464
832
4
5
4
6
6
38
1237
31
5
9
8
9
7
434
867
6
5
4
7
6
21
1234
51
5
7
12
13
7
396
909
6
7
6
7
3
10
1221
0
11
8
8
6
7
343
979
4
6
4
2
4
7
1227
104
7
8
9
7
9
308
1032
6
4
5
4
5
7
1201
128
10
11
8
8
6
267
1061
5
2
2
2
2
5
1158
162
9
15
15
12
6
229
1081
3
5
3
4
2
3
1099
0
9
14
13
10
13
192
1102
6
7
7
4
1
2
1066
236
5
9
4
6
16
159
1140
5
3
7
5
5
5
1041
273
6
6
7
9
6
129
1195
5
2
5
4
4
4
1007
329
13
11
8
7
10
101
1216
37
4
4
5
4
3
976
0
4
8
9
4
5
79
1129
144
5
5
6
4
3
911
419
17
11
8
6
10
61
1039
218
3
2
2
5
5
840
459
8
12
5
10
12
42
976
282
5
5
1
2
2
802
502
9
9
15
15
13
33
936
343
5
4
4
3
3
756
0
2
5
8
8
5
22
902
412
1
2
1
2
2
711
624
7
4
8
9
9
13
873
470
1
4
3
6
3
661
697
5
9
9
6
5
7
844
520
4
6
10
4
7
592
748
16
16
8
9
12
10
759
561
3
5
2
2
2
521
0
5
7
10
10
9
14
702
600
4
8
5
3
2
438
863
7
7
8
9
8
8
650
652
1
4
4
2
4
349
966
6
7
6
7
9
6
617
707
0
3
5
4
4
232
1104
10
11
9
15
11
10
586
759
2
6
4
3
4
114
0
12
8
5
8
9
7
549
814
3
6
8
5
2
60
1260
21
10
15
13
11
7
483
834
2
2
1
2
3
38
1230
33
10
9
12
11
8
436
864
4
5
4
1
3
29
1232
49
14
12
14
9
12
391
910
6
6
6
2
2
11
0
77
8
6
6
8
13
354
970
3
2
3
4
4
11
1236
108
5
11
11
8
7
325
1020
6
4
3
3
2
7
1226
131
13
4
5
6
7
284
1078
3
5
8
2
3
6
1177
160
11
9
8
8
9
240
1082
6
3
3
0
1
3
0
185
10
11
9
5
9
207
1096
4
2
5
3
5
3
1074
228
11
7
11
5
12
179
1124
3
2
3
3
1
3
1045
267
7
4
5
7
4
134
1188
4
4
4
3
5
4
1018
322
9
14
10
11
10
104
1221
25
6
4
4
5
4
0
370
8
5
11
7
5
80
1162
126
6
6
5
2
4
928
406
6
7
14
5
10
61
1058
205
3
5
5
3
3
866
443
14
12
9
10
11
46
992
270
3
3
4
6
4
805
499
10
7
10
12
12
34
945
330
6
1
3
0
5
0
539
5
8
2
4
7
16
900
394
2
6
6
6
4
720
598
6
10
7
2
2
13
868
449
4
2
4
3
4
658
670
2
6
4
5
5
12
834
504
5
5
8
8
7
595
722
7
4
12
8
9
6
757
537
3
3
3
5
6
0
771
11
8
6
7
5
4
713
582
1
3
3
2
1
445
858
6
8
7
9
10
10
671
632
3
4
3
6
3
362
935
8
10
8
7
8
10
624
681
6
2
5
7
6
252
1059
3
2
4
4
7
9
581
738
8
7
4
6
6
0
1186
9
6
7
5
5
6
535
794
5
5
5
5
7
65
1238
20
7
4
8
3
5
484
808
4
4
6
2
3
41
1227
30
11
9
12
9
7
447
848
5
5
7
6
7
26
1236
52
8
6
7
10
8
415
891
8
1
5
4
4
0
1238
61
11
9
8
10
5
374
932
2
4
5
4
4
11
1205
97
10
9
7
7
8
319
983
4
5
3
5
1
9
1193
116
8
4
8
4
7
275
1043
1
5
8
7
4
6
1159
146
6
6
3
7
12
241
1053
3
4
5
5
4
0
1113
183
6
7
7
7
6
213
1085
5
2
1
3
5
4
1079
228
5
9
8
8
6
186
1118
7
6
3
5
5
3
1045
271
9
7
8
8
14
155
1151
5
2
4
3
5
3
1000
295
13
10
6
6
11
111
1181
20
8
4
7
8
0
966
345
6
7
8
6
4
81
1140
99
3
7
3
4
10
914
389
4
4
5
7
5
56
1058
181
3
4
5
4
1
862
432
6
8
7
4
9
50
1006
252
4
1
2
4
4
815
488
7
10
5
10
11
36
965
310
3
3
3
5
0
774
547
6
3
5
14
10
26
915
374
2
3
5
1
3
721
581
10
7
7
10
6
10
869
436
1
8
10
3
5
670
641
8
6
6
7
2
8
826
487
3
4
3
5
4
610
704
7
5
6
2
2
7
771
533
5
4
6
4
0
539
761
10
8
9
9
7
8
724
574
6
4
3
3
3
464
836
9
9
10
8
7
6
682
620
3
1
5
1
3
383
931
3
7
4
10
8
11
651
661
5
3
2
2
1
272
1023
9
10
6
10
7
6
592
725
5
6
6
5
0
151
1168
9
5
5
1
4
7
545
780
4
5
4
3
3
80
1226
18
4
6
8
11
6
496
814
3
4
0
5
5
46
1230
27
7
8
11
12
11
453
840
9
6
3
3
4
31
1228
42
5
5
5
5
8
416
886
3
3
3
2
0
17
1228
66
11
7
19
11
9
381
921
2
5
6
7
7
11
1204
86
5
6
8
3
6
322
985
7
6
7
4
5
9
1201
116
6
5
5
4
5
284
1040
0
3
4
2
5
4
1169
147
4
6
5
5
9
242
1069
4
2
6
3
0
5
1126
176
6
3
7
10
11
218
1078
7
9
7
5
7
7
1083
208
6
9
8
10
6
183
1108
5
4
3
2
0
4
1046
262
11
12
15
13
10
162
1151
4
4
7
6
5
7
1003
292
4
7
5
12
8
116
1188
11
3
4
2
0
1
975
340
6
7
6
3
5
89
1163
82
4
4
5
3
4
939
394
4
2
4
9
9
66
1086
184
4
4
3
6
3
881
439
10
6
9
7
3
46
1014
247
8
6
2
9
9
824
475
6
6
8
6
10
37
956
308
4
4
6
0
5
772
534
10
10
9
15
9
29
916
368
10
4
3
6
3
735
577
8
6
8
3
7
13
879
434
4
5
5
6
7
688
635
13
7
7
3
3
13
835
485
3
3
2
5
6
624
708
8
7
6
5
12
10
805
533
4
7
5
0
5
556
761
10
8
8
13
10
5
731
573
4
4
6
3
3
476
818
8
6
7
5
6
5
681
614
5
6
9
5
4
395
911
3
6
6
13
10
12
639
664
4
6
4
5
6
299
1003
6
10
14
9
7
4
597
721
5
4
5
0
3
174
1148
10
9
7
7
7
10
559
774
5
4
1
5
3
81
1247
17
6
6
4
7
7
524
824
6
7
8
6
3
54
1252
23
12
12
11
10
12
458
850
7
8
6
5
4
34
1230
38
10
3
4
7
10
420
880
5
4
4
0
9
20
1237
58
5
11
8
11
13
382
920
7
4
3
6
6
14
1218
80
7
10
7
9
10
338
976
4
6
5
4
6
13
1204
106
14
11
12
7
5
299
1025
5
2
4
9
6
9
1191
141
6
5
5
5
9
262
1082
6
4
7
0
7
5
1151
171
12
9
9
9
11
215
1093
3
6
5
4
5
7
1092
203
9
9
3
6
9
181
1111
4
2
5
7
4
3
1061
246
5
6
13
6
10
164
1145
3
4
6
3
5
3
1016
287
4
8
5
4
7
124
1185
6
4
1
0
1
3
986
327
7
7
7
9
3
95
1172
65
5
3
4
5
4
940
385
4
6
8
11
8
71
1102
169
5
5
6
7
4
886
428
7
11
9
9
5
51
1021
239
8
2
1
5
6
830
476
8
6
5
5
6
44
971
294
5
2
0
3
4
786
527
9
8
7
12
9
34
929
353
6
6
3
5
5
743
563
10
9
11
10
6
18
879
422
4
3
4
5
5
691
629
9
8
11
9
6
10
843
476
4
3
3
3
3
630
689
4
6
9
6
7
6
808
522
5
6
0
6
5
575
746
7
7
13
8
4
5
737
569
2
3
2
5
5
489
810
7
8
9
6
8
13
691
609
6
10
11
10
3
409
895
9
6
6
8
8
8
651
658
2
6
3
3
6
316
989
9
8
9
8
7
12
611
698
2
7
0
3
2
190
1121
11
5
12
7
8
5
559
758
2
5
8
6
2
93
1227
11
4
4
6
6
6
518
816
6
8
4
3
3
55
1249
20
13
9
7
7
8
468
835
8
7
2
3
2
34
1231
41
8
8
4
5
8
428
872
2
3
0
3
7
18
1234
62
10
9
8
6
4
403
906
3
6
4
3
2
9
1252
72
3
2
4
17
14
365
958
6
6
4
4
5
9
1200
103
11
12
6
3
11
302
1007
5
4
3
2
3
7
1185
131
5
7
2
4
1
261
1064
4
6
0
5
5
5
1150
159
7
8
7
5
6
225
1076
6
6
4
5
3
1
1104
197
12
12
9
13
9
204
1101
4
6
4
3
5
5
1073
243
10
9
10
8
10
165
1152
2
4
4
3
3
4
1032
290
5
5
7
12
9
142
1177
6
1
0
5
2
3
981
320
5
5
8
8
5
97
1172
47
3
7
2
8
6
948
370
3
5
4
5
5
71
1102
150
6
8
4
3
4
897
414
9
10
9
7
5
53
1028
223
6
5
2
4
5
836
468
7
6
10
9
9
43
983
285
9
0
5
4
2
795
520
7
8
10
10
10
34
947
342
4
4
4
1
4
755
577
5
3
4
17
9
25
896
403
7
1
2
2
3
694
609
8
4
3
9
7
9
850
459
5
5
6
2
3
647
676
7
8
7
6
7
9
815
514
5
0
4
6
4
582
736
9
11
6
3
4
10
745
559
3
2
6
7
5
505
799
7
8
8
7
5
9
711
597
2
4
4
7
4
425
885
9
8
6
7
8
7
670
646
7
4
6
7
3
333
996
8
4
3
11
12
8
626
689
5
0
3
3
4
212
1089
8
7
5
4
10
8
568
746
4
2
3
3
5
107
1210
14
7
9
5
6
4
524
808
7
5
6
5
8
59
1247
20
4
7
4
7
6
476
838
6
3
5
4
4
39
1238
32
4
7
9
12
10
432
870
3
0
5
6
6
22
1239
49
10
9
12
12
9
404
905
2
1
1
4
5
14
1238
77
11
7
15
16
6
368
947
5
3
6
6
7
8
1197
100
8
7
13
7
10
308
1004
4
3
5
6
4
8
1183
132
10
10
8
10
6
272
1052
2
0
7
1
4
5
1165
156
6
9
5
7
11
233
1086
5
2
5
2
6
6
1118
191
9
7
5
8
6
199
1101
6
4
4
5
8
7
1072
227
8
8
7
8
10
170
1139
1
1
2
6
5
2
1038
281
10
9
11
5
11
150
1171
7
0
4
4
6
9
992
315
4
9
5
4
8
106
1183
32
3
6
6
3
5
957
368
8
7
6
5
3
80
1122
134
2
2
4
3
5
910
423
5
11
8
9
8
59
1061
217
6
6
2
5
2
868
454
8
11
8
6
12
43
992
273
0
4
2
7
5
805
499
9
11
7
9
8
33
947
330
7
4
6
3
4
754
560
9
11
12
11
10
28
899
395
5
3
3
2
4
706
602
9
11
11
11
4
15
852
458
5
6
10
6
5
653
671
7
5
5
9
6
4
824
506
0
1
4
4
2
595
743
7
10
6
10
8
7
787
559
3
3
3
4
7
521
803
6
9
5
8
5
8
701
606
3
4
5
4
5
442
858
6
9
8
5
6
6
657
642
5
5
6
5
2
350
962
10
11
12
15
13
9
620
693
0
6
7
0
4
240
1075
4
11
9
7
8
10
579
739
4
2
3
3
5
119
1198
12
7
5
6
4
4
534
796
5
1
3
6
6
63
1263
26
9
6
6
7
5
497
850
4
6
5
4
4
46
1252
34
12
10
7
11
9
439
870
0
6
6
3
6
26
1234
44
7
10
13
8
7
399
901
4
5
6
4
4
17
1233
73
12
18
16
13
14
361
945
11
5
2
4
4
12
1206
94
8
10
11
7
7
321
998
4
4
5
3
7
10
1190
124
8
9
8
7
6
278
1049
0
6
4
3
2
6
1169
166
9
7
7
11
7
251
1096
2
1
4
6
6
6
1135
187
6
4
11
8
9
210
1101
5
4
3
5
3
3
1080
225
6
8
9
5
7
170
1134
6
7
6
4
7
6
1039
272
11
12
13
13
6
144
1165
0
3
5
3
5
4
1002
308
3
4
6
4
9
109
1192
18
4
3
4
4
3
966
359
7
9
6
11
8
82
1139
112
5
4
5
4
3
921
412
5
7
8
6
3
60
1075
209
2
4
3
4
4
878
448
8
6
11
3
9
44
997
0
4
4
7
9
4
812
491
8
7
6
6
5
30
955
325
7
6
3
3
4
763
549
16
17
10
12
13
23
907
384
4
4
5
1
3
720
591
8
8
10
3
5
18
857
444
4
4
3
4
3
672
647
8
5
7
10
4
8
819
0
4
3
4
6
5
607
721
8
4
5
8
7
8
787
549
4
7
9
4
4
536
785
13
9
9
6
10
7
716
590
3
4
6
3
3
456
843
14
3
8
7
7
10
670
635
3
5
8
8
3
366
947
10
8
7
10
9
9
638
0
6
7
7
12
11
259
1047
9
7
4
9
13
7
580
725
4
4
5
3
3
141
1162
12
6
7
11
7
9
537
785
4
6
5
4
3
66
1247
23
9
4
4
5
4
497
837
5
4
4
2
1
47
1252
28
9
7
11
7
8
448
0
2
6
6
4
4
26
1238
46
11
9
10
12
10
410
896
5
5
5
9
5
18
1233
72
11
10
7
6
14
382
934
5
3
4
6
6
9
1251
90
5
3
4
19
18
347
975
5
4
4
4
3
10
1188
110
9
6
7
6
10
290
0
7
6
5
3
4
8
1171
145
8
2
5
7
9
249
1080
3
7
7
6
7
8
1132
181
9
6
10
6
8
211
1094
1
4
6
3
5
6
1085
219
10
11
12
7
11
178
1123
5
1
3
6
6
8
1058
263
8
7
6
8
5
158
0
6
6
1
5
9
8
1025
317
4
5
4
17
16
123
1193
16
8
3
4
4
5
965
341
4
7
5
6
6
87
1148
94
4
1
5
5
5
929
394
4
7
2
2
3
63
1079
190
3
3
8
4
6
877
438
11
6
7
9
7
48
0
253
2
4
5
6
2
824
483
8
4
5
6
4
36
965
315
2
5
1
0
3
782
539
12
9
11
8
9
22
933
372
7
7
6
6
8
743
608
7
5
4
21
18
18
884
431
6
4
6
3
3
676
629
7
4
3
5
12
10
0
489
4
4
5
3
5
620
704
6
7
6
6
10
6
790
539
5
3
9
7
3
552
769
8
9
9
10
4
4
724
589
2
7
5
4
6
469
837
6
8
5
6
7
5
678
625
5
4
3
3
3
383
933
11
7
10
5
7
10
0
663
4
5
3
5
7
283
1061
4
4
7
22
13
8
610
711
4
6
4
3
5
155
1143
6
9
5
4
8
7
550
772
3
7
6
5
5
77
1235
18
2
6
8
7
8
507
827
8
1
6
5
9
53
1249
28
7
8
7
5
4
0
857
3
4
8
5
5
38
1240
44
11
6
8
5
3
414
890
4
3
3
7
3
18
1233
64
12
12
14
9
6
382
932
3
4
3
4
1
14
1227
86
14
14
14
7
9
352
966
6
5
4
3
2
9
1191
109
10
7
8
10
8
0
1026
2
3
3
5
10
8
1177
146
5
6
10
4
9
253
1078
3
5
7
7
1
5
1152
183
5
6
7
5
5
219
1116
4
4
5
4
2
4
1111
212
7
10
10
10
8
186
1123
10
6
4
2
4
5
1064
254
8
11
10
12
10
0
1163
3
8
6
5
3
2
1027
297
2
7
11
7
11
130
1191
9
4
4
7
9
1
981
337
8
13
11
10
10
91
1167
74
2
3
5
5
5
945
393
9
6
5
3
5
66
1107
181
5
5
8
6
2
907
453
7
7
6
6
8
0
1054
256
2
3
3
2
3
852
496
9
6
6
8
6
38
975
316
4
3
6
3
3
785
524
6
6
10
10
5
21
930
363
5
1
3
3
6
741
581
5
14
10
12
8
18
883
422
5
5
3
5
5
688
631
8
8
3
8
9
0
842
485
4
5
4
1
4
640
710
6
5
4
6
5
6
817
541
3
6
5
4
6
566
805
5
10
7
8
6
6
781
596
1
3
1
6
6
502
853
5
6
12
12
8
3
698
635
5
5
5
6
6
403
915
7
6
3
6
7
0
640
670
3
4
4
4
4
304
1013
8
9
8
10
13
11
604
711
3
9
9
8
11
182
1133
14
13
9
3
5
7
560
769
4
4
2
4
3
81
1252
16
6
6
6
2
10
527
828
4
5
2
2
0
54
1285
31
6
10
5
7
0
488
885
3
2
3
3
2
36
1277
40
7
11
11
4
6
425
904
5
3
9
10
2
24
1238
57
2
3
9
10
10
376
931
4
4
7
6
5
18
1225
79
11
14
9
11
7
340
967
7
5
8
7
6
10
1204
104
9
9
10
5
0
302
1028
3
2
1
3
2
7
1198
142
9
5
8
5
5
269
1085
2
1
3
7
5
3
1180
184
12
9
7
5
5
239
1133
3
3
4
1
5
4
1133
214
9
11
5
6
8
189
1137
4
5
3
6
7
9
1075
243
8
7
4
9
0
156
1155
3
5
4
4
4
2
1031
287
6
12
11
6
7
132
1188
6
7
5
4
2
5
990
326
3
6
8
8
6
97
1184
58
5
6
4
6
3
959
388
6
6
5
5
4
73
1121
164
4
5
3
6
2
918
447
3
5
8
7
0
58
1077
244
2
2
3
3
3
861
489
10
9
9
10
9
41
992
306
4
5
5
4
6
798
520
8
8
7
6
7
26
940
353
6
5
7
6
5
746
573
10
8
4
7
5
21
893
412
4
5
6
5
3
700
622
6
3
5
4
0
18
845
480
2
5
6
5
3
646
691
5
6
6
10
9
8
820
523
2
4
3
2
2
576
773
8
7
8
5
10
8
782
578
4
6
5
4
4
508
839
9
9
7
5
7
11
708
624
4
5
7
6
2
421
891
7
8
5
3
0
9
656
657
6
4
5
5
5
320
996
14
11
9
8
2
9
614
704
5
5
6
5
5
203
1105
9
8
5
6
8
5
562
756
8
6
3
3
5
102
1219
18
6
4
8
0
5
526
816
3
5
2
1
2
59
1270
25
8
8
9
0
5
486
869
3
3
7
5
2
40
1263
40
6
7
5
10
6
435
896
4
6
5
2
4
22
1242
52
8
7
6
5
8
388
924
8
5
6
3
6
18
1230
74
12
7
8
12
4
364
962
4
5
4
3
6
14
1227
101
9
6
7
0
16
327
999
4
6
6
2
5
8
1185
132
3
5
9
11
9
262
1061
3
3
1
1
4
2
1171
165
8
8
6
4
4
235
1114
0
1
2
5
2
3
1132
204
8
5
9
5
9
199
1126
6
7
5
3
4
7
1079
236
6
6
6
0
10
168
1147
5
6
7
3
5
4
1039
284
3
4
4
9
5
142
1189
5
4
4
6
5
4
1000
331
12
9
10
12
13
112
1190
39
3
5
4
4
4
949
369
16
7
9
6
8
76
1118
138
2
2
3
3
3
916
422
3
8
7
0
7
58
1068
225
4
2
4
4
3
868
469
9
8
9
5
9
41
1003
287
5
5
4
3
5
803
509
4
6
7
5
11
28
946
346
5
6
3
6
6
756
564
7
9
11
11
7
18
918
397
8
10
6
7
7
710
624
14
17
10
0
8
13
865
456
6
5
1
7
3
654
668
7
4
7
6
5
9
809
513
3
2
3
2
1
592
745
7
6
7
3
1
5
781
568
3
3
2
5
4
522
815
8
6
6
7
3
10
717
613
0
1
3
2
3
439
880
10
7
6
0
4
8
663
652
3
5
5
4
3
343
972
12
8
9
12
14
6
635
690
8
3
5
7
7
228
1105
13
12
8
11
11
13
590
745
4
6
3
5
5
112
1199
14
12
6
6
9
12
529
802
4
2
3
3
3
63
1259
25
8
1
0
8
4
492
858
5
5
6
7
4
42
1265
36
8
4
6
3
5
442
888
6
5
4
0
3
28
1243
51
10
8
8
11
8
397
917
5
7
5
4
4
19
1224
71
10
9
8
7
7
363
954
4
4
4
5
6
12
1220
99
7
7
0
9
12
326
996
3
3
6
5
8
6
1191
126
8
5
7
9
7
270
1058
4
2
4
4
2
3
1175
168
6
7
5
4
6
249
1104
6
5
3
7
6
9
1140
201
7
9
5
7
10
204
1139
4
3
4
2
4
2
1090
244
6
11
0
10
6
164
1150
2
1
2
1
2
5
1038
272
3
7
8
6
8
142
1168
4
4
5
2
4
4
1002
316
8
6
10
14
7
111
1188
31
8
3
4
1
1
963
355
9
8
6
10
6
80
1134
122
2
5
5
5
4
920
420
8
6
0
6
6
61
1082
215
5
8
6
5
6
882
474
10
8
10
10
9
52
1027
286
1
1
1
2
4
823
517
13
5
9
8
8
37
955
335
3
2
5
2
2
764
550
7
3
5
6
11
20
906
393
6
3
5
4
4
714
606
6
8
0
16
6
10
863
454
7
5
4
2
2
658
659
6
5
5
4
7
7
823
504
4
3
5
9
7
602
744
1
8
8
3
5
2
799
559
5
6
2
3
2
535
832
9
9
14
11
11
9
757
622
1
1
3
3
5
461
893
8
9
0
7
9
9
677
652
4
4
1
1
7
367
953
12
6
5
7
2
8
626
691
2
3
3
6
6
244
1075
12
14
11
7
9
11
587
728
6
2
3
2
4
126
1186
13
7
6
4
4
9
541
794
8
8
5
5
7
74
1259
20
6
0
3
4
10
506
846
7
5
4
3
3
46
1290
39
9
9
12
14
13
468
907
4
2
3
3
3
36
1267
57
6
12
8
3
8
408
922
3
3
5
4
4
22
1224
70
4
8
10
7
9
367
945
4
2
7
5
2
13
1218
93
8
0
11
9
12
330
988
3
2
3
5
3
11
1197
121
9
4
6
11
7
284
1049
1
8
4
4
6
7
1186
158
8
4
7
8
5
247
1106
4
3
7
5
3
5
1166
200
11
10
7
13
12
215
1158
1
1
2
5
1
3
1115
229
15
0
9
9
8
180
1153
4
5
6
6
5
3
1053
264
5
7
0
6
6
144
1177
6
6
3
5
3
2
1005
311
8
13
13
12
8
116
1189
20
4
4
5
3
5
965
352
6
8
5
10
9
91
1142
102
7
6
4
5
6
934
410
6
0
7
9
6
65
1095
199
2
4
3
3
5
897
464
8
11
10
8
6
54
1045
280
3
4
1
3
0
838
517
13
10
4
5
10
39
974
332
4
2
6
6
3
778
543
6
4
5
8
8
20
923
379
4
3
2
4
8
724
597
11
0
7
12
10
16
878
438
5
9
11
2
5
681
641
5
4
5
12
10
14
825
498
2
4
5
3
4
612
731
7
7
3
4
7
8
795
555
4
5
3
2
2
550
806
9
15
8
4
7
16
756
610
3
2
4
3
4
476
874
11
0
6
9
4
11
682
646
2
5
4
3
6
380
935
10
10
8
7
8
8
636
683
6
3
4
3
4
269
1053
10
9
10
13
7
10
605
716
7
6
9
4
4
153
1161
12
6
7
4
12
9
541
778
6
6
4
5
8
76
1242
17
0
5
6
6
5
506
837
5
2
2
3
3
55
1279
33
3
8
7
11
7
463
895
3
5
4
2
4
35
1268
48
9
9
10
6
9
410
918
4
10
8
8
9
29
1238
64
3
7
9
9
8
375
941
3
4
8
7
3
17
1222
93
0
5
8
5
2
341
988
6
8
4
4
5
11
1217
112
10
11
9
6
10
308
1023
5
5
3
8
4
8
1168
153
8
8
12
12
7
254
1075
3
3
1
3
3
6
1155
189
4
6
8
7
8
214
1132
2
3
3
2
1
1
1119
217
0
8
11
10
9
179
1147
4
7
4
5
9
8
1064
256
8
7
8
4
4
149
1167
5
8
4
3
8
6
1021
309
10
7
7
7
10
125
1197
9
2
3
3
4
3
987
351
8
10
14
13
10
101
1156
81
3
8
7
8
6
926
393
0
8
7
9
4
70
1087
182
6
5
3
1
4
901
444
5
9
6
3
4
51
1042
265
5
5
2
4
3
846
498
8
10
9
9
11
37
983
317
9
7
5
7
8
791
537
7
6
6
9
8
25
931
367
3
5
6
8
6
738
588
0
12
8
4
7
13
897
424
5
5
8
6
5
683
650
9
8
8
9
7
14
845
482
3
2
3
8
8
623
699
9
9
8
10
5
9
788
542
3
2
4
3
2
553
793
5
5
7
10
5
8
756
599
2
1
2
2
2
491
849
0
4
7
8
6
5
695
637
2
3
2
5
4
400
923
13
3
6
3
11
6
645
673
6
5
6
9
7
294
1028
9
5
3
6
6
10
617
710
6
4
8
6
7
175
1155
12
6
8
8
15
11
571
763
8
10
7
4
3
86
1229
0
8
6
9
6
7
501
825
3
6
4
4
3
55
1262
32
6
10
17
9
7
469
877
2
2
4
6
4
36
1265
48
10
7
8
4
8
422
911
0
3
3
4
5
27
1243
59
4
10
8
9
9
381
940
3
4
6
6
6
23
1214
0
9
9
8
12
8
348
972
4
5
4
7
5
8
1212
108
10
8
11
12
10
308
1017
6
6
5
4
1
4
1182
137
8
5
7
4
6
256
1072
1
2
2
2
0
1
1164
182
4
8
8
9
10
221
1127
0
3
2
5
3
3
1126
0
11
9
6
10
12
184
1152
3
4
4
2
2
4
1072
255
13
7
5
8
4
144
1177
4
2
5
4
7
6
1019
301
5
5
6
7
6
126
1189
8
6
6
3
4
7
991
345
6
6
10
9
11
102
1167
68
7
6
1
4
3
950
0
5
7
7
3
7
70
1095
164
4
4
4
3
3
907
438
10
13
6
11
6
53
1047
252
0
0
1
0
0
848
502
7
10
10
11
13
38
1009
318
1
2
1
0
1
807
541
12
10
15
7
12
24
937
373
5
3
4
5
6
747
0
6
2
7
6
4
15
893
416
6
5
6
2
7
691
631
4
3
3
12
8
15
843
474
5
6
5
3
5
637
685
10
5
6
6
7
7
804
528
3
1
4
3
4
573
774
9
5
9
8
6
10
766
590
1
1
3
3
3
503
0
5
10
11
14
8
13
733
639
2
1
1
1
2
419
929
11
10
10
9
7
9
656
682
5
3
2
5
7
318
1007
6
5
5
2
5
10
609
713
3
7
3
8
11
195
1128
12
13
10
9
8
4
565
763
5
4
3
3
6
90
0
15
7
7
6
7
7
519
819
2
3
4
3
3
61
1268
27
11
8
14
8
5
478
871
1
0
1
2
1
34
1285
49
10
12
7
9
8
438
924
3
3
1
2
1
23
1262
63
12
12
11
9
6
386
942
1
1
2
3
4
18
0
78
9
7
9
8
9
355
970
6
8
8
4
5
11
1213
108
12
10
10
11
7
311
1012
4
3
1
2
1
6
1189
134
6
7
3
5
10
265
1067
1
3
2
4
0
4
1171
175
7
4
8
7
10
234
1114
1
2
0
0
0
2
0
210
10
9
16
12
10
190
1170
1
1
1
2
1
0
1093
252
12
13
6
9
9
157
1174
4
7
5
1
2
3
1036
290
3
9
6
7
7
129
1188
4
4
3
1
3
7
997
330
7
8
9
6
6
106
1174
47
4
1
5
6
3
0
366
7
6
5
5
7
77
1107
153
3
2
3
0
0
913
427
6
8
5
7
4
56
1058
235
2
1
1
1
0
855
497
12
6
4
7
8
39
1013
306
3
1
3
2
1
805
530
11
6
6
12
8
33
942
358
4
3
3
4
4
0
570
9
7
7
6
7
16
907
402
7
4
4
2
4
704
635
11
10
8
9
7
15
851
461
5
2
2
4
4
641
681
9
11
7
8
11
7
803
518
3
3
3
5
5
578
752
6
4
11
5
8
8
766
568
3
2
2
1
1
0
822
14
10
7
8
9
7
713
625
1
1
1
0
1
427
903
11
11
12
15
10
8
653
661
4
3
3
2
1
334
990
6
10
11
10
6
7
622
701
4
4
6
5
4
215
1113
9
10
10
8
8
13
600
741
3
4
5
4
4
0
1224
12
9
8
6
12
7
542
791
4
4
1
4
3
63
1243
25
9
8
9
9
10
478
851
2
4
1
1
2
40
1262
36
8
11
14
13
7
439
894
2
3
2
3
5
27
1249
63
15
5
9
11
10
395
928
5
3
1
3
2
0
1239
73
4
6
6
9
12
370
956
3
4
5
5
5
14
1227
98
8
7
6
7
5
333
1014
4
4
9
8
3
6
1240
131
6
8
3
20
21
295
1047
2
5
2
1
2
2
1161
161
10
7
9
8
12
236
1086
4
5
3
4
3
0
1132
195
8
9
5
8
12
194
1131
2
1
2
0
0
0
1079
243
6
9
10
11
11
162
1150
2
2
4
3
3
2
1042
280
2
10
9
6
9
137
1183
5
5
4
1
5
4
1007
331
8
9
8
9
8
112
1214
37
5
5
6
8
0
1008
389
8
9
6
18
21
103
1134
116
5
2
4
2
4
904
416
7
5
7
10
6
63
1049
216
1
4
1
2
1
868
463
8
4
5
9
5
44
1002
288
1
1
2
3
3
809
516
9
6
10
7
9
33
958
340
7
1
5
3
0
761
565
4
6
6
10
7
21
918
391
2
7
4
4
7
710
624
7
9
10
6
13
15
891
458
3
4
5
5
5
679
696
5
7
9
24
21
16
836
502
3
3
5
6
4
593
731
11
13
12
7
10
5
761
554
3
2
4
4
0
524
801
10
8
6
9
8
4
716
611
3
1
2
1
0
441
880
9
13
10
13
9
8
662
658
5
5
4
4
4
354
962
5
13
9
11
12
11
626
698
5
7
9
4
6
227
1093
12
9
8
16
11
11
601
736
1
3
5
5
0
129
1243
9
4
9
18
25
9
559
783
7
8
5
3
2
64
1238
19
12
6
8
10
10
482
839
4
2
2
3
0
43
1250
41
11
7
5
7
10
442
884
1
1
2
3
2
27
1249
52
8
12
12
8
7
395
923
0
1
2
1
0
19
1230
72
8
9
15
12
8
363
955
3
6
2
4
4
13
1215
94
7
5
8
9
8
340
995
4
4
2
4
7
9
1224
129
12
8
21
15
9
300
1038
3
4
4
2
4
4
1163
156
9
8
4
7
9
243
1075
2
1
2
2
0
2
1130
196
13
11
8
7
9
207
1119
3
3
1
1
0
0
1089
236
10
9
11
7
6
163
1160
1
2
2
1
2
1
1050
268
9
8
10
8
6
140
1177
2
3
3
6
3
3
1005
318
6
11
9
9
9
114
1193
24
4
5
6
0
2
973
367
5
8
14
12
13
91
1142
104
3
5
1
5
5
913
407
9
4
4
3
4
62
1061
203
1
1
1
1
2
875
453
7
5
7
6
8
44
1011
277
1
1
2
3
0
818
511
3
6
3
8
10
31
966
338
3
2
1
0
2
766
560
10
9
10
12
9
24
909
388
1
0
1
3
2
712
606
5
8
7
6
2
15
873
437
3
4
5
1
2
665
666
9
6
5
11
9
10
833
495
4
3
2
2
0
603
712
8
4
7
6
5
7
772
551
2
1
1
0
0
531
790
11
8
5
11
7
9
726
601
0
2
0
2
4
453
875
5
8
11
9
9
8
681
655
2
2
2
2
1
369
953
9
13
14
12
6
10
622
693
3
1
2
3
4
257
1064
7
7
6
6
5
8
596
729
5
4
5
0
3
134
1192
15
13
14
7
9
9
550
776
1
3
4
2
0
69
1233
22
12
11
9
13
9
493
831
4
1
2
1
2
42
1259
36
10
8
13
11
13
448
882
2
2
2
1
3
27
1256
49
6
5
8
9
8
410
922
3
0
2
0
1
21
1227
67
10
9
14
4
8
365
943
0
0
0
1
1
16
1214
91
5
8
6
3
3
339
982
5
5
4
4
3
8
1212
121
8
11
9
7
9
302
1024
4
2
1
1
1
2
1167
148
7
14
5
7
12
248
1069
2
2
2
0
1
1
1139
185
12
6
11
10
7
210
1113
1
2
2
3
1
1
1098
234
5
5
6
8
9
167
1162
2
4
2
1
2
2
1059
260
16
9
11
14
6
139
1176
2
3
3
3
4
1
1014
309
14
9
7
8
7
119
1193
13
2
5
0
4
6
977
352
6
14
7
10
9
94
1149
87
2
2
2
3
2
924
393
7
8
7
3
4
65
1075
182
0
1
1
3
1
886
440
6
8
7
12
10
44
1023
264
1
2
2
3
1
825
499
6
7
7
5
5
28
974
328
3
3
0
2
3
772
551
15
14
12
4
10
22
922
376
1
1
2
3
1
720
599
7
8
5
7
3
10
885
427
1
5
4
3
3
676
659
8
8
11
9
8
11
840
487
6
5
4
1
0
615
714
10
4
4
7
8
10
784
535
1
0
0
0
0
542
780
10
12
8
7
10
6
737
589
1
1
0
1
0
466
852
6
6
3
6
6
4
687
640
0
1
1
1
1
388
933
11
12
8
10
11
8
633
680
2
3
3
1
0
276
1045
9
6
4
5
4
5
608
719
5
2
0
3
3
162
1167
15
9
7
5
6
9
579
768
7
6
6
7
3
82
1261
17
8
9
7
18
9
532
807
3
2
4
3
2
51
1242
28
8
12
3
2
6
458
864
2
3
2
2
2
28
1253
45
9
14
13
8
5
416
909
2
2
0
1
1
20
1235
66
11
12
7
3
5
378
935
1
3
4
0
3
17
1219
90
7
9
5
5
5
344
980
6
5
6
3
3
12
1215
116
8
8
5
3
7
316
1039
6
1
7
3
5
6
1242
148
5
9
12
16
25
287
1073
3
4
0
3
3
2
1143
176
9
6
6
3
9
222
1094
3
1
0
2
3
3
1103
221
7
11
6
10
9
177
1147
2
2
0
2
1
1
1057
259
11
7
9
8
8
147
1168
0
1
1
4
5
4
1020
303
7
5
6
4
9
123
1196
6
6
0
3
5
4
992
354
13
9
7
13
13
106
1197
74
1
4
5
1
1
986
405
6
11
8
18
23
87
1108
165
2
3
2
5
4
883
434
7
6
5
7
11
50
1027
245
2
3
4
2
1
836
486
4
7
10
9
12
37
982
312
1
0
3
1
1
790
533
10
7
7
12
11
26
931
367
0
0
0
2
2
735
592
7
10
4
8
11
15
896
418
1
4
3
1
3
690
650
7
7
10
12
11
10
865
484
5
8
5
6
5
660
733
9
10
10
24
19
16
817
527
4
0
4
3
3
560
758
4
10
8
10
8
7
741
580
1
1
2
3
2
485
834
5
8
7
11
10
9
695
626
1
1
1
2
2
397
919
9
9
8
8
7
11
639
673
4
3
3
2
2
295
1019
11
13
9
8
8
6
614
712
2
0
3
4
1
180
1149
8
7
8
5
3
4
580
760
2
1
5
3
3
95
1276
17
4
8
14
23
15
540
803
4
3
1
0
0
55
1241
23
9
5
4
9
7
467
852
1
2
2
1
0
33
1246
48
7
5
8
13
11
426
898
2
0
0
2
2
23
1233
62
10
13
8
14
10
381
936
2
2
0
1
2
16
1221
79
3
8
6
6
7
351
969
2
2
0
1
2
6
1213
110
7
6
11
9
7
320
1008
5
4
5
8
5
8
1208
142
11
11
18
14
16
278
1051
1
0
1
2
3
3
1144
176
5
7
11
6
11
225
1093
1
3
1
1
0
1
1112
208
9
8
11
10
9
189
1135
4
3
2
2
3
3
1068
252
4
8
6
6
9
148
1164
2
2
1
2
4
2
1022
285
7
14
13
10
5
122
1187
5
0
2
1
4
5
992
329
7
6
5
7
6
105
1171
56
3
4
5
2
1
957
386
8
11
16
10
10
82
1109
145
2
3
3
4
3
889
429
6
5
6
9
4
55
1035
236
1
0
1
1
2
838
488
8
7
10
7
7
35
987
304
0
1
2
2
0
790
535
9
10
7
7
7
25
945
364
3
5
8
4
5
739
576
9
10
11
12
13
22
886
411
2
2
1
2
2
694
625
6
10
6
7
9
9
851
466
4
3
0
5
3
640
694
7
4
9
13
7
6
808
513
0
2
1
0
2
563
753
7
11
9
7
13
9
753
567
1
2
1
2
4
493
824
10
9
6
4
3
3
702
617
2
1
1
6
5
411
917
4
4
7
9
7
11
666
670
4
4
4
4
8
314
1007
13
7
8
16
13
13
605
710
0
2
1
2
1
196
1119
10
6
7
9
3
10
580
749
1
3
4
4
4
93
1228
14
8
8
10
9
7
532
794
3
1
1
1
0
58
1236
27
13
9
12
7
4
472
846
1
3
2
3
2
37
1243
45
6
11
7
7
5
426
896
0
5
3
3
5
23
1249
64
4
7
9
8
11
398
942
5
4
4
4
7
18
1226
82
11
11
16
11
17
347
965
2
2
1
2
2
8
1212
102
13
5
3
7
5
325
998
0
2
3
4
3
6
1194
140
8
7
7
11
8
281
1041
0
4
2
2
3
2
1145
171
8
6
8
5
10
232
1079
2
2
2
1
1
2
1121
201
11
10
7
9
4
190
1131
4
3
3
4
4
2
1083
238
8
9
8
9
9
158
1177
6
4
1
4
5
4
1036
281
11
12
9
10
12
126
1188
0
2
0
1
2
2
991
329
11
11
3
6
8
106
1183
38
4
4
4
1
1
959
371
7
7
6
10
8
80
1118
135
5
1
6
5
2
900
418
6
5
7
8
3
57
1043
219
0
2
3
1
0
854
468
9
6
12
11
5
40
997
0
3
1
1
1
1
802
523
7
1
5
3
9
29
956
354
4
5
5
4
3
749
570
9
12
9
8
10
21
902
400
1
3
2
0
1
704
619
8
3
7
6
5
15
860
456
3
0
1
3
3
652
686
9
8
10
5
9
5
824
0
1
2
2
2
2
583
744
6
10
7
10
13
11
763
551
2
2
0
2
0
510
813
7
7
8
9
9
12
711
612
1
3
3
1
3
425
897
5
4
8
7
7
2
669
660
3
7
7
5
5
336
983
16
13
10
10
10
9
615
0
3
1
0
1
1
221
1106
7
7
8
7
6
6
590
739
2
2
3
5
4
111
1220
15
8
11
11
6
14
564
798
3
2
0
2
2
67
1279
20
6
10
14
23
12
509
830
1
2
5
5
1
42
1243
38
4
5
4
9
10
440
0
3
0
1
2
1
27
1253
54
10
9
10
11
7
403
927
3
3
1
2
2
19
1231
75
11
7
5
6
5
364
959
0
1
0
3
3
12
1217
103
6
6
5
5
10
331
996
4
3
5
5
3
6
1204
136
9
7
9
11
10
293
0
2
1
1
3
3
3
1241
165
8
9
7
23
24
273
1091
1
3
4
3
3
1
1115
202
11
10
7
6
6
201
1115
1
0
2
2
3
3
1079
233
7
8
5
9
7
164
1159
7
6
7
0
5
3
1040
272
7
11
6
3
9
136
0
4
3
1
2
4
3
1003
324
7
11
5
9
7
113
1194
26
4
5
3
1
1
975
379
4
11
11
14
6
91
1174
117
3
2
3
2
2
971
436
6
7
8
15
23
81
1091
196
3
3
3
2
2
863
455
10
7
10
8
8
46
0
276
0
1
2
2
2
811
509
8
6
14
10
13
31
956
342
5
6
3
4
5
758
560
8
6
3
7
6
19
910
390
2
4
2
1
1
708
615
10
4
9
9
2
14
872
447
6
1
3
1
3
668
672
9
6
7
7
6
10
0
503
3
4
3
3
3
626
772
8
7
5
20
17
21
802
542
4
2
3
0
0
519
799
10
6
7
8
7
10
715
601
4
2
5
2
4
440
880
8
7
11
9
8
7
670
652
6
4
8
6
4
350
966
14
9
8
12
8
6
0
688
2
2
4
0
2
239
1074
15
18
5
8
9
10
600
727
4
4
3
1
0
124
1202
14
10
8
15
11
7
564
779
5
5
6
5
1
76
1290
20
5
7
12
30
6
524
818
5
4
3
1
3
42
1249
34
5
6
6
8
9
0
872
3
2
4
3
7
32
1243
52
7
5
8
9
5
405
916
7
2
4
4
3
19
1230
69
8
9
8
4
7
351
954
2
3
4
4
2
12
1214
95
7
13
9
12
11
330
985
3
2
0
2
5
9
1201
119
5
5
8
9
9
0
1033
3
5
3
1
3
2
1208
165
9
2
21
15
10
262
1082
3
1
5
2
4
3
1134
186
4
1
4
5
9
213
1111
2
3
1
4
3
2
1091
238
8
5
11
10
15
168
1169
4
5
4
7
2
4
1060
275
10
8
5
7
9
0
1201
5
6
5
4
4
5
1009
316
10
5
13
11
10
110
1189
16
3
1
3
3
3
964
354
7
7
8
8
14
92
1141
95
4
5
5
2
6
922
412
5
4
5
8
4
73
1078
186
2
2
2
1
1
878
445
8
13
8
9
9
0
1011
269
2
5
4
6
5
825
512
8
6
7
6
7
35
975
342
3
3
5
2
4
774
579
5
9
7
5
7
19
950
401
6
4
4
6
4
722
621
11
8
13
8
13
19
879
435
0
0
0
3
0
668
658
5
11
9
6
8
0
836
492
4
3
4
4
6
606
726
6
4
7
12
8
11
791
536
2
2
3
3
5
538
788
10
11
9
9
12
11
734
595
4
7
5
4
4
461
875
10
8
8
8
9
7
691
650
3
3
1
3
3
378
970
5
5
9
9
6
0
654
703
6
6
3
4
4
265
1070
8
7
12
8
13
14
592
735
3
1
1
1
2
140
1179
11
10
12
8
2
12
562
769
4
4
2
1
5
78
1245
19
6
7
8
12
11
515
814
5
3
1
1
1
44
1251
33
7
10
7
9
0
456
872
3
4
3
4
5
30
1263
52
4
7
10
7
4
417
924
1
4
1
5
4
21
1267
72
7
5
6
8
10
378
980
4
3
6
5
3
9
1240
90
6
11
11
7
10
330
995
3
2
5
3
2
6
1200
118
9
7
6
8
0
301
1023
1
3
4
0
2
3
1180
150
8
10
8
7
14
257
1061
1
3
4
2
3
2
1139
179
9
13
12
14
16
218
1111
6
7
4
2
2
5
1107
227
7
8
7
8
5
176
1166
6
3
3
5
1
5
1085
267
10
3
5
8
0
144
1219
1
2
4
5
3
2
1032
309
13
10
9
9
15
119
1201
10
1
2
1
2
3
974
350
7
9
8
6
5
93
1151
82
1
1
0
2
4
927
403
8
8
9
8
10
73
1086
175
1
3
1
1
1
886
438
6
8
5
6
0
50
1027
256
4
2
1
3
4
835
497
9
11
11
4
4
35
982
325
6
5
6
4
2
781
564
5
6
4
6
7
23
955
382
3
3
5
6
2
739
603
9
11
13
9
14
20
877
432
2
2
1
1
1
679
648
9
7
8
9
0
9
845
478
3
2
4
2
0
616
719
6
7
5
8
6
10
796
531
1
0
2
3
1
547
773
5
7
8
5
6
7
739
579
4
2
2
4
5
477
848
13
8
9
9
12
3
695
636
3
3
4
3
4
391
948
6
4
5
9
0
5
653
693
5
4
4
5
6
286
1045
8
12
11
15
10
11
602
726
2
3
2
3
3
167
1156
13
12
5
6
8
5
567
764
1
2
2
2
3
83
1239
21
7
8
7
6
10
533
810
3
2
1
3
3
56
1264
30
7
6
8
0
11
491
847
2
2
0
5
3
30
1251
47
8
9
7
8
7
426
903
4
3
4
3
5
22
1251
68
5
7
8
6
5
381
957
3
3
4
2
4
14
1234
86
12
8
11
12
3
344
979
3
1
2
1
1
6
1208
115
8
8
9
0
9
312
1015
3
3
3
1
0
2
1192
149
4
9
9
4
4
274
1071
3
1
4
6
5
0
1183
179
8
10
11
15
11
244
1101
2
3
0
1
1
4
1103
219
4
4
5
7
9
186
1139
3
3
4
6
4
4
1077
256
7
6
9
0
6
149
1186
4
7
4
3
6
5
1030
298
8
11
7
5
5
121
1198
2
2
4
3
0
1
990
342
4
7
7
11
6
104
1166
65
3
1
5
4
4
947
396
9
4
4
3
4
75
1120
156
3
4
4
3
3
916
447
13
10
8
0
8
64
1055
235
2
0
0
1
2
841
485
4
3
8
4
6
44
983
309
1
4
9
6
5
792
539
7
8
8
8
7
22
943
372
7
3
5
7
7
745
587
13
8
12
11
7
24
889
417
4
1
3
5
5
680
642
6
9
12
0
10
21
840
469
3
4
5
0
1
625
701
6
6
4
7
9
10
810
523
5
4
7
3
2
568
786
9
9
14
19
4
13
774
570
5
2
1
1
1
487
834
1
3
3
6
10
11
701
626
4
7
5
4
5
404
927
13
8
9
0
9
9
659
686
0
5
6
5
2
311
1021
13
10
11
10
9
8
610
718
7
7
7
5
2
182
1137
9
5
6
3
7
8
571
750
2
1
1
2
3
87
1225
21
7
6
4
7
5
531
803
4
1
0
1
1
60
1265
29
6
8
0
12
12
496
840
0
1
3
3
4
37
1249
43
8
11
11
10
11
425
898
6
4
3
6
6
21
1255
61
9
7
4
7
7
385
955
3
5
5
6
5
17
1245
86
6
10
5
8
8
344
982
5
1
3
3
6
12
1214
108
13
10
0
8
9
312
1003
5
2
3
2
3
3
1182
134
14
5
5
7
12
275
1048
1
0
2
0
3
1
1163
171
10
8
13
8
8
238
1090
0
0
1
1
2
3
1109
209
8
16
14
14
13
189
1134
4
4
5
3
3
3
1082
253
7
7
0
8
4
151
1187
3
6
2
3
2
6
1045
296
7
8
7
12
6
131
1214
3
2
3
2
0
1
996
334
10
8
9
12
11
104
1176
49
6
5
6
6
4
935
384
12
12
11
9
7
77
1108
144
4
2
1
0
2
905
432
8
10
0
14
14
62
1044
222
2
3
3
4
2
841
471
9
11
10
9
14
38
990
298
4
4
7
5
5
803
533
7
9
6
7
5
28
954
361
5
3
1
1
5
755
597
6
7
9
7
9
19
924
422
3
3
2
5
3
694
643
8
12
0
6
11
15
852
463
7
3
2
5
2
634
687
9
7
13
10
13
8
815
515
2
4
4
3
1
577
762
7
6
8
9
12
7
765
560
3
4
2
3
1
500
821
6
13
9
14
11
9
708
618
6
5
7
4
5
422
913
6
6
0
8
8
6
671
673
6
3
5
5
6
329
1019
9
3
6
7
5
9
637
732
4
3
2
3
4
214
1123
10
9
12
13
13
14
574
757
3
2
3
2
4
97
1220
12
7
12
14
7
9
537
792
4
1
2
2
1
58
1251
23
5
0
8
10
13
490
836
1
3
3
4
2
36
1249
40
13
7
11
13
14
435
893
3
5
7
4
3
27
1255
60
6
6
10
9
7
399
944
4
4
4
2
1
15
1257
82
8
8
7
5
9
361
999
3
3
4
5
4
9
1231
100
12
0
8
10
14
314
1011
5
1
3
6
5
4
1193
131
9
6
8
5
7
286
1040
0
2
3
5
3
2
1162
168
8
13
12
10
10
241
1077
0
2
4
3
5
2
1120
201
10
5
7
9
16
199
1124
4
5
5
4
4
2
1090
241
6
0
4
10
4
160
1178
4
7
7
6
1
4
1060
290
8
10
7
5
7
129
1225
3
4
4
5
2
3
1003
329
5
8
9
12
16
103
1188
33
5
6
5
4
2
946
375
8
7
13
9
10
83
1119
124
2
3
0
2
2
911
424
9
0
10
7
6
66
1060
211
1
1
2
2
5
863
462
5
5
6
4
5
47
1000
290
3
3
4
4
3
815
514
8
7
4
6
6
27
962
350
3
3
3
3
2
764
580
6
9
6
7
6
18
927
410
3
4
1
5
2
706
630
11
0
6
10
17
23
855
453
2
4
5
5
3
646
677
6
6
8
12
10
11
820
500
2
3
4
1
3
587
746
7
6
4
9
10
8
780
553
4
0
2
2
3
514
811
5
9
8
9
9
7
716
606
3
3
4
5
4
435
890
10
0
10
8
9
11
678
664
5
6
5
6
2
344
994
8
5
6
6
4
6
637
716
4
2
5
6
3
237
1098
12
10
12
15
11
8
575
750
4
2
1
3
3
113
1208
12
4
7
8
10
4
547
783
2
2
3
3
3
66
1255
29
0
7
11
9
8
520
824
3
3
3
4
3
50
1269
34
3
5
3
11
8
471
868
4
4
2
2
1
26
1247
52
5
5
10
10
8
406
923
6
5
2
5
2
20
1242
76
7
5
9
11
9
358
977
6
4
4
3
4
8
1225
101
0
13
7
6
6
322
1005
2
3
2
5
5
6
1200
126
8
5
7
7
7
296
1031
3
1
1
1
0
2
1179
157
9
6
13
6
6
255
1089
2
2
2
4
4
2
1178
205
6
4
5
15
28
227
1125
2
4
5
1
3
4
1085
230
0
2
5
9
14
171
1150
6
7
3
5
2
4
1053
269
6
7
10
7
5
134
1199
5
2
3
6
5
4
1010
316
7
11
8
10
7
110
1190
22
2
0
1
1
2
960
366
9
4
6
5
11
85
1141
104
2
3
3
5
2
917
425
0
5
6
5
7
68
1091
191
2
1
2
2
3
897
469
9
4
10
18
9
54
1030
266
4
4
2
2
4
819
506
4
6
5
6
6
40
959
338
7
3
6
4
4
770
565
9
7
5
8
5
19
923
396
4
4
3
3
2
720
608
0
10
12
7
7
22
869
442
2
1
2
2
4
658
667
11
6
7
7
7
7
830
494
2
1
3
2
1
600
737
8
11
16
5
9
5
803
540
4
2
2
3
3
536
815
9
13
9
25
8
8
750
591
3
2
2
1
3
452
871
0
6
10
10
11
10
676
645
6
3
5
3
2
365
961
11
10
11
6
5
5
633
702
7
7
5
3
2
256
1071
11
9
9
8
4
3
582
740
4
5
6
4
6
128
1194
10
9
8
8
5
6
545
773
1
2
2
0
1
70
1248
0
8
8
7
4
6
518
819
1
0
2
3
4
52
1268
38
8
8
11
10
8
476
860
2
1
2
2
4
28
1248
49
9
9
8
12
10
411
914
3
4
3
3
3
19
1243
75
4
3
6
5
9
363
974
3
3
5
6
2
7
1234
0
8
4
7
6
9
325
999
3
6
4
2
4
7
1200
120
16
13
12
9
10
292
1022
4
2
3
1
2
3
1175
148
5
9
9
6
6
256
1072
1
3
2
4
2
2
1151
191
6
10
10
10
10
224
1105
4
0
1
1
3
1
1097
0
12
12
7
8
12
170
1151
3
2
3
2
3
2
1064
270
11
2
7
11
8
135
1206
6
3
6
3
3
3
1023
317
5
10
6
9
9
106
1223
16
1
5
5
3
2
974
349
14
6
11
12
8
85
1139
93
3
2
1
2
2
920
0
6
9
10
8
9
69
1081
176
0
2
2
5
4
881
457
9
9
10
11
7
55
1022
259
3
2
3
2
2
823
504
6
9
13
12
10
38
968
326
4
4
2
4
3
779
561
9
11
5
7
7
20
928
394
4
3
2
4
3
721
0
9
12
10
12
14
17
901
448
3
4
4
3
3
671
666
5
9
7
10
17
17
832
489
2
2
2
2
2
613
714
7
5
3
7
8
8
789
533
2
1
1
2
2
541
788
11
4
6
10
5
9
742
584
1
2
3
3
5
463
0
11
10
12
11
7
9
688
641
6
5
5
8
10
380
955
9
10
9
5
7
11
651
698
3
4
3
7
6
279
1071
7
5
7
6
8
8
613
750
4
5
4
4
6
142
1189
13
9
11
17
10
13
554
776
3
6
1
1
3
75
0
21
11
9
7
7
7
515
812
2
1
1
1
2
49
1257
30
8
4
8
10
7
470
856
4
2
0
3
3
30
1247
46
11
10
10
5
10
419
906
1
2
4
3
3
25
1249
76
8
10
11
11
10
372
970
3
3
2
3
4
5
0
95
4
7
10
7
6
344
1021
4
7
5
3
3
3
1224
115
8
11
6
11
8
298
1022
2
1
3
2
1
3
1180
141
7
6
7
6
2
269
1060
1
1
2
1
2
1
1154
180
6
11
11
6
11
225
1101
1
3
3
3
1
0
0
215
9
9
11
10
13
178
1142
4
4
5
4
5
2
1074
262
4
5
11
7
2
142
1192
5
2
6
6
3
3
1024
310
6
15
10
5
4
112
1230
10
5
4
7
2
7
984
345
8
9
7
12
16
93
1155
77
2
3
4
2
4
0
397
4
6
6
7
12
70
1095
165
0
1
3
1
2
891
442
8
5
10
11
9
55
1024
242
4
2
3
2
3
825
489
10
10
9
9
6
40
966
316
6
5
7
3
3
780
535
10
10
4
3
6
23
939
369
9
6
4
1
4
0
602
3
8
7
13
10
17
890
431
3
5
4
2
1
674
649
9
3
11
12
8
13
831
471
2
4
4
5
3
614
704
10
6
13
7
9
6
805
520
1
3
1
0
4
551
783
13
6
13
12
8
7
760
571
2
0
2
3
4
0
850
8
8
7
6
11
13
694
625
4
3
3
1
5
393
919
15
13
10
11
11
8
639
673
7
6
3
3
6
296
1021
11
5
5
4
4
4
599
730
2
3
3
4
3
170
1148
9
17
17
11
3
9
560
756
2
2
3
1
1
0
1231
17
9
6
8
7
10
530
797
0
0
3
4
1
55
1263
28
9
8
5
4
11
502
860
3
2
3
4
3
40
1293
46
9
9
9
23
11
448
893
3
2
2
2
1
25
1235
67
9
7
8
8
8
378
937
4
4
1
4
4
0
1224
86
4
6
9
9
8
336
988
3
7
4
2
8
9
1203
109
10
4
9
7
8
305
1010
3
4
0
2
2
2
1187
141
6
10
8
8
3
281
1049
1
1
2
4
3
3
1171
181
10
8
13
15
5
244
1134
4
2
3
2
3
0
1198
213
9
8
9
22
19
226
1151
4
3
1
0
3
1
1069
249
9
9
8
11
6
160
1158
4
6
6
3
3
7
1036
282
6
6
7
9
11
111
1203
6
3
7
5
4
4
975
339
10
5
7
7
8
93
1163
59
5
3
2
0
0
935
394
7
8
12
11
11
78
1106
149
3
5
3
3
4
910
450
3
12
7
7
7
59
1096
233
4
4
2
4
5
899
504
5
7
6
19
15
60
1023
291
3
2
1
1
2
789
530
13
7
6
10
10
33
925
362
3
6
8
5
0
741
576
11
6
6
6
9
12
890
421
6
6
4
5
3
681
630
8
9
10
4
7
13
839
466
1
1
3
1
0
629
695
10
6
13
9
5
7
807
514
2
3
3
4
2
567
770
9
11
12
9
10
12
789
577
0
2
1
3
0
525
876
10
5
7
21
15
24
746
613
3
1
2
2
2
408
901
13
13
10
10
6
3
654
661
3
7
7
4
5
314
1002
6
7
7
10
12
6
602
718
4
5
7
3
2
199
1116
8
13
12
11
7
8
558
749
3
3
5
2
0
85
1216
20
7
7
13
6
16
533
786
3
2
1
2
4
56
1255
23
11
7
9
10
15
503
836
3
2
5
5
3
40
1291
47
10
7
19
22
9
464
880
1
1
2
1
3
27
1230
59
9
7
9
13
5
389
923
4
6
3
6
0
15
1224
83
5
2
6
8
8
346
973
3
1
4
1
4
5
1203
111
5
9
9
6
10
298
1004
5
5
4
6
5
3
1179
136
6
5
9
11
6
273
1038
1
1
0
2
3
4
1156
169
9
8
4
13
12
238
1086
2
3
1
1
0
3
1153
215
10
6
25
17
15
217
1119
3
1
3
4
2
3
1070
240
8
8
5
9
14
163
1155
3
3
7
2
3
6
1035
281
9
6
6
4
4
126
1197
9
2
4
3
1
2
991
338
7
13
9
7
5
95
1191
41
2
1
3
0
4
941
372
7
5
14
14
10
78
1102
137
3
3
3
1
3
896
424
11
10
6
6
6
57
1052
217
2
3
3
1
2
860
472
10
12
15
15
7
47
1001
282
2
3
3
1
2
793
518
11
10
6
5
13
27
942
345
6
5
3
0
5
747
572
2
5
6
3
6
20
901
415
4
4
1
5
5
687
637
8
4
4
7
10
14
856
463
2
1
2
2
3
639
681
6
7
6
9
10
7
796
503
4
4
4
6
3
572
742
10
10
7
7
8
4
771
553
0
2
4
0
1
507
828
9
9
13
15
8
5
723
603
3
2
4
4
2
422
891
5
10
4
11
10
7
657
658
8
6
7
5
3
332
986
4
5
7
7
6
6
615
712
2
1
4
3
0
215
1109
11
4
6
4
3
10
579
758
5
2
5
0
3
95
1224
11
7
6
11
16
13
529
782
2
2
2
4
4
63
1243
21
7
9
5
5
9
504
823
5
4
4
3
5
42
1265
38
5
11
10
12
6
462
866
3
3
3
1
2
28
1233
58
8
14
14
11
14
395
920
3
3
3
0
4
17
1226
76
4
4
6
3
4
353
971
5
7
7
4
7
8
1222
107
6
5
6
10
8
306
1024
4
1
3
2
4
4
1196
122
5
5
10
14
12
272
1030
2
4
4
2
3
4
1162
154
13
8
7
7
8
243
1078
1
2
2
0
2
3
1135
201
10
13
8
8
9
215
1109
1
2
4
4
1
2
1076
236
4
8
9
8
10
163
1149
5
2
2
4
1
5
1047
270
8
6
8
4
5
129
1190
6
4
5
3
4
4
999
330
4
5
7
8
7
104
1202
31
1
6
0
5
3
950
366
6
7
8
10
18
80
1112
116
2
4
4
2
2
906
413
7
6
7
7
5
63
1065
200
3
3
3
1
0
868
468
8
6
13
9
5
48
1011
272
1
3
2
2
2
811
510
11
8
13
6
8
37
953
337
3
3
0
6
7
755
561
10
14
12
9
8
18
900
397
5
7
6
7
7
700
624
8
6
6
5
7
14
867
454
1
1
2
1
4
645
669
10
9
10
10
10
11
813
495
3
3
3
3
3
589
734
8
8
5
5
4
6
779
545
0
1
0
5
3
524
814
9
9
11
11
8
6
739
596
3
2
4
4
2
443
884
8
5
3
8
13
12
676
643
3
4
5
5
3
341
962
12
10
6
9
12
8
620
700
1
2
4
3
3
241
1075
5
4
3
4
4
4
578
752
3
3
0
2
6
115
1191
13
12
11
10
9
5
536
779
3
3
3
0
1
64
1242
21
9
6
7
6
4
506
819
3
1
2
1
4
45
1267
38
9
7
7
6
5
473
888
0
1
0
1
3
31
1318
47
5
6
6
18
24
449
908
3
2
0
3
2
21
1228
74
9
11
7
8
7
360
953
2
4
2
2
1
8
1219
102
9
7
7
5
8
319
999
4
3
5
5
4
7
1196
121
8
10
3
6
8
283
1024
1
2
1
1
2
1
1166
158
8
7
6
4
4
258
1072
3
0
0
2
5
3
1152
197
10
11
4
6
13
225
1147
1
4
2
5
2
2
1167
239
3
5
4
17
19
213
1160
4
3
2
0
1
3
1043
276
11
11
12
8
5
135
1177
5
4
4
3
5
2
1004
313
9
6
6
10
7
104
1199
22
7
0
2
1
2
956
357
12
8
8
8
10
81
1137
98
3
4
1
1
1
914
415
13
8
9
9
6
73
1076
187
2
1
3
3
3
890
473
5
13
14
9
9
53
1072
264
2
1
3
1
0
885
526
8
4
9
24
14
53
1006
318
2
0
1
1
1
764
554
9
11
11
8
4
22
914
386
3
3
2
2
0
707
605
4
3
6
7
7
8
874
439
4
4
6
7
4
653
658
12
8
11
5
5
11
818
486
4
2
3
2
3
602
723
8
9
8
6
4
6
793
531
3
0
4
2
2
536
804
11
10
9
5
7
8
760
600
3
2
1
1
1
489
915
9
4
6
24
15
18
726
636
2
1
4
2
3
369
944
5
7
8
5
6
9
636
680
2
3
5
5
6
257
1057
9
8
9
10
7
7
581
738
3
0
5
6
3
128
1182
13
15
13
8
9
12
540
773
3
4
3
4
2
74
1231
23
4
12
13
12
12
512
809
4
0
3
4
3
46
1260
28
7
6
10
10
11
483
851
1
5
4
1
1
31
1290
55
7
7
23
19
14
435
902
3
0
2
2
1
21
1229
71
12
10
5
10
11
366
948
0
0
1
2
4
6
1217
92
8
7
5
6
5
325
992
7
6
8
7
8
6
1188
120
8
8
6
4
6
291
1015
3
4
3
3
1
2
1163
150
8
5
7
7
9
259
1052
4
0
5
1
3
2
1140
186
5
4
3
4
6
225
1100
2
1
1
3
5
3
1123
229
11
6
21
11
11
194
1139
4
3
3
2
3
3
1051
263
7
5
7
11
11
143
1166
2
0
0
2
3
6
1016
298
6
6
8
7
6
106
1203
13
0
5
4
7
5
970
350
4
7
6
4
7
87
1155
89
4
4
1
5
6
922
390
5
10
9
13
5
65
1071
177
3
3
2
3
1
876
450
8
7
8
7
9
54
1028
248
1
2
1
2
4
837
506
6
9
17
13
6
40
983
310
0
0
0
2
2
771
544
10
8
7
7
8
28
916
376
1
3
2
2
1
726
595
5
5
6
4
3
10
883
435
3
4
3
4
4
665
662
5
7
5
7
7
8
847
486
4
3
3
6
5
611
714
11
8
9
15
14
11
776
530
0
2
1
1
3
542
779
12
9
9
9
6
3
747
574
2
4
0
2
1
471
862
11
11
12
12
13
6
703
623
2
2
2
2
5
383
925
8
8
12
8
16
15
633
680
3
3
2
1
2
275
1041
5
8
5
4
3
5
596
726
0
7
8
6
3
152
1175
8
6
6
5
5
6
554
778
4
5
3
4
5
75
1242
18
12
5
8
15
10
502
807
0
1
1
2
2
50
1241
37
12
8
10
3
6
481
847
2
1
3
1
2
34
1258
45
13
12
6
7
6
436
889
0
0
3
0
1
22
1231
66
5
13
11
13
12
368
946
3
2
1
2
2
9
1220
84
9
6
2
6
9
338
984
5
4
3
4
3
6
1205
121
11
7
8
7
10
297
1036
3
3
3
5
4
6
1177
138
6
9
9
12
11
257
1049
0
1
2
3
1
3
1144
176
15
4
9
7
7
233
1089
2
3
1
1
1
2
1117
216
10
11
7
10
9
198
1128
1
2
1
1
3
2
1054
257
5
5
7
3
8
154
1163
2
3
1
2
1
4
1023
295
9
8
5
5
6
113
1206
0
4
2
2
3
5
977
346
5
5
3
6
8
91
1169
77
4
4
5
6
5
930
381
6
11
15
14
16
73
1078
161
2
4
3
3
3
884
433
7
11
10
7
4
53
1034
235
1
1
3
3
0
844
494
10
7
6
8
7
41
994
0
2
2
2
0
3
785
537
7
5
7
10
12
29
929
364
1
1
4
4
1
731
588
11
13
8
9
9
9
882
425
2
4
4
3
3
672
648
4
3
2
4
5
8
848
477
5
5
6
8
5
621
697
7
13
12
14
10
11
784
0
2
3
4
3
1
553
774
10
6
11
16
11
4
762
564
0
2
2
1
1
484
854
8
9
14
8
7
7
715
618
0
1
1
3
2
402
920
12
9
9
9
15
8
652
667
2
1
1
1
0
299
1013
16
9
11
13
14
11
600
0
1
2
3
4
3
178
1137
6
4
4
3
5
3
558
768
3
3
5
3
3
81
1223
17
9
12
18
9
7
516
799
2
3
3
4
3
55
1250
23
9
7
10
10
11
492
837
1
3
1
2
1
38
1263
44
7
10
10
7
6
457
0
1
1
3
5
4
28
1312
62
10
10
9
15
21
434
924
0
2
1
2
2
19
1219
82
9
10
13
9
5
343
970
1
3
3
4
3
5
1208
107
9
8
8
9
8
299
1016
2
3
6
5
2
2
1175
138
11
11
5
7
8
267
0
1
1
3
2
1
1
1154
171
6
9
8
9
6
236
1091
1
2
2
3
0
3
1137
215
6
8
9
9
8
206
1169
3
2
1
1
4
2
1152
258
10
9
4
21
20
192
1184
0
1
1
0
1
2
1025
294
10
9
11
8
8
124
0
0
1
0
2
2
3
988
330
7
7
9
6
5
88
1178
50
3
2
1
1
2
941
374
13
6
11
9
8
70
1099
147
3
0
1
3
1
898
427
7
7
7
8
6
63
1047
222
0
2
3
1
3
867
482
1
12
11
10
8
45
0
295
4
2
3
5
4
855
554
9
9
5
22
17
49
974
349
2
0
2
1
0
742
580
10
11
7
8
9
21
896
410
0
3
2
2
1
687
636
11
9
10
9
12
11
848
461
2
2
1
1
1
633
682
8
11
9
10
11
7
0
514
1
3
3
2
1
569
754
14
7
13
11
10
11
770
557
2
3
3
1
2
499
838
11
4
5
7
8
7
730
619
0
4
5
1
4
440
955
9
6
5
21
17
21
693
658
0
1
0
0
1
319
998
7
12
7
12
8
8
0
705
3
2
1
1
2
197
1118
12
14
10
9
11
9
566
754
1
1
3
1
1
90
1211
14
12
9
16
10
9
520
789
4
2
1
1
3
57
1239
22
7
8
16
8
9
488
830
1
0
1
0
1
39
1258
33
7
9
10
8
7
0
875
2
1
3
2
3
27
1294
58
6
5
19
24
12
417
916
4
3
1
1
1
18
1224
82
9
7
6
11
10
351
964
0
4
1
1
1
7
1214
104
8
8
9
8
8
305
1017
0
3
2
2
2
1
1190
131
7
11
8
6
6
0
1045
2
3
3
4
4
3
1154
161
10
10
9
8
5
240
1073
1
1
2
1
1
1
1122
200
8
5
5
8
5
205
1121
3
2
2
2
1
3
1095
243
7
4
7
4
14
175
1158
2
2
0
2
1
1
1036
285
3
6
5
9
10
0
1194
3
3
3
3
2
3
999
326
9
6
8
9
7
95
1202
35
2
2
1
4
4
963
376
7
10
7
5
5
77
1127
142
2
6
5
2
2
911
416
4
8
9
11
14
64
1043
219
1
2
0
1
2
860
461
7
7
8
6
9
0
1010
276
1
2
3
3
3
813
528
8
5
11
9
7
38
957
343
0
1
2
0
1
754
572
7
8
13
10
11
26
904
406
2
3
1
0
2
703
635
9
10
7
7
2
8
876
457
2
4
5
7
4
647
700
10
6
12
5
7
0
833
517
7
4
1
4
7
583
755
11
11
5
9
14
15
768
555
3
2
2
0
0
515
807
11
9
2
5
6
8
722
605
0
3
4
2
3
440
893
8
6
7
10
7
8
676
650
1
2
2
2
1
340
984
10
9
12
11
10
0
620
709
3
2
2
2
3
228
1104
9
6
5
6
9
9
583
762
3
4
6
4
3
103
1236
13
6
8
10
5
4
546
810
2
3
3
4
4
56
1265
18
8
11
14
10
16
493
833
1
2
0
2
2
39
1255
37
11
11
10
6
0
460
865
2
1
2
1
2
28
1260
50
6
12
5
13
6
411
919
3
3
1
2
2
17
1237
70
13
11
9
14
14
361
968
2
0
3
2
1
6
1229
106
12
12
8
7
9
321
1017
4
3
3
4
3
3
1212
135
11
11
8
8
0
281
1073
5
3
0
1
3
2
1174
161
5
10
10
16
12
244
1081
3
1
1
1
1
2
1120
197
8
9
8
11
9
210
1105
3
3
2
2
2
2
1089
242
9
10
7
7
9
182
1143
2
4
2
3
2
0
1046
276
3
5
7
7
0
133
1196
1
0
0
0
0
0
1016
319
10
7
4
7
10
105
1217
22
1
4
5
5
4
969
372
5
10
8
7
12
76
1145
128
3
1
2
1
3
928
407
10
10
9
11
11
65
1062
206
1
2
0
1
2
871
450
9
13
7
8
0
47
1013
268
3
3
2
4
3
825
511
9
8
8
9
10
32
966
334
2
2
3
2
1
768
558
9
8
6
5
10
26
910
394
1
1
1
0
2
710
619
7
5
13
10
7
13
879
450
0
3
2
4
1
652
680
8
13
5
6
0
7
833
501
1
1
0
3
3
592
734
6
9
6
12
17
11
768
547
1
1
3
2
0
528
795
10
9
8
5
6
4
726
599
1
1
0
3
4
455
876
6
3
6
9
9
4
687
642
3
2
2
1
1
361
966
7
10
9
5
0
8
634
691
2
3
0
0
1
254
1071
10
17
13
14
11
14
587
750
2
1
1
1
2
114
1218
13
7
5
5
6
7
548
795
2
2
3
1
4
67
1248
27
11
14
13
14
9
501
824
1
0
1
2
0
42
1256
31
4
7
8
0
6
462
866
0
3
2
3
1
30
1262
47
5
8
11
10
8
433
910
1
2
4
2
2
24
1257
69
11
7
7
8
13
378
954
2
1
1
1
2
14
1218
96
7
11
7
4
8
322
1002
0
1
4
4
1
2
1206
123
11
8
11
0
7
284
1053
0
0
1
0
1
1
1176
158
8
12
4
7
5
252
1074
1
0
1
1
4
4
1145
181
6
6
4
7
6
215
1112
2
2
2
2
4
3
1107
236
5
7
7
6
8
195
1152
5
1
1
2
4
5
1086
271
4
9
20
0
14
160
1179
1
2
1
2
0
0
1006
305
13
10
7
7
8
115
1195
16
2
0
1
1
0
971
357
9
8
10
12
7
87
1149
98
3
2
1
0
1
922
394
9
5
7
6
6
65
1068
184
2
1
1
2
1
877
448
3
6
3
0
8
47
1028
256
2
2
2
2
1
834
507
5
7
8
8
3
32
994
321
3
2
3
6
3
802
566
9
10
26
12
5
34
934
382
1
0
2
2
3
722
603
8
10
11
12
17
22
872
441
1
1
0
0
1
670
669
10
5
6
0
9
14
837
499
2
3
3
2
0
608
721
18
14
9
12
10
12
778
542
1
2
3
3
1
537
788
13
9
10
6
5
10
735
586
1
3
3
2
2
459
868
7
4
7
8
8
9
702
632
3
2
2
3
2
380
966
6
12
10
0
13
8
661
685
2
3
2
2
1
269
1054
5
13
5
8
5
12
591
736
1
1
0
1
3
143
1179
10
8
7
7
7
9
552
783
1
4
4
1
2
74
1243
23
13
5
10
11
7
503
818
2
2
0
1
2
45
1251
28
8
9
0
7
11
461
858
1
2
4
4
2
30
1261
43
3
3
4
7
7
433
901
2
2
3
1
2
27
1256
67
5
10
8
14
11
392
945
2
3
2
1
3
12
1227
89
9
6
4
11
15
332
995
1
0
2
3
1
4
1210
132
10
8
0
6
6
291
1045
1
2
2
1
0
3
1187
148
10
13
8
10
8
254
1072
4
2
3
2
1
2
1141
178
10
10
9
8
12
221
1092
0
0
1
1
2
1
1100
218
12
5
6
7
8
197
1130
2
3
0
1
2
1
1069
263
6
8
0
7
10
157
1174
2
3
0
0
3
4
1021
300
14
8
10
6
9
115
1204
9
0
1
0
1
0
983
352
6
4
4
8
10
88
1173
84
1
1
3
2
3
940
398
8
7
4
9
8
63
1094
188
3
4
2
2
4
880
443
4
7
0
9
17
54
1018
252
1
2
2
0
1
835
486
6
6
5
6
9
37
983
308
1
2
2
4
1
790
540
5
7
10
7
7
34
930
372
3
3
2
1
1
729
596
9
10
14
9
12
23
881
432
1
4
4
0
0
682
658
11
9
0
7
7
8
846
487
3
4
2
2
3
618
727
9
5
5
11
5
7
805
545
3
1
3
4
3
554
781
9
6
7
13
12
15
740
577
0
0
0
1
1
478
837
10
6
8
8
9
9
703
623
1
2
1
2
2
399
940
8
4
0
9
10
2
653
674
0
2
2
3
2
294
1031
12
12
7
8
10
8
593
735
1
0
1
1
2
162
1164
15
9
10
5
5
4
561
778
2
2
2
2
0
71
1256
19
8
12
15
6
7
531
828
3
3
2
5
3
47
1268
30
9
0
14
12
10
466
857
4
2
1
1
0
30
1258
39
10
12
6
6
7
440
887
2
2
0
2
1
28
1248
60
9
11
8
6
7
393
934
2
2
3
2
2
15
1216
90
10
8
6
11
7
338
984
4
3
3
2
1
6
1212
121
8
0
9
10
9
297
1043
2
0
1
0
0
2
1195
148
10
7
8
9
7
268
1081
3
5
4
5
3
1
1159
176
11
9
11
8
13
224
1096
2
3
2
1
3
1
1109
214
11
14
7
11
8
197
1127
1
2
3
2
2
1
1081
252
8
0
8
10
8
155
1168
4
2
1
2
2
1
1025
292
9
3
8
8
12
123
1199
5
2
0
2
3
2
988
341
5
9
8
5
4
89
1179
66
1
1
1
2
1
946
395
8
6
5
8
9
77
1101
173
3
1
4
5
2
907
426
11
0
11
12
13
52
1032
240
0
1
2
1
3
846
477
7
11
5
6
6
39
988
298
3
2
2
2
4
796
528
9
8
4
7
7
32
938
359
2
0
1
3
2
739
584
12
12
7
9
12
25
890
419
2
2
4
0
1
690
643
11
0
9
14
14
12
846
477
2
1
0
1
1
634
703
3
6
7
7
3
8
808
535
1
1
1
0
1
568
767
14
12
10
8
12
10
751
573
4
4
1
2
2
499
831
6
4
5
4
3
6
712
615
1
2
2
3
3
418
918
8
0
9
5
11
11
664
664
4
1
0
1
2
314
1013
7
7
6
14
8
10
604
721
1
2
3
1
1
190
1130
12
7
13
8
4
9
565
771
1
3
2
2
3
86
1239
17
4
5
4
4
6
525
819
2
1
2
3
0
52
1260
30
0
10
8
10
3
475
853
3
2
3
3
2
38
1255
38
9
7
5
5
3
444
880
1
2
4
2
2
27
1253
56
9
5
10
7
6
411
930
5
6
3
4
3
19
1259
86
10
7
11
24
11
378
974
1
1
1
1
1
7
1216
104
0
11
9
12
5
313
1016
3
3
3
1
3
3
1200
140
15
12
12
7
7
269
1068
3
1
1
0
1
0
1159
170
8
13
8
10
12
232
1093
2
3
0
1
4
4
1118
207
5
4
6
7
8
203
1121
3
2
3
3
3
4
1088
246
0
9
9
7
7
169
1170
1
1
1
4
2
2
1059
293
6
11
12
8
12
138
1206
3
3
2
3
1
4
991
328
6
9
8
10
5
97
1187
45
2
1
1
2
1
953
377
7
11
14
9
7
70
1113
152
1
1
0
3
3
912
419
0
12
9
5
6
60
1040
228
1
0
0
0
1
856
468
4
5
6
6
6
37
1004
287
1
5
4
0
1
814
525
4
9
9
6
4
29
967
347
1
3
4
3
1
773
589
12
6
8
18
9
27
920
404
2
3
3
2
2
702
620
0
8
4
7
6
17
847
465
1
3
1
1
0
645
689
7
9
8
5
9
11
815
522
2
1
2
1
3
579
757
9
8
6
6
7
10
761
565
3
2
2
4
2
508
811
7
8
14
12
6
10
714
611
1
0
3
4
1
429
901
0
4
9
6
7
8
676
655
4
3
2
2
2
340
1004
8
8
8
10
8
7
637
707
0
2
1
0
3
216
1108
8
9
8
5
11
7
572
758
4
1
1
0
1
93
1231
17
8
11
10
4
8
534
805
2
5
2
1
0
58
1256
0
8
6
12
8
7
478
842
3
1
2
2
4
38
1245
46
8
9
3
8
10
442
874
4
3
2
2
1
27
1249
53
7
8
8
2
4
414
919
1
3
4
5
3
23
1249
75
5
9
11
10
10
370
965
3
2
0
2
2
9
1214
0
4
9
7
10
10
310
1011
1
1
1
1
2
2
1197
129
16
8
10
2
6
274
1061
0
1
0
2
4
2
1165
163
7
10
6
9
10
236
1093
0
0
1
2
2
1
1124
196
11
10
10
9
8
198
1118
2
4
2
3
1
3
1081
0
5
6
4
5
7
177
1152
1
3
2
4
2
5
1059
280
9
5
17
7
7
142
1187
0
1
1
3
1
3
995
327
6
8
13
13
11
103
1193
32
2
2
0
1
0
968
367
15
9
6
10
8
75
1137
134
2
2
2
0
0
920
0
5
4
4
7
8
60
1066
224
2
3
4
6
4
860
469
12
5
10
10
15
47
997
281
1
1
0
1
0
804
513
6
11
11
10
5
28
961
338
3
4
4
3
2
767
566
7
9
7
15
10
26
911
397
3
2
2
1
1
707
0
13
15
10
13
9
19
858
458
0
1
2
1
2
654
686
8
13
9
6
3
10
822
515
3
4
2
1
0
593
755
11
9
8
5
6
4
795
564
3
3
1
3
4
528
812
12
8
13
13
9
10
721
608
1
2
1
2
5
444
0
9
12
6
9
8
6
679
645
3
4
3
1
3
353
975
6
10
7
11
8
4
626
700
2
2
0
2
2
237
1081
9
5
13
10
8
13
579
751
1
3
4
3
3
109
1220
16
4
3
9
6
9
548
801
0
2
0
0
2
59
0
26
8
10
7
8
5
507
847
2
0
4
5
3
40
1266
38
14
16
15
15
12
452
879
0
4
2
2
1
28
1253
55
7
5
8
7
6
412
913
3
2
4
3
2
22
1241
69
8
8
7
10
10
375
953
2
3
2
3
4
11
0
95
9
12
11
10
12
319
1007
1
1
4
0
2
2
1210
128
8
9
7
5
6
288
1053
1
1
1
2
0
2
1178
165
7
8
12
10
5
246
1102
1
4
3
2
3
4
1138
195
14
13
8
11
13
201
1123
1
1
3
2
2
2
0
228
8
7
9
10
10
181
1139
1
1
4
3
1
4
1054
273
9
9
8
6
6
142
1183
2
4
1
3
0
3
1006
311
12
11
6
12
12
106
1200
22
2
3
3
1
1
972
359
4
8
8
8
12
79
1145
117
2
3
3
2
2
0
414
10
9
8
14
9
57
1086
212
3
1
1
0
1
875
458
8
10
14
12
14
50
1004
273
2
0
2
3
2
819
507
8
12
11
5
10
31
966
323
4
1
2
4
2
770
556
3
6
11
8
6
27
923
384
1
2
2
2
0
0
610
10
10
6
7
9
23
873
443
1
2
1
1
1
660
668
11
7
10
12
12
12
819
497
2
3
2
3
2
593
729
5
6
6
6
3
5
776
548
2
3
2
4
3
533
782
10
16
16
12
5
8
719
594
3
2
0
2
2
0
861
7
7
2
6
7
4
687
635
2
3
4
2
1
365
970
5
7
7
8
5
6
652
684
5
1
2
3
3
255
1071
6
10
10
5
10
10
591
730
3
0
1
3
2
127
1180
13
4
11
7
5
9
537
782
2
2
0
1
1
0
1238
25
13
7
11
9
6
497
826
3
5
5
2
1
41
1252
27
13
8
6
10
7
450
863
2
1
0
1
1
31
1251
52
8
7
10
8
2
425
897
2
4
3
3
2
23
1249
70
8
8
10
8
9
394
965
2
3
4
3
5
0
1292
98
6
7
7
26
14
379
995
1
1
1
4
3
5
1201
117
10
7
10
6
5
293
1025
2
0
2
2
2
0
1172
147
8
13
13
15
12
247
1069
1
1
3
1
0
0
1134
179
12
8
10
9
11
208
1097
1
3
3
2
2
0
1101
227
8
8
6
3
5
192
1139
3
6
5
3
3
2
1077
273
6
10
8
10
3
154
1219
3
4
3
5
6
5
1090
316
4
4
7
17
23
141
1214
15
4
4
3
0
3
965
349
13
9
9
14
11
89
1144
88
0
1
1
0
0
925
391
10
11
11
8
6
62
1074
189
3
0
1
0
2
878
435
7
11
4
8
11
49
1012
253
2
0
1
2
3
833
490
3
5
7
6
9
41
983
309
2
3
2
0
1
792
551
6
9
3
7
11
28
970
381
6
6
4
2
0
778
623
6
6
5
21
18
31
907
429
2
2
0
1
0
672
648
9
7
7
8
9
12
826
486
2
1
1
1
1
613
711
10
9
12
13
10
11
780
541
4
3
2
2
0
541
774
12
9
7
9
8
5
733
583
2
2
2
3
0
466
852
12
4
8
9
5
5
696
629
3
3
3
5
3
387
946
9
7
7
7
8
9
662
684
3
6
4
3
4
298
1089
12
8
8
20
21
18
624
723
4
2
4
3
3
156
1163
14
13
8
9
8
4
546
772
1
1
1
1
0
73
1236
22
8
7
9
16
13
512
813
2
3
3
3
2
47
1243
32
8
11
9
6
14
454
865
1
0
0
1
1
29
1245
43
10
7
9
13
10
427
891
1
1
3
1
3
26
1241
59
3
6
11
11
6
396
933
4
4
5
2
0
15
1253
94
12
9
20
18
9
356
980
1
4
6
3
0
4
1200
116
10
12
4
10
12
295
1019
2
1
2
1
2
1
1172
139
14
8
4
6
6
250
1065
2
2
1
4
4
2
1135
180
5
5
2
5
5
213
1098
1
2
3
3
0
0
1100
214
7
6
5
7
10
185
1127
1
3
2
0
1
3
1066
256
4
8
8
8
8
161
1164
5
2
4
3
2
5
1031
304
9
6
13
9
17
126
1199
8
1
1
0
0
2
976
341
8
5
5
5
8
91
1156
71
0
0
0
0
2
932
388
5
11
8
7
8
66
1087
171
2
3
3
2
2
885
438
3
5
4
5
5
47
1028
252
1
2
2
2
1
835
480
12
7
9
12
9
43
971
306
1
3
2
2
2
786
535
6
7
7
8
5
27
939
360
2
3
2
0
1
742
591
6
6
9
8
9
21
890
416
2
3
2
1
2
679
636
9
7
8
8
7
15
825
482
0
0
1
3
0
620
701
9
4
4
8
11
7
786
534
3
3
1
1
1
552
775
5
5
5
7
7
8
750
579
1
2
3
0
1
480
842
6
15
16
11
12
9
689
624
1
3
2
1
2
401
920
9
7
12
8
5
7
660
663
2
3
3
2
4
299
1033
9
7
11
12
3
6
608
717
2
1
2
0
1
175
1133
10
9
7
5
8
12
549
770
1
0
1
0
1
79
1232
16
6
7
7
9
10
513
811
2
3
3
2
1
49
1255
26
6
6
10
8
6
474
859
0
2
1
3
1
31
1251
41
14
12
14
7
9
427
887
1
2
1
2
2
27
1240
64
11
6
2
6
9
401
925
2
1
3
0
0
21
1234
83
7
11
8
13
6
356
967
2
1
1
2
1
5
1200
111
11
9
11
6
6
303
1014
0
0
1
1
0
0
1179
144
12
17
6
8
8
258
1061
4
4
4
3
3
2
1151
176
5
4
3
11
9
225
1104
2
0
2
0
1
1
1105
211
14
11
11
12
11
189
1121
1
2
3
2
2
2
1065
254
6
5
1
8
5
162
1160
3
1
2
4
6
3
1031
299
6
7
7
11
9
132
1190
4
1
0
2
2
0
982
331
10
11
6
5
9
101
1167
54
2
1
0
1
2
947
372
11
18
11
3
8
64
1100
155
4
3
3
3
2
895
425
4
4
5
5
8
52
1037
240
2
2
2
2
3
842
476
9
12
12
14
5
46
976
298
1
2
2
2
3
793
531
4
7
10
10
7
28
949
349
3
3
0
4
5
750
582
6
6
7
12
10
23
903
405
3
1
4
3
3
692
632
6
8
7
9
11
12
841
468
2
1
2
4
0
637
688
10
9
6
6
9
8
789
525
1
1
1
2
3
567
755
9
5
2
6
11
8
754
570
2
2
0
3
2
501
812
9
11
12
13
12
6
700
615
2
1
1
1
1
413
913
9
8
8
4
9
7
665
656
2
5
3
4
4
322
1015
8
11
8
12
10
10
626
708
2
2
4
5
4
202
1125
18
14
9
5
9
5
575
751
4
4
0
2
1
90
1218
11
8
8
4
8
11
518
801
0
0
2
1
1
54
1244
30
4
7
5
7
7
478
843
3
1
2
2
2
34
1245
39
9
6
6
7
8
438
878
0
0
0
2
3
27
1249
54
5
5
9
7
8
414
919
3
4
0
2
2
22
1240
85
4
13
6
8
14
378
990
2
3
1
1
3
15
1298
104
7
8
7
27
12
360
1014
2
1
3
2
6
5
1180
129
7
5
11
6
5
272
1042
1
1
1
1
1
1
1154
159
11
10
12
13
9
233
1089
1
0
0
3
1
1
1119
196
6
8
8
10
9
199
1117
1
0
2
2
4
4
1077
249
7
8
5
12
4
168
1160
2
3
4
5
2
4
1060
296
11
12
10
9
3
145
1233
4
4
4
3
5
4
1057
338
7
8
8
17
25
121
1203
37
1
0
0
2
4
951
361
8
12
7
10
8
81
1103
136
2
1
0
1
0
901
411
8
7
9
9
8
53
1044
222
2
0
1
2
1
851
468
6
8
5
8
9
44
993
280
3
0
3
2
4
807
513
7
9
8
10
8
32
963
340
7
0
3
3
3
761
587
10
16
12
7
8
18
955
406
4
2
3
3
3
747
655
8
8
12
22
12
31
885
454
4
4
4
4
2
643
677
11
10
6
7
8
14
800
513
0
0
2
2
1
580
737
8
8
13
11
10
11
757
557
1
0
0
2
1
513
799
7
8
10
6
6
11
709
605
2
1
1
2
1
432
891
10
7
7
11
9
5
672
653
2
2
0
1
2
339
989
10
2
2
3
9
4
636
707
3
5
2
5
2
235
1150
11
8
7
26
13
18
610
738
4
0
2
1
2
106
1206
17
10
11
9
9
5
524
791
1
2
2
2
1
60
1237
29
9
8
9
8
5
482
836
1
2
1
3
1
40
1236
38
7
10
5
3
8
436
874
1
1
1
2
3
25
1241
50
10
13
7
5
7
409
911
1
0
3
4
2
21
1232
79
13
6
8
7
2
377
952
2
2
4
5
6
16
1254
110
5
6
19
23
11
336
1001
4
5
2
2
0
3
1191
128
12
7
8
1
9
277
1040
1
3
1
1
2
0
1162
157
12
10
11
4
7
237
1084
4
0
0
1
1
2
1121
192
6
6
6
10
7
199
1109
1
2
3
1
0
3
1071
231
13
10
9
5
8
163
1142
4
0
1
3
3
5
1044
281
3
3
6
12
6
145
1179
2
3
1
3
3
3
1013
330
12
11
20
10
14
118
1190
27
0
2
2
1
0
955
361
10
8
8
13
11
81
1123
119
1
1
1
0
2
916
409
8
11
9
8
11
58
1053
210
4
3
0
2
1
858
464
4
5
6
6
8
40
1004
281
4
1
1
1
1
815
499
11
12
14
11
7
33
953
333
0
4
3
2
1
766
557
5
8
8
3
6
25
918
387
4
1
2
2
2
716
622
6
9
9
12
11
20
875
441
2
0
0
1
2
649
663
9
6
8
6
9
13
809
500
2
1
1
2
1
590
730
14
9
8
9
7
5
769
550
0
1
3
1
4
523
802
4
3
7
4
7
6
725
604
3
1
2
3
0
445
869
8
20
15
9
13
7
665
648
0
3
3
3
3
357
966
10
7
9
5
7
7
637
691
3
2
1
3
3
246
1088
6
8
10
8
11
10
594
737
0
1
1
2
0
119
1192
11
9
5
8
7
9
535
786
1
2
2
2
2
66
1241
19
6
6
4
4
6
491
831
2
1
3
3
3
39
1257
38
5
5
11
10
12
451
881
2
2
2
3
2
26
1247
50
12
8
10
9
13
410
902
0
1
2
3
0
20
1228
75
9
5
5
5
6
377
947
0
3
3
2
3
15
1229
90
8
10
11
8
13
342
986
3
3
1
1
1
3
1193
124
9
4
7
9
10
280
1034
1
0
0
1
1
1
1165
156
6
6
9
7
7
236
1083
0
4
0
0
2
2
1137
184
4
3
4
10
3
215
1117
3
2
3
3
2
3
1087
228
13
14
14
11
10
166
1139
0
2
3
3
3
2
1053
269
8
3
2
6
5
143
1180
3
2
3
6
7
2
1015
317
9
10
14
8
10
119
1194
0
1
1
3
2
2
965
349
8
5
9
9
6
84
1142
98
1
2
1
1
0
922
398
9
9
14
8
9
63
1064
198
1
3
4
3
4
869
455
9
9
8
5
6
44
1012
275
1
3
3
4
3
818
496
6
15
8
8
14
36
957
0
1
2
2
0
3
771
552
11
7
4
6
4
20
932
373
3
2
1
3
3
729
607
8
8
7
7
11
19
883
435
1
3
3
1
0
667
662
10
8
14
11
11
20
820
493
3
2
1
2
0
605
714
8
6
5
5
10
8
782
0
1
2
1
0
2
537
784
5
6
5
4
7
6
731
595
3
3
2
0
2
455
860
11
13
11
10
6
11
676
638
5
2
1
2
2
375
950
9
6
7
6
8
10
646
679
0
1
4
4
3
269
1070
9
9
5
3
3
10
609
0
2
2
3
3
2
148
1185
13
12
8
7
11
10
570
772
2
3
3
2
2
74
1231
16
8
6
7
7
7
500
817
1
0
1
1
1
44
1253
35
14
10
6
8
7
448
872
3
1
0
1
1
28
1244
50
12
7
9
11
11
418
0
1
2
1
1
2
21
1236
70
9
8
8
8
2
378
942
2
3
3
3
3
16
1233
93
6
7
13
7
11
364
1003
5
5
2
2
3
9
1278
118
4
9
4
20
16
337
1035
3
2
3
3
4
3
1169
145
16
13
9
7
5
263
0
1
1
2
1
0
1
1140
179
11
14
9
10
7
216
1099
0
1
2
2
2
0
1094
217
9
10
8
7
9
180
1130
0
4
4
1
1
2
1062
265
9
10
10
8
8
154
1174
3
2
1
2
4
4
1035
309
15
15
11
12
10
125
0
14
7
5
3
3
3
1051
362
9
8
10
20
18
120
1181
78
3
1
5
4
4
927
390
14
13
14
8
12
68
1077
177
2
1
1
0
0
884
434
10
8
10
4
12
51
1016
259
0
1
0
0
1
832
487
8
10
9
8
13
44
0
311
3
2
1
3
6
783
543
8
5
6
10
13
27
939
366
4
2
0
1
4
736
610
11
14
12
6
9
14
918
434
2
3
2
3
3
720
679
6
7
9
17
15
35
854
478
5
2
2
2
2
615
710
16
6
10
10
8
11
0
536
2
1
0
3
2
547
775
11
11
10
16
8
8
734
585
0
0
1
0
0
476
843
16
11
9
10
7
5
688
628
1
3
1
2
4
393
927
16
14
11
10
7
10
659
668
3
3
3
2
2
286
1043
9
6
6
6
4
12
0
725
3
4
5
2
3
184
1197
9
4
10
23
16
18
578
766
3
3
2
3
5
81
1229
24
12
5
5
6
9
512
810
2
2
2
4
5
49
1249
36
10
14
9
10
10
457
866
1
2
1
0
1
29
1241
47
16
12
14
10
9
0
887
3
2
2
2
2
22
1233
68
9
10
10
5
13
391
928
3
2
4
2
2
19
1234
89
8
7
11
5
5
360
981
0
3
4
5
5
12
1237
125
10
8
25
12
12
316
1022
5
3
3
3
1
3
1176
145
9
12
10
5
7
0
1062
2
2
1
1
1
1
1148
177
10
11
9
9
8
220
1101
2
2
2
3
1
2
1113
211
4
4
8
7
5
181
1142
2
3
1
0
0
0
1060
248
14
11
10
8
8
147
1163
5
3
4
2
2
2
1018
305
6
10
7
6
7
0
1196
10
5
3
2
4
4
996
346
10
8
10
9
8
105
1170
65
4
3
2
2
2
940
386
9
3
3
9
6
74
1094
165
1
3
3
2
0
907
435
6
13
10
8
8
51
1043
250
2
2
0
1
3
847
493
6
8
8
9
6
0
994
318
1
1
1
2
2
790
538
6
11
10
10
12
29
930
368
2
3
2
2
2
740
579
13
10
12
7
5
19
894
414
4
3
2
3
4
691
643
8
11
14
10
6
17
846
475
2
2
1
2
1
629
696
7
16
5
5
9
0
798
529
1
2
1
0
3
568
776
10
12
9
8
11
10
760
583
3
2
1
0
1
495
851
7
11
9
6
9
4
719
639
4
1
3
3
2
409
921
15
10
12
13
10
11
648
673
3
1
2
0
1
312
1018
5
7
6
5
7
0
610
719
1
0
1
3
4
193
1138
9
7
8
8
5
11
566
765
1
2
3
2
3
87
1229
13
7
5
7
10
8
518
814
2
3
3
1
2
56
1263
27
7
8
12
9
11
478
865
3
2
3
2
1
31
1280
43
9
7
8
11
0
440
924
1
2
1
1
1
24
1264
58
10
5
18
12
10
389
943
1
2
2
0
1
17
1231
80
5
8
8
11
6
357
969
3
3
1
2
1
12
1211
109
10
11
6
8
10
313
1009
0
1
2
2
2
2
1180
141
9
7
7
8
0
263
1061
3
2
1
1
2
3
1163
170
5
5
7
11
12
227
1107
2
0
2
2
0
2
1138
212
9
7
7
10
8
188
1162
2
2
1
1
2
3
1090
251
9
12
7
15
3
159
1172
1
1
3
2
1
2
1034
293
11
8
7
6
0
134
1189
7
2
1
2
1
0
998
335
8
8
11
10
10
103
1183
48
1
1
2
4
2
950
373
7
11
8
7
7
76
1107
150
0
1
2
1
0
914
421
9
11
10
13
8
57
1050
236
4
1
1
3
2
859
490
5
5
6
11
0
43
1011
306
1
2
1
2
1
811
527
17
10
13
15
18
27
941
361
1
2
2
2
2
756
572
6
11
10
10
8
16
907
407
5
3
1
4
3
698
637
7
8
11
8
5
13
856
464
3
3
2
4
4
642
686
7
4
3
7
0
13
802
519
3
4
3
1
1
581
754
9
11
11
9
11
11
766
575
2
1
0
3
3
509
831
3
8
9
10
8
8
722
625
1
2
2
1
3
429
903
10
15
11
11
13
13
654
670
1
1
2
3
3
334
994
9
6
7
7
0
7
615
711
4
4
2
1
4
216
1112
11
8
