524
8
5
5
7
9
19
928
381
4
7
5
4
10
742
558
12
16
9
13
13
18
851
414
6
4
7
6
7
669
608
14
11
16
14
8
16
797
464
4
5
5
3
5
610
662
9
5
4
5
7
12
758
514
9
7
4
9
6
0
733
8
10
9
10
12
10
713
574
8
9
9
8
5
492
807
11
10
14
14
9
11
680
636
10
7
12
11
12
416
907
8
6
3
7
8
10
636
692
4
7
4
7
7
310
995
10
11
14
14
12
20
564
720
7
7
2
9
7
0
1096
12
13
7
7
6
10
521
741
5
5
6
4
5
91
1168
20
6
8
9
6
9
482
780
3
3
4
6
4
62
1178
25
7
9
6
9
10
439
833
5
9
14
6
7
41
1200
49
16
9
11
12
14
402
897
8
15
12
14
10
0
1217
60
4
9
12
12
10
365
949
7
8
6
8
7
22
1199
84
10
11
6
11
7
324
948
5
4
8
5
5
9
1156
107
12
10
12
7
11
286
979
4
4
7
8
6
5
1124
137
9
8
8
7
6
261
1009
5
6
3
2
5
0
1099
166
8
6
10
15
6
209
1060
7
6
8
9
5
8
1080
202
9
12
12
8
8
180
1124
8
11
7
9
9
9
1061
242
9
15
9
12
10
143
1175
6
7
10
7
6
7
1018
272
11
10
9
12
5
113
1159
11
9
8
10
14
0
950
317
8
8
10
5
7
89
1118
64
4
8
7
4
6
905
356
7
6
10
9
9
69
1047
153
7
3
4
2
7
858
406
8
9
10
11
8
56
995
227
6
6
6
5
7
833
452
10
14
16
11
11
39
963
296
8
7
5
8
0
794
510
10
13
9
11
10
21
931
370
6
4
9
11
8
746
549
15
11
16
9
16
16
868
413
10
8
8
7
10
680
595
5
4
13
8
7
15
808
455
3
4
7
8
2
620
647
6
7
5
7
9
11
760
502
7
4
5
3
0
550
715
5
5
10
10
12
9
714
553
5
4
5
4
8
493
790
8
10
9
9
9
14
682
618
12
12
10
14
12
429
890
17
11
10
10
10
10
641
674
8
5
12
11
9
327
980
16
7
10
10
8
9
581
717
5
5
7
6
0
199
1079
14
5
7
9
13
12
531
742
5
7
7
8
3
101
1152
24
8
6
6
10
11
494
773
2
3
5
5
6
66
1186
20
9
7
7
13
13
448
828
9
9
9
5
14
44
1205
45
5
14
10
11
13
417
888
8
11
16
9
0
29
1229
68
10
10
9
7
9
372
947
6
5
5
3
4
24
1214
74
4
9
7
4
8
331
967
7
9
11
12
12
15
1173
105
11
14
7
6
8
283
982
6
5
5
8
6
11
1131
132
8
9
8
9
4
259
1004
2
3
4
6
0
3
1098
166
6
11
10
10
8
230
1035
9
4
9
7
12
12
1089
198
12
8
7
8
7
179
1114
8
4
9
7
8
8
1069
231
5
11
10
10
14
147
1168
10
7
6
9
8
4
1042
279
9
9
9
7
8
116
1205
5
7
4
4
0
9
988
312
12
15
11
12
5
90
1147
54
8
10
4
10
8
923
342
8
9
7
16
6
70
1059
141
7
8
7
7
8
865
398
6
8
6
10
13
57
998
219
9
2
8
13
8
844
440
14
11
15
15
12
37
980
296
11
9
7
0
12
814
500
9
7
11
5
6
24
948
361
5
8
8
13
8
763
558
3
8
7
3
7
13
898
414
8
9
7
4
4
709
594
7
11
11
10
10
16
820
456
9
7
9
12
9
633
640
9
11
10
11
6
9
766
495
9
6
6
0
5
566
704
6
12
11
9
9
7
722
544
7
11
13
11
13
508
778
14
12
9
15
23
10
687
613
10
8
10
9
6
442
872
10
12
12
9
9
12
649
672
11
4
6
7
5
352
977
7
7
6
7
6
6
610
716
6
2
7
0
10
225
1080
10
7
10
10
12
14
539
744
5
5
5
6
8
111
1149
13
6
7
10
8
8
497
768
8
12
5
6
7
76
1177
21
7
9
12
13
9
456
820
6
7
9
9
6
50
1210
37
13
9
9
12
14
422
887
6
9
4
0
4
29
1233
54
5
4
8
8
13
385
937
7
5
5
6
12
27
1235
83
6
8
9
7
8
355
978
6
5
9
9
7
15
1202
99
6
7
15
10
10
295
982
13
6
7
6
10
11
1142
128
8
8
7
9
9
263
1004
7
8
7
0
7
9
1103
160
11
10
9
6
13
226
1044
7
7
7
8
7
10
1095
188
9
13
10
11
12
188
1108
6
3
6
8
5
8
1077
226
9
6
5
11
7
157
1158
9
7
7
6
3
6
1053
267
11
13
8
5
9
124
1212
6
2
4
0
4
6
996
304
8
10
9
11
14
91
1159
41
8
11
10
8
10
933
341
10
10
6
5
7
73
1076
122
8
6
6
6
11
878
392
9
4
9
9
9
62
1015
206
13
10
7
5
8
847
427
7
9
10
8
12
41
979
278
11
7
0
8
7
815
485
11
11
15
11
8
22
946
349
7
6
6
7
10
767
548
8
6
5
2
4
15
901
416
9
5
8
9
5
722
582
4
8
9
10
10
13
829
450
6
7
5
5
7
644
630
8
7
12
11
12
11
776
491
8
12
0
6
5
575
690
10
3
8
8
4
8
734
538
11
6
7
8
8
516
763
11
10
8
7
6
15
684
599
5
6
8
6
4
451
854
15
13
13
9
12
7
645
664
7
6
4
10
8
363
951
5
3
6
9
9
7
615
714
8
5
0
10
8
256
1060
12
8
11
9
13
12
550
737
7
9
5
8
4
123
1146
15
9
8
12
9
8
503
761
10
9
5
9
6
79
1175
16
9
6
7
12
5
461
798
7
5
6
7
5
50
1191
28
6
8
7
8
10
423
845
9
9
0
9
5
35
1199
50
7
7
9
7
10
387
907
7
3
6
6
10
25
1218
70
8
8
7
8
8
350
965
5
3
6
5
5
18
1191
94
9
13
13
11
11
308
974
8
5
10
7
7
12
1147
121
13
7
8
9
10
274
993
6
6
0
9
3
6
1115
150
9
4
6
8
6
241
1024
2
3
2
4
5
5
1083
184
3
4
4
6
9
204
1062
6
11
9
9
11
9
1055
219
12
11
14
10
16
157
1134
9
7
4
6
9
9
1041
257
8
5
6
8
8
124
1188
4
4
0
8
8
5
995
297
13
12
11
10
12
100
1156
26
7
5
11
6
7
934
331
12
9
12
12
10
78
1084
101
7
7
8
5
7
884
383
4
8
12
6
4
58
1029
184
4
4
2
3
5
841
424
7
5
5
5
8
49
972
260
9
0
6
5
10
811
471
9
10
5
8
13
36
947
336
6
9
7
8
11
777
533
15
14
15
18
13
19
910
395
7
5
9
10
9
723
578
14
10
14
11
11
21
839
439
6
9
10
9
7
662
624
11
9
9
8
10
10
784
484
6
0
8
4
7
584
687
11
9
6
10
9
4
736
528
5
5
7
4
4
519
751
7
6
4
9
8
7
694
575
9
3
9
7
6
458
822
8
12
14
11
8
5
651
645
6
9
7
8
5
384
916
7
9
6
10
12
8
613
698
3
0
4
8
8
273
1032
8
10
9
9
10
12
560
742
4
5
8
8
4
148
1138
13
9
9
9
7
15
510
767
9
8
15
12
10
84
1174
18
10
11
6
5
6
467
796
8
7
5
4
3
54
1185
30
7
9
13
9
11
433
841
7
0
11
10
5
34
1210
44
12
12
16
9
11
395
905
7
6
10
7
7
21
1222
69
10
8
11
13
10
360
957
6
5
6
7
5
21
1202
89
8
10
7
9
8
315
979
11
7
5
8
6
12
1160
120
13
9
6
11
10
272
1000
8
0
9
8
1
9
1120
154
6
9
8
11
8
245
1022
5
7
9
13
10
5
1088
180
10
10
11
9
9
203
1068
9
7
10
6
9
8
1072
214
11
13
14
11
12
160
1131
6
6
5
10
9
7
1055
248
13
9
9
12
9
130
1184
5
0
9
7
6
7
1016
295
9
11
11
8
5
102
1197
20
7
4
6
9
9
959
331
10
9
5
10
10
74
1108
94
11
9
8
10
14
897
369
8
11
5
5
9
59
1039
179
9
10
7
12
11
848
415
6
9
11
10
11
49
979
255
0
9
8
7
7
830
462
12
10
10
8
11
30
952
323
9
9
3
4
5
786
517
9
11
12
8
8
22
919
383
10
9
9
9
8
745
579
5
9
5
9
11
13
880
440
9
4
6
8
6
679
632
14
10
11
7
10
14
804
480
0
4
9
11
4
607
673
10
8
8
7
11
9
749
525
8
7
9
9
9
537
736
7
7
9
11
6
12
705
570
10
4
5
3
6
474
826
13
10
14
16
9
10
662
639
8
4
9
5
8
405
903
8
5
7
9
7
4
626
693
0
6
5
6
6
304
1024
3
5
6
9
6
6
584
745
2
3
5
6
8
165
1144
16
8
12
11
11
12
515
770
3
4
5
4
5
91
1180
20
9
10
5
8
7
482
793
8
6
9
9
11
54
1193
24
8
11
12
10
11
434
847
0
8
7
4
5
40
1215
46
13
12
15
11
11
401
906
5
4
3
8
7
24
1224
69
4
3
5
9
11
364
957
5
8
7
4
9
21
1223
90
5
5
3
8
4
330
998
7
7
7
5
3
9
1195
108
11
8
7
8
10
279
1003
0
8
4
4
5
8
1136
136
11
9
7
8
8
242
1022
8
10
6
6
7
6
1092
176
5
7
8
10
9
212
1068
5
7
5
5
6
4
1079
206
4
9
9
8
10
164
1126
9
8
5
5
6
5
1056
246
9
6
9
8
10
139
1174
0
7
11
9
11
7
1024
300
6
6
8
5
4
107
1220
10
4
8
5
5
4
986
330
9
12
9
9
12
84
1131
79
6
4
4
8
8
908
367
10
9
9
10
8
61
1052
163
7
9
12
6
6
862
405
13
11
8
9
13
55
992
0
10
11
7
6
6
827
456
10
7
11
8
9
36
956
310
8
6
5
7
4
797
508
13
10
8
15
13
23
923
376
4
10
6
8
5
752
565
5
9
5
5
4
14
895
430
6
5
1
6
7
692
621
4
10
9
9
10
11
807
0
8
4
6
6
5
619
655
8
7
7
8
8
12
753
514
8
6
8
7
8
551
720
9
10
9
9
9
6
711
563
6
6
7
6
6
488
789
6
11
13
7
8
5
665
624
4
6
11
7
7
414
888
15
9
8
11
8
13
629
0
5
7
7
11
9
316
999
5
6
7
5
7
5
592
730
4
5
8
8
9
193
1114
7
9
7
11
8
8
519
763
3
5
4
3
4
94
1172
10
12
16
7
11
9
487
784
6
7
6
6
10
65
1189
23
6
7
10
5
9
450
0
6
7
5
6
4
43
1194
36
8
8
7
7
8
411
865
7
5
9
10
6
26
1203
62
10
9
13
12
8
366
933
6
4
11
12
8
24
1206
87
3
4
7
5
7
326
982
7
6
8
8
7
15
1184
111
10
8
12
13
8
288
0
6
7
10
5
8
6
1140
137
8
6
9
11
11
255
1016
8
9
7
6
8
3
1107
166
5
4
10
9
9
224
1042
5
5
6
6
5
10
1075
199
7
5
7
10
7
187
1091
9
6
7
7
7
5
1040
239
9
7
11
10
12
145
0
8
8
7
5
4
10
1032
271
9
8
7
8
11
105
1208
10
9
7
8
9
7
983
315
10
12
5
3
7
83
1139
63
7
5
7
7
5
917
356
10
11
13
11
12
69
1060
155
8
7
7
6
7
870
402
6
8
8
8
3
55
0
225
6
5
5
5
8
829
441
4
3
5
12
13
38
954
289
7
7
6
5
5
792
492
7
12
14
13
12
28
915
361
7
6
9
11
6
757
550
5
8
5
4
5
14
886
419
5
4
8
9
8
699
597
9
7
8
6
6
14
0
466
11
7
5
6
4
629
652
9
7
8
8
5
7
763
512
5
6
7
7
6
566
710
9
5
5
8
8
7
722
546
11
7
5
8
10
489
785
7
7
8
9
10
6
674
604
5
7
6
3
4
427
862
12
8
10
6
10
12
0
668
9
4
3
7
6
335
974
11
7
5
3
6
6
592
722
4
7
7
6
8
217
1092
11
7
10
10
9
13
535
761
8
11
7
10
6
108
1167
16
8
11
6
7
9
488
786
3
7
7
9
6
70
1189
24
11
8
8
8
9
0
821
9
9
8
9
9
47
1196
37
6
8
7
12
6
415
863
7
4
8
9
8
24
1206
54
4
9
9
9
8
378
919
7
12
11
10
8
24
1209
81
9
8
3
8
4
340
978
6
8
5
6
6
18
1199
107
6
9
7
6
13
0
1008
9
2
5
5
9
15
1156
127
11
11
13
9
9
256
1020
7
9
5
5
6
5
1111
160
4
5
8
10
10
232
1041
6
12
7
7
8
6
1078
194
9
5
10
10
5
187
1091
7
5
7
6
2
3
1060
233
12
9
13
9
13
0
1159
8
3
6
8
7
11
1048
280
4
5
8
6
7
113
1216
7
5
9
9
6
4
1016
322
13
9
8
8
13
93
1208
44
4
5
7
4
7
962
369
5
8
14
8
8
65
1094
148
7
7
6
6
8
899
389
7
6
7
9
9
0
1016
216
3
5
7
4
6
852
430
9
6
9
11
6
38
969
290
8
5
9
9
8
820
489
5
11
9
9
6
29
949
357
7
8
7
7
4
775
564
11
10
7
9
7
18
919
421
6
9
6
5
6
725
640
13
11
7
9
7
0
884
477
7
5
5
4
7
663
682
12
9
7
5
6
11
800
511
6
4
4
8
5
585
707
6
10
6
9
7
7
730
554
5
6
2
6
8
510
769
4
9
15
13
10
10
682
604
9
6
5
4
5
444
869
9
10
6
10
9
0
654
668
7
9
8
5
5
355
981
5
10
9
9
8
13
619
727
4
5
3
6
5
243
1111
7
5
8
13
9
9
580
774
2
6
6
3
3
123
1206
14
8
6
6
9
8
508
807
8
7
9
6
9
74
1201
21
8
5
8
3
0
459
831
4
8
7
7
5
48
1208
32
9
8
13
7
9
417
878
5
7
7
8
11
32
1230
60
10
13
10
13
11
385
943
6
5
7
6
4
22
1244
77
13
12
8
4
9
355
992
2
8
3
6
4
13
1244
111
6
5
9
8
0
323
1037
4
4
5
8
5
10
1195
135
11
10
9
8
5
264
1046
5
7
10
6
6
8
1138
153
5
4
5
8
8
230
1055
6
6
6
6
9
2
1096
186
8
8
8
7
14
188
1103
4
3
3
7
6
5
1078
230
8
4
8
12
0
158
1156
7
5
7
8
9
8
1060
272
6
10
8
8
11
116
1217
6
4
6
6
6
4
1020
327
11
6
9
4
6
94
1234
34
7
7
6
7
5
972
357
7
9
10
11
11
75
1115
131
5
7
6
5
7
907
381
10
8
14
10
0
52
1037
205
3
4
6
5
5
857
420
5
10
11
8
5
45
983
273
6
5
3
4
9
818
482
11
11
8
6
7
30
946
345
7
4
6
2
5
782
545
9
9
4
5
7
16
919
409
3
4
5
2
5
729
615
11
8
6
9
0
12
892
460
2
6
5
2
3
667
663
11
10
11
8
5
7
809
501
7
4
8
5
7
596
700
9
6
6
5
11
7
739
545
9
4
6
6
5
521
767
7
14
5
5
6
7
690
596
4
8
9
7
4
455
836
8
11
9
8
0
13
650
652
11
6
6
6
6
374
948
8
8
8
9
10
3
623
713
1
6
10
10
6
263
1080
6
8
11
7
11
6
585
767
2
4
6
8
4
136
1194
13
10
8
9
9
8
513
794
7
9
4
10
7
74
1196
22
6
8
8
0
9
464
819
7
8
5
6
8
49
1204
35
9
9
10
4
8
431
850
6
5
4
5
6
35
1201
49
10
7
6
8
5
389
896
5
7
8
5
3
21
1209
74
14
13
5
8
11
352
968
6
7
8
5
6
16
1228
97
8
9
7
0
7
323
1014
6
5
7
5
3
9
1201
115
3
6
10
9
6
272
1032
8
7
5
3
7
9
1139
149
7
6
11
8
11
240
1045
7
2
3
1
3
7
1105
177
8
7
6
7
9
199
1081
8
5
4
6
7
5
1066
216
7
7
10
0
8
168
1118
6
8
6
7
8
3
1044
257
9
8
5
5
5
130
1191
4
7
7
3
5
4
1021
305
8
6
9
7
6
97
1226
20
5
5
6
5
6
976
343
10
10
9
10
8
76
1121
108
4
9
5
5
6
913
375
6
7
6
0
5
62
1039
189
7
6
4
11
10
866
414
9
6
8
5
5
45
984
259
7
7
4
4
4
816
462
9
7
9
10
8
42
931
324
7
5
8
5
9
779
518
6
6
9
13
8
21
908
392
3
6
4
4
8
742
595
7
9
8
0
5
12
886
449
6
6
3
5
6
682
649
10
10
3
2
7
9
817
495
7
5
5
5
6
617
682
8
6
5
6
8
6
756
533
6
7
8
5
7
539
749
6
14
9
7
8
11
698
585
3
9
8
4
5
466
815
6
8
10
0
11
13
655
634
3
8
8
8
3
388
917
6
11
8
6
7
4
624
700
6
9
4
9
10
287
1044
6
8
10
3
8
8
589
751
5
3
4
7
2
156
1172
12
7
3
8
9
6
529
791
9
8
4
5
6
87
1208
19
6
13
0
7
6
472
816
7
11
10
11
8
58
1206
28
4
10
10
8
12
432
849
6
4
6
8
6
38
1205
41
7
10
9
9
14
400
888
5
3
3
5
10
29
1216
64
6
11
14
8
8
355
968
6
7
6
3
4
18
1228
96
5
6
0
4
10
326
1017
3
1
5
5
3
7
1200
121
5
8
7
8
7
289
1040
4
5
8
7
5
7
1168
148
6
5
10
7
7
250
1053
8
6
4
7
7
7
1117
175
8
9
10
9
8
203
1079
8
5
8
6
11
11
1071
208
4
7
0
5
7
175
1113
5
4
7
5
9
10
1059
248
12
6
11
6
7
138
1188
9
2
5
5
3
6
1032
301
7
6
5
7
6
99
1225
11
2
5
4
2
2
995
346
8
9
4
4
6
85
1172
90
3
3
3
1
1
945
383
6
11
0
8
9
57
1072
184
10
7
8
3
4
885
408
9
8
7
8
6
42
1003
254
11
9
2
7
7
823
461
7
12
15
15
9
32
948
319
6
7
6
7
4
789
522
4
10
8
8
7
21
924
385
4
4
2
7
3
753
579
5
7
0
9
7
11
899
439
4
5
4
2
4
687
666
10
6
6
7
8
8
858
495
4
5
4
3
5
630
709
9
8
8
12
10
4
778
536
4
3
6
8
10
550
742
6
8
5
3
2
2
712
573
8
8
8
4
4
482
801
9
9
0
12
10
5
657
635
7
10
11
7
3
407
906
9
5
6
8
9
11
634
697
4
2
5
4
5
308
1025
5
9
9
6
6
5
600
747
3
4
3
4
2
175
1175
10
6
5
4
9
6
565
796
5
3
3
7
6
92
1230
16
9
0
11
7
10
494
824
5
7
5
6
7
60
1215
26
5
8
6
7
4
442
851
10
9
8
5
4
40
1208
42
9
13
6
7
9
399
894
4
3
3
7
2
29
1226
68
10
4
7
7
6
366
957
3
5
3
2
6
20
1236
91
7
0
3
7
11
342
1005
5
4
5
4
3
8
1225
123
9
3
4
5
4
305
1054
1
3
4
6
3
9
1179
150
13
8
12
12
8
246
1070
7
6
5
9
5
8
1124
167
5
7
10
5
8
206
1076
7
8
10
9
8
7
1087
198
7
0
14
12
9
175
1119
7
3
6
6
6
8
1065
244
11
13
11
7
5
143
1178
4
3
3
3
4
7
1039
295
10
5
4
9
6
112
1226
10
5
2
2
3
1
1000
346
11
8
7
6
6
88
1199
76
4
5
9
8
5
956
381
14
0
8
7
8
65
1089
168
7
5
3
4
8
895
399
7
9
5
6
3
49
1007
242
10
10
8
4
7
836
450
9
10
12
6
8
38
963
305
9
6
9
9
7
798
501
4
4
5
7
7
25
923
372
7
5
4
4
5
763
569
5
0
8
7
10
13
901
431
6
5
3
6
3
703
649
5
8
4
7
8
7
871
487
5
3
5
7
5
638
700
12
4
11
5
10
9
780
528
5
7
4
5
2
570
729
6
7
7
7
3
4
720
564
7
5
5
6
6
495
793
11
0
9
13
6
8
666
619
5
7
9
8
4
419
877
5
5
5
4
6
5
634
676
6
8
3
9
7
328
999
8
11
16
8
7
5
605
733
5
3
2
5
4
194
1145
4
4
5
4
6
6
560
789
6
10
5
1
4
100
1225
17
0
9
9
8
7
498
818
5
7
6
4
8
68
1212
24
3
4
5
4
8
446
841
6
7
8
6
6
49
1211
37
11
9
5
9
5
411
874
8
6
5
2
4
25
1210
52
1
3
6
5
6
373
916
7
10
8
9
9
19
1213
77
0
11
7
6
10
337
984
3
1
4
3
3
11
1215
111
6
13
9
4
4
305
1034
3
3
5
3
3
9
1181
135
8
8
11
8
12
258
1051
2
4
5
6
2
2
1131
160
8
4
4
7
5
217
1069
2
8
6
5
7
8
1090
194
0
3
3
8
9
187
1091
6
5
9
8
5
7
1054
229
5
5
5
7
8
157
1132
6
6
10
5
4
3
1030
273
8
4
7
6
8
112
1202
3
4
6
5
2
2
999
327
6
5
5
7
3
93
1195
57
5
6
6
4
7
952
371
0
4
9
11
3
68
1088
150
4
5
2
1
3
896
398
8
6
10
10
4
53
1020
223
4
5
3
9
7
847
439
11
5
6
7
5
38
961
288
8
10
9
7
5
791
492
7
5
7
6
7
33
916
356
7
4
8
7
7
757
544
0
13
5
12
11
18
890
423
5
7
5
6
6
710
619
6
6
6
6
10
12
860
477
4
5
4
2
2
650
673
5
7
7
9
7
11
794
517
6
1
5
3
2
582
728
6
6
5
6
5
8
729
561
12
4
4
5
7
510
788
0
12
9
9
5
5
680
604
7
6
5
7
11
434
856
6
7
8
10
7
11
631
659
6
3
3
6
4
338
966
7
9
10
6
8
8
598
720
6
5
5
4
6
221
1110
11
7
9
10
7
8
564
778
6
6
9
7
6
116
1215
0
7
6
7
5
9
507
815
8
2
2
4
4
73
1220
15
8
5
7
10
10
455
841
1
2
4
4
5
54
1209
31
9
11
9
9
12
419
870
5
8
4
3
11
30
1212
48
4
7
10
9
5
384
910
6
7
3
9
6
22
1213
0
7
7
8
10
7
344
973
7
6
5
3
6
12
1218
111
6
10
12
11
8
313
1034
8
6
3
1
3
12
1188
134
11
6
7
6
10
269
1062
5
5
5
4
8
8
1155
164
10
8
9
7
5
229
1073
4
2
4
4
3
8
1100
0
8
8
8
5
5
187
1100
6
4
9
4
6
6
1060
227
4
2
10
11
13
161
1134
4
3
3
4
4
5
1042
269
7
12
13
8
5
113
1211
6
8
4
6
7
7
1013
328
10
9
8
12
8
94
1212
42
4
4
4
3
3
977
0
8
4
7
7
5
71
1141
142
1
1
2
2
5
926
403
10
13
6
9
11
55
1051
222
5
5
7
6
7
858
436
5
7
6
6
4
45
976
280
6
9
6
6
5
808
479
8
6
9
10
7
28
928
349
3
4
6
6
4
767
0
8
4
4
7
9
22
903
411
3
5
6
6
5
724
616
8
7
9
4
8
15
877
466
2
3
5
5
3
665
690
10
9
6
4
7
6
834
520
2
2
2
1
3
600
741
14
11
8
9
6
6
753
561
2
7
7
2
12
531
0
8
9
10
7
5
6
690
601
6
5
6
6
4
446
844
6
7
10
12
12
15
643
650
6
7
4
8
9
368
953
7
11
6
8
8
5
612
717
5
4
6
7
3
247
1094
6
7
6
8
11
12
570
776
5
2
1
0
1
122
0
13
5
7
11
8
8
540
815
2
4
2
5
2
73
1249
25
8
16
11
7
8
475
847
4
5
3
5
5
56
1218
35
7
7
6
10
6
420
872
5
9
9
7
3
35
1208
48
7
12
10
10
10
385
919
5
4
10
6
9
28
0
77
7
10
5
8
10
353
978
6
1
3
4
5
13
1229
101
6
7
8
8
7
327
1024
3
3
4
4
3
9
1213
137
8
6
6
6
8
286
1075
2
2
4
3
5
3
1176
163
12
12
11
8
8
238
1082
4
6
9
7
6
6
0
186
2
7
11
4
8
191
1104
8
9
7
4
6
7
1073
219
8
9
10
7
9
164
1135
5
9
10
8
6
9
1051
262
10
8
8
7
10
130
1192
4
7
4
3
2
6
1016
311
10
7
6
8
5
96
1221
29
3
4
2
3
1
0
365
6
8
6
6
5
77
1162
127
2
2
3
3
1
940
401
12
12
14
9
11
52
1064
206
4
3
7
5
6
868
431
10
7
13
10
3
41
989
266
10
7
4
3
6
814
476
7
11
12
12
10
32
942
339
4
8
6
6
7
0
527
10
11
10
8
16
24
906
398
4
8
6
4
7
736
594
9
12
6
7
10
14
883
456
1
4
4
2
1
674
673
5
7
6
6
3
5
843
506
4
1
4
1
0
605
721
10
7
9
6
5
7
752
551
4
3
2
1
2
0
756
13
13
7
9
10
7
692
587
5
6
8
5
7
455
834
14
13
5
7
9
10
645
640
8
9
7
6
5
375
913
8
6
5
9
10
10
605
690
6
6
8
5
3
273
1038
4
9
11
6
6
4
566
748
8
6
3
2
2
0
1181
9
5
11
9
6
8
536
792
0
3
4
2
2
80
1222
16
6
5
7
7
6
467
827
6
1
5
3
1
60
1203
24
5
5
5
6
9
431
857
8
5
8
8
10
39
1205
47
9
6
7
6
7
399
882
7
8
9
13
9
0
1203
66
10
9
5
13
5
367
917
8
12
7
6
6
19
1185
96
7
8
9
8
7
304
994
4
3
3
2
2
10
1189
122
6
7
9
7
7
280
1040
2
4
5
4
2
7
1157
147
13
11
10
5
8
244
1056
6
7
5
9
5
0
1107
177
5
9
13
7
8
207
1081
8
5
8
12
10
10
1068
215
8
7
9
11
9
177
1110
11
12
13
6
13
11
1030
251
9
12
14
12
11
136
1156
8
6
9
7
7
5
1004
292
10
5
7
8
9
102
1192
19
7
6
2
4
0
967
337
2
5
10
5
10
75
1141
102
1
3
1
1
3
920
378
7
5
13
9
11
54
1058
182
6
6
6
4
5
869
416
11
8
9
12
5
48
991
252
7
9
7
4
8
815
469
7
9
7
9
9
33
946
316
11
10
7
11
0
772
514
9
4
4
6
10
26
900
379
8
5
6
2
4
734
561
11
11
8
5
6
12
864
437
5
3
4
1
2
673
634
8
6
5
6
9
6
822
493
3
2
3
1
3
614
692
7
4
4
3
8
8
754
540
1
5
4
5
0
547
741
5
9
6
7
7
12
702
585
6
6
5
6
7
477
811
13
9
10
4
7
8
658
626
9
9
11
10
11
387
905
6
4
5
8
9
6
620
671
10
11
11
3
4
287
1007
5
10
9
9
6
5
563
739
2
1
1
1
0
160
1145
9
6
6
5
9
4
537
781
1
4
2
2
2
90
1208
17
8
8
5
3
5
477
824
2
2
3
4
3
64
1204
31
9
8
7
5
2
435
849
3
3
5
4
6
42
1208
50
14
14
16
9
7
408
880
6
8
8
7
0
28
1208
65
11
12
11
9
10
371
928
2
5
4
5
3
16
1191
92
7
7
5
7
8
320
987
4
7
3
1
2
11
1186
117
8
5
10
4
11
288
1030
1
2
3
3
3
1
1162
146
6
5
4
7
8
232
1068
2
5
4
3
0
3
1119
180
8
9
9
9
9
213
1073
4
2
3
4
1
2
1079
207
7
10
9
7
14
181
1112
7
5
5
5
7
13
1048
244
10
8
9
11
9
148
1146
5
4
3
5
5
1
1008
290
8
9
7
10
6
98
1197
11
4
3
3
0
3
983
329
8
8
8
5
4
83
1160
83
3
4
3
2
3
934
378
4
4
5
4
1
61
1078
177
2
3
4
3
2
884
414
6
9
4
5
7
43
1006
245
7
3
3
3
2
826
455
8
10
6
9
10
40
948
304
5
3
5
0
5
779
510
7
3
8
8
12
29
905
372
2
6
4
4
4
745
554
6
7
8
6
8
12
875
425
3
3
2
3
2
687
630
8
5
7
4
8
11
833
482
3
3
2
2
3
625
702
7
1
6
6
6
6
803
532
3
2
4
0
4
562
757
7
6
5
4
8
3
720
577
2
2
1
2
1
489
799
4
10
11
9
8
7
661
627
6
3
4
7
9
405
883
7
8
11
10
16
11
619
669
3
3
2
3
1
307
994
7
6
7
8
4
5
574
725
2
3
2
0
3
179
1127
9
9
4
7
9
9
541
777
1
3
5
4
5
88
1231
15
4
10
6
6
6
505
830
7
3
3
5
5
55
1240
28
7
9
5
6
8
445
849
0
3
2
0
1
40
1213
41
6
9
10
8
10
402
880
3
6
6
0
2
31
1204
62
6
9
14
6
10
363
923
6
6
6
2
4
15
1201
85
5
3
7
5
5
325
977
0
4
1
1
2
8
1202
108
6
8
5
2
7
295
1025
2
5
6
2
3
1
1181
149
7
6
9
6
6
271
1067
3
2
2
0
5
2
1146
178
10
9
5
5
3
217
1083
1
1
1
3
3
3
1083
199
11
10
10
10
6
178
1104
4
5
6
4
3
4
1049
240
8
10
7
14
9
146
1140
7
5
4
5
4
6
1014
283
8
8
11
8
10
106
1193
5
1
1
0
2
1
981
327
3
5
4
6
8
86
1169
63
4
2
3
1
3
947
377
7
5
11
8
8
74
1104
164
3
5
2
4
6
899
417
6
8
9
4
5
43
1023
233
3
3
2
2
1
837
451
7
7
7
9
9
33
961
295
4
1
0
4
4
792
498
10
9
8
10
9
28
915
361
5
5
8
5
1
748
541
7
5
8
8
10
23
871
411
2
2
0
1
2
696
605
6
2
4
7
7
12
842
467
4
2
2
4
6
634
685
6
7
4
4
8
8
808
519
6
7
0
2
3
570
743
5
8
8
3
6
6
727
567
1
2
2
1
2
498
786
7
10
12
10
7
10
678
610
8
4
6
5
4
419
873
9
9
7
6
11
9
637
656
7
5
5
5
6
326
965
9
16
10
10
11
12
579
708
5
3
0
0
1
200
1092
4
3
6
4
5
3
536
764
3
3
4
6
3
101
1205
13
7
7
9
5
2
505
815
4
3
2
3
0
62
1223
16
5
4
8
4
4
452
839
2
3
1
2
3
48
1208
38
7
7
8
9
8
413
875
2
2
0
3
4
33
1208
56
8
14
9
7
5
385
906
3
4
6
7
5
21
1210
82
10
10
9
22
8
352
944
1
4
6
3
4
13
1175
106
10
13
7
10
4
299
1006
0
1
1
2
0
7
1169
140
6
5
4
5
8
269
1053
3
3
0
4
0
1
1139
162
5
5
5
9
7
221
1072
2
1
5
4
4
4
1091
193
4
10
6
5
13
190
1094
2
6
5
3
5
7
1061
232
9
5
7
11
9
154
1134
5
5
8
4
6
8
1010
278
11
12
9
11
11
129
1170
4
5
0
7
6
5
980
305
10
12
7
8
5
83
1175
43
1
2
3
3
2
946
358
7
10
8
4
6
68
1105
146
2
3
4
4
4
906
398
7
8
7
8
11
48
1027
222
2
4
3
2
3
843
441
8
10
9
9
7
38
972
281
3
0
9
9
4
800
489
11
11
10
10
4
27
922
348
3
7
7
3
6
754
541
12
13
9
14
14
22
880
404
2
2
2
4
3
700
588
12
4
8
10
5
6
843
457
5
3
4
2
4
649
661
9
6
4
4
3
6
801
511
5
0
2
5
6
584
722
4
3
6
9
6
6
738
562
3
0
0
0
2
509
782
6
11
13
6
7
6
680
606
3
6
7
8
6
437
855
8
10
10
4
9
12
645
650
3
3
8
6
1
339
953
10
13
9
11
9
10
599
697
5
0
4
4
4
224
1065
11
10
9
7
8
9
545
753
3
2
0
3
4
108
1195
13
4
6
5
4
8
514
804
1
4
3
1
3
66
1230
17
8
4
6
5
4
462
840
4
2
1
3
1
49
1212
36
10
6
5
6
6
421
868
4
0
2
1
2
34
1210
51
6
7
12
7
7
387
907
3
2
4
3
6
22
1202
73
7
14
15
5
9
357
940
5
2
2
1
1
12
1185
101
13
8
11
8
8
308
999
2
2
0
3
6
9
1172
134
5
2
6
9
6
271
1045
3
0
3
5
5
0
1151
160
4
4
6
6
5
223
1081
2
3
3
3
3
3
1106
194
6
10
8
12
12
191
1095
3
1
3
2
3
3
1058
219
12
10
10
8
8
160
1123
7
7
4
4
4
5
1024
270
5
6
12
10
10
136
1162
5
0
1
1
2
3
994
302
8
8
9
6
10
93
1184
30
3
1
3
2
2
952
359
7
8
8
3
5
78
1124
133
3
3
6
4
3
913
408
4
7
4
4
7
58
1061
215
2
4
4
4
4
867
443
7
7
6
5
5
37
986
274
0
1
4
6
2
812
475
9
8
11
11
6
32
926
337
2
4
3
4
7
759
532
6
10
13
8
6
18
885
396
2
2
4
1
1
708
587
7
8
7
8
6
11
850
450
2
2
1
3
2
663
651
3
6
9
4
4
8
811
506
0
6
4
5
4
596
740
1
4
7
5
5
6
776
559
6
3
5
5
2
524
800
12
7
5
8
8
4
699
596
2
4
2
2
1
449
839
9
10
7
9
5
10
635
644
6
3
5
6
3
363
931
8
11
10
13
13
15
596
687
0
1
2
1
1
247
1047
6
7
7
4
9
7
560
746
3
2
2
4
4
130
1177
12
6
9
6
5
9
524
793
7
2
2
6
5
69
1246
23
6
9
9
9
6
485
848
5
4
1
6
8
48
1245
29
5
10
4
6
6
425
868
0
3
2
1
2
32
1209
45
6
7
10
12
7
386
901
3
4
3
4
2
22
1205
72
11
13
8
15
11
344
942
2
2
2
1
2
13
1191
97
4
5
5
5
6
311
998
4
2
5
2
4
6
1189
122
4
6
5
6
9
278
1042
0
4
6
7
5
3
1175
163
3
2
4
8
9
247
1090
5
2
4
4
6
8
1127
192
6
7
6
4
9
200
1098
5
2
3
3
2
1
1069
217
11
6
6
1
6
160
1124
4
5
3
2
3
4
1030
258
13
10
13
6
12
135
1149
0
2
2
3
2
1
995
298
8
11
9
6
7
96
1190
20
4
3
1
1
1
961
344
5
5
8
7
4
76
1133
110
5
3
6
5
1
928
394
6
5
6
9
8
61
1075
204
4
2
2
5
4
878
441
7
8
7
8
8
39
995
0
0
2
3
2
2
812
472
8
10
4
8
9
31
935
321
3
2
3
3
6
769
516
7
8
8
12
5
26
898
380
3
2
3
1
1
720
567
10
9
8
4
6
13
854
436
2
1
3
2
4
665
636
9
10
5
6
9
10
815
0
3
3
1
3
4
606
714
6
4
5
7
8
6
778
548
6
3
5
4
2
540
778
6
5
8
4
10
2
704
590
3
4
3
6
7
457
825
6
7
6
6
9
5
641
637
1
3
4
5
3
376
913
9
13
11
11
10
9
613
0
2
1
1
5
5
267
1024
11
6
8
7
9
11
559
727
1
1
2
1
2
145
1150
11
6
6
5
8
5
522
784
2
2
3
3
4
79
1222
16
7
6
7
10
6
484
837
3
3
3
5
3
53
1234
24
6
9
7
3
7
436
0
1
6
5
3
3
37
1209
37
6
6
9
7
9
401
887
2
2
2
1
5
27
1204
67
7
8
9
7
12
372
919
2
4
4
4
5
17
1201
92
6
4
5
20
13
331
961
5
3
1
1
1
10
1173
111
6
10
9
14
8
279
0
2
5
4
7
5
4
1157
153
4
5
6
3
5
243
1070
4
4
3
2
2
4
1120
180
8
8
9
8
11
207
1079
3
2
4
2
2
2
1070
208
9
7
8
3
11
166
1116
5
6
3
4
5
3
1041
253
10
12
9
8
12
138
0
2
3
4
1
4
4
998
290
9
9
9
13
12
121
1167
14
2
2
2
1
2
956
330
9
11
11
6
5
79
1137
88
1
0
2
3
4
929
381
6
6
6
6
7
62
1072
188
5
4
2
5
6
878
423
5
7
1
4
6
41
0
252
3
6
6
5
3
821
461
6
4
3
7
6
35
949
306
2
4
4
2
3
778
513
6
6
3
6
4
20
906
365
4
3
5
2
7
727
561
9
11
6
10
12
21
851
425
3
5
4
3
3
673
617
8
9
8
2
4
8
0
489
5
5
3
3
3
617
697
4
4
3
4
9
5
785
532
6
7
4
6
5
552
753
5
7
4
3
4
4
721
575
5
4
3
4
2
480
815
10
8
9
6
6
8
657
626
1
3
4
2
2
395
894
10
5
12
6
4
6
0
667
4
4
5
5
3
287
1008
9
6
10
18
15
9
581
710
4
4
3
1
5
166
1119
12
7
4
8
9
5
530
773
3
3
4
1
3
82
1221
12
4
4
3
4
6
492
823
4
4
2
4
5
57
1233
20
7
6
5
3
7
0
854
4
4
2
4
5
41
1210
39
10
12
8
5
4
400
881
2
2
3
2
2
26
1204
61
11
11
14
8
5
368
919
6
5
1
5
6
22
1194
81
8
5
11
8
11
337
957
3
3
4
4
4
12
1179
113
9
7
12
7
9
0
1016
2
3
3
4
1
2
1169
146
2
4
7
7
4
256
1060
6
5
2
4
3
7
1137
179
5
8
4
4
4
205
1109
3
1
2
7
8
3
1096
215
9
9
6
7
9
169
1125
3
0
3
3
5
2
1044
240
12
11
8
13
8
0
1142
3
6
6
5
4
3
1015
285
11
6
8
13
5
111
1182
8
4
4
3
2
2
975
329
6
6
9
5
7
86
1161
76
4
3
4
6
6
946
380
7
7
10
12
10
68
1105
174
4
3
3
4
4
906
440
7
4
9
9
4
0
1054
254
3
3
4
6
3
857
473
10
7
7
5
6
34
978
306
4
4
3
3
3
795
499
11
11
5
9
9
22
913
364
3
1
1
1
2
741
544
6
10
9
13
10
16
868
416
2
0
5
3
3
693
621
7
7
5
6
4
0
846
476
6
5
4
3
5
634
699
6
11
11
11
9
5
810
531
3
3
5
3
1
576
780
9
9
6
5
2
7
763
594
2
1
2
2
1
502
836
11
7
9
4
12
2
685
631
5
4
3
5
1
411
883
9
10
10
5
8
0
617
671
4
2
0
1
1
310
979
9
6
6
12
12
10
580
718
3
4
2
1
1
190
1122
8
3
5
3
5
7
546
776
4
6
3
6
3
92
1228
18
5
11
6
12
6
512
829
3
1
2
3
3
61
1273
31
4
6
5
5
0
480
882
1
2
2
3
2
41
1263
44
10
10
13
11
6
417
903
4
4
3
4
1
27
1221
56
6
10
11
7
5
368
924
0
2
4
1
4
19
1197
80
6
7
8
10
6
333
966
3
5
3
2
4
9
1196
119
6
4
10
8
0
304
1022
3
3
5
2
2
3
1191
142
9
8
11
8
7
276
1070
2
4
3
2
0
0
1171
192
10
9
7
7
6
228
1134
2
3
3
2
1
5
1125
209
10
13
6
10
13
183
1130
3
4
4
2
3
4
1057
235
9
5
4
6
0
147
1139
3
3
1
2
2
3
1022
269
4
9
12
10
10
114
1181
5
4
2
3
2
2
987
325
7
6
7
3
7
91
1178
57
3
2
4
4
5
961
369
9
10
6
9
7
65
1115
160
3
3
5
7
4
915
436
11
7
10
5
0
49
1075
243
1
1
1
2
5
866
466
11
11
11
7
9
37
989
296
3
5
4
2
5
805
488
7
6
6
5
10
23
916
354
4
1
1
2
4
751
535
2
3
5
5
8
16
875
408
2
2
2
6
4
698
604
9
8
4
6
0
11
838
467
5
3
3
4
4
648
678
6
5
2
5
9
7
808
525
2
5
2
4
5
589
756
6
9
6
7
6
7
776
583
5
4
4
3
3
509
824
6
10
9
6
8
6
694
619
3
2
3
3
3
428
869
8
9
9
6
0
9
629
663
1
1
3
2
2
332
961
12
11
4
13
11
9
588
708
4
7
3
2
3
211
1084
9
6
6
9
11
5
537
757
5
2
3
3
6
106
1210
11
6
11
7
8
2
509
821
1
3
5
2
4
62
1252
21
8
8
6
0
4
478
868
2
1
1
1
4
43
1251
38
7
9
5
8
4
424
888
4
3
3
0
3
29
1216
58
13
9
10
7
9
377
916
2
2
2
2
1
22
1203
77
9
8
13
11
7
353
948
3
2
2
5
5
13
1188
104
8
7
6
0
7
308
991
0
2
3
5
4
11
1168
134
11
5
8
6
8
265
1051
4
2
4
5
5
2
1157
167
6
9
8
9
10
222
1113
5
1
2
2
3
3
1119
203
6
9
6
6
6
192
1114
2
7
6
3
4
4
1062
220
12
8
11
0
7
155
1137
3
3
2
2
0
3
1025
265
10
7
6
10
8
127
1167
10
5
6
6
1
3
980
315
8
7
8
9
12
102
1160
39
1
4
5
5
5
947
351
11
6
7
6
5
68
1114
140
2
4
4
5
4
922
411
7
9
7
0
8
56
1064
228
2
2
2
4
4
873
451
8
5
4
8
6
32
998
283
2
2
4
2
3
813
485
7
6
5
8
7
30
929
339
3
4
3
5
3
761
529
7
9
7
8
12
18
880
401
2
1
2
3
3
708
587
6
6
5
0
11
20
831
453
2
5
4
0
2
654
650
7
5
4
11
7
2
807
508
2
4
5
6
5
594
743
7
4
7
5
8
9
772
571
3
5
2
2
5
523
814
9
6
7
9
6
7
709
615
5
7
7
7
6
442
861
4
8
6
0
8
8
637
656
3
3
3
1
2
349
946
8
9
9
5
8
5
599
695
4
2
4
3
3
232
1067
5
9
5
8
9
11
556
740
3
4
3
2
5
124
1177
15
8
6
8
8
5
513
806
5
4
3
4
2
69
1242
22
7
6
0
8
8
478
858
3
4
6
3
2
49
1251
32
8
9
7
6
7
429
890
7
7
5
4
5
29
1238
47
8
5
7
7
7
384
913
2
2
4
5
3
22
1199
70
4
8
8
8
6
347
940
1
3
5
5
3
12
1194
95
9
10
0
10
13
316
983
3
1
2
4
6
6
1181
126
2
6
9
6
7
272
1049
2
3
6
3
7
6
1171
166
8
6
10
8
10
234
1110
4
4
4
5
3
3
1131
200
9
7
6
2
5
198
1132
3
3
2
4
5
3
1090
231
7
4
0
7
6
159
1147
7
4
6
5
3
2
1032
258
6
9
8
9
5
128
1163
5
6
5
5
4
3
983
305
8
6
14
9
9
102
1173
28
6
2
4
2
3
956
349
9
4
8
8
7
74
1132
122
2
3
4
3
2
930
397
11
8
0
8
12
65
1072
214
2
2
3
3
5
885
465
8
7
6
9
9
48
1031
284
4
4
2
2
4
831
505
7
12
10
9
7
25
964
333
3
5
4
4
8
768
527
5
4
8
8
6
18
886
388
6
4
2
2
1
716
575
11
7
0
12
10
15
848
444
4
2
5
6
2
665
643
10
11
7
8
5
5
815
509
4
5
4
4
2
609
732
11
14
9
8
4
11
788
563
2
2
4
4
2
530
834
9
7
6
7
6
7
752
609
2
2
4
4
4
463
879
14
6
0
7
8
10
666
651
5
4
6
4
4
370
930
8
10
12
9
4
6
600
686
3
1
2
3
3
259
1034
7
7
8
10
7
5
551
738
5
5
4
5
6
137
1174
9
7
4
3
7
3
529
796
5
6
3
4
4
76
1243
19
9
0
4
7
7
491
851
1
3
5
2
4
51
1281
31
10
10
9
6
6
457
908
2
1
2
5
6
29
1266
47
5
11
10
8
12
403
921
1
4
3
5
4
24
1208
67
8
9
6
10
9
347
942
5
2
2
5
4
14
1194
91
9
0
8
6
6
311
981
2
5
3
4
3
9
1190
124
5
8
9
7
5
279
1048
3
4
3
1
2
3
1179
159
7
11
10
15
12
251
1095
4
3
5
6
4
6
1152
211
5
4
6
4
3
215
1148
3
4
7
3
1
2
1111
229
6
0
6
10
9
165
1152
5
4
2
2
0
4
1049
246
9
6
5
7
5
129
1160
5
6
8
3
6
1
998
290
11
7
10
9
6
100
1178
16
2
3
6
6
5
961
345
8
10
5
7
6
80
1140
107
1
3
3
4
3
933
390
6
0
10
6
5
57
1082
198
5
2
4
4
3
889
461
5
4
10
11
4
50
1044
276
6
3
3
3
6
842
495
8
8
7
9
4
32
968
324
1
3
3
2
1
781
511
4
6
6
3
6
22
888
381
3
4
8
5
5
725
565
6
0
9
9
6
11
855
434
6
4
5
5
4
677
625
8
6
5
9
7
12
818
494
5
4
3
4
4
617
713
7
4
4
9
5
8
788
551
3
3
7
5
5
544
806
2
8
9
6
12
9
755
606
2
0
4
4
3
478
855
12
0
8
8
7
7
668
641
5
4
2
5
4
386
911
6
8
5
5
6
11
606
681
4
2
6
6
6
281
1005
6
3
4
6
1
5
566
722
5
3
5
2
3
153
1134
8
5
5
5
6
8
518
773
3
0
3
4
4
84
1217
14
0
8
7
7
8
490
839
2
3
1
4
2
58
1253
29
7
14
8
9
4
456
892
4
5
5
3
3
36
1255
45
7
12
6
9
6
401
911
2
7
4
4
3
25
1210
65
6
8
9
4
8
357
935
4
3
6
6
8
18
1202
85
0
11
9
11
14
329
964
4
3
4
3
4
12
1173
114
11
7
7
7
7
290
1008
8
8
3
3
7
8
1155
146
3
9
12
8
8
245
1069
4
5
5
4
8
6
1144
189
7
8
13
8
11
215
1128
3
1
2
2
2
3
1102
220
0
12
9
9
6
167
1140
7
4
5
4
1
4
1048
243
9
5
9
9
8
147
1147
2
3
5
5
6
6
1009
286
12
10
10
10
6
114
1169
14
3
2
2
5
7
963
332
5
6
7
6
14
87
1134
81
3
5
5
5
3
933
369
0
10
4
5
6
64
1085
182
6
4
2
3
4
895
436
9
9
6
7
8
49
1040
265
5
4
4
4
4
851
476
7
7
14
5
5
31
970
313
3
4
5
5
3
790
504
8
6
8
13
6
26
906
374
5
2
4
3
3
738
551
0
10
5
6
7
12
865
418
6
4
4
6
5
685
615
7
6
7
12
14
13
811
479
3
3
3
3
6
622
682
8
10
9
11
11
5
791
532
5
3
5
4
4
567
768
10
8
9
10
10
11
745
594
6
6
1
2
4
484
846
0
10
11
8
9
6
686
633
3
2
0
3
5
400
907
5
7
5
6
9
4
617
683
5
3
3
6
5
299
993
3
6
9
6
6
5
574
716
3
4
5
4
4
175
1122
7
5
10
16
13
8
532
763
3
5
4
3
4
94
1205
0
7
5
12
7
5
492
827
2
4
5
2
1
57
1257
22
3
9
12
8
8
457
884
1
5
3
4
1
38
1259
40
8
8
8
4
4
417
907
2
3
0
3
2
25
1231
62
9
1
4
7
3
368
932
5
6
4
3
3
13
1199
0
4
12
8
6
4
329
967
5
6
5
3
3
14
1181
112
7
8
14
13
9
293
1003
5
4
4
8
8
3
1167
147
6
5
13
12
9
255
1069
2
3
4
3
4
2
1158
174
7
9
6
8
6
222
1118
4
4
3
2
1
1
1120
0
6
4
6
8
9
178
1150
5
2
1
1
2
5
1072
251
5
9
9
6
5
150
1159
5
6
7
4
3
3
1008
282
5
7
7
6
6
112
1173
8
4
6
5
3
4
971
321
10
11
7
7
7
89
1145
68
3
3
4
5
5
944
0
9
6
7
5
6
62
1097
165
3
4
3
2
2
902
423
11
6
5
7
14
54
1049
246
2
2
4
1
2
855
486
14
7
10
8
5
42
1008
312
1
0
4
1
3
806
529
9
10
7
6
8
25
929
361
1
3
3
1
3
743
0
8
11
8
9
8
17
866
415
5
6
8
6
4
690
603
10
3
5
7
15
13
820
470
6
3
5
5
3
636
678
7
12
7
10
7
6
796
526
3
3
5
4
2
576
764
6
6
4
9
7
7
763
583
3
4
3
3
2
498
0
9
11
8
6
6
3
723
639
2
2
2
2
3
421
917
8
9
14
10
7
5
645
675
3
7
6
5
0
323
976
6
3
7
4
2
7
578
711
1
5
6
5
5
194
1093
3
5
9
11
5
12
540
755
2
3
3
4
3
97
0
13
6
6
4
2
7
502
825
0
3
4
5
5
62
1253
21
4
11
11
10
12
468
876
3
5
4
3
4
36
1283
48
3
5
4
7
5
443
921
2
2
3
1
2
26
1258
54
13
5
12
11
9
384
939
3
2
6
4
6
18
0
78
9
7
7
6
9
333
959
8
3
2
4
3
13
1187
99
5
5
7
4
6
299
1000
6
7
7
5
4
3
1176
136
11
13
4
2
2
258
1065
4
3
5
5
3
3
1161
180
5
2
5
10
10
225
1120
3
5
5
2
3
3
0
224
4
8
10
10
14
203
1161
1
2
1
2
1
1
1088
243
9
10
10
8
8
157
1162
5
5
4
5
6
5
1018
275
5
7
4
5
8
114
1172
7
4
4
5
5
4
976
312
6
7
5
4
6
97
1159
51
4
4
4
3
5
0
355
5
8
5
6
4
72
1096
153
7
5
3
3
4
914
419
5
6
9
10
8
51
1051
238
4
2
2
5
2
875
469
8
7
3
11
7
42
1022
304
2
3
3
2
3
820
520
10
9
10
6
8
28
945
354
4
2
4
3
3
0
539
3
7
12
8
6
13
870
403
1
3
3
3
6
695
589
4
2
5
4
7
9
830
453
6
5
4
6
5
646
655
9
11
11
4
8
8
788
515
6
4
4
4
5
584
735
9
9
7
5
5
4
757
564
4
3
0
1
1
0
823
5
5
5
7
8
10
713
617
5
4
2
3
3
429
888
5
8
8
10
7
9
640
659
8
5
3
7
7
337
950
10
8
8
6
6
7
589
694
3
7
8
2
8
216
1074
9
7
10
5
7
2
554
739
2
6
3
5
3
0
1170
10
5
6
6
8
10
508
787
4
4
2
7
6
64
1214
23
5
6
7
6
8
458
854
3
6
3
2
4
46
1238
36
6
4
7
8
6
432
892
3
3
1
1
6
31
1230
54
8
12
7
14
7
386
908
6
5
5
2
7
0
1200
73
4
4
11
8
8
338
947
4
4
3
2
2
13
1182
104
6
6
5
8
7
314
977
5
7
5
3
2
8
1174
126
8
9
6
16
9
282
1012
4
2
3
6
6
5
1130
163
5
7
5
9
5
226
1077
5
5
3
6
3
0
1116
199
8
7
6
6
7
201
1125
2
1
2
5
3
1
1075
235
8
7
11
8
7
157
1135
5
3
6
4
3
4
1018
269
7
11
7
8
7
125
1155
1
3
4
2
4
3
979
312
7
4
8
6
6
103
1161
31
3
8
8
2
0
943
350
8
5
7
8
13
82
1095
123
4
4
4
5
5
902
388
10
5
10
5
5
56
1042
212
4
1
2
5
4
869
454
5
4
5
4
6
46
1000
286
2
3
3
4
2
812
498
13
11
3
17
13
25
937
337
7
4
7
1
0
757
531
3
7
11
11
7
18
880
394
2
4
4
2
3
704
587
5
2
3
6
10
13
842
440
3
7
5
2
3
650
645
9
5
10
13
6
13
799
492
4
2
7
8
5
585
707
6
7
6
7
5
5
750
558
5
4
2
2
0
518
798
5
7
5
6
2
8
716
607
1
2
3
3
2
444
866
7
6
4
8
4
8
656
650
3
4
5
4
2
363
935
7
8
7
7
6
5
604
681
6
3
2
5
5
235
1052
12
12
8
10
12
9
562
725
4
4
4
4
0
125
1164
16
4
6
16
7
10
518
779
5
7
8
3
6
71
1207
22
8
9
5
9
4
468
843
3
3
1
1
1
45
1240
35
8
11
5
7
11
442
884
4
3
1
2
2
26
1238
50
12
6
7
6
6
393
916
3
2
2
3
0
20
1208
73
9
4
7
7
6
348
937
6
3
6
5
2
11
1184
92
11
11
11
11
12
325
966
3
4
2
2
4
8
1170
120
7
10
10
10
5
287
1012
3
5
6
5
6
5
1147
146
14
5
14
4
7
236
1073
2
2
2
0
0
3
1118
198
9
5
8
6
2
211
1115
4
4
2
1
2
5
1085
234
7
10
9
11
10
166
1150
2
3
1
2
0
1
1038
267
9
13
11
13
7
131
1161
5
4
5
6
4
4
987
298
6
6
6
5
11
101
1162
29
3
2
2
0
4
946
344
6
9
12
10
9
85
1110
105
4
4
6
4
5
905
395
5
6
8
8
7
59
1054
203
1
1
2
3
3
874
445
5
7
10
6
7
44
1014
274
3
3
3
3
2
825
501
9
8
8
10
12
34
969
331
4
5
3
0
1
776
544
9
13
12
9
10
22
893
391
1
4
3
4
5
714
567
8
8
5
7
10
16
838
436
3
1
6
4
6
661
627
10
5
10
16
13
11
801
486
5
6
6
3
6
605
694
9
10
6
4
9
7
766
547
1
1
5
0
3
534
791
4
4
4
12
8
5
726
602
0
2
2
4
3
459
871
10
9
9
8
8
10
682
646
1
4
2
3
4
378
941
10
11
12
6
9
8
608
694
2
4
5
1
5
260
1029
7
5
6
7
9
6
557
723
3
1
4
0
7
143
1144
8
5
10
11
16
10
512
774
5
7
5
4
6
76
1217
17
7
6
10
10
5
480
835
2
1
2
5
2
48
1246
28
7
3
7
5
6
443
883
2
3
2
3
3
30
1250
52
3
4
4
5
6
415
916
4
5
5
0
5
17
1229
68
12
7
9
12
9
363
937
2
2
2
2
4
13
1186
92
11
8
9
7
5
321
965
4
4
6
7
5
10
1167
124
5
9
9
14
11
284
1003
7
6
4
7
6
8
1157
149
5
7
6
6
6
241
1070
3
6
3
0
4
2
1127
186
12
6
8
8
5
208
1109
2
4
2
2
3
0
1098
227
8
8
15
10
10
177
1156
4
2
5
7
4
2
1052
267
11
7
7
9
11
139
1163
5
5
4
6
5
1
993
296
6
8
6
8
6
107
1164
19
4
8
0
3
6
955
329
9
10
12
13
8
82
1125
86
5
6
5
6
6
918
378
7
5
5
7
7
64
1065
183
5
3
3
1
2
883
432
8
9
13
7
8
47
1020
260
3
3
1
2
0
836
488
5
11
8
4
8
39
985
320
4
4
0
2
2
781
540
7
9
6
8
9
27
902
377
2
2
4
6
7
719
561
8
11
9
6
7
14
847
427
3
4
4
3
2
662
627
11
10
10
7
9
16
812
472
4
5
6
3
7
610
681
7
9
1
8
5
9
763
536
4
5
0
5
4
549
763
5
5
5
4
8
13
729
592
1
3
2
0
0
475
851
9
4
3
9
11
4
689
640
1
4
2
5
1
391
927
17
11
13
12
12
11
613
681
2
1
4
5
3
283
1004
6
7
9
4
6
11
566
712
6
5
0
2
4
162
1124
13
6
10
5
4
7
537
755
4
3
2
3
4
85
1200
16
8
5
7
15
13
486
810
2
6
5
5
3
63
1213
24
7
7
8
10
4
441
866
4
5
2
0
2
34
1239
48
5
11
9
8
4
415
910
1
0
0
2
3
22
1225
65
8
6
12
8
12
361
931
2
2
5
4
8
16
1188
88
13
9
11
10
12
329
962
6
6
4
4
6
10
1182
109
5
5
5
8
10
299
998
5
7
3
6
6
4
1165
142
6
10
7
15
7
260
1035
4
4
0
5
9
8
1116
178
10
9
11
9
14
211
1097
4
3
2
4
2
1
1094
221
9
9
8
5
6
185
1136
2
1
2
1
1
1
1053
253
7
14
11
7
11
143
1147
6
5
6
7
4
6
996
284
8
11
9
5
14
114
1161
11
5
0
5
3
3
959
331
7
3
7
4
13
93
1130
73
4
5
5
4
5
919
383
9
8
9
13
12
71
1063
165
5
3
4
7
6
873
417
10
12
8
12
7
49
1012
250
4
3
3
2
2
839
475
5
10
8
10
8
37
979
310
1
0
1
2
2
792
516
11
6
11
12
5
25
911
368
6
5
3
4
4
735
556
7
8
5
3
5
15
863
418
5
3
4
4
7
682
606
11
10
9
9
8
15
821
464
1
1
2
3
4
625
688
5
7
6
17
8
15
773
519
6
0
4
3
4
555
737
11
10
8
7
8
4
729
578
2
1
1
2
5
484
833
8
5
5
7
5
6
696
629
3
1
0
1
2
407
904
8
7
15
10
10
10
628
675
4
1
4
2
3
308
990
11
7
9
8
6
7
575
710
5
0
5
5
1
185
1103
11
10
11
8
7
10
540
752
4
3
4
2
3
94
1200
13
9
6
10
9
10
496
802
4
4
3
2
3
64
1214
25
7
8
7
11
6
448
860
1
4
4
5
4
35
1240
48
8
9
11
2
5
421
904
2
0
2
1
2
24
1233
61
9
7
10
6
6
375
934
2
4
4
2
3
14
1206
81
8
4
10
10
10
336
956
6
4
5
7
4
11
1174
115
11
11
12
10
9
301
992
5
2
6
4
1
3
1158
141
11
9
9
13
10
268
1027
6
0
8
6
4
6
1124
174
11
9
9
10
6
219
1091
4
2
1
2
4
3
1101
214
5
7
10
9
9
188
1136
4
2
3
6
5
3
1060
250
8
11
10
13
10
149
1164
3
4
1
1
1
2
1025
276
6
10
5
7
7
115
1172
3
0
2
3
6
3
975
315
7
9
4
6
8
89
1142
64
6
4
6
6
5
927
361
8
14
8
8
11
75
1074
147
5
3
0
1
3
885
413
10
7
5
9
10
53
1028
238
3
2
1
0
2
853
464
7
8
7
7
4
39
987
300
0
2
3
5
4
801
522
10
11
12
9
7
26
949
358
5
6
5
4
5
753
570
12
9
12
13
9
17
878
415
4
2
1
5
3
690
602
7
8
9
7
9
8
818
459
7
2
6
5
5
631
660
7
10
13
9
17
10
773
515
0
4
5
2
2
577
726
4
7
6
8
10
12
740
569
3
2
2
2
3
498
824
10
11
4
7
11
11
698
622
2
5
5
7
4
425
904
7
7
7
6
9
8
655
672
6
2
4
6
5
326
993
12
11
12
16
14
12
588
708
0
1
2
4
4
200
1086
10
8
6
10
4
7
543
744
5
8
7
6
4
109
1182
17
12
12
13
11
8
494
799
2
3
3
1
3
61
1223
29
8
13
7
7
8
464
852
2
2
3
3
1
39
1238
46
7
5
9
11
9
427
898
0
3
4
3
4
29
1246
61
10
8
10
11
11
391
942
7
4
4
2
6
17
1225
81
15
9
12
11
8
345
959
3
0
3
5
3
10
1183
101
4
5
11
3
9
303
982
5
5
6
5
4
8
1155
137
6
12
8
10
8
265
1027
0
4
3
3
1
3
1135
168
10
7
11
7
10
228
1079
4
1
4
3
1
3
1108
209
11
6
15
14
6
194
1124
4
1
3
5
7
4
1076
248
14
11
9
13
12
153
1176
1
3
6
5
2
7
1037
280
8
11
10
11
10
123
1179
0
2
2
2
3
4
974
315
12
8
6
11
10
91
1156
43
7
6
3
3
2
928
359
10
13
11
14
13
70
1086
137
3
3
2
3
1
897
395
8
9
10
12
14
59
1034
219
3
0
2
1
1
860
450
8
4
6
12
11
47
991
0
1
3
4
7
7
807
506
10
9
8
11
10
32
954
349
7
3
4
4
6
758
552
8
12
11
7
10
23
873
405
4
2
2
2
2
700
588
8
11
9
9
9
12
824
453
4
6
4
6
5
641
647
10
7
5
13
11
15
784
0
10
6
4
8
7
583
712
7
8
10
4
7
8
741
556
2
3
1
2
3
510
796
10
11
6
6
9
8
705
609
3
4
2
5
5
434
892
12
8
13
8
8
12
660
662
2
3
6
5
5
351
965
12
8
10
9
7
6
596
0
3
4
3
5
4
224
1060
10
6
7
8
10
8
548
732
6
2
6
6
4
116
1167
16
9
8
9
6
6
516
774
1
5
4
4
5
68
1217
21
13
10
13
9
8
475
825
5
5
3
1
2
47
1220
36
7
10
6
8
10
423
0
3
2
3
2
2
29
1237
54
6
9
5
7
5
399
926
5
5
5
3
1
18
1216
75
7
4
12
12
11
343
952
9
5
2
4
2
9
1182
99
8
6
8
6
12
312
978
4
3
3
3
5
8
1162
133
6
4
6
8
12
281
0
4
6
4
4
3
4
1135
159
8
8
9
11
8
238
1056
4
7
9
1
2
1
1100
195
9
7
12
7
5
203
1104
0
4
4
2
2
3
1074
241
2
8
9
12
6
158
1161
6
4
6
5
3
1
1031
269
8
13
5
9
6
128
0
5
4
5
5
3
2
988
298
6
8
8
8
6
101
1160
32
4
3
2
2
5
945
350
6
7
5
7
9
78
1111
112
1
4
5
6
7
904
393
7
7
11
11
12
59
1039
200
4
1
2
4
3
861
435
9
11
9
8
11
43
0
277
4
3
3
3
4
815
500
4
7
7
10
14
32
959
338
6
6
4
7
6
768
541
8
13
6
10
11
19
894
387
3
7
5
3
3
710
584
4
7
11
9
8
12
834
448
4
0
4
5
5
655
636
5
11
10
12
8
7
0
485
5
4
5
3
1
594
710
8
11
8
17
7
8
753
546
1
1
6
2
5
522
771
10
9
6
6
10
8
703
600
4
3
4
2
5
450
866
10
4
5
9
5
5
669
652
5
2
5
4
6
365
944
10
9
3
5
8
7
0
699
2
2
1
3
1
249
1045
7
5
7
5
6
9
557
729
3
3
3
1
5
126
1154
16
6
7
12
11
7
522
773
3
6
9
8
2
76
1207
15
9
8
11
8
8
480
818
4
4
4
4
5
49
1223
27
7
10
7
12
5
0
878
3
2
6
7
7
34
1234
52
10
11
12
7
7
405
916
3
4
6
7
6
21
1223
75
7
8
12
10
11
356
954
4
5
2
6
7
8
1193
97
9
4
7
7
7
320
974
8
6
4
3
1
7
1167
120
5
5
7
8
10
0
1001
6
4
3
3
2
4
1143
155
9
13
10
8
6
249
1052
5
3
2
2
1
2
1110
190
10
8
14
13
8
205
1106
5
0
1
3
5
3
1095
229
6
5
7
5
6
172
1158
3
3
2
3
2
1
1057
266
8
8
7
6
9
0
1194
3
2
4
4
1
3
1015
303
8
10
8
8
11
108
1177
19
7
5
1
3
2
952
335
7
5
4
6
8
73
1117
100
0
4
4
2
4
910
383
12
8
13
9
10
66
1056
186
3
3
2
3
2
871
438
6
8
7
5
2
0
1009
270
6
8
9
4
3
838
489
8
6
3
9
11
39
979
331
2
3
4
4
3
783
557
12
11
13
11
11
25
940
391
1
2
2
3
3
732
601
12
10
10
9
8
16
868
436
3
7
4
6
5
670
626
7
9
7
7
3
0
801
489
1
2
3
1
0
603
694
10
5
11
10
6
7
753
541
5
3
4
4
4
537
782
5
5
5
8
8
4
730
595
4
5
4
8
7
466
873
7
6
12
8
8
13
690
653
4
2
2
1
2
391
973
11
9
8
9
9
0
653
707
4
3
4
3
3
277
1067
13
10
9
6
8
12
578
739
4
7
5
5
5
147
1151
14
10
9
10
7
8
520
769
2
4
5
3
1
80
1203
22
5
8
6
11
9
471
823
5
4
4
4
6
58
1237
24
6
9
6
3
0
448
878
5
6
4
5
4
33
1260
48
10
10
7
8
8
415
927
5
5
3
4
6
21
1266
80
13
8
10
6
6
384
978
3
1
1
1
1
11
1238
95
8
6
3
10
15
334
993
6
5
5
4
8
8
1179
118
10
6
8
10
0
288
1006
0
5
3
1
1
2
1153
148
12
14
8
8
9
247
1048
3
5
6
4
7
2
1126
187
6
6
5
4
10
213
1110
8
4
4
5
8
3
1105
224
6
9
11
11
6
182
1158
3
3
3
3
5
3
1075
273
11
10
11
11
0
143
1207
4
5
3
1
0
2
1032
300
10
10
10
8
8
114
1193
10
3
4
5
2
2
961
334
6
4
3
8
5
80
1127
85
2
0
2
2
1
924
372
8
12
7
6
11
66
1066
177
4
3
4
5
4
882
427
8
6
8
5
0
47
1019
260
5
5
4
3
4
845
483
9
8
5
8
5
33
984
319
3
5
4
4
2
797
546
13
9
10
12
12
24
958
380
1
3
3
0
1
745
592
8
9
7
5
6
15
883
431
5
3
4
1
4
680
615
6
5
4
5
0
10
810
479
3
3
1
0
2
618
675
4
7
6
10
8
8
765
532
1
4
5
2
2
548
753
7
7
7
10
8
5
726
585
6
6
5
5
4
480
847
3
6
7
7
7
7
690
644
3
4
4
3
3
401
947
9
10
10
10
0
13
660
698
2
2
5
2
2
299
1043
10
6
9
5
4
8
587
735
5
4
3
5
3
171
1127
14
7
10
6
8
4
536
754
5
6
2
3
4
88
1194
20
13
13
12
6
11
491
809
3
3
3
2
3
60
1218
24
10
11
14
0
12
447
847
5
5
7
5
3
38
1229
44
5
6
8
9
4
416
908
4
7
6
5
2
23
1244
72
4
8
9
5
9
383
951
4
3
2
4
0
10
1225
92
9
10
13
7
5
331
977
5
6
4
6
3
8
1183
108
7
7
3
0
6
296
1000
2
3
2
3
3
5
1154
140
7
10
12
9
10
261
1041
3
3
5
7
2
3
1134
173
11
8
6
13
14
223
1081
0
3
5
7
6
6
1088
214
6
3
5
5
11
178
1139
7
4
3
3
3
5
1069
257
8
6
7
0
4
142
1194
3
2
2
1
1
3
1032
288
8
9
8
8
7
109
1191
9
6
6
9
7
6
966
323
5
10
11
8
8
85
1138
68
1
4
4
0
1
929
365
10
7
9
14
14
72
1081
158
2
1
2
3
2
886
413
6
9
9
0
16
57
1018
236
6
6
2
4
6
845
457
10
7
9
10
3
43
986
306
4
4
3
4
4
805
529
4
5
3
6
8
29
953
367
4
2
1
2
1
749
583
6
4
6
7
12
15
888
418
3
5
3
4
4
690
610
8
9
9
0
7
9
822
468
3
3
1
2
2
627
669
11
8
11
11
12
11
776
518
4
5
4
2
4
563
737
8
9
8
11
18
13
729
570
4
5
5
8
9
488
820
9
8
10
10
8
9
700
629
4
6
5
5
2
413
922
3
5
6
0
8
7
658
681
5
3
2
1
3
319
1011
15
7
12
6
7
8
596
725
3
1
2
2
1
190
1121
7
6
11
12
9
8
540
757
7
5
4
3
1
99
1192
18
11
9
10
7
8
494
795
6
5
2
2
4
63
1229
21
10
1
0
12
12
450
847
4
3
3
4
3
41
1229
41
6
6
9
12
11
420
906
3
5
1
2
2
24
1249
62
8
7
7
8
11
389
952
1
2
2
3
2
13
1239
81
9
7
11
10
7
347
982
0
0
2
2
0
8
1212
106
10
10
0
7
6
300
1008
5
4
3
5
5
7
1161
134
5
7
8
7
4
264
1023
5
6
6
6
4
5
1130
172
9
11
12
14
10
228
1072
5
2
3
5
8
5
1107
205
11
8
6
7
7
196
1131
4
2
2
0
3
3
1084
253
12
9
0
7
8
151
1190
2
1
1
4
1
2
1050
287
9
11
6
6
10
119
1218
6
1
2
3
4
3
994
327
7
9
10
9
8
93
1163
56
1
3
5
5
3
943
356
8
8
6
6
6
74
1078
147
6
5
3
5
4
887
408
6
8
0
13
12
56
1023
229
6
5
8
6
3
856
460
10
8
8
7
8
42
989
297
5
4
1
1
1
810
520
7
9
7
12
6
29
951
360
2
3
2
3
3
761
587
10
19
11
12
11
22
916
419
2
1
0
2
1
703
628
10
12
0
6
9
15
842
464
2
1
3
2
2
642
654
6
5
2
3
6
5
786
508
6
5
4
7
5
579
717
6
8
11
12
9
9
733
563
4
4
4
5
5
505
806
9
8
10
10
8
8
704
625
2
3
3
4
1
427
908
11
5
0
12
7
7
663
676
3
5
3
4
1
336
1020
9
10
13
9
10
7
626
724
4
3
6
2
2
209
1123
14
12
13
10
10
7
556
762
5
5
3
4
3
108
1183
14
8
5
5
6
7
499
794
7
3
3
5
4
66
1213
20
7
0
13
9
4
455
841
4
2
3
4
3
43
1247
31
6
6
9
6
9
432
902
2
1
3
5
6
25
1258
60
3
10
9
11
10
397
946
4
5
1
5
3
13
1260
93
12
14
10
11
11
367
995
5
3
1
2
2
11
1229
106
7
0
12
7
10
310
1012
3
6
5
2
2
3
1174
132
15
8
7
4
5
271
1026
5
4
4
7
7
5
1136
162
8
9
7
10
7
223
1073
7
5
6
5
4
3
1114
203
7
9
7
6
5
199
1128
3
2
3
0
0
1
1083
248
10
0
10
7
9
157
1182
3
2
3
1
3
3
1059
285
12
11
16
9
14
128
1226
3
4
4
3
4
4
1010
324
8
13
7
12
7
93
1184
39
2
2
2
3
2
947
352
4
9
8
7
6
74
1093
132
7
4
4
3
5
899
391
9
0
6
5
10
53
1037
216
3
4
5
4
4
858
450
9
5
6
7
4
42
994
290
3
0
3
3
4
817
512
6
9
9
8
10
28
960
350
2
2
0
1
4
772
572
8
5
12
13
9
25
930
411
3
1
1
2
3
716
619
7
0
9
8
11
14
852
457
6
5
2
3
3
655
645
7
8
4
6
6
8
789
502
5
6
6
7
7
592
701
7
7
14
11
7
7
746
554
5
9
6
4
5
517
783
8
9
8
7
9
10
695
610
2
2
4
3
1
444
884
6
0
8
3
5
7
665
669
3
4
5
6
3
356
989
17
9
6
9
11
8
629
715
2
4
3
3
5
234
1098
14
5
9
7
12
7
566
752
3
1
2
2
4
117
1173
12
4
6
6
4
4
510
786
5
5
6
6
5
73
1213
16
0
13
9
8
15
480
819
6
3
3
5
4
52
1220
34
6
7
6
11
15
435
866
4
6
3
6
7
33
1225
58
8
9
5
6
8
391
930
3
3
3
2
4
19
1244
76
7
8
5
7
8
359
980
2
1
1
3
2
8
1223
96
0
9
8
8
5
319
995
3
2
6
5
4
7
1174
125
8
5
4
4
6
278
1017
3
6
7
3
2
3
1142
157
8
7
10
13
10
247
1057
5
2
3
5
4
8
1109
190
10
7
7
14
15
211
1095
5
4
3
6
4
4
1078
229
0
6
6
6
6
164
1157
1
3
1
2
2
2
1057
276
9
5
6
3
9
127
1208
4
3
1
4
6
5
1014
310
8
12
11
11
8
103
1185
30
4
3
2
5
2
958
342
7
6
6
6
7
75
1109
114
6
8
3
5
4
913
382
0
5
8
7
10
63
1052
189
3
4
3
5
5
861
445
12
8
10
7
12
48
999
266
6
6
1
3
3
824
487
7
6
3
5
10
33
960
335
1
1
3
3
2
780
550
8
6
4
8
7
23
929
399
3
4
4
3
2
723
600
0
10
9
7
7
15
866
443
6
6
3
1
4
665
638
6
8
10
6
9
7
798
492
4
4
3
6
4
600
699
5
9
7
7
11
7
753
540
6
7
3
6
4
526
775
5
6
7
9
7
15
708
592
5
5
4
3
4
459
850
0
7
6
3
7
6
672
647
3
2
1
5
4
373
958
3
9
9
5
4
6
626
705
4
2
2
3
4
254
1073
9
6
13
7
7
9
572
746
4
3
2
3
2
132
1173
12
3
8
4
8
9
519
777
0
3
1
2
4
78
1213
0
8
9
9
13
12
473
818
5
4
5
5
6
56
1218
31
9
9
11
11
9
443
862
5
3
5
4
6
34
1230
51
8
6
9
10
6
397
924
1
1
1
1
0
19
1244
73
8
6
9
9
6
368
966
3
2
2
3
4
8
1226
0
8
7
4
6
10
331
997
5
2
5
4
2
5
1194
126
6
10
3
12
7
282
1022
3
2
1
4
4
1
1145
156
5
5
7
9
9
247
1052
3
4
4
8
6
4
1119
182
13
10
17
12
12
215
1090
4
4
2
6
3
4
1089
0
3
7
8
6
6
171
1153
3
1
2
1
3
3
1064
270
6
10
8
11
8
136
1204
4
2
2
2
1
1
1023
310
12
10
4
3
9
103
1214
18
2
1
2
2
1
976
345
12
4
13
8
8
85
1130
103
2
1
1
2
3
915
0
3
4
2
4
3
63
1055
187
5
2
5
4
5
869
426
11
7
8
6
14
47
995
263
7
7
7
1
3
831
480
7
5
7
13
11
38
968
328
2
2
3
4
2
790
538
8
8
5
11
12
25
930
388
2
1
2
1
1
738
0
12
12
9
9
10
16
899
447
5
3
1
0
0
678
661
10
8
15
8
6
15
830
486
2
3
3
4
3
614
684
8
16
6
5
7
4
765
533
2
5
7
6
6
545
751
5
4
6
7
4
9
714
587
0
1
2
0
3
468
0
4
8
9
8
9
8
678
644
5
3
2
2
1
394
939
8
10
13
6
9
6
643
696
2
1
1
0
2
281
1067
11
12
10
15
11
9
602
749
1
2
1
3
3
150
1180
14
8
17
5
8
10
536
778
1
1
2
3
4
81
0
12
6
5
7
7
1
484
812
1
4
2
2
3
61
1220
23
7
13
7
4
6
444
858
3
3
6
4
5
36
1247
43
10
11
4
10
8
416
913
3
3
3
2
4
18
1251
70
9
11
9
8
11
378
963
2
1
4
3
3
9
0
98
9
10
12
9
10
346
1015
4
3
3
2
2
7
1215
121
11
9
6
7
6
296
1027
2
5
3
3
2
0
1160
141
7
10
4
3
2
247
1051
4
6
6
3
7
7
1115
180
7
16
11
11
4
213
1085
4
2
3
3
2
5
0
215
7
4
5
7
6
181
1141
2
1
2
5
5
1
1069
263
7
8
8
11
14
139
1200
4
3
2
6
3
2
1035
317
9
9
10
12
12
115
1237
13
3
2
3
2
2
991
347
12
9
7
10
9
87
1158
81
3
4
3
1
4
0
377
5
7
6
7
2
63
1068
170
7
6
4
7
5
873
419
10
11
7
9
7
50
1008
246
4
6
4
2
4
838
470
8
11
7
3
9
35
971
313
1
2
4
5
3
790
533
11
13
7
7
9
20
935
374
2
3
3
2
2
0
593
7
8
9
11
11
16
900
431
1
0
0
2
2
688
633
10
8
9
9
12
12
823
475
4
4
2
3
4
618
676
9
5
10
4
6
6
764
519
3
3
2
5
6
551
741
8
5
9
7
4
8
721
564
1
4
3
4
4
0
818
6
8
7
3
7
9
673
625
2
1
2
2
1
401
910
9
7
11
9
12
10
631
676
3
3
3
2
3
299
1020
9
11
8
6
6
8
589
730
1
2
3
3
4
171
1142
12
9
10
7
12
9
533
763
1
2
2
3
5
0
1196
9
5
6
7
8
7
490
794
1
4
5
4
5
67
1211
25
6
4
5
2
5
464
837
2
6
5
3
4
43
1238
33
9
8
9
8
9
427
874
5
6
5
4
1
25
1215
56
6
8
12
16
7
374
935
4
3
3
4
3
0
1218
90
9
11
6
9
14
346
977
0
3
1
2
3
6
1188
116
13
8
10
7
11
292
994
2
6
5
5
6
4
1151
141
6
8
7
6
9
263
1025
3
3
6
8
6
5
1126
171
5
4
7
6
8
226
1067
4
6
5
4
3
0
1097
214
10
7
11
16
3
193
1106
7
5
6
5
4
6
1045
245
8
9
11
9
11
145
1161
5
5
3
4
3
2
1023
287
7
8
8
7
7
118
1193
7
4
2
2
3
3
975
326
9
12
7
10
8
92
1141
63
3
2
4
5
0
925
366
9
5
6
5
8
71
1072
153
1
4
3
3
4
878
419
5
4
3
3
6
51
1021
229
6
5
4
6
4
842
466
7
8
10
11
11
40
972
292
3
6
5
5
5
784
510
8
10
12
13
9
27
924
360
8
5
1
1
0
743
568
9
8
10
12
8
19
892
417
2
3
0
0
2
692
610
8
8
17
9
4
9
822
464
4
5
3
3
4
630
661
4
6
8
8
6
7
773
508
3
2
2
4
5
568
725
7
12
6
7
6
4
740
554
4
6
5
4
0
496
819
8
7
7
18
3
7
690
607
3
4
3
5
3
407
887
7
12
6
8
10
11
640
666
5
6
6
4
3
321
996
6
4
10
11
9
11
595
721
2
4
1
1
3
195
1115
9
11
6
11
10
7
543
762
4
7
3
5
0
101
1189
16
10
6
6
3
5
500
790
3
3
3
7
2
63
1214
15
7
9
9
8
7
467
828
2
4
5
6
5
48
1225
32
9
13
11
6
5
423
875
4
3
4
3
3
29
1220
55
15
7
8
11
10
383
924
3
6
5
2
0
13
1221
82
4
4
2
8
11
344
974
3
2
2
1
1
5
1201
105
6
4
10
5
10
304
1002
1
2
2
2
2
3
1160
136
6
10
9
7
6
267
1022
3
3
3
4
8
3
1127
164
2
5
11
7
9
235
1058
4
4
3
7
0
3
1093
204
2
7
7
8
5
201
1099
4
5
6
6
2
4
1052
242
13
7
6
8
6
155
1148
4
5
4
7
5
2
1035
282
8
10
7
5
9
120
1198
4
1
3
4
3
3
988
321
11
5
14
12
9
89
1179
47
2
4
0
0
2
941
356
13
10
10
8
11
74
1078
140
4
1
2
2
5
884
402
8
7
7
3
4
56
1017
217
5
0
2
3
4
841
452
9
5
9
13
13
45
971
287
6
6
5
2
5
792
505
9
15
13
13
6
29
937
348
4
2
7
0
7
755
558
7
7
7
8
8
20
897
409
1
3
2
3
3
700
621
6
11
9
5
10
9
859
458
3
2
2
1
3
640
671
11
16
8
9
10
11
787
507
4
6
6
4
5
575
714
7
4
2
3
11
6
732
552
4
3
4
0
8
499
790
7
7
10
9
6
11
686
605
3
3
2
3
3
424
874
8
5
4
8
6
4
654
653
2
2
3
2
2
341
973
8
7
9
10
6
8
602
707
2
2
1
0
4
215
1099
8
6
10
9
10
9
566
758
2
2
6
0
1
103
1208
15
11
8
7
6
9
501
790
3
3
4
2
6
69
1213
12
10
10
8
5
5
460
822
3
4
6
5
5
48
1217
34
6
7
10
7
6
423
870
3
5
3
6
4
26
1225
51
8
9
4
6
4
389
923
2
3
4
0
1
15
1229
81
6
8
4
6
15
356
970
2
4
2
5
4
9
1217
106
13
8
7
5
7
316
1015
1
1
5
1
1
2
1178
135
9
10
5
7
6
265
1027
2
6
5
6
3
4
1124
165
10
7
3
7
7
240
1044
4
4
6
0
5
1
1096
194
6
8
11
12
8
205
1088
3
2
3
3
7
3
1063
237
7
7
7
9
6
165
1133
6
2
7
9
4
8
1032
276
12
9
10
12
8
124
1193
2
6
3
3
2
4
996
322
9
7
15
10
9
92
1205
31
1
2
0
5
2
958
354
11
10
15
11
8
76
1101
126
6
5
2
5
4
895
392
8
6
6
8
6
60
1028
202
8
6
3
2
6
847
447
6
6
8
10
11
43
981
271
4
3
5
3
5
808
486
5
14
10
12
12
37
938
333
4
3
0
5
3
762
545
8
12
4
11
9
21
906
396
3
5
1
2
2
708
607
9
10
5
8
11
12
866
446
2
4
2
2
0
654
656
13
10
6
12
6
12
789
494
3
6
4
3
5
593
697
9
7
9
6
7
5
743
540
4
4
0
6
5
512
781
3
9
7
9
10
9
694
594
3
2
4
4
4
436
856
10
8
3
4
3
7
654
638
4
3
3
6
4
361
946
7
6
6
12
10
7
608
704
3
1
5
4
4
234
1081
12
14
10
11
8
8
568
747
4
4
0
5
3
119
1187
15
10
6
10
9
11
510
779
4
4
4
7
6
75
1206
13
8
7
4
6
6
465
817
3
3
3
2
6
47
1219
29
5
5
7
5
4
443
852
7
7
1
3
1
31
1227
44
6
9
12
6
5
406
891
2
3
0
4
4
23
1213
68
11
6
7
10
12
363
944
5
4
4
5
5
8
1211
100
9
5
9
8
7
320
1001
3
4
3
5
6
4
1178
128
7
7
14
9
8
277
1013
5
4
2
2
2
3
1127
160
10
7
6
7
10
249
1036
2
3
0
5
4
4
1098
191
9
6
6
6
5
213
1078
4
4
7
5
2
2
1074
231
9
7
11
17
5
177
1116
3
1
2
2
6
2
1029
266
11
8
11
11
7
129
1172
5
3
4
5
6
4
999
309
11
8
8
11
8
103
1190
27
5
0
1
2
2
955
340
9
12
6
8
7
83
1104
104
2
5
3
2
5
905
382
4
7
8
7
7
61
1046
190
4
5
6
4
3
858
430
8
7
4
7
5
48
997
256
5
3
1
1
3
816
484
6
8
13
8
10
38
943
321
2
0
1
5
6
765
526
10
9
13
6
13
24
906
381
4
4
5
5
3
716
588
8
8
9
6
10
18
869
438
2
3
3
4
4
666
641
11
9
13
12
11
8
803
490
3
1
3
3
4
605
689
9
7
9
11
9
7
748
533
2
0
4
4
6
527
762
6
10
9
4
6
8
712
575
5
1
3
1
4
444
853
11
9
11
10
6
11
665
622
2
3
3
3
2
371
924
6
8
6
11
12
6
614
693
2
3
4
5
1
262
1050
9
3
8
10
9
8
575
738
3
0
3
5
2
134
1171
15
6
13
10
9
9
527
771
1
4
2
2
3
81
1203
17
8
6
3
6
9
478
807
2
0
3
4
5
53
1211
23
6
5
4
8
5
445
841
2
5
6
6
1
36
1219
43
6
9
13
7
6
416
882
3
0
1
3
5
22
1211
61
10
13
8
9
6
368
937
4
1
4
4
2
7
1213
92
9
13
13
10
11
327
995
2
3
2
2
4
4
1186
121
7
6
6
11
12
288
1018
4
4
2
3
3
1
1152
150
8
9
8
6
3
247
1038
3
0
4
4
4
4
1108
181
9
11
10
9
7
214
1072
3
6
2
2
1
3
1072
220
7
8
5
12
10
180
1118
4
3
3
6
5
2
1036
256
11
7
14
14
12
135
1166
3
4
3
3
2
2
1016
302
9
10
5
9
9
107
1209
14
0
6
1
3
3
966
347
8
12
11
9
9
84
1141
94
3
4
2
4
5
923
380
16
7
11
11
9
57
1055
175
4
3
6
5
2
863
423
9
7
4
3
1
41
996
250
5
6
4
4
1
818
471
8
9
12
7
13
43
948
312
0
5
6
3
0
777
521
12
13
8
5
5
31
912
376
1
2
4
4
2
729
586
13
14
13
9
9
15
880
427
5
4
5
3
4
668
649
12
6
8
4
10
11
835
487
4
3
4
6
5
616
701
9
8
8
15
10
6
766
531
0
3
1
1
4
539
749
3
4
8
11
8
15
709
571
1
3
4
3
4
467
821
5
6
15
9
8
10
672
619
3
2
4
2
4
390
915
4
6
7
10
10
11
627
679
0
3
4
0
2
287
1025
13
6
10
7
12
10
579
736
0
5
4
2
2
152
1171
13
8
11
15
12
12
548
777
4
3
2
2
4
83
1225
19
12
11
10
14
14
484
809
3
4
5
4
7
55
1214
27
9
8
6
9
6
446
840
3
1
1
1
6
35
1215
42
7
10
12
10
8
408
877
0
3
3
3
6
24
1219
69
8
7
5
14
8
373
937
2
2
1
1
3
9
1220
94
6
3
7
9
8
337
981
4
3
4
2
3
5
1202
120
8
16
14
8
7
295
1036
6
4
1
7
3
0
1172
149
13
9
10
10
12
260
1040
0
0
3
3
3
7
1114
178
8
10
11
6
9
213
1069
2
5
7
2
2
4
1077
212
10
10
8
13
10
185
1103
2
4
7
6
3
3
1047
248
7
4
9
8
12
143
1163
1
5
4
2
1
1
1018
294
11
3
12
9
8
119
1200
0
4
2
4
2
3
977
338
10
8
9
11
8
86
1165
78
1
3
1
2
1
934
374
13
14
9
10
10
63
1066
166
2
4
4
6
4
874
409
12
5
7
6
10
50
1002
237
2
4
4
5
7
829
460
7
14
5
12
14
38
961
0
1
4
3
4
1
776
512
5
10
8
6
8
26
913
366
5
3
3
4
6
740
568
5
5
6
9
7
18
881
421
3
1
0
1
3
682
630
6
8
11
12
10
12
839
475
4
2
5
1
2
624
688
10
12
9
11
8
7
768
0
4
5
6
7
6
553
739
8
9
7
11
10
6
719
564
4
3
1
1
2
487
805
7
8
8
8
10
10
678
611
3
4
2
6
3
398
893
9
7
7
5
13
10
629
663
5
3
2
4
3
314
992
6
7
4
6
7
7
593
0
3
3
2
2
3
184
1133
8
11
9
13
10
7
552
771
3
2
2
4
3
92
1219
12
9
10
11
7
11
486
804
2
7
5
2
4
60
1206
20
10
11
7
5
5
450
824
5
4
4
2
4
41
1220
35
6
8
10
5
9
422
0
2
2
2
1
7
33
1219
59
15
18
14
16
7
379
914
7
3
3
2
1
15
1202
80
7
8
9
11
10
337
969
5
8
5
4
5
6
1196
114
5
8
4
5
7
304
1018
4
3
4
4
3
3
1170
140
11
11
12
9
8
268
0
3
1
3
5
0
1
1116
172
10
10
6
7
8
226
1061
4
3
3
6
7
7
1081
205
4
7
5
6
7
192
1097
3
7
5
7
7
6
1051
239
8
8
8
12
6
164
1130
2
2
3
3
4
6
1013
274
9
6
10
9
9
122
0
8
5
6
4
3
5
981
327
7
8
7
7
7
92
1167
59
2
2
4
5
3
932
373
16
10
15
12
13
66
1077
148
4
3
4
3
3
877
405
7
5
6
8
4
52
1014
223
4
5
2
5
4
831
455
6
7
7
6
9
37
0
284
3
2
4
2
2
790
499
8
6
9
9
10
27
922
349
4
6
6
4
1
746
543
9
4
7
6
6
19
880
409
3
4
4
5
4
700
608
9
6
9
7
9
10
845
470
4
4
4
6
4
638
670
7
11
9
9
12
9
0
514
6
5
3
4
4
573
717
3
3
4
5
7
5
725
560
3
4
3
4
5
500
790
10
8
3
4
5
4
685
598
4
5
2
3
4
410
884
9
8
6
10
10
9
641
648
7
4
1
3
1
325
969
7
7
9
9
10
7
0
710
3
6
6
1
3
204
1110
10
7
10
12
8
7
558
764
1
1
3
3
4
98
1211
10
6
6
9
9
9
510
794
3
5
5
4
0
65
1207
25
10
7
5
2
7
456
827
2
3
1
2
3
45
1218
34
11
11
9
6
8
0
859
4
5
3
3
3
28
1216
48
6
8
12
8
6
387
906
3
7
8
2
3
16
1206
77
4
5
9
9
7
342
963
3
2
2
3
5
5
1205
108
5
8
12
7
7
312
1011
7
7
5
3
6
5
1177
136
8
13
12
4
8
0
1038
5
3
2
2
7
5
1131
169
11
11
9
8
12
230
1059
4
2
1
3
2
3
1086
198
5
4
8
7
10
204
1078
0
1
3
4
4
4
1062
229
9
6
10
14
9
160
1132
3
5
2
3
7
6
1021
275
7
4
6
6
6
0
1190
4
7
3
3
4
5
996
326
10
9
10
5
7
98
1200
42
5
1
5
4
3
961
376
13
10
10
11
11
77
1124
147
3
5
4
5
3
909
416
13
13
10
7
8
58
1038
223
3
2
2
4
3
852
440
6
4
6
8
7
0
974
280
1
4
2
6
6
805
482
8
7
8
8
11
23
926
339
4
4
3
4
2
758
550
14
8
7
7
2
17
908
403
0
3
2
5
5
709
621
7
8
7
10
6
13
875
458
4
6
3
2
5
656
694
9
9
9
10
9
0
832
518
3
3
4
8
4
598
740
6
8
8
10
14
8
757
555
5
4
3
1
2
510
783
9
9
9
11
9
8
686
597
2
3
1
2
3
431
854
5
6
7
9
7
8
638
648
3
3
2
3
3
346
965
7
8
4
6
8
0
614
710
4
3
6
7
2
231
1104
14
5
8
6
11
11
583
761
7
2
3
4
3
111
1240
15
4
12
10
11
10
543
814
6
6
3
3
8
69
1259
25
3
7
11
8
6
476
840
4
3
1
4
3
46
1222
31
3
4
5
4
0
424
860
0
1
1
1
3
30
1212
46
8
7
15
6
5
383
904
4
2
4
2
0
17
1220
77
6
5
3
6
10
352
972
3
1
2
3
3
7
1226
101
4
8
13
9
13
329
1018
4
4
2
3
7
4
1214
143
9
7
11
10
0
291
1064
4
3
5
4
2
5
1167
162
9
9
5
4
10
241
1074
2
1
2
6
6
1
1105
190
6
7
7
6
8
199
1092
3
3
1
2
2
2
1060
225
7
8
9
8
8
166
1126
0
0
2
2
3
4
1040
270
4
4
5
6
0
130
1186
4
1
4
3
4
6
1012
315
3
5
10
6
9
99
1204
29
5
4
3
4
5
972
379
8
3
4
3
5
83
1156
128
5
1
4
5
2
925
409
8
9
8
4
7
62
1050
207
3
2
0
4
4
860
433
6
6
7
6
0
39
987
269
1
2
2
1
1
814
472
6
7
8
7
6
31
938
328
1
2
0
1
1
766
532
11
8
3
4
3
21
901
389
6
6
3
2
2
720
601
6
7
5
8
11
14
872
448
5
6
4
4
3
665
681
0
6
10
6
0
11
844
512
4
6
3
6
5
608
727
11
9
12
7
7
5
766
549
2
6
3
2
1
527
770
9
8
10
8
10
9
698
588
3
1
3
3
1
451
837
4
3
6
10
9
5
647
640
0
1
1
1
1
362
931
8
7
9
3
0
6
606
694
2
3
3
2
5
253
1064
5
7
8
7
6
6
576
753
2
6
4
1
2
125
1209
10
8
3
8
9
10
549
801
5
2
3
3
5
74
1243
18
8
5
8
9
3
482
830
2
2
3
1
2
51
1219
24
4
4
3
0
5
426
859
0
1
0
2
2
33
1216
43
2
6
6
6
6
395
895
4
1
2
2
4
23
1212
72
10
13
10
6
12
364
933
6
3
2
1
0
8
1201
90
10
9
3
3
11
316
998
2
2
2
5
6
3
1197
125
9
7
6
0
9
291
1046
4
6
3
6
2
2
1165
155
9
8
7
4
6
246
1059
1
2
2
1
2
2
1112
183
5
14
10
12
5
201
1090
3
1
1
2
1
3
1071
219
5
10
8
6
9
172
1119
4
3
2
1
4
6
1034
259
6
7
5
0
8
136
1155
1
3
0
2
2
3
1006
297
2
5
8
6
7
106
1194
18
2
0
1
2
1
970
352
8
9
6
9
6
82
1144
106
2
5
2
2
2
925
394
7
3
5
8
9
61
1051
192
2
2
1
1
2
869
421
3
9
7
0
9
45
993
260
3
3
3
4
4
825
462
7
12
9
10
9
27
951
314
4
4
5
4
4
775
517
5
7
7
10
9
22
897
377
1
1
2
2
1
729
574
7
5
4
8
4
11
864
440
1
1
1
1
2
677
650
5
5
9
0
10
11
836
498
2
3
3
3
2
611
708
8
6
9
9
6
7
766
536
2
2
1
2
3
542
758
4
4
6
6
9
6
707
585
2
1
0
2
5
466
823
8
7
7
4
2
4
654
633
0
4
4
2
3
381
911
10
9
5
0
12
9
608
686
1
3
2
0
1
274
1026
6
9
1
8
7
3
575
736
2
1
1
0
3
147
1174
11
10
6
12
7
7
544
784
5
6
3
4
4
81
1234
18
4
7
11
7
4
483
827
1
2
1
0
0
50
1228
26
5
6
0
6
7
437
855
2
1
1
2
2
32
1217
42
6
13
10
6
6
398
891
5
4
1
2
5
24
1215
59
9
6
12
16
8
357
935
6
3
2
4
3
10
1209
90
11
9
8
4
7
323
993
0
2
2
4
2
3
1205
124
6
11
0
8
4
293
1042
2
3
3
1
3
4
1182
146
6
3
3
9
7
254
1069
4
3
2
3
2
5
1133
180
7
7
9
4
5
208
1089
1
1
2
3
3
1
1083
207
9
9
9
9
8
173
1114
8
3
5
3
5
3
1044
243
8
6
0
8
12
136
1151
3
4
1
3
2
3
1014
292
8
8
6
5
4
109
1194
11
1
1
2
1
1
983
346
11
13
9
9
8
85
1166
87
3
2
2
3
3
940
401
12
9
10
11
10
65
1094
188
3
4
4
4
3
892
436
8
8
0
5
6
48
1012
251
2
3
2
0
2
834
456
10
7
9
6
5
30
952
308
2
1
4
3
2
781
503
3
8
13
11
14
26
903
371
2
4
2
2
1
737
572
5
3
2
7
3
13
884
427
1
1
2
2
1
685
645
10
7
0
10
5
14
845
481
1
2
5
3
3
627
722
6
4
7
7
6
8
809
538
5
4
5
5
3
551
780
11
10
8
8
12
8
731
579
0
1
2
2
4
483
812
4
7
7
10
9
7
658
627
1
3
4
5
4
397
892
7
6
0
8
7
6
614
669
7
1
3
1
1
298
1012
7
6
4
4
6
2
586
732
3
5
2
4
0
169
1157
12
9
6
8
8
4
555
784
2
3
2
2
4
82
1261
17
7
6
6
5
5
523
830
2
2
1
2
3
52
1263
26
10
0
7
8
10
455
864
3
2
2
2
4
34
1226
37
6
5
6
7
4
403
888
3
6
4
5
7
30
1207
59
10
9
7
9
7
362
930
4
2
4
4
4
13
1216
84
3
8
5
3
5
333
990
3
4
3
2
1
5
1214
119
13
0
7
6
7
309
1031
0
2
1
0
4
3
1196
155
4
4
4
5
3
276
1079
5
4
0
5
2
3
1150
177
8
11
9
10
8
219
1096
2
0
1
2
2
4
1093
200
10
10
8
12
5
182
1103
4
7
5
3
3
2
1052
234
14
0
6
8
9
146
1147
5
5
3
3
3
6
1023
286
5
7
6
3
5
112
1199
9
4
3
4
3
2
994
341
12
10
5
7
9
94
1178
70
0
1
2
1
1
953
391
8
10
5
7
3
75
1110
176
3
3
3
1
2
902
433
13
0
9
7
8
48
1030
242
3
0
2
3
3
847
451
8
6
6
10
8
38
956
297
3
1
4
4
4
795
492
8
6
8
15
12
28
910
359
5
3
3
1
6
747
552
8
4
6
3
4
14
884
413
3
0
2
3
1
700
627
9
0
10
10
6
14
853
477
5
5
5
2
2
640
702
5
6
7
6
4
9
819
528
2
4
2
3
2
570
758
9
5
5
8
9
8
740
568
5
6
3
3
4
497
798
7
8
7
9
9
5
669
617
5
1
2
4
2
418
875
11
0
10
8
6
9
627
666
3
2
2
2
4
319
979
6
4
4
3
8
7
585
719
4
4
4
4
2
200
1122
10
6
6
8
7
5
559
767
6
4
3
2
1
94
1234
14
8
13
2
6
6
521
820
0
2
4
2
0
58
1249
22
0
9
7
8
8
452
858
3
2
3
2
4
38
1224
32
4
9
6
10
8
405
882
7
8
5
6
3
31
1210
55
6
9
11
12
12
370
912
2
3
2
4
3
17
1202
76
11
16
15
5
9
349
946
6
4
6
8
6
15
1189
100
0
6
3
8
10
304
1012
3
3
2
3
1
0
1189
143
11
11
10
8
8
272
1062
2
3
4
1
4
3
1151
172
10
9
7
8
4
223
1082
3
2
0
2
4
3
1095
195
6
6
11
10
9
189
1097
6
5
3
3
3
1
1054
237
0
12
11
13
8
154
1132
4
5
1
2
3
2
1016
273
6
5
12
11
15
128
1166
3
6
5
5
5
5
988
313
10
9
12
6
4
89
1176
51
3
3
5
5
3
954
369
8
7
8
5
9
72
1110
155
2
3
3
2
3
904
413
0
6
7
7
9
49
1035
222
3
4
1
4
6
850
443
9
10
6
9
9
37
967
284
6
4
4
2
4
800
486
8
8
8
6
6
25
920
343
4
5
6
4
4
757
537
13
9
11
14
13
18
878
402
4
3
7
3
3
702
593
0
11
6
6
8
7
854
462
1
2
1
2
2
653
674
9
7
6
10
8
9
813
518
1
2
1
1
2
587
740
9
7
11
10
9
10
749
565
2
1
0
2
0
510
791
6
5
3
6
7
6
685
605
7
5
6
6
8
428
861
0
10
8
10
7
14
632
651
6
6
3
4
6
338
955
9
11
12
15
8
16
592
698
8
6
6
5
3
227
1079
7
6
9
7
10
3
560
760
2
2
2
4
2
110
1215
10
4
8
8
12
6
525
810
3
3
2
4
4
70
1242
0
13
6
9
5
7
471
849
2
2
2
4
1
43
1235
27
4
6
3
3
4
421
871
4
6
6
5
7
30
1209
55
10
8
8
6
7
379
908
3
4
7
5
3
19
1207
73
9
4
6
13
13
346
951
3
3
5
5
4
12
1204
0
9
5
4
9
9
310
1011
2
1
2
3
2
3
1195
137
11
11
9
8
9
281
1054
2
3
3
2
5
3
1162
165
7
9
8
6
7
235
1093
2
3
2
0
2
3
1124
195
4
4
8
9
7
198
1107
3
1
4
4
6
2
1067
0
11
10
8
12
11
154
1130
2
3
3
2
2
3
1018
269
10
10
13
8
15
125
1165
4
8
4
4
4
4
995
309
10
7
7
8
5
93
1192
34
2
3
2
2
3
966
364
9
6
12
9
11
80
1122
138
3
1
2
2
2
918
0
11
8
9
6
8
57
1069
222
3
1
2
5
1
874
448
13
10
10
7
8
46
987
282
3
5
4
1
5
810
482
2
8
8
9
16
28
927
340
5
3
3
6
6
755
531
8
10
13
10
12
22
879
394
5
5
5
3
2
712
0
5
5
4
6
4
11
857
454
3
3
2
2
2
661
673
7
6
10
6
8
15
828
509
4
2
2
0
0
600
744
7
3
6
3
11
7
786
565
2
3
2
4
1
525
804
13
16
7
2
7
8
702
605
5
6
6
5
4
446
0
6
10
8
9
7
5
643
646
5
5
6
3
4
352
934
6
7
9
5
9
12
595
697
4
7
1
3
5
248
1062
8
6
5
6
3
3
571
754
0
0
2
2
4
128
1195
12
11
11
7
9
11
531
802
3
0
0
1
2
68
0
20
4
4
5
5
5
493
857
1
1
3
2
2
39
1264
29
12
13
7
4
8
436
879
5
5
8
4
7
33
1221
46
11
11
8
8
10
378
906
3
4
5
4
3
24
1199
68
7
4
8
13
6
346
943
4
5
5
5
7
10
0
97
6
9
6
3
5
314
1009
3
4
4
0
1
3
1205
127
10
6
6
6
3
285
1055
3
2
2
2
4
5
1184
171
11
8
5
7
6
255
1102
1
3
3
2
1
1
1137
198
17
13
9
5
5
210
1108
5
4
3
4
8
4
0
222
8
5
9
8
9
158
1129
2
3
2
2
2
3
1029
259
8
7
8
14
9
130
1163
2
5
5
5
4
5
1010
303
7
10
4
7
6
100
1191
25
4
8
3
5
2
971
358
6
6
8
8
8
79
1142
117
3
1
2
2
0
0
415
6
6
9
4
4
58
1090
212
3
2
3
4
4
882
449
14
11
10
8
4
44
1002
273
1
2
5
4
4
820
471
7
6
6
7
5
31
937
325
1
4
5
5
4
767
518
8
11
13
10
5
22
894
380
4
6
4
6
5
0
575
6
6
9
7
5
17
861
442
2
2
6
5
4
668
651
7
12
9
8
10
12
821
493
4
3
2
2
4
604
725
5
5
7
5
7
9
778
548
2
1
3
4
4
534
780
11
9
9
3
7
8
707
591
5
2
4
5
3
0
825
7
10
7
6
6
7
649
628
3
3
3
6
6
370
916
10
8
5
9
10
9
612
680
1
2
4
1
2
263
1023
7
11
8
6
11
9
559
726
2
4
4
4
5
148
1155
9
5
7
7
12
8
525
786
2
3
4
1
1
0
1226
19
8
7
5
10
7
484
835
0
3
0
1
6
47
1239
23
8
7
6
7
9
430
859
4
3
3
4
1
35
1208
43
10
6
6
9
6
387
892
4
2
3
3
2
26
1201
58
6
7
5
9
10
363
919
5
5
6
6
1
0
1197
91
9
9
11
16
15
334
957
5
2
3
4
5
9
1166
121
9
7
4
6
9
280
1021
3
4
4
6
2
2
1159
154
4
4
5
4
3
250
1068
2
3
2
2
0
1
1118
186
3
6
9
7
4
207
1079
3
6
7
5
5
0
1064
211
7
9
11
8
10
178
1106
3
5
6
4
2
4
1030
252
8
9
9
9
7
145
1141
3
2
3
3
3
4
1001
291
8
6
12
13
16
112
1162
17
5
3
6
5
4
950
330
10
7
7
6
9
80
1132
91
5
4
4
5
0
920
384
7
7
2
3
4
62
1070
187
3
2
2
2
1
878
422
6
10
7
5
5
48
989
262
8
3
3
5
4
820
461
8
6
6
7
6
34
947
309
1
3
1
2
2
775
507
9
13
8
6
6
16
900
368
1
2
5
5
0
720
565
14
12
11
8
13
25
859
422
5
5
3
1
3
671
613
7
3
6
8
4
7
813
482
4
6
7
1
5
615
693
7
6
3
3
2
3
777
542
2
3
0
3
2
553
754
6
1
9
7
8
3
710
583
10
8
5
6
0
467
817
8
9
11
5
6
9
653
620
3
2
3
1
4
382
899
8
10
10
6
9
11
612
669
4
9
5
2
2
282
1011
12
14
10
13
13
7
577
714
5
3
5
4
2
162
1122
9
7
9
11
3
8
526
772
5
5
3
3
0
88
1217
14
4
4
4
4
3
489
830
4
3
1
0
2
57
1238
26
11
6
3
9
5
442
859
3
4
4
5
5
38
1221
39
8
5
9
10
9
395
892
6
5
5
3
4
25
1199
62
6
8
8
10
12
369
915
3
2
4
5
0
16
1194
81
10
11
14
12
6
338
952
3
3
4
3
2
9
1174
110
7
3
12
7
6
282
1012
4
4
6
3
6
4
1165
143
4
7
3
7
4
255
1061
2
2
2
2
1
1
1129
184
6
2
7
6
7
213
1096
5
5
2
4
0
0
1090
209
9
3
7
4
6
175
1112
2
3
2
3
2
5
1031
249
10
8
9
10
8
147
1134
3
6
4
4
2
4
997
284
12
11
12
10
10
118
1160
12
4
3
7
4
3
961
327
8
5
7
6
8
81
1141
77
3
3
4
0
5
928
379
9
11
8
6
3
62
1080
174
1
1
6
4
1
886
431
8
3
4
11
9
45
1020
251
1
2
2
2
5
843
467
5
9
7
6
6
38
952
304
3
5
4
4
5
783
498
7
7
8
11
8
27
900
363
2
2
1
0
3
735
549
7
7
15
9
10
21
856
420
5
2
4
7
9
687
608
6
5
5
7
4
7
824
474
4
3
3
4
5
627
685
7
8
4
5
7
9
789
526
2
2
2
1
3
559
763
7
7
9
4
3
3
751
577
3
1
1
0
4
491
825
9
11
12
10
8
3
674
618
3
5
8
4
5
400
882
8
10
11
7
6
8
614
662
5
3
4
3
3
300
984
10
6
9
9
10
10
574
705
4
5
4
4
3
185
1107
7
8
5
10
4
7
533
771
6
5
8
0
6
97
1211
16
8
3
3
8
8
498
816
2
2
1
0
2
56
1245
20
3
8
9
5
8
459
865
2
1
3
3
2
33
1243
36
7
7
7
8
10
409
885
4
5
4
3
5
29
1201
58
5
13
8
9
6
368
913
1
2
2
0
1
22
1184
83
9
13
13
10
6
331
952
5
5
3
4
1
8
1189
105
5
5
3
5
7
296
1009
2
5
5
7
6
5
1168
143
2
5
4
7
8
260
1057
2
1
2
1
1
0
1146
180
6
6
11
9
7
230
1102
3
2
3
0
4
4
1105
210
4
9
9
7
6
186
1109
2
6
4
2
6
7
1037
237
5
10
6
5
11
151
1128
4
6
4
6
3
3
1002
276
12
12
6
9
11
117
1158
6
5
3
1
4
3
971
322
5
4
5
8
10
86
1153
60
3
2
0
6
6
936
367
3
3
3
7
7
66
1091
158
3
4
4
3
3
900
424
8
11
7
7
10
55
1041
242
2
1
2
2
5
847
467
5
6
5
8
10
39
967
295
4
5
3
3
4
783
491
6
11
10
14
11
28
908
354
3
5
0
3
3
739
538
10
8
5
6
6
19
866
405
3
2
4
4
3
695
596
12
6
7
12
10
11
823
463
6
6
1
2
3
640
662
10
7
8
5
2
11
795
516
4
3
2
5
3
581
742
4
8
13
10
8
10
756
571
2
3
0
4
2
508
808
7
6
8
5
10
10
676
613
3
3
4
4
3
416
866
10
10
6
7
10
8
629
653
5
3
4
5
3
326
962
9
7
8
6
10
10
594
694
5
6
5
3
6
208
1080
8
5
10
9
12
14
538
749
2
2
0
3
2
107
1178
14
4
5
9
9
5
497
802
8
6
4
3
3
69
1230
23
8
8
3
10
8
471
852
1
2
2
2
2
41
1238
33
4
5
11
3
9
414
876
5
4
5
3
1
29
1203
49
10
10
12
8
10
374
908
3
4
0
3
5
22
1193
75
6
10
5
4
10
352
940
6
3
6
5
6
14
1178
108
13
10
11
14
13
307
986
1
2
2
3
4
4
1164
123
8
12
4
6
6
264
1032
3
3
4
6
5
4
1139
167
6
7
4
6
7
225
1088
4
5
0
6
4
6
1104
199
2
7
3
8
8
194
1098
4
5
5
4
2
2
1051
233
9
8
10
8
7
162
1122
1
4
1
4
6
2
1013
272
12
15
14
9
7
133
1155
2
3
5
3
7
6
973
310
5
7
11
15
10
102
1151
41
1
0
2
5
6
934
348
6
4
7
10
6
67
1094
142
1
6
4
2
6
899
407
5
3
5
5
3
53
1046
222
4
4
3
2
7
859
447
6
4
11
6
9
45
972
282
4
3
1
1
2
803
476
9
9
11
10
10
29
917
344
2
0
4
3
4
748
534
5
7
6
7
6
17
872
398
5
3
3
6
8
707
585
10
14
7
8
9
20
829
453
4
3
2
4
1
649
631
7
6
4
11
7
3
791
506
2
3
2
2
4
592
719
6
6
5
6
5
5
764
557
3
0
5
5
6
513
794
8
5
6
3
6
6
688
605
2
2
4
3
3
439
849
11
9
7
7
12
5
631
644
3
4
0
4
3
344
943
10
12
11
10
6
4
597
683
4
1
2
4
5
226
1061
11
8
8
9
8
16
545
731
3
0
4
6
5
122
1159
12
9
7
7
6
4
503
795
4
4
4
2
5
71
1231
19
3
4
4
8
8
476
843
5
4
2
2
4
47
1235
30
6
4
10
3
2
426
873
4
5
4
2
2
31
1214
48
8
8
12
7
6
377
902
2
0
5
1
2
22
1196
71
12
11
6
9
8
350
937
4
4
6
1
4
13
1187
99
10
9
9
19
9
322
973
2
3
3
2
1
3
1165
127
8
10
3
4
4
268
1030
1
3
4
1
4
2
1148
162
6
5
5
6
2
235
1081
4
0
1
4
5
5
1114
198
11
12
7
3
5
205
1105
5
3
5
7
9
3
1071
229
13
13
7
6
8
161
1125
2
2
4
4
0
4
1010
272
9
6
9
12
12
133
1152
2
4
4
2
3
5
985
299
8
9
14
8
12
105
1155
31
0
5
1
4
2
943
347
7
2
6
6
8
74
1109
120
4
5
3
2
3
909
397
3
2
3
3
8
55
1054
215
3
4
4
2
2
874
451
8
9
8
7
8
44
996
288
2
2
2
2
6
819
497
8
6
7
5
9
33
933
336
0
2
3
2
3
756
522
9
10
7
9
11
16
877
384
1
2
4
5
5
711
571
9
9
9
7
11
12
838
442
2
4
2
2
1
658
637
7
7
5
7
4
7
800
501
5
2
4
3
5
601
713
1
3
4
6
8
5
764
553
0
3
4
2
2
531
797
6
5
5
10
8
9
728
602
4
4
4
4
1
455
864
4
6
10
11
10
7
652
644
3
3
4
1
2
362
917
7
9
14
6
9
9
593
680
4
3
2
4
1
250
1033
8
9
7
10
7
9
554
730
0
3
2
2
7
130
1161
9
5
4
8
3
4
515
787
7
6
3
4
6
79
1221
16
3
5
9
9
8
480
841
2
2
1
2
2
48
1247
32
7
7
6
7
6
441
885
4
4
3
4
4
33
1241
47
7
10
9
12
8
392
907
0
3
5
5
1
22
1198
69
7
10
5
5
6
348
935
3
5
3
5
5
13
1186
92
10
9
11
10
6
312
975
4
3
1
6
3
7
1171
118
6
8
4
1
5
278
1027
3
2
1
3
5
3
1156
159
4
4
4
7
5
249
1072
0
2
2
0
1
3
1131
192
8
4
8
7
8
206
1118
2
2
2
2
2
2
1088
227
7
5
8
10
4
168
1125
4
2
5
3
3
3
1019
263
7
10
9
13
12
136
1145
3
2
2
4
5
4
988
297
9
14
15
16
10
101
1167
0
3
4
5
2
4
948
344
8
8
3
6
9
77
1123
101
2
1
2
4
4
923
386
6
5
8
7
4
58
1063
195
4
7
4
4
3
877
440
12
8
7
7
7
45
1016
271
3
4
5
2
3
827
489
9
7
7
7
6
30
948
0
2
4
5
3
3
766
518
12
11
6
8
3
19
886
378
2
1
3
2
2
721
562
11
6
5
7
11
17
850
431
2
4
5
5
2
667
618
7
11
8
6
9
8
796
493
2
3
4
1
4
611
694
7
9
5
4
4
6
767
0
4
6
6
4
4
546
773
9
9
9
5
6
6
733
596
1
3
3
1
2
469
851
12
8
7
9
7
8
661
634
4
4
4
1
4
378
904
10
6
11
12
8
8
602
676
3
4
6
3
4
272
1020
13
15
11
9
10
10
562
0
2
1
4
4
5
149
1136
10
7
7
5
6
11
521
769
3
5
5
5
4
86
1194
16
11
11
7
4
5
477
826
6
5
1
4
5
53
1236
29
3
1
3
4
5
441
878
4
2
4
2
1
33
1232
36
4
7
10
10
7
392
0
3
3
2
2
3
27
1197
63
9
7
10
9
9
357
926
1
4
6
5
4
16
1185
89
7
11
8
8
7
331
957
4
2
2
2
4
12
1173
117
14
12
10
15
16
296
997
3
3
3
3
4
2
1145
144
9
8
5
11
3
236
0
4
5
3
2
3
3
1128
183
4
8
6
5
5
212
1104
4
4
4
3
5
5
1090
212
5
6
7
6
9
179
1110
2
3
4
2
3
3
1027
256
6
6
9
13
8
146
1130
5
3
3
4
3
3
991
291
9
12
8
10
6
118
0
13
4
4
6
4
2
955
328
11
9
11
17
17
91
1125
76
3
3
3
1
3
919
365
8
10
12
6
4
58
1071
179
6
5
4
6
4
883
425
5
6
6
4
4
41
1020
257
7
4
2
4
7
838
464
7
9
7
9
7
36
0
312
3
3
4
4
2
779
501
5
9
10
9
10
25
896
370
3
4
4
2
2
730
554
8
5
8
11
8
14
859
418
2
6
2
4
2
675
614
9
7
9
12
16
17
805
475
2
2
6
6
2
620
672
10
12
9
9
11
10
0
531
7
5
3
1
4
562
745
4
6
4
3
5
7
728
588
3
2
5
2
3
480
824
4
3
4
7
7
5
666
627
6
3
3
3
3
393
894
8
10
14
5
8
9
609
671
2
2
3
2
2
294
991
6
4
10
15
12
9
0
710
4
1
1
2
2
175
1107
11
7
7
7
12
11
530
755
1
2
3
3
3
90
1185
19
12
7
12
4
1
481
821
7
5
7
4
7
66
1225
25
5
7
5
5
7
444
870
3
4
5
6
5
35
1239
42
7
7
6
4
8
0
896
4
7
7
5
4
30
1214
58
13
13
9
12
10
359
927
3
5
5
4
4
16
1186
85
9
6
10
9
9
336
951
3
2
2
3
1
13
1174
116
10
7
9
14
8
304
988
4
3
3
2
4
2
1152
138
9
6
9
7
8
0
1054
6
5
5
3
3
4
1140
178
6
4
8
7
6
219
1110
1
4
4
2
2
2
1107
220
9
6
9
9
7
187
1141
4
4
3
6
5
1
1058
254
5
6
7
6
9
136
1150
2
3
5
0
3
3
1007
283
10
8
11
7
6
0
1167
6
2
2
4
5
4
972
316
10
5
6
12
11
96
1138
72
4
6
7
4
5
943
362
6
6
5
5
2
64
1088
169
2
3
3
2
2
900
432
9
6
8
8
6
50
1051
248
4
4
3
4
3
861
488
9
10
9
6
7
0
1005
313
3
1
3
5
3
806
527
5
11
9
5
5
24
929
365
5
5
1
1
4
743
554
8
7
3
8
7
16
866
417
5
4
5
5
3
691
598
5
8
12
8
10
18
818
473
3
2
1
4
1
635
672
9
9
6
6
6
0
798
529
0
3
3
3
3
579
760
2
7
6
8
9
8
767
584
4
4
6
2
8
497
864
9
9
9
7
7
5
720
642
2
5
5
2
3
420
926
10
8
9
10
7
7
637
678
1
3
3
2
4
316
980
3
8
6
8
9
0
585
701
1
3
3
5
3
203
1093
8
11
11
7
7
8
535
761
3
4
2
3
4
101
1205
11
4
4
6
8
10
501
822
3
4
4
3
5
66
1253
24
7
11
8
11
8
472
876
4
4
2
6
5
40
1285
42
3
8
8
7
0
435
926
5
3
4
0
1
27
1258
53
9
10
7
10
6
370
945
2
2
2
3
4
16
1205
81
8
5
5
13
6
338
956
5
5
4
2
3
11
1179
102
2
11
6
9
8
301
995
4
7
5
3
3
3
1177
135
7
8
8
9
0
260
1065
1
2
2
2
4
3
1156
181
3
4
9
6
8
233
1117
3
5
4
5
6
4
1133
227
9
14
15
12
9
202
1163
4
6
6
2
5
7
1086
246
16
9
12
10
7
150
1165
0
2
2
1
2
3
1017
275
10
9
12
10
0
120
1168
4
4
4
2
2
3
977
308
8
9
7
11
12
101
1152
52
4
6
5
3
2
944
360
6
4
6
4
5
64
1096
150
6
3
2
6
4
908
418
7
3
6
8
7
51
1056
237
2
3
1
3
2
873
474
8
7
7
7
0
39
1019
306
4
5
3
5
5
815
518
9
7
9
6
7
23
934
356
0
2
0
3
5
760
531
10
5
7
13
7
23
870
410
2
1
2
3
3
702
591
11
11
9
8
6
13
830
462
3
3
2
3
3
648
650
3
4
5
4
0
8
796
514
1
1
3
2
3
593
734
7
7
4
4
6
5
767
571
2
3
3
3
5
518
828
7
6
8
7
12
10
726
635
3
1
5
5
4
435
897
9
10
7
5
6
4
644
669
2
2
3
3
2
340
957
6
10
8
9
0
12
586
702
4
2
3
2
4
218
1072
9
11
10
7
8
6
535
753
2
2
1
1
3
116
1175
14
6
8
7
7
9
496
796
4
1
3
4
5
72
1228
23
7
6
9
11
7
465
858
4
3
3
2
2
45
1255
38
8
8
8
0
7
432
908
5
4
5
4
3
30
1248
52
6
8
2
8
8
375
930
2
1
0
2
4
17
1204
71
8
9
8
13
11
340
950
4
3
4
4
3
10
1181
97
10
10
13
8
11
308
984
5
3
5
3
3
11
1170
131
8
12
8
0
13
271
1028
5
3
1
1
2
3
1144
163
7
9
6
6
9
224
1091
3
4
3
4
2
3
1119
211
6
5
7
4
9
202
1137
2
5
4
5
5
1
1086
237
7
7
11
10
6
157
1149
1
2
3
0
1
4
1021
273
10
12
10
0
11
128
1163
3
2
2
5
5
4
984
306
10
10
7
7
7
99
1153
37
1
3
4
2
3
943
348
10
9
13
11
14
80
1094
131
4
5
4
5
6
909
394
7
5
11
4
8
57
1047
219
3
5
6
9
6
875
457
9
5
4
0
6
38
1014
293
4
2
2
3
5
823
503
5
8
8
10
4
24
941
348
5
5
2
2
3
761
529
8
6
8
15
8
19
882
398
5
6
3
5
3
708
581
7
10
10
10
7
13
832
448
1
3
3
1
0
657
646
6
7
11
0
9
19
794
499
5
3
3
4
5
596
706
6
8
9
10
5
4
752
564
5
1
2
2
2
528
804
7
8
8
8
9
7
718
619
1
5
6
5
7
447
880
11
8
11
8
7
2
662
655
3
0
4
5
4
353
953
10
7
4
0
7
9
601
695
4
2
3
5
3
243
1049
9
8
8
8
8
6
548
739
4
3
1
6
5
129
1163
11
11
8
10
8
14
506
792
4
4
2
2
2
77
1219
22
7
5
8
7
10
468
848
3
4
4
1
2
51
1253
31
6
7
0
12
6
437
906
2
3
6
6
4
32
1249
52
8
10
10
5
7
391
934
3
2
3
5
6
21
1221
69
7
7
6
6
8
345
955
2
0
1
4
3
14
1188
96
4
8
10
10
4
314
978
4
2
5
4
2
10
1166
125
7
3
0
13
13
272
1022
5
1
2
2
1
3
1148
161
7
8
10
3
3
228
1089
6
5
3
3
2
3
1138
204
6
6
8
6
7
209
1138
4
2
4
2
3
7
1101
242
10
6
7
7
7
174
1166
4
2
4
4
3
4
1048
276
11
9
0
12
2
134
1170
2
6
5
2
1
3
996
295
7
10
9
10
9
106
1164
23
2
3
5
6
3
953
334
7
7
7
15
14
78
1113
112
2
3
3
4
5
918
385
6
7
8
5
4
56
1062
206
2
2
1
2
4
878
455
5
5
0
9
10
44
1025
282
4
2
3
2
2
832
517
11
8
9
10
15
31
989
342
3
2
3
4
4
784
549
7
7
9
7
4
19
909
389
4
5
4
3
4
724
569
12
12
5
10
7
16
849
432
1
3
5
3
4
665
617
7
11
0
11
11
16
796
499
4
4
2
5
3
605
708
6
12
7
4
6
7
769
553
1
3
2
4
4
543
788
6
6
9
11
14
8
742
603
3
5
3
3
2
469
889
4
4
6
7
8
8
693
663
5
4
5
3
3
375
960
8
12
0
3
3
10
616
696
1
4
4
4
7
262
1035
10
12
8
9
12
8
554
732
4
3
5
3
3
143
1143
7
8
8
5
8
14
512
783
2
2
1
5
7
81
1216
18
10
5
4
5
5
480
843
6
5
6
4
7
54
1258
32
6
0
9
9
12
449
894
4
4
1
3
2
30
1280
49
6
6
6
6
5
415
940
4
2
2
0
0
20
1250
63
9
9
8
5
4
357
958
4
1
5
7
5
14
1194
88
8
7
8
13
15
319
971
1
2
3
2
2
9
1171
115
4
0
5
6
9
282
1016
3
3
5
2
1
6
1160
153
4
6
10
8
7
242
1079
3
4
4
4
4
3
1143
195
5
6
6
6
4
219
1126
2
3
4
3
6
3
1113
240
13
6
8
10
6
187
1172
2
2
1
3
3
1
1058
278
10
0
11
4
6
140
1179
2
5
3
3
4
5
1004
287
11
9
11
13
13
111
1171
15
2
1
2
4
3
958
328
8
8
7
8
17
83
1126
95
1
0
7
7
4
931
376
6
5
5
2
4
54
1072
194
4
6
5
4
2
887
445
8
0
6
5
8
47
1036
265
2
5
7
4
1
842
499
9
8
5
8
12
32
990
335
4
4
2
2
3
795
532
15
9
4
7
7
21
914
384
3
4
6
5
3
730
563
14
12
9
10
7
17
856
426
4
5
5
5
4
679
609
12
0
7
11
11
12
805
485
6
2
3
4
3
621
680
11
8
11
9
10
9
771
540
6
5
2
2
2
554
773
7
10
8
8
8
5
744
594
4
3
3
3
4
481
868
12
9
8
9
9
10
702
655
5
3
5
6
3
392
942
17
0
12
5
5
6
624
687
6
6
5
5
4
284
1015
11
11
11
9
13
10
569
721
3
5
6
3
4
159
1127
10
8
6
4
4
6
521
770
2
3
3
3
5
89
1197
17
5
12
12
15
14
475
815
3
3
3
3
5
58
1234
31
0
6
9
5
8
444
883
5
5
3
3
3
35
1263
40
8
11
7
9
10
417
924
4
4
3
5
2
25
1242
60
6
3
9
6
7
363
940
5
5
8
2
8
18
1198
81
9
8
12
9
10
322
964
3
6
4
0
1
12
1172
112
0
8
7
9
7
297
996
2
5
5
2
3
3
1150
146
11
7
7
11
20
258
1040
5
5
3
3
1
3
1124
176
14
15
12
8
7
210
1105
7
7
4
7
1
4
1107
224
7
8
10
11
9
175
1158
7
3
3
6
4
0
1070
254
0
7
9
12
13
142
1165
5
7
6
7
5
5
1007
286
9
11
10
10
4
114
1174
9
5
4
5
6
7
968
327
8
8
10
11
4
93
1130
71
4
8
6
6
7
920
373
10
4
7
9
15
65
1063
168
6
3
2
4
4
887
413
0
6
5
8
7
46
1030
250
5
5
3
5
5
851
479
9
3
9
6
10
42
989
323
2
1
4
3
3
801
522
6
8
9
7
9
27
921
372
6
8
7
3
4
740
552
11
5
9
10
10
13
862
421
3
5
6
5
4
684
606
0
10
13
12
11
13
811
474
5
3
2
0
3
626
665
11
9
8
11
9
14
769
523
2
1
2
4
8
571
738
8
10
7
10
7
3
732
583
4
1
3
3
3
493
841
6
5
8
8
6
8
699
640
4
3
1
2
2
412
918
0
6
8
6
4
4
631
689
2
3
3
3
2
310
1002
12
10
11
5
7
8
577
713
6
5
6
4
4
186
1109
8
4
6
7
10
8
533
756
8
7
4
5
4
101
1193
15
11
7
12
7
11
484
806
4
0
4
6
8
61
1220
0
7
12
8
4
6
449
865
4
4
2
4
6
36
1256
43
8
10
6
8
9
416
918
4
5
4
1
3
26
1244
58
6
5
4
7
9
370
957
1
3
3
4
5
15
1216
84
10
8
13
8
11
329
969
7
6
5
5
6
11
1177
0
11
9
6
10
9
294
996
2
6
7
7
4
10
1152
144
12
8
6
16
9
251
1044
7
4
7
7
3
6
1141
176
10
8
7
8
5
216
1104
3
4
4
3
4
3
1118
223
9
11
9
11
11
191
1152
3
1
4
2
2
5
1079
0
5
5
7
5
13
155
1185
3
2
3
1
4
2
1034
293
5
8
8
7
4
112
1191
8
4
4
2
4
6
970
316
13
11
8
11
11
92
1137
63
3
5
5
6
5
926
366
11
8
10
8
6
68
1077
154
6
5
2
4
4
896
0
10
5
11
8
5
45
1038
238
4
3
2
3
3
862
471
11
9
8
6
5
40
1003
314
3
2
2
3
2
816
535
3
4
5
4
7
22
961
371
2
2
1
3
3
758
578
12
13
7
7
8
14
894
412
1
4
4
1
3
699
0
5
8
12
7
5
11
824
466
6
4
5
6
4
638
649
8
9
8
10
11
7
776
510
8
3
2
2
3
578
738
7
7
5
11
8
6
746
575
4
6
5
3
5
509
825
9
8
6
9
7
11
712
629
2
2
4
3
3
427
0
6
10
3
5
7
9
672
686
2
3
4
4
3
329
1012
10
9
8
7
5
6
599
718
4
2
1
1
3
205
1093
7
4
6
8
7
9
531
755
5
5
5
4
4
109
1176
14
4
8
7
6
13
487
807
6
5
5
5
5
64
0
18
3
7
6
11
3
454
869
2
2
4
4
