12
263
1022
9
5
4
8
9
10
1133
170
12
11
4
16
14
238
1062
4
7
7
4
6
2
1105
196
7
9
10
10
9
188
1125
4
3
5
4
3
3
1089
237
12
5
11
13
7
154
1182
4
3
1
3
5
3
1032
283
3
10
12
0
7
121
1175
5
5
3
2
4
8
983
308
4
11
3
2
4
93
1155
45
5
5
3
4
5
938
351
7
10
14
7
6
78
1081
137
6
5
6
6
4
897
393
10
5
11
15
12
54
1030
224
4
4
5
4
6
858
445
10
9
7
0
5
37
991
294
3
0
0
2
3
818
508
5
8
8
6
9
31
964
355
6
7
1
3
3
765
559
7
5
7
8
4
19
889
406
3
2
6
6
0
708
590
5
10
11
11
10
10
831
456
2
4
3
1
6
649
643
12
11
10
0
8
12
790
502
6
6
4
6
5
584
708
8
8
13
11
11
8
738
558
5
4
2
3
1
519
788
10
13
11
6
9
6
705
617
2
4
4
4
1
446
887
7
9
6
8
8
7
665
674
0
0
1
1
2
346
977
4
6
0
0
4
7
601
717
3
4
4
5
5
231
1078
11
6
3
4
8
10
543
753
3
6
3
5
2
121
1167
10
3
10
6
6
4
496
793
5
3
4
4
4
81
1203
17
10
13
12
13
15
460
834
4
4
1
2
2
46
1237
32
8
6
0
11
4
429
892
3
2
1
2
5
29
1250
56
6
6
9
5
11
390
947
1
1
2
1
2
17
1239
74
3
3
3
2
3
345
978
3
4
1
0
2
9
1210
95
3
12
7
6
2
307
993
2
2
3
4
2
6
1169
127
13
13
0
4
9
268
1026
6
2
8
3
5
2
1142
157
6
16
12
13
12
239
1063
5
1
5
2
2
2
1111
193
5
10
7
7
10
197
1126
3
2
3
4
3
4
1099
236
7
10
8
7
8
162
1178
1
1
3
1
2
3
1052
285
4
3
0
5
6
133
1208
2
1
2
3
0
1
1015
310
4
9
8
7
6
96
1183
34
6
4
3
4
3
950
344
5
12
14
12
9
75
1101
121
5
3
3
2
1
905
388
9
10
12
13
6
58
1041
206
4
3
2
1
2
865
446
7
6
0
5
4
37
1004
283
4
4
3
4
3
832
505
10
9
8
6
4
33
968
352
3
3
2
3
2
779
576
4
3
4
3
6
18
931
405
1
3
3
1
1
724
610
10
7
8
5
7
16
862
449
5
1
5
3
4
663
633
3
7
0
8
7
9
789
501
1
1
5
2
2
598
692
7
6
1
12
6
10
740
551
5
4
2
4
2
525
785
7
8
4
7
7
3
715
609
2
3
4
3
1
457
878
8
13
12
8
10
7
677
665
3
1
1
2
1
367
991
7
7
0
1
7
8
640
718
1
4
5
3
1
251
1093
11
8
11
6
3
4
567
754
4
5
3
3
4
131
1166
9
9
10
4
5
9
510
780
5
2
2
3
4
77
1203
16
7
5
12
9
13
466
829
1
4
6
5
0
51
1241
28
5
0
5
5
8
439
886
3
2
2
2
2
29
1267
52
4
4
10
8
8
409
945
4
4
1
0
3
14
1275
74
8
10
6
6
4
371
994
1
3
4
3
2
10
1233
92
7
6
8
7
8
316
999
1
5
4
2
2
7
1175
118
12
0
9
10
11
276
1019
5
5
2
4
3
1
1141
154
5
14
8
5
8
238
1059
5
3
2
3
2
1
1124
191
7
6
9
5
6
199
1120
4
2
3
3
2
2
1102
231
3
7
4
10
7
167
1170
3
4
2
1
3
1
1060
292
4
0
3
0
4
140
1216
1
3
3
4
2
2
1023
311
7
8
3
3
7
104
1196
21
2
3
5
3
4
959
341
9
5
7
7
9
76
1113
104
4
4
2
3
5
914
380
8
5
9
7
9
52
1053
192
2
3
5
6
4
878
431
7
0
6
7
7
42
1008
272
2
2
4
2
2
841
488
3
5
12
10
10
35
977
335
2
0
0
3
1
788
556
5
4
7
7
2
18
945
398
3
0
1
0
3
738
595
9
5
7
5
8
14
869
437
3
3
3
3
5
669
627
5
0
6
8
13
11
798
486
3
5
2
3
1
608
687
6
4
6
7
5
4
753
541
5
7
6
5
3
551
748
3
8
8
4
7
8
710
596
3
5
6
2
1
467
858
7
5
8
5
5
7
674
650
1
2
2
1
1
381
961
6
0
5
5
8
4
644
708
2
4
3
2
3
272
1062
8
5
5
7
7
10
570
740
2
4
5
5
1
144
1146
9
4
10
9
6
4
513
773
3
2
3
1
4
86
1197
19
9
9
6
12
6
482
815
2
2
3
4
2
63
1216
33
0
11
11
11
12
439
859
1
4
4
1
6
34
1238
42
5
13
8
4
3
401
920
0
1
0
0
1
22
1245
67
5
7
6
8
7
372
972
2
2
3
3
4
14
1226
87
6
7
3
6
9
321
988
5
4
3
5
1
7
1177
118
0
9
4
12
12
275
1018
1
4
4
5
3
5
1148
149
7
7
7
14
12
250
1046
5
2
4
6
8
5
1120
179
7
7
12
5
13
215
1079
3
5
4
4
2
2
1091
213
7
8
7
10
6
169
1149
0
0
2
1
2
0
1061
268
0
8
8
7
7
140
1194
2
2
4
2
5
4
1026
294
6
6
4
7
5
102
1191
15
3
5
5
3
1
960
337
8
9
11
5
5
87
1127
84
5
2
3
4
5
922
371
12
10
9
13
10
64
1063
173
1
2
4
2
5
876
418
0
10
9
13
14
49
1006
252
4
3
1
3
3
839
466
9
8
5
8
8
31
968
324
2
1
3
2
3
796
536
5
7
5
10
7
25
940
382
2
4
3
1
0
739
585
10
7
7
7
7
14
877
430
2
3
1
2
2
683
620
0
11
11
8
9
10
811
478
6
5
3
5
4
621
670
4
5
8
10
10
7
764
524
4
4
4
5
5
553
739
6
8
9
14
16
13
713
577
5
4
6
5
3
486
819
4
3
5
5
5
5
678
644
2
2
0
0
2
397
931
0
8
7
9
7
11
635
699
2
3
2
1
3
294
1033
5
3
6
8
6
9
588
733
1
1
4
4
1
166
1142
10
4
6
6
6
5
531
767
4
2
3
1
5
88
1194
13
5
9
7
6
5
474
814
5
5
5
5
5
63
1217
0
7
9
8
10
10
442
851
3
5
5
3
2
36
1234
38
7
7
6
6
5
401
919
1
2
2
5
4
21
1251
64
10
8
7
7
3
376
962
0
1
3
4
2
13
1229
84
8
5
4
1
7
334
992
5
3
2
1
3
5
1203
0
5
7
4
9
3
294
1008
2
2
2
2
4
4
1153
138
11
13
12
8
6
253
1039
4
4
3
5
5
5
1126
171
9
11
11
11
14
221
1076
3
2
2
6
6
5
1095
212
10
9
8
5
5
180
1139
1
1
1
2
3
3
1074
0
8
10
8
6
7
150
1194
3
3
5
1
4
3
1040
305
7
6
5
11
10
120
1217
7
3
1
0
3
3
984
338
9
8
5
7
6
86
1153
72
1
3
2
2
1
934
360
9
5
9
6
10
66
1068
163
2
4
5
2
1
883
0
8
9
9
9
8
48
1016
240
5
2
5
4
2
847
465
4
3
1
2
7
34
984
312
2
1
4
3
1
805
526
7
7
7
7
6
26
946
377
4
2
2
3
3
754
596
6
6
9
10
7
20
920
427
2
3
1
2
3
697
0
6
12
6
6
7
11
837
472
1
2
3
2
1
631
664
8
9
4
8
5
7
765
524
3
6
5
3
6
565
727
9
6
10
13
9
7
724
574
4
3
4
2
1
500
814
8
4
3
3
3
6
696
628
2
2
2
3
4
414
0
10
13
5
5
5
4
657
686
2
2
2
4
3
314
1044
10
9
6
8
7
6
620
737
4
5
5
5
3
190
1141
10
11
13
7
7
8
547
765
1
2
1
1
1
95
1192
14
6
7
6
8
13
484
805
5
7
5
2
4
65
0
24
2
8
8
5
9
447
851
1
1
2
3
1
38
1244
38
4
7
3
7
3
418
905
2
2
3
3
1
26
1255
56
9
9
4
5
5
387
961
2
0
3
4
2
16
1257
89
4
4
1
3
4
349
1009
1
5
5
3
2
3
0
111
4
7
8
8
5
298
1022
2
2
1
1
1
2
1164
135
8
9
7
5
8
255
1036
7
6
4
3
3
5
1131
162
10
12
8
3
11
220
1078
3
5
5
3
0
0
1108
204
8
4
4
6
2
187
1133
3
3
2
2
3
2
0
257
8
8
8
8
10
156
1190
4
4
3
5
5
3
1053
305
1
1
2
2
5
126
1236
2
3
6
4
2
2
999
334
11
12
5
8
8
91
1170
56
2
0
0
2
1
941
356
7
11
9
5
8
66
1080
151
3
4
2
4
3
0
396
8
11
8
5
9
48
1024
230
2
3
2
2
1
851
454
3
5
7
6
9
38
987
299
2
3
3
4
1
809
519
7
3
7
6
11
28
950
366
4
1
2
4
6
758
583
11
6
7
7
6
22
924
417
4
2
4
3
2
0
628
9
8
8
4
7
11
842
455
2
5
4
5
4
637
651
3
7
8
4
7
6
775
505
5
3
3
3
0
579
703
11
12
7
5
8
5
728
556
3
5
3
1
0
502
789
5
5
3
3
5
4
684
609
5
2
3
5
6
0
885
5
11
7
4
4
2
649
671
1
3
4
4
3
333
994
9
10
12
7
8
5
608
720
6
7
6
6
3
206
1109
9
5
7
3
8
9
547
748
3
4
2
6
5
104
1171
12
6
8
5
6
6
501
782
5
6
4
5
2
0
1207
21
8
8
3
7
9
464
824
2
4
2
0
2
50
1221
36
8
13
7
13
15
423
870
3
4
4
2
2
29
1219
47
2
10
9
9
7
377
927
1
2
1
5
4
19
1219
77
5
6
4
6
7
345
978
3
3
2
4
4
0
1202
101
5
5
5
7
7
302
991
7
2
4
2
3
5
1158
125
8
10
5
6
9
267
1016
2
2
3
5
0
2
1129
161
6
7
8
7
12
244
1055
2
2
3
1
2
4
1099
198
14
14
11
13
8
206
1091
4
2
1
2
4
0
1061
234
9
3
11
5
5
155
1147
5
6
4
1
2
7
1029
280
5
7
5
6
2
130
1189
4
4
1
1
3
2
989
319
5
6
7
6
4
99
1160
35
2
3
4
2
3
934
351
3
6
8
7
7
70
1085
129
2
1
2
3
0
891
398
5
6
11
10
6
55
1035
205
2
3
3
3
1
848
446
12
13
12
17
10
43
981
278
2
3
3
3
2
806
486
5
3
7
6
2
25
942
345
5
4
8
5
3
761
552
6
5
2
6
7
18
901
401
4
2
4
4
0
704
602
6
9
5
7
6
9
848
444
5
6
5
3
3
650
639
9
9
4
7
7
8
783
499
1
3
6
6
3
584
698
8
11
10
9
6
6
744
544
1
3
1
4
3
521
769
7
11
6
17
6
12
697
598
5
3
4
2
0
436
854
4
5
5
5
6
4
649
656
5
5
4
2
2
349
961
2
8
7
6
5
8
609
707
5
3
3
7
4
226
1088
7
7
8
5
6
10
557
742
4
5
6
3
5
117
1170
9
8
4
5
4
6
502
775
2
4
3
3
0
72
1203
21
12
7
9
9
7
475
814
2
4
2
1
2
50
1218
30
6
10
16
9
17
430
865
4
4
5
1
1
30
1215
45
1
7
7
5
4
382
918
3
1
6
7
2
21
1224
77
6
11
12
8
6
352
968
2
1
5
1
0
8
1208
96
5
5
8
6
4
311
998
2
4
4
5
5
3
1177
122
6
6
4
7
9
272
1017
5
2
4
2
1
4
1135
155
5
4
10
7
8
241
1050
5
6
1
3
4
3
1101
192
14
9
9
16
11
215
1081
5
2
4
4
0
5
1065
230
4
5
3
5
6
162
1145
4
2
4
4
4
2
1043
274
7
4
1
3
4
138
1186
3
2
4
4
3
5
1000
322
7
8
6
8
6
104
1191
29
2
3
1
2
4
958
347
6
5
5
10
5
76
1106
117
5
5
2
0
2
903
383
6
10
7
8
6
53
1038
194
2
2
3
0
3
852
433
9
4
7
5
13
47
985
268
3
6
4
7
3
814
481
7
3
3
4
5
33
950
336
4
5
6
4
1
770
548
2
4
3
5
5
19
907
398
3
3
5
0
2
721
602
12
8
11
7
5
18
873
451
1
2
3
4
4
659
660
6
11
5
4
8
7
803
495
4
3
3
2
5
595
690
4
4
10
7
4
7
742
537
2
5
1
3
2
532
759
12
8
14
8
8
7
693
589
4
4
4
0
4
450
851
6
5
5
5
2
6
666
643
3
5
3
1
4
370
951
8
6
6
6
5
6
626
698
4
6
5
7
7
254
1079
17
9
10
8
11
8
588
754
7
3
3
6
5
125
1185
13
7
8
5
8
7
519
777
2
2
2
0
8
76
1195
14
5
1
4
8
5
466
815
5
5
3
1
1
56
1210
24
6
5
12
10
7
427
858
4
5
4
7
2
35
1224
50
5
7
7
4
5
399
911
2
2
2
2
3
20
1232
69
4
8
10
7
8
358
961
4
5
3
0
3
10
1230
103
9
7
10
10
7
331
1009
2
4
2
4
3
5
1189
125
10
9
10
7
10
288
1016
3
1
2
1
3
6
1136
151
10
10
4
5
6
238
1040
3
2
3
3
2
2
1103
188
6
7
10
10
10
206
1076
2
0
3
0
4
4
1075
223
5
5
5
8
5
171
1134
4
6
6
5
0
5
1043
269
6
2
6
6
4
142
1179
5
2
3
2
1
6
1016
307
10
6
8
9
12
108
1206
20
4
3
3
5
3
969
347
6
8
9
14
6
83
1119
100
3
3
0
4
2
907
375
4
5
4
7
5
61
1042
185
7
3
3
2
3
861
428
6
7
8
12
8
45
992
260
4
3
3
2
3
823
465
6
2
2
4
5
29
955
324
1
3
4
3
1
784
525
9
7
7
4
4
20
916
387
5
4
0
4
5
726
597
6
8
8
7
6
15
886
435
1
2
4
3
6
665
646
7
7
3
9
11
16
811
483
5
7
9
6
4
607
674
5
9
6
8
7
5
751
527
4
3
3
4
6
544
744
6
6
7
12
13
13
708
578
3
3
0
4
4
461
823
8
7
9
5
9
8
664
628
8
5
6
6
3
379
925
6
6
7
5
3
12
623
688
6
6
3
4
4
281
1041
10
11
10
12
9
4
587
742
2
3
5
4
3
147
1165
11
8
8
6
6
12
524
769
4
3
0
6
4
85
1193
12
7
3
6
10
10
475
801
4
3
3
3
4
55
1214
19
9
7
10
8
12
447
843
4
3
3
2
2
40
1218
39
7
8
11
11
7
404
887
4
5
7
6
6
25
1211
62
3
7
4
4
3
358
947
5
2
0
2
3
12
1212
94
8
5
5
8
11
320
991
5
6
9
9
3
6
1188
116
9
10
10
6
9
284
1005
4
6
6
4
5
3
1144
143
8
8
10
5
13
250
1035
4
3
3
3
6
8
1110
182
8
10
7
6
9
226
1069
5
1
0
5
4
2
1086
215
13
8
8
14
13
186
1107
4
4
2
5
5
6
1040
251
6
4
7
6
3
141
1164
3
2
4
3
3
4
1010
301
9
8
5
9
6
114
1201
14
8
5
6
2
4
973
336
4
6
8
9
6
85
1132
79
2
0
7
5
6
917
364
5
4
6
10
4
67
1052
167
6
2
4
4
5
869
416
9
8
3
9
5
42
1007
238
3
4
3
2
2
826
465
10
8
4
8
10
38
954
303
5
5
5
3
9
778
516
5
2
8
4
6
21
914
374
3
0
4
4
3
739
570
7
8
7
6
6
17
886
429
7
5
5
6
5
681
630
8
8
9
5
3
13
823
468
4
2
5
6
6
624
670
5
4
9
8
7
7
760
526
9
5
6
5
6
553
731
14
6
5
6
5
5
724
562
3
0
2
3
5
483
812
12
6
8
7
16
4
678
617
3
5
5
6
1
398
895
9
3
2
6
3
7
630
675
5
1
2
4
1
304
1014
5
8
6
3
4
8
588
731
2
2
7
7
3
174
1138
9
9
5
6
6
5
538
767
4
0
1
0
2
92
1195
13
10
11
8
7
7
484
798
1
3
7
8
8
62
1208
21
12
8
8
7
7
453
834
5
3
5
5
6
45
1219
35
6
10
11
13
8
413
881
7
5
10
7
4
31
1209
62
8
12
9
7
7
373
931
3
0
3
3
3
17
1219
85
5
5
8
9
3
336
987
2
3
3
2
7
8
1201
110
5
4
4
4
6
300
1013
1
1
4
5
4
4
1166
142
12
8
8
5
3
259
1034
0
4
1
2
3
5
1116
169
13
9
13
9
9
230
1061
8
0
6
7
6
5
1080
208
6
9
8
5
11
193
1100
6
5
8
5
3
4
1048
254
8
6
5
7
6
153
1157
1
1
3
1
3
4
1023
293
8
8
6
6
7
117
1196
9
3
4
3
3
2
985
333
8
6
9
7
5
91
1164
69
0
4
1
2
1
936
371
9
12
15
7
13
67
1072
157
4
4
2
2
3
879
408
5
5
4
5
2
46
1005
238
4
3
8
6
6
833
456
7
3
9
5
13
38
961
301
6
5
3
2
1
790
510
11
9
9
3
5
25
925
368
0
5
3
3
2
748
568
7
7
11
7
11
19
890
421
6
3
2
3
2
699
634
6
7
5
7
7
14
855
474
4
2
4
4
5
633
689
8
9
11
6
10
14
785
514
3
3
2
2
8
565
718
6
7
5
1
8
6
724
564
0
6
7
3
5
489
804
8
11
14
11
15
11
678
614
5
3
2
2
3
413
888
7
6
4
7
7
4
642
672
3
2
4
5
4
322
998
9
14
6
6
6
5
596
725
2
2
3
1
3
193
1138
8
6
6
7
5
9
560
771
0
0
2
2
1
92
1222
18
9
10
5
12
15
494
802
5
4
6
5
4
61
1208
22
7
9
5
4
6
449
830
5
3
4
5
5
45
1211
37
11
9
15
11
7
416
876
3
5
4
3
1
25
1221
52
10
10
6
8
8
378
937
0
6
8
7
6
15
1229
84
11
8
7
6
3
347
981
2
0
3
2
0
7
1215
111
10
8
7
10
7
311
1023
2
1
2
4
2
3
1179
141
11
12
9
14
11
267
1035
3
4
3
2
3
2
1128
163
2
2
7
4
7
225
1061
0
1
3
4
4
3
1084
205
11
11
6
16
12
195
1096
3
4
7
6
3
3
1059
242
7
5
1
4
6
157
1152
2
4
5
3
5
6
1027
283
11
6
7
10
9
125
1192
4
3
6
4
4
1
991
333
7
8
7
7
12
89
1190
0
2
2
2
1
3
947
372
9
10
10
13
12
70
1086
142
3
1
4
4
0
890
398
6
5
3
4
9
56
1014
224
4
5
5
1
3
842
448
6
8
10
8
11
41
976
286
7
5
4
5
3
803
493
8
8
7
6
7
26
931
0
0
3
4
3
5
755
554
3
6
7
9
8
20
898
412
2
2
3
2
3
705
620
10
9
8
7
5
13
865
461
2
2
2
3
4
641
673
8
12
10
9
12
11
786
509
4
3
1
4
3
581
710
7
4
5
6
5
8
735
0
5
3
3
2
4
506
783
8
10
10
8
6
9
691
598
1
4
1
2
4
430
864
10
8
7
7
9
4
634
659
1
2
4
3
6
342
971
6
6
4
4
5
4
602
711
2
2
4
5
4
219
1107
8
7
5
5
10
9
565
0
3
3
1
4
4
108
1203
14
8
8
10
12
12
506
794
3
1
3
2
1
66
1206
20
5
4
9
4
5
459
822
2
4
2
1
1
45
1216
35
9
6
6
5
8
432
858
3
4
3
3
5
33
1231
48
8
6
6
13
7
387
0
5
2
4
2
3
20
1204
74
9
8
10
9
8
344
962
5
5
4
6
5
9
1211
103
11
7
5
10
8
311
1013
2
2
1
5
3
5
1177
131
8
7
10
13
8
274
1022
5
4
2
5
3
1
1132
157
4
13
9
8
13
230
0
5
4
0
3
4
5
1099
199
7
4
5
8
10
204
1088
4
7
7
6
7
4
1066
242
9
5
8
17
9
177
1119
5
5
4
2
3
3
1023
267
9
7
11
10
8
130
1175
5
1
6
4
7
6
994
319
8
11
10
10
10
102
0
38
2
3
3
5
5
954
356
5
12
12
11
8
76
1094
121
4
3
3
0
5
892
391
6
7
4
7
7
53
1035
205
1
4
4
5
2
851
441
4
9
8
11
7
42
985
275
3
5
6
6
3
811
489
7
8
8
6
6
35
0
336
3
2
3
2
2
757
535
8
6
6
11
8
17
897
400
4
2
2
2
4
712
597
7
7
10
11
12
12
857
455
2
3
3
2
1
656
650
6
10
8
8
8
9
797
503
6
7
6
2
5
592
697
7
5
8
7
9
7
0
545
2
3
2
2
1
520
770
9
6
9
9
5
6
695
594
3
2
5
5
2
440
859
5
6
10
14
7
9
655
641
3
2
1
2
4
354
939
9
11
7
12
6
5
613
699
4
1
3
4
6
240
1083
11
10
6
9
7
8
0
751
5
1
0
2
0
117
1190
15
12
11
8
6
6
511
792
2
3
3
3
3
71
1216
23
6
6
3
7
9
467
824
4
5
4
3
3
49
1212
33
9
9
9
9
10
436
855
5
4
2
3
5
32
1219
48
8
11
18
7
11
0
902
4
2
4
3
4
21
1212
68
8
12
11
10
6
346
959
4
4
4
2
3
7
1215
100
8
7
4
5
6
320
1004
1
2
1
2
1
4
1186
127
8
7
9
9
10
282
1030
1
5
6
3
3
4
1153
155
10
8
4
6
3
0
1059
4
3
7
2
2
3
1101
188
8
6
8
10
14
205
1084
4
3
2
3
1
3
1065
231
6
3
10
7
10
173
1126
6
5
3
6
5
3
1034
268
11
6
10
4
6
138
1178
4
3
1
2
2
3
1013
315
7
8
8
8
10
0
1203
22
3
5
2
2
3
966
366
7
8
5
7
10
80
1135
118
2
1
1
3
5
916
399
11
12
4
9
9
59
1058
197
3
3
1
3
3
862
427
6
5
5
7
7
42
987
267
4
5
5
3
0
816
477
9
7
10
12
5
0
946
330
6
9
8
6
5
778
538
4
5
8
7
12
25
918
395
5
3
2
1
1
729
599
10
7
6
6
5
19
894
442
3
3
4
2
4
676
675
13
10
17
15
15
17
853
503
8
2
3
5
6
611
724
7
12
8
13
9
0
774
549
4
2
1
3
3
537
764
8
5
8
9
5
5
700
590
2
5
2
2
3
456
841
9
12
14
9
10
11
655
640
7
3
4
2
3
381
935
9
10
8
9
3
8
627
703
4
1
5
4
3
267
1070
9
10
6
5
10
0
584
757
3
5
2
3
3
131
1217
9
12
6
9
10
11
548
801
2
4
2
4
5
76
1252
17
7
8
7
7
11
480
835
3
0
3
3
3
53
1224
23
6
6
9
8
3
433
856
3
5
4
4
5
39
1225
44
7
9
12
8
0
389
904
5
3
3
3
7
20
1233
66
8
7
7
6
8
363
969
2
6
3
2
2
9
1237
96
10
7
6
12
10
331
1018
5
4
1
2
2
3
1223
138
9
10
10
6
6
299
1067
2
3
3
2
4
5
1189
151
15
8
8
8
0
248
1074
2
4
2
3
1
2
1119
180
4
4
6
10
9
208
1087
4
2
3
6
3
1
1076
219
9
7
5
9
7
177
1128
3
6
7
4
6
6
1053
259
9
9
7
2
8
141
1185
4
2
0
2
3
1
1021
311
10
7
9
7
0
102
1219
15
2
1
3
5
5
986
364
8
10
10
12
8
92
1171
104
3
5
3
4
4
940
398
12
9
11
7
6
63
1077
183
2
1
2
5
4
877
423
5
4
8
7
7
44
995
256
5
3
6
6
4
824
465
3
8
8
8
0
32
955
318
5
5
3
3
3
787
518
5
7
9
10
10
20
918
383
4
3
3
2
2
739
594
6
7
4
9
9
18
891
435
8
7
4
3
4
687
659
6
7
4
8
10
18
863
492
4
4
3
2
4
623
710
13
4
12
10
0
12
776
539
2
4
4
7
6
548
748
7
6
7
7
7
5
713
581
6
9
8
4
5
474
822
7
8
7
6
4
7
669
627
5
6
9
5
2
391
911
6
3
6
7
10
7
622
685
3
2
2
2
7
290
1038
10
7
3
7
0
10
591
743
3
3
2
1
4
157
1192
11
12
9
4
10
13
554
797
5
3
3
7
7
81
1246
18
8
7
7
8
10
486
829
3
1
4
7
6
56
1229
27
6
7
7
6
7
440
850
4
3
5
4
8
39
1219
43
11
8
7
0
7
406
887
2
3
7
5
4
25
1219
60
7
7
10
7
9
371
931
5
5
1
2
3
16
1209
87
8
7
8
6
1
326
993
1
2
3
2
3
3
1207
125
4
6
9
8
9
300
1040
5
4
7
3
1
3
1183
143
4
7
7
0
8
255
1056
4
2
2
1
1
4
1119
178
6
8
6
1
6
215
1077
4
5
4
3
7
5
1088
208
4
10
12
12
8
190
1107
2
3
3
0
3
1
1048
255
9
2
10
10
11
156
1143
5
5
3
3
4
5
1012
298
4
13
3
0
8
117
1198
11
3
1
1
1
3
988
347
11
11
7
7
6
90
1169
82
4
4
6
2
2
939
384
13
6
6
7
4
69
1076
170
2
3
5
6
5
876
420
11
8
6
5
9
43
1008
244
5
4
4
4
3
830
462
11
11
6
0
7
34
967
302
1
1
5
2
1
784
514
7
8
10
11
12
21
918
367
4
5
2
2
3
738
572
5
8
4
9
10
20
887
424
1
2
2
3
3
693
634
8
11
14
6
6
12
853
475
4
5
4
5
2
631
692
9
5
8
0
9
10
789
526
3
2
4
2
3
562
739
6
8
8
7
8
8
724
567
3
4
5
3
6
489
809
11
12
7
6
10
10
674
619
7
5
3
5
3
403
898
9
7
12
14
10
6
630
667
5
3
2
6
3
308
1001
8
7
5
0
3
5
585
733
3
1
2
1
4
179
1146
7
4
5
10
1
8
556
772
5
1
4
2
2
96
1229
18
7
10
10
8
8
504
816
4
3
6
4
3
57
1229
23
9
12
5
7
9
452
848
5
4
4
2
1
38
1229
34
6
10
0
6
8
409
881
3
4
5
3
6
31
1211
61
6
10
11
11
13
371
928
5
4
3
3
3
16
1212
82
6
5
8
8
11
337
986
2
3
2
2
3
6
1219
116
10
8
7
10
6
306
1032
2
5
3
3
3
1
1181
144
8
4
0
4
4
266
1063
6
4
4
4
2
3
1144
172
9
7
10
8
9
220
1083
2
2
3
5
5
5
1088
210
5
6
9
5
6
188
1105
2
4
4
5
6
3
1054
242
11
9
9
11
7
155
1148
3
5
3
4
0
3
1026
289
7
8
0
13
9
120
1205
3
3
3
4
3
3
997
333
9
8
5
10
11
92
1189
63
4
6
6
4
4
957
385
9
12
9
8
7
68
1113
169
6
6
4
2
4
905
425
13
12
10
15
3
57
1030
232
3
2
1
3
4
848
448
6
11
0
5
9
38
969
297
1
3
4
2
4
797
497
7
6
11
12
10
20
927
356
1
1
3
2
1
745
566
6
4
8
7
8
17
898
416
2
5
4
5
4
702
631
6
8
8
11
13
15
870
473
3
3
5
5
5
648
710
13
10
0
10
9
9
830
525
1
2
0
1
1
576
761
10
11
6
8
6
13
750
568
4
5
4
1
4
502
796
8
11
8
8
9
5
682
608
4
1
4
4
2
422
874
8
6
10
13
6
16
627
661
4
1
1
3
1
327
989
6
7
0
8
7
7
604
722
6
6
4
3
2
205
1128
6
12
10
6
12
13
565
773
3
6
3
4
1
98
1253
21
10
9
9
4
7
534
822
5
5
5
4
4
59
1259
26
9
5
11
9
6
467
850
3
2
6
4
3
38
1228
36
6
0
7
6
9
412
878
2
3
1
1
3
28
1219
54
7
12
13
7
5
377
923
2
2
2
0
3
16
1227
77
3
7
5
10
5
347
981
2
4
6
5
6
7
1227
104
8
12
10
6
10
315
1030
4
7
6
7
3
4
1214
143
9
0
8
11
11
279
1082
4
2
3
4
2
2
1160
171
11
5
7
11
9
234
1085
1
2
2
3
3
1
1101
195
5
8
6
4
4
193
1102
3
4
4
3
3
3
1062
239
7
10
12
7
8
158
1144
2
2
1
2
2
3
1025
284
5
0
7
4
7
130
1188
2
2
7
7
4
2
1003
330
8
11
9
6
8
93
1206
42
5
5
5
4
2
973
384
14
10
8
8
9
72
1137
150
4
3
6
3
2
912
417
12
9
7
13
7
52
1043
222
4
0
3
1
2
854
442
9
0
8
11
7
38
982
285
2
3
1
6
3
808
492
6
8
9
8
7
26
937
346
5
3
1
0
1
759
550
7
6
7
5
6
20
893
407
3
5
3
5
5
713
617
9
5
8
9
10
17
875
458
6
3
4
5
5
657
687
6
0
9
12
9
10
837
519
1
3
4
6
5
592
739
11
6
10
10
10
7
748
563
6
3
3
4
1
517
777
11
7
5
8
5
3
694
604
1
0
2
3
2
439
861
6
5
3
9
11
12
645
653
1
3
5
4
0
348
955
10
0
10
8
10
6
603
701
6
5
5
6
7
222
1103
6
11
9
7
5
10
570
763
4
4
5
4
4
107
1226
17
11
14
17
8
12
539
810
3
4
3
3
3
64
1252
21
9
9
9
9
11
476
839
3
4
5
2
2
42
1227
30
0
5
9
6
3
429
864
3
2
3
4
4
28
1221
50
9
10
10
9
10
384
904
6
7
4
4
5
22
1220
66
9
9
12
16
12
356
948
3
4
1
5
1
7
1201
99
10
6
8
8
4
308
1007
5
2
6
4
4
4
1198
138
0
13
6
5
10
285
1056
4
4
4
2
4
4
1163
161
7
7
9
6
6
238
1074
2
3
4
3
2
1
1110
191
6
1
7
9
14
205
1092
3
2
3
6
4
4
1068
231
10
6
10
6
6
174
1127
8
4
5
5
4
6
1032
269
0
8
5
10
10
143
1163
4
3
1
2
2
2
993
313
14
6
9
6
10
104
1189
29
3
0
3
3
6
970
359
6
12
8
9
8
77
1133
128
6
6
3
3
4
916
400
8
8
7
9
8
62
1045
209
3
5
4
2
2
865
430
0
8
8
4
5
43
989
270
1
3
2
2
4
815
478
10
7
6
12
13
29
944
330
6
4
2
2
3
766
536
9
8
8
17
11
24
895
395
3
2
4
3
2
715
591
8
6
3
10
8
17
869
445
4
0
3
3
2
667
666
0
7
8
10
10
12
836
504
7
6
4
2
2
605
720
7
8
7
6
8
6
768
548
4
5
4
4
4
528
773
6
5
8
9
6
6
703
589
3
3
3
2
1
449
845
7
9
9
12
7
5
656
638
2
3
4
3
4
363
941
0
8
12
14
13
12
609
689
2
3
4
3
3
242
1060
8
11
6
7
6
9
569
748
5
4
5
5
3
129
1206
11
6
7
9
8
6
533
804
6
4
4
8
3
73
1243
19
4
6
8
4
6
485
837
5
3
3
3
6
49
1235
0
7
7
11
8
5
431
866
3
1
3
3
6
31
1226
48
11
11
13
7
8
392
902
2
4
0
2
4
24
1209
72
9
11
15
12
9
354
942
1
2
3
5
3
10
1206
98
10
15
9
5
4
316
1004
3
3
3
4
3
4
1206
0
8
9
11
10
5
283
1053
2
3
2
4
4
5
1167
163
6
5
6
7
8
250
1079
2
4
3
1
5
2
1130
196
10
8
13
6
8
208
1097
5
4
3
4
3
4
1071
224
4
9
9
5
6
177
1122
3
4
3
4
4
1
1039
0
10
9
8
11
11
139
1162
4
3
3
8
7
4
1008
313
9
8
10
9
7
107
1198
24
8
3
1
0
4
982
350
10
8
8
10
7
82
1153
112
3
2
4
2
2
934
405
10
8
13
8
8
63
1088
201
0
2
2
1
2
887
0
9
11
6
9
6
44
1006
266
5
3
5
5
4
814
475
11
7
6
7
7
31
950
319
2
5
3
4
1
774
517
9
8
13
11
10
24
903
380
5
3
6
4
4
727
586
8
5
13
9
9
15
877
441
5
3
1
0
3
675
0
4
4
10
9
10
12
842
495
1
0
0
2
4
615
735
8
9
11
11
10
12
804
548
3
3
1
1
3
549
785
10
4
11
6
10
6
726
598
3
1
3
2
5
463
836
8
7
6
7
6
5
663
631
5
4
5
4
4
377
0
9
10
7
7
11
9
615
681
7
7
5
5
6
267
1039
6
10
13
9
6
4
581
745
2
4
6
3
4
142
1192
8
7
6
10
10
7
545
799
1
0
1
0
2
71
1264
21
11
12
12
8
10
513
842
2
0
0
1
2
47
0
25
11
11
12
11
14
449
874
3
1
1
5
5
32
1234
42
10
9
8
8
4
403
893
5
4
5
4
4
25
1212
60
5
9
11
9
7
357
942
5
8
6
4
4
11
1221
88
8
9
11
5
8
331
1000
2
2
2
3
2
5
0
126
11
10
12
13
11
297
1049
1
1
0
1
1
1
1192
167
9
10
12
7
11
264
1098
2
0
1
2
0
1
1150
184
9
12
10
7
11
218
1105
1
1
3
2
3
0
1088
220
10
7
12
5
6
182
1116
6
9
6
6
5
6
0
255
4
5
10
8
14
142
1164
6
3
3
2
3
3
1014
298
3
3
8
7
7
116
1200
11
1
2
1
2
3
986
344
10
10
10
9
6
85
1160
90
2
2
2
1
1
941
403
13
13
19
16
9
65
1104
192
4
2
4
5
2
0
438
10
13
8
12
8
45
1020
258
3
4
6
3
3
832
473
7
8
7
4
6
41
956
313
3
2
4
1
4
780
515
8
11
6
11
8
24
910
373
4
4
5
6
4
737
566
10
10
7
8
9
18
876
432
5
6
5
2
3
0
641
7
9
9
8
6
20
839
481
0
1
1
0
2
616
707
7
7
5
7
9
7
791
534
0
1
2
4
4
552
760
7
8
6
8
7
13
720
580
2
0
4
6
4
476
816
3
11
7
7
7
7
674
617
3
4
3
3
5
0
904
8
6
7
6
6
8
630
664
5
5
2
4
3
290
1007
8
10
5
5
8
8
579
717
2
4
2
3
0
167
1141
11
11
6
5
10
4
543
774
2
4
1
2
2
81
1225
21
7
11
12
10
11
502
820
2
2
0
3
3
0
1241
33
11
7
12
16
13
445
852
1
3
3
1
4
34
1219
39
8
12
11
12
5
404
881
6
4
4
1
6
29
1216
62
8
8
6
8
7
383
916
4
5
4
3
2
21
1223
89
7
10
11
18
12
347
956
5
4
6
6
4
0
1189
110
10
11
11
7
9
292
1012
3
3
1
4
3
2
1167
146
10
11
8
11
12
260
1060
3
3
4
2
3
0
1134
173
8
9
13
7
9
222
1072
2
4
4
5
5
2
1083
206
8
9
9
6
5
192
1099
4
2
3
4
3
0
1045
258
4
4
4
3
7
159
1145
5
3
6
4
3
2
1026
293
7
8
11
20
8
126
1172
10
4
4
6
4
6
969
329
7
11
16
13
10
87
1149
71
4
2
2
3
4
936
376
10
8
16
14
3
65
1090
168
0
0
3
2
0
891
417
12
12
12
11
8
56
1011
235
4
4
3
2
1
836
460
9
8
11
12
6
34
962
299
2
4
3
4
3
785
515
8
5
5
8
11
27
921
357
4
7
6
3
3
746
563
7
8
4
11
8
16
883
412
3
6
6
4
0
688
603
10
8
13
15
10
15
837
467
3
2
5
1
2
629
681
5
14
12
9
6
10
792
523
1
0
0
0
1
565
739
10
13
9
8
5
11
725
568
3
3
3
3
2
488
808
10
9
9
5
13
6
682
612
1
3
5
6
0
409
888
7
8
8
6
5
7
639
655
3
6
4
4
4
309
1004
10
8
6
14
11
6
597
704
5
6
4
5
2
190
1111
16
9
8
11
9
9
548
763
2
3
3
3
2
93
1211
16
8
12
8
10
15
501
812
2
1
2
1
0
53
1234
26
12
14
12
9
7
451
848
1
3
2
2
2
37
1228
37
7
5
9
6
11
416
872
3
5
3
2
7
26
1218
53
9
11
6
6
6
381
915
4
4
5
6
3
18
1213
74
7
7
11
7
10
347
954
4
4
7
3
0
7
1189
103
6
1
6
10
13
301
1006
2
1
2
1
0
2
1174
138
14
11
7
9
6
265
1050
1
1
2
0
1
1
1141
167
10
12
9
8
9
225
1083
1
2
2
1
0
0
1098
213
12
12
13
6
7
187
1108
1
3
4
2
0
4
1051
238
3
6
6
2
8
161
1137
5
4
1
2
3
3
1010
290
7
8
5
8
8
130
1169
7
4
3
3
2
0
974
322
10
12
13
12
14
92
1167
49
2
1
1
1
0
943
367
12
8
11
11
14
71
1091
153
1
4
3
0
1
901
417
7
12
11
9
4
49
1038
231
1
2
2
3
2
848
455
10
9
11
10
7
41
971
288
1
2
2
3
2
790
501
7
8
8
9
6
27
926
346
6
5
6
5
6
746
550
7
7
11
5
11
26
877
404
2
3
1
0
3
696
604
9
9
5
9
7
15
844
457
3
1
1
1
1
641
675
10
9
9
17
12
10
809
509
4
4
1
1
3
568
738
9
12
9
9
8
8
755
561
3
5
6
2
3
503
805
9
14
11
8
9
6
687
604
2
3
3
0
2
423
864
9
7
7
6
3
5
642
645
5
2
3
4
4
331
965
11
10
12
11
7
7
588
699
1
3
2
3
2
205
1093
8
13
13
7
7
9
552
756
0
1
1
0
1
101
1205
14
12
10
9
8
9
512
803
1
4
4
0
4
58
1251
24
12
7
7
10
15
475
853
4
3
4
3
4
36
1242
34
14
9
10
10
13
414
878
1
2
1
1
3
31
1215
48
5
8
6
12
8
388
905
2
5
3
4
3
20
1206
80
7
9
10
9
2
345
947
2
1
2
0
4
5
1197
103
15
14
10
11
7
306
1005
1
0
1
1
1
1
1183
132
12
11
9
11
13
269
1046
3
4
4
2
2
2
1158
166
10
12
11
9
7
236
1093
5
4
3
5
3
4
1111
203
12
11
10
10
8
197
1103
1
4
2
0
2
2
1056
235
8
7
7
11
11
167
1124
3
3
5
5
3
1
1017
284
8
10
4
8
7
134
1159
4
2
1
1
1
2
987
312
10
7
11
6
5
101
1170
36
2
2
3
1
2
955
368
6
9
7
7
7
75
1115
135
0
3
0
3
3
910
406
8
12
10
8
12
53
1050
225
4
6
6
4
5
852
457
11
10
9
15
8
37
984
278
0
3
2
3
1
803
484
11
7
8
7
4
25
934
337
3
3
2
4
6
755
538
9
9
7
6
9
28
882
398
2
2
0
1
2
708
589
8
12
6
11
10
18
841
447
4
1
1
0
1
654
656
8
7
8
6
8
13
813
504
0
0
1
1
1
585
731
12
9
6
10
10
9
766
558
7
4
3
4
4
523
784
11
12
12
6
8
7
701
593
2
1
0
1
0
436
855
8
6
7
10
9
2
648
644
5
4
2
2
5
348
949
7
6
6
6
6
9
611
687
4
6
5
4
1
229
1069
7
9
8
7
13
11
555
737
3
1
3
3
2
114
1188
18
6
7
6
9
8
517
793
1
0
0
0
1
64
1237
24
10
8
14
13
11
475
837
4
1
1
2
4
38
1238
28
10
14
13
12
7
426
865
3
2
2
1
3
29
1218
47
4
7
4
7
5
393
893
5
3
3
2
3
18
1218
67
12
10
9
6
4
367
933
3
5
0
2
4
15
1221
95
10
10
10
14
8
331
974
3
7
2
3
1
1
1176
121
8
10
11
11
6
277
1027
1
0
0
0
1
2
1151
165
7
14
16
11
10
240
1075
4
3
2
2
1
1
1114
191
13
8
5
5
8
199
1093
4
3
0
1
3
3
1065
225
7
8
8
4
7
173
1123
2
3
5
6
3
4
1031
271
7
6
3
6
4
144
1161
4
7
5
6
3
4
991
312
9
6
6
13
5
120
1165
25
3
2
4
2
0
947
351
5
8
8
6
10
82
1114
116
1
0
1
1
1
910
402
6
9
9
12
7
56
1061
203
2
4
3
4
3
865
435
17
11
9
7
7
43
989
264
4
3
2
1
1
810
476
11
7
7
8
7
27
938
327
5
5
2
1
3
760
537
12
3
7
7
5
18
903
384
6
0
3
5
4
727
592
12
13
9
13
7
13
864
433
2
1
3
2
2
660
639
8
12
9
9
10
18
808
492
2
1
0
1
1
600
712
10
6
12
13
9
12
767
549
2
2
3
4
2
533
771
6
10
8
7
7
6
707
590
2
0
2
3
2
456
841
8
11
11
11
7
7
654
635
4
5
4
2
5
366
937
11
8
7
7
12
7
624
674
5
4
6
5
3
255
1051
6
10
9
15
9
7
576
722
4
1
1
1
2
132
1163
15
9
11
9
12
8
531
775
2
0
2
1
1
70
1233
18
12
11
12
11
14
486
825
4
3
4
7
2
44
1239
29
7
5
12
11
10
438
863
2
1
1
2
2
29
1223
43
7
12
6
7
11
398
889
1
1
3
2
4
24
1215
66
7
7
7
9
5
366
927
3
0
3
3
2
10
1203
87
5
13
10
9
9
334
969
5
3
1
1
2
4
1178
119
6
6
6
9
9
285
1026
0
2
2
0
1
2
1163
158
8
15
5
7
8
253
1072
4
2
2
2
3
4
1121
187
12
9
8
9
7
207
1097
0
0
2
1
1
3
1079
231
13
13
8
10
10
174
1120
3
2
2
2
4
3
1028
264
4
6
7
7
6
142
1149
4
4
7
4
4
3
999
303
4
8
9
5
7
118
1172
15
4
3
3
2
1
952
343
7
7
8
12
9
84
1132
94
0
1
1
3
2
920
397
7
13
11
16
10
56
1076
191
3
4
4
4
4
871
439
8
7
8
7
6
45
1011
268
5
4
3
4
3
825
484
11
10
8
10
11
29
947
318
1
3
1
3
0
772
517
10
6
8
8
5
21
895
378
0
1
3
2
3
727
573
8
12
11
8
10
15
864
428
4
4
3
2
2
670
629
8
7
9
17
10
11
823
483
1
1
1
1
2
613
700
3
6
8
13
12
10
777
537
4
5
2
2
4
546
782
4
6
6
7
6
6
741
590
0
5
6
2
2
471
848
12
12
11
11
6
10
667
631
4
3
2
3
1
383
913
8
8
11
7
6
4
622
667
5
5
2
4
5
276
1018
5
6
11
10
9
12
574
722
3
2
1
3
1
146
1153
9
10
13
6
8
10
532
779
0
1
1
1
0
74
1227
27
13
9
10
12
13
491
823
4
3
3
5
6
42
1258
30
7
15
9
13
8
451
872
2
3
5
1
4
31
1245
43
15
7
13
10
14
400
898
1
3
0
1
4
23
1215
64
11
10
8
8
5
363
925
0
2
3
2
3
13
1202
88
8
11
11
8
7
329
963
5
1
3
4
4
1
1183
115
10
6
5
7
10
293
1020
0
1
2
1
1
1
1165
148
12
8
9
10
10
255
1062
2
3
2
2
3
4
1137
190
8
11
6
9
11
219
1110
0
4
4
5
2
4
1089
221
12
10
10
15
11
183
1116
2
2
3
1
4
4
1033
258
8
9
7
9
3
144
1145
5
5
5
5
5
5
1000
300
5
7
7
13
3
119
1167
12
3
0
1
2
3
959
339
4
9
5
9
8
85
1140
0
0
4
3
1
1
932
383
11
11
12
9
10
68
1083
174
1
3
3
2
2
881
431
11
5
10
7
6
45
1030
255
6
4
5
5
4
833
475
14
9
9
12
9
33
956
305
2
4
3
0
2
783
505
12
8
8
7
6
20
910
0
4
3
1
3
2
731
561
8
5
4
8
6
17
873
421
3
1
2
3
1
688
615
12
9
5
6
6
18
825
475
1
4
4
1
1
622
683
5
6
7
9
8
10
781
525
1
2
1
1
1
558
757
9
12
7
11
12
8
742
0
4
4
5
6
1
484
828
15
11
8
9
12
7
679
619
2
3
3
2
1
401
889
9
10
13
9
6
7
628
660
6
5
5
3
3
299
1002
5
7
7
6
6
7
593
711
5
4
6
2
5
176
1127
7
2
5
7
12
13
543
0
2
3
3
2
2
88
1207
14
14
9
12
14
7
501
807
1
1
1
1
3
56
1237
27
11
14
15
13
14
455
857
0
3
3
4
3
32
1236
37
14
9
11
9
10
405
886
1
3
1
1
3
22
1216
58
5
8
5
6
6
377
0
2
4
5
7
5
18
1206
78
6
6
7
7
7
346
952
5
1
5
5
3
8
1201
109
11
10
10
17
8
311
990
7
6
3
4
3
5
1160
140
6
8
11
9
11
262
1045
2
3
3
2
2
2
1132
174
9
12
11
15
12
224
0
4
3
3
1
1
0
1094
209
12
11
9
8
7
185
1112
2
0
1
2
4
4
1044
247
6
5
6
5
7
160
1139
2
5
5
4
7
4
1012
289
7
3
6
8
2
130
1169
7
3
2
6
4
1
979
331
10
6
7
15
7
101
0
63
6
3
2
5
5
927
368
6
7
7
6
7
71
1078
156
1
1
0
3
2
893
419
13
9
14
13
5
48
1034
237
2
2
1
1
3
841
466
13
14
12
10
7
38
964
297
3
1
2
1
2
788
502
12
9
5
9
3
27
0
353
5
2
1
4
4
742
556
10
8
10
5
4
13
883
406
7
3
4
2
4
699
615
8
6
5
9
9
10
840
458
4
5
5
1
0
631
663
7
9
5
4
5
11
788
514
3
1
2
2
0
565
747
8
15
11
11
10
13
0
567
2
2
2
1
1
493
808
8
7
12
14
8
9
682
611
2
3
3
3
3
414
882
8
5
6
11
17
13
637
652
1
2
1
2
1
316
978
8
8
7
9
8
8
598
698
3
3
4
4
7
195
1110
5
4
8
10
5
11
0
741
1
3
3
2
1
100
1192
16
10
4
8
6
9
507
800
2
1
1
0
0
55
1241
25
9
5
12
14
10
467
849
2
2
3
4
4
36
1234
35
6
12
11
16
9
407
888
0
0
0
0
0
24
1225
50
11
9
9
6
8
0
909
1
3
5
2
3
15
1206
73
5
9
5
8
9
349
951
4
5
7
6
5
8
1194
103
5
10
15
10
10
322
981
2
2
6
4
3
3
1162
140
8
8
8
14
13
264
1044
0
0
0
0
0
0
1142
175
16
11
9
7
13
0
1085
3
1
2
6
1
5
1112
205
8
4
10
8
7
193
1125
4
4
5
4
5
4
1058
241
6
10
13
7
6
163
1129
4
2
5
3
3
5
1017
284
9
11
6
6
6
126
1168
6
5
3
3
4
5
978
321
8
8
11
11
4
0
1151
46
2
2
0
2
1
943
361
9
10
15
9
8
73
1104
144
1
0
1
1
0
913
413
9
4
8
6
10
53
1054
228
2
5
2
5
4
859
474
7
8
2
4
6
33
1015
298
7
6
5
8
6
812
509
11
13
11
11
12
0
936
349
0
0
1
2
2
751
544
11
8
7
9
11
21
886
404
2
2
3
6
3
701
594
13
4
10
11
9
14
841
454
2
1
1
1
2
645
668
12
7
6
8
6
10
812
511
0
1
0
1
1
587
743
8
8
12
13
9
0
769
568
4
7
9
6
7
519
829
10
9
8
5
2
8
731
626
7
5
7
3
9
437
896
13
12
7
9
8
11
652
660
1
1
1
2
2
341
959
12
13
11
9
8
6
598
696
0
0
1
4
2
210
1087
10
12
17
11
6
0
553
749
2
1
1
1
1
103
1202
15
7
7
7
13
9
521
802
1
1
1
1
1
56
1262
22
8
9
10
9
7
486
853
8
8
10
9
7
40
1277
36
10
10
9
8
6
448
904
4
5
4
8
7
21
1265
47
5
11
6
6
0
387
925
0
1
1
0
0
11
1222
65
4
9
5
12
15
344
952
2
3
2
1
0
6
1203
92
6
9
10
5
8
314
990
3
2
1
1
1
0
1187
132
8
7
10
9
6
273
1052
0
0
1
1
2
2
1164
173
10
12
11
5
0
241
1096
6
5
6
8
6
3
1146
202
9
8
11
10
9
211
1140
5
5
3
6
4
7
1091
240
10
8
5
11
16
165
1151
1
1
0
1
2
2
1028
274
10
7
10
4
6
131
1165
3
6
5
5
3
2
989
309
10
10
11
11
0
108
1164
34
4
2
1
3
2
954
356
6
6
3
7
3
73
1115
129
1
1
1
2
0
919
406
8
13
9
8
9
54
1061
219
3
4
3
3
3
878
463
13
10
6
6
8
41
1030
293
7
5
7
1
6
822
504
12
10
11
5
0
29
950
341
1
1
4
3
2
764
535
11
8
7
6
7
19
889
396
4
2
3
4
5
711
585
4
8
8
11
7
16
846
447
2
1
3
2
1
652
652
11
11
6
11
6
9
811
503
1
0
1
0
1
597
731
7
11
8
13
0
10
769
557
1
2
1
4
4
525
805
6
8
9
9
7
5
729
611
6
5
4
5
7
446
883
12
7
12
9
12
11
664
648
2
2
3
4
1
360
945
12
9
8
11
9
9
608
689
1
2
1
3
4
235
1064
9
8
6
9
0
8
571
732
4
2
5
4
2
127
1167
14
6
10
8
8
8
523
780
4
2
2
5
2
66
1234
18
6
7
12
10
5
484
839
2
2
1
1
0
37
1269
30
7
8
15
12
7
449
888
2
4
3
2
3
23
1252
50
6
6
10
0
7
392
918
4
3
1
1
1
17
1221
65
9
10
9
9
10
354
940
2
1
0
1
2
10
1206
85
6
11
6
3
8
325
978
4
3
7
4
4
6
1185
115
4
4
5
13
5
290
1016
4
2
3
4
5
4
1149
156
13
7
10
0
7
247
1069
2
1
2
2
1
4
1135
197
10
6
6
7
7
203
1132
2
5
5
0
1
0
1088
239
11
10
5
8
7
178
1136
3
1
3
1
2
3
1035
263
5
9
6
6
6
144
1156
3
3
5
5
2
3
997
303
5
4
8
0
5
113
1169
24
4
8
4
4
2
953
352
7
7
10
11
7
88
1117
104
5
3
3
1
1
914
394
13
11
9
5
6
57
1067
196
3
2
2
1
2
881
445
5
6
5
10
9
44
1022
277
3
4
4
2
0
825
493
8
9
10
0
7
33
954
327
4
2
2
1
0
773
525
11
11
6
8
8
22
903
384
5
5
2
2
4
721
576
12
8
8
5
5
11
865
428
3
3
5
5
4
672
634
13
9
7
11
12
12
821
485
3
2
2
0
1
611
697
13
6
7
0
8
7
772
544
2
2
0
1
3
544
785
11
8
10
6
6
6
735
600
2
3
3
2
0
467
860
4
5
5
2
5
8
673
645
2
3
3
2
3
380
920
10
7
5
9
10
9
619
679
5
4
5
3
5
258
1040
7
8
11
0
8
7
576
723
6
4
5
2
4
144
1155
8
8
7
11
8
6
534
769
4
6
6
2
3
81
1222
20
14
9
9
5
8
491
827
4
4
0
2
3
42
1263
35
10
7
7
10
14
454
880
3
5
6
6
4
26
1256
45
11
13
0
8
10
398
916
3
4
2
2
3
13
1236
68
12
15
12
14
6
363
941
3
4
3
4
5
6
1205
86
10
8
6
7
4
323
972
5
5
2
4
6
5
1180
113
6
6
6
8
10
289
1011
1
2
2
1
2
1
1160
151
8
4
0
7
12
257
1069
1
1
1
1
3
3
1142
196
12
11
8
8
13
219
1121
3
5
2
3
3
1
1097
229
9
1
5
7
8
175
1150
4
2
3
3
2
1
1061
261
10
7
12
6
8
148
1161
2
4
3
1
1
2
998
302
9
8
0
8
5
114
1172
16
4
0
4
7
2
968
336
12
7
8
12
8
93
1128
88
3
1
2
2
1
926
386
10
10
9
11
9
71
1084
183
2
3
1
3
2
889
439
8
13
12
13
6
45
1034
267
2
3
4
5
2
844
495
12
9
0
10
6
36
994
329
5
3
2
1
3
792
539
6
6
10
11
8
26
919
379
2
2
3
4
2
730
568
11
13
10
6
3
16
862
428
2
4
5
6
4
678
616
10
4
7
13
13
8
825
478
5
2
0
2
0
618
696
6
6
0
11
9
10
782
535
3
2
2
2
4
556
773
11
11
11
12
11
7
746
595
2
2
6
3
2
486
856
17
9
11
15
8
8
709
643
4
1
5
3
5
394
935
11
8
10
9
9
7
632
682
3
3
2
2
3
280
1015
12
11
0
5
6
4
580
715
2
4
1
4
3
167
1127
8
10
14
7
9
11
532
762
1
2
2
3
2
82
1217
18
9
8
11
10
8
501
822
5
3
2
3
2
48
1260
26
7
8
9
6
14
457
875
0
3
4
3
6
29
1281
43
14
0
8
7
12
425
927
5
4
4
3
4
14
1261
57
11
8
13
8
10
369
949
1
3
3
1
3
7
1214
84
8
13
14
8
4
325
973
6
3
2
4
5
6
1191
106
10
11
6
6
7
298
1007
3
3
1
3
2
2
1171
146
6
0
10
8
6
257
1068
1
3
3
2
1
1
1147
182
6
8
13
14
10
231
1112
2
3
1
0
2
3
1120
228
8
15
11
7
10
192
1165
9
4
7
4
2
3
1076
256
11
12
9
11
11
150
1164
2
5
4
1
3
1
1011
290
10
0
6
6
7
126
1171
11
4
6
3
1
4
964
331
7
6
12
7
4
90
1141
73
3
1
1
2
3
934
383
7
4
6
5
8
67
1087
168
2
1
1
3
3
899
429
13
9
7
9
11
44
1041
248
3
3
1
3
7
851
485
15
0
10
9
10
30
1002
323
1
3
4
2
3
799
529
7
6
9
6
7
24
927
366
0
1
2
5
3
739
560
6
8
6
10
13
19
869
415
1
1
3
3
5
692
608
7
7
11
6
4
13
827
469
4
4
3
1
3
631
677
12
0
8
5
8
9
786
524
4
1
1
1
2
562
764
8
10
7
7
6
10
749
579
0
6
3
3
3
494
845
16
10
10
15
14
14
713
634
2
3
3
6
1
414
921
7
7
12
11
12
10
642
672
1
1
2
1
2
308
992
10
0
5
10
8
10
584
712
2
4
3
2
1
186
1116
12
8
9
7
7
8
551
749
6
5
3
6
7
92
1201
11
9
10
9
13
11
505
799
2
1
2
2
1
57
1242
26
13
5
7
12
6
460
864
1
3
3
2
3
35
1268
37
0
9
9
9
13
423
911
4
5
3
3
4
20
1252
64
9
8
8
4
6
380
933
2
1
6
4
1
10
1221
76
7
9
5
3
6
338
958
4
3
4
7
4
9
1191
104
5
6
9
14
8
305
989
7
7
6
4
5
6
1168
142
0
12
12
12
10
271
1034
4
3
7
2
4
2
1134
173
7
11
5
4
8
225
1095
4
3
0
1
1
1
1110
217
4
9
13
10
9
192
1140
1
2
3
2
3
5
1075
253
13
8
6
8
5
161
1145
3
2
2
2
0
3
1013
290
0
10
8
9
4
126
1165
7
3
3
5
8
6
971
328
9
8
7
7
5
92
1155
53
4
2
5
5
4
933
362
9
6
9
11
12
80
1083
148
3
5
5
6
5
894
410
11
6
11
8
8
50
1036
231
2
3
3
1
1
851
474
0
8
9
9
7
36
994
305
1
2
3
4
2
807
514
4
8
6
3
6
26
929
358
2
3
2
3
4
751
549
13
8
8
9
9
19
876
412
6
3
3
3
7
697
598
10
7
4
5
6
9
839
454
5
5
4
6
7
645
658
0
10
8
13
7
9
793
507
5
4
6
4
5
577
732
11
11
9
9
4
9
755
571
2
1
1
0
1
509
820
11
5
8
10
6
14
712
624
2
1
2
2
0
428
900
11
12
8
6
12
10
650
665
3
1
1
2
1
329
983
0
7
5
13
11
8
596
703
3
2
1
1
3
203
1094
9
5
13
11
8
8
553
744
3
3
8
5
3
103
1188
17
12
9
11
12
11
511
789
1
1
4
6
7
62
1233
24
10
7
8
9
7
467
855
0
1
2
3
3
37
1267
0
9
7
8
9
12
423
902
4
5
2
4
2
17
1259
55
7
5
9
9
15
383
936
2
2
3
3
1
8
1232
75
8
6
10
7
9
339
960
2
3
0
1
4
7
1191
101
6
11
5
6
8
302
989
7
2
2
3
4
3
1168
0
8
10
7
6
10
277
1030
4
4
4
3
2
2
1150
161
2
7
7
8
14
236
1087
1
1
0
0
0
0
1124
209
12
11
7
11
13
199
1140
2
4
2
2
3
4
1083
245
9
10
8
9
9
164
1168
3
2
1
1
0
2
1036
0
14
9
13
10
10
124
1185
0
0
5
3
2
3
979
319
3
3
7
15
8
105
1159
40
5
5
4
3
7
937
358
10
10
9
12
13
82
1092
132
5
3
2
3
2
906
403
8
8
11
7
4
53
1054
222
1
2
3
1
1
873
0
10
11
7
11
11
40
1017
299
1
2
1
5
5
820
519
7
10
6
10
7
20
966
354
4
3
5
4
4
764
563
12
15
8
8
14
15
896
406
1
0
1
2
1
706
592
8
6
10
9
3
15
840
448
5
7
7
2
6
646
0
6
6
10
11
8
8
804
499
1
3
4
3
3
593
721
5
11
8
8
9
7
766
559
0
2
3
4
3
521
803
7
8
10
17
16
14
719
617
2
3
4
1
4
442
915
15
7
5
9
8
9
689
676
5
4
5
5
3
348
0
12
12
7
12
13
9
613
711
0
0
1
3
1
228
1078
12
7
8
7
5
5
558
738
4
6
4
2
3
116
1177
12
11
11
11
8
6
511
789
3
2
2
0
1
65
1234
20
12
8
6
6
12
482
845
1
2
1
1
4
39
0
33
10
8
14
11
10
438
899
4
4
4
5
3
22
1273
61
8
8
7
12
13
403
954
3
7
4
4
4
12
1252
69
8
11
8
8
9
357
964
1
0
2
1
2
6
1208
92
7
9
7
9
10
313
983
2
6
7
3
1
6
0
130
10
15
8
4
3
281
1021
2
3
2
3
2
2
1153
160
10
14
11
10
6
241
1084
2
2
2
2
2
1
1132
197
9
10
13
11
10
201
1132
1
1
4
0
5
3
1107
248
11
11
8
9
8
176
1181
2
3
4
2
5
2
0
273
7
10
10
7
12
135
1193
1
2
2
0
2
2
993
318
7
10
8
11
7
101
1170
25
3
2
2
2
3
943
355
10
9
6
10
9
82
1109
115
5
3
4
1
1
908
401
7
7
8
10
11
57
1058
203
3
3
2
1
0
0
448
13
6
6
10
5
45
1014
283
2
3
5
3
4
833
502
10
8
7
11
6
25
977
344
5
6
1
4
4
766
556
12
9
12
12
13
18
899
391
3
1
2
1
0
711
577
14
8
10
10
12
18
848
443
3
3
5
2
4
0
636
9
5
7
8
5
7
802
490
4
4
3
2
3
598
700
5
9
13
13
9
10
754
545
1
1
0
1
1
529
781
11
13
10
11
11
9
719
593
2
2
2
2
3
453
864
9
8
5
7
6
9
675
649
3
5
8
5
6
0
947
6
13
9
4
8
13
602
688
1
1
3
4
4
241
1049
8
7
9
7
7
14
563
724
4
6
5
3
4
128
1168
7
5
5
6
6
5
533
763
4
5
6
4
6
75
1215
15
5
8
7
6
11
486
813
5
1
2
3
4
0
1225
35
15
10
10
6
10
436
874
1
1
1
2
3
27
1247
49
9
8
13
13
11
396
918
0
0
2
2
3
13
1230
71
9
13
9
11
10
353
939
4
4
1
5
4
8
1201
89
5
7
5
6
7
325
965
1
2
4
3
6
0
1175
126
5
10
6
7
3
300
1001
4
3
7
7
4
1
1163
158
10
10
9
22
8
257
1045
4
3
5
3
3
1
1113
184
5
15
9
14
10
212
1096
0
1
0
3
4
2
1080
233
13
10
10
8
9
174
1143
3
4
3
3
3
0
1037
267
10
10
12
9
8
132
1161
3
4
4
4
1
3
993
299
6
6
6
6
7
106
1168
18
6
5
7
6
4
947
351
5
8
5
5
3
91
1121
87
3
6
7
4
3
923
391
6
8
13
14
2
66
1065
183
5
3
3
1
0
866
430
11
11
13
11
10
48
1008
259
2
1
0
1
2
823
478
13
8
8
12
11
34
959
329
4
4
1
0
1
774
525
14
13
9
9
10
17
899
376
1
3
3
1
0
720
575
10
5
5
4
4
14
856
425
4
4
5
4
0
666
631
5
4
6
6
8
9
821
475
2
3
3
3
4
611
697
12
7
7
11
8
7
772
526
7
2
3
4
3
539
756
11
15
12
17
12
11
722
585
2
3
1
4
2
462
840
7
10
12
11
9
9
670
636
1
2
0
0
0
379
924
8
11
9
7
12
12
620
677
0
2
0
2
3
269
1026
10
7
10
13
11
7
570
718
2
2
1
1
2
145
1150
8
11
9
6
8
6
545
756
4
0
3
6
5
84
1220
17
10
4
19
5
9
491
812
6
3
4
3
0
53
1221
25
11
12
11
14
10
439
864
1
2
2
2
2
33
1238
49
9
11
12
11
7
402
913
2
1
2
3
5
18
1238
55
5
9
8
7
5
367
934
3
2
0
1
1
7
1210
83
7
9
9
8
4
319
971
4
4
2
4
0
6
1177
114
5
12
8
6
5
298
1001
5
5
4
4
3
5
1147
155
4
6
12
8
5
269
1033
3
2
2
4
3
3
1115
181
8
8
10
13
10
215
1096
2
0
2
3
3
2
1090
227
8
9
12
12
9
182
1139
1
3
1
1
0
3
1048
261
11
8
5
4
7
144
1167
3
2
2
2
2
1
1004
301
8
7
13
10
8
117
1169
11
5
3
0
3
3
960
333
6
5
6
7
6
90
1124
83
3
2
3
4
2
916
382
6
8
10
9
15
69
1060
166
2
3
3
0
2
878
418
9
11
13
16
14
46
1016
248
2
2
2
3
2
830
488
8
10
12
15
8
31
969
319
3
4
2
6
4
784
524
8
8
10
9
10
22
925
380
6
5
4
5
5
730
572
8
12
9
11
14
18
860
422
2
2
1
0
0
676
612
6
9
11
10
9
9
815
467
6
5
3
3
3
618
677
10
7
11
8
11
9
770
523
7
5
2
2
2
547
753
14
12
8
8
11
9
730
582
1
3
2
2
2
479
830
10
12
11
9
9
5
684
629
3
3
5
0
4
397
930
6
7
6
9
7
7
650
681
4
3
5
4
5
290
1025
15
12
11
12
9
10
577
719
2
2
1
1
3
165
1122
9
10
7
8
4
7
539
747
3
3
2
2
2
90
1200
11
4
4
8
10
11
500
793
1
4
2
0
2
53
1226
24
13
8
6
8
8
451
859
1
2
1
3
2
30
1240
41
10
6
8
10
2
409
906
4
4
2
4
4
15
1244
65
9
6
7
10
10
379
945
4
7
6
6
5
8
1222
77
12
9
12
9
9
325
970
1
1
0
0
4
5
1182
106
5
7
5
8
7
296
993
2
7
5
5
3
3
1159
142
6
6
10
8
4
258
1036
0
1
1
1
1
0
1125
178
8
11
8
10
13
223
1084
1
3
2
4
2
3
1094
220
10
10
9
10
8
184
1131
1
3
4
0
4
4
1062
257
5
5
8
8
7
153
1174
5
3
6
7
3
4
1013
293
14
12
12
11
9
113
1173
5
0
3
2
4
3
962
331
9
8
6
9
4
96
1131
65
4
3
4
3
6
920
380
6
6
10
12
7
72
1072
154
1
0
0
2
3
887
411
8
8
12
8
6
54
1022
231
0
0
4
3
0
835
469
12
4
12
11
13
38
977
307
2
2
2
3
2
794
513
11
10
5
5
7
24
940
368
5
4
7
4
2
737
567
11
10
3
12
2
20
866
415
1
4
0
5
5
686
603
10
10
7
8
5
11
822
461
5
3
4
1
4
628
670
8
7
6
4
9
12
780
513
3
5
6
2
5
560
735
8
4
7
8
13
7
735
563
3
1
1
1
2
494
812
7
9
9
11
13
11
695
619
4
3
0
2
2
412
901
5
7
7
9
12
9
648
667
4
8
5
4
4
312
991
4
11
11
10
7
9
583
706
2
1
3
2
3
186
1108
10
9
9
7
6
3
546
745
6
4
4
3
4
100
1196
13
7
6
5
7
5
512
784
6
5
0
5
3
62
1221
26
11
8
4
8
9
466
831
0
5
4
2
1
35
1227
44
7
5
6
12
12
406
893
2
2
2
3
0
17
1239
54
11
9
11
13
14
378
933
3
0
3
4
3
8
1221
77
11
8
12
5
4
339
953
1
2
0
2
1
5
1186
102
5
5
4
6
4
306
984
3
2
4
4
3
4
1163
138
6
7
5
5
7
283
1017
3
4
5
3
3
3
1145
175
7
5
10
11
6
242
1064
6
3
2
2
4
2
1091
200
6
11
6
9
15
190
1115
2
1
0
2
1
2
1059
247
13
9
8
8
5
159
1155
4
2
7
4
1
1
1017
288
12
8
7
12
6
124
1169
3
3
3
1
3
2
967
323
6
9
8
7
7
105
1148
46
2
3
3
3
4
930
368
11
7
5
5
5
77
1090
140
5
0
2
4
7
903
413
6
8
7
14
7
60
1033
214
5
5
2
1
2
850
445
13
9
14
11
10
43
979
291
2
2
2
1
2
800
503
12
11
14
10
9
31
947
354
5
3
1
4
3
747
552
11
11
9
10
9
19
875
408
3
0
5
4
1
695
596
8
9
8
8
9
9
839
449
1
3
5
3
4
633
663
9
8
5
6
5
3
805
494
3
3
3
5
4
585
732
9
7
8
11
7
10
754
549
2
3
5
3
0
504
791
9
5
9
9
8
12
703
604
2
0
1
1
0
430
888
9
11
7
8
10
6
658
660
3
1
3
4
3
334
973
10
8
8
8
7
10
597
699
1
4
4
1
1
210
1084
8
13
12
6
6
12
559
737
1
2
3
4
4
105
1184
15
8
5
4
7
11
521
776
5
0
4
6
6
67
1219
19
10
12
15
4
8
479
823
3
3
1
4
2
35
1233
33
11
10
7
12
13
420
878
1
2
2
0
2
20
1242
60
7
9
13
10
11
387
926
2
5
4
4
3
7
1228
73
13
10
9
10
10
344
955
0
0
0
2
3
5
1194
96
6
8
5
11
12
312
982
2
2
5
3
2
4
1168
128
6
8
5
2
8
289
1015
3
3
7
2
6
7
1141
165
7
9
15
10
6
252
1052
1
1
4
5
2
1
1103
191
8
7
11
10
17
200
1110
1
0
2
2
3
2
1067
234
8
9
10
12
16
161
1145
4
4
5
6
5
7
1032
280
13
12
10
8
8
131
1177
4
4
7
4
6
5
984
318
13
12
10
9
8
100
1160
32
4
1
3
2
3
933
354
10
8
6
5
6
81
1093
118
0
2
4
4
1
900
402
3
5
8
14
9
65
1037
204
2
1
1
1
1
855
437
9
13
14
10
9
36
995
279
2
1
3
5
0
807
501
9
10
12
8
14
27
954
345
4
3
5
7
1
760
555
11
8
3
5
7
17
911
404
0
6
4
4
5
703
605
15
12
7
11
9
13
841
445
2
0
2
2
2
648
647
10
7
9
7
9
14
797
491
3
0
2
2
0
587
707
7
9
12
12
8
9
748
543
2
2
3
2
3
517
776
10
12
9
12
7
9
707
602
0
3
3
6
5
443
869
14
11
14
16
8
11
661
650
7
5
6
4
4
348
970
6
9
5
7
10
13
627
698
4
8
8
8
3
239
1068
13
13
9
12
10
8
552
737
0
0
0
0
2
118
1167
8
8
10
7
9
4
525
766
0
4
3
1
2
73
1212
20
6
9
11
6
6
474
816
2
1
2
0
2
41
1231
30
8
5
7
9
11
428
873
0
2
4
4
2
25
1248
53
12
15
10
10
10
391
923
5
4
4
4
3
11
1243
71
9
10
6
8
10
358
970
0
4
6
8
4
7
1215
93
12
6
7
8
13
308
989
4
0
0
0
1
2
1172
119
9
9
11
2
6
284
1006
3
3
1
1
5
5
1144
149
3
7
10
9
4
250
1041
4
1
0
0
0
1
1107
189
8
9
10
11
11
205
1097
0
4
4
3
5
4
1072
233
11
9
9
10
12
164
1146
9
4
3
2
6
5
1045
268
6
8
4
3
6
133
1191
5
6
1
3
4
8
993
311
12
11
6
10
8
103
1169
18
3
4
3
1
1
941
346
9
3
6
10
6
84
1104
0
2
3
2
2
3
903
395
10
7
6
8
7
63
1047
187
2
4
1
2
3
864
434
6
9
12
9
8
45
993
264
2
1
2
3
5
818
486
9
5
7
15
10
34
961
330
4
7
4
3
3
763
548
13
12
7
7
9
18
917
0
2
3
3
3
4
718
594
15
11
13
9
12
14
854
436
2
2
3
6
1
654
635
7
5
8
5
4
16
804
483
3
0
2
2
4
594
700
8
5
6
8
9
10
763
530
0
0
3
2
2
528
765
7
7
10
10
14
12
708
0
5
7
3
3
5
454
849
10
10
9
11
10
7
663
640
4
5
5
5
7
373
940
10
10
10
9
11
7
627
690
4
2
2
3
6
259
1050
10
13
10
7
10
10
562
730
3
1
3
1
1
130
1154
9
3
5
10
8
5
533
0
1
2
2
2
0
76
1211
18
5
6
6
5
6
494
810
5
4
1
1
2
51
1235
25
6
6
3
8
11
454
848
0
0
1
2
1
31
1233
39
9
9
7
12
9
394
907
3
4
2
6
7
15
1233
69
10
6
12
15
12
360
0
5
6
5
9
6
6
1212
84
6
9
8
6
15
315
973
1
3
2
2
2
2
1178
116
8
7
7
8
6
288
1003
0
0
0
2
3
3
1147
155
6
4
6
5
5
263
1042
3
4
2
2
3
3
1132
185
9
9
8
13
7
230
0
0
2
2
0
2
5
1075
223
8
12
10
11
9
173
1129
5
4
2
5
6
4
1048
265
9
10
10
10
15
138
1179
4
4
4
5
3
2
999
303
15
14
12
8
10
110
1175
16
4
2
2
0
1
948
343
12
6
5
9
11
86
0
81
0
2
3
1
2
914
388
7
5
4
4
5
66
1069
167
5
5
1
5
7
877
433
6
10
8
14
8
51
1012
245
1
3
1
2
1
814
480
8
7
11
7
11
40
958
318
5
4
3
2
7
778
528
12
6
6
6
6
23
0
385
4
4
2
8
4
727
576
5
5
8
11
6
10
856
426
4
4
2
2
2
668
622
6
9
4
11
6
8
813
473
2
1
1
1
2
609
685
8
5
7
10
10
9
780
523
3
3
2
4
2
548
762
8
9
9
12
12
7
0
569
2
4
2
3
4
468
830
9
9
8
11
8
7
674
629
3
4
6
6
4
382
917
8
11
10
7
9
7
629
683
3
2
4
6
5
283
1023
6
11
10
7
5
6
570
723
4
4
5
7
2
153
1138
12
7
7
6
8
5
0
755
2
4
3
2
3
83
1206
14
6
10
5
7
7
504
797
2
4
2
2
3
57
1232
28
8
2
9
4
5
459
845
0
1
1
0
2
28
1236
42
7
9
7
12
9
406
904
4
7
5
5
8
18
1238
62
14
13
16
9
13
0
947
4
5
4
5
4
9
1218
82
10
5
8
11
9
322
980
7
8
6
6
4
2
1190
114
11
8
10
8
5
292
1002
2
1
3
2
2
0
1153
137
5
10
11
8
13
265
1031
3
2
2
3
1
3
1129
176
5
5
7
10
9
0
1075
0
1
1
3
4
5
1083
218
8
4
10
11
9
184
1133
3
5
4
5
6
4
1063
267
8
6
6
6
5
149
1184
3
6
5
2
4
4
1026
305
6
12
7
10
8
119
1211
12
1
3
2
6
3
984
339
15
9
6
10
10
0
1143
76
6
9
7
4
4
919
375
8
8
9
6
5
66
1062
159
0
0
0
0
0
877
424
7
3
11
13
11
53
1011
236
3
2
2
1
3
827
475
10
6
8
6
8
35
980
309
5
3
8
7
3
798
529
7
4
5
9
9
0
937
381
4
5
6
2
6
746
598
10
10
9
6
10
18
910
436
6
2
4
4
4
690
645
9
9
9
9
12
12
835
478
4
2
4
4
2
621
676
8
9
7
9
11
13
780
516
0
1
1
1
1
553
742
6
5
7
10
10
0
732
564
3
2
3
4
5
480
826
7
7
7
11
10
10
691
626
1
3
4
3
5
411
922
3
6
10
10
12
10
652
690
4
4
4
5
5
312
1040
8
8
8
7
6
8
618
742
4
4
5
3
2
181
1157
12
11
8
8
8
0
552
768
4
2
6
6
8
87
1204
17
13
6
11
12
10
498
794
1
1
0
0
0
53
1224
24
8
7
9
12
9
450
842
1
5
3
2
0
28
1245
38
7
7
10
9
9
418
905
3
5
6
8
4
16
1264
61
10
12
11
14
0
390
958
3
5
5
4
5
12
1252
94
8
7
6
5
6
346
1001
6
6
8
3
2
4
1224
105
8
9
6
10
12
297
1017
5
6
4
4
3
2
1164
136
11
13
10
11
8
270
1027
1
1
2
1
0
1
1128
174
8
8
10
9
0
231
1066
2
2
4
1
2
3
1106
204
9
7
5
7
8
190
1133
2
4
5
4
5
6
1075
251
5
7
4
7
9
152
1183
4
7
4
8
7
5
1046
314
11
7
9
5
13
124
1234
7
4
6
5
6
6
993
335
12
11
12
8
0
97
1168
60
3
5
4
3
0
933
362
17
9
6
11
8
71
1076
151
3
0
1
1
0
883
411
6
10
12
9
8
60
1018
230
5
1
3
3
1
843
461
8
13
10
8
11
35
988
304
9
8
3
6
4
806
520
6
5
2
6
0
28
955
362
5
7
5
4
4
750
591
6
8
7
5
9
20
912
428
4
3
4
4
5
700
632
6
11
8
9
11
12
849
463
7
5
3
2
4
629
666
4
10
10
12
10
5
792
502
2
2
1
1
0
568
726
12
11
8
11
0
10
746
560
2
1
2
3
2
497
799
11
12
11
11
8
8
693
616
5
2
4
5
6
424
902
9
9
10
8
9
7
658
670
6
3
4
4
6
329
1005
4
4
9
4
4
13
620
723
8
5
3
4
3
200
1129
11
11
10
11
0
9
558
751
8
5
4
4
3
95
1195
15
12
9
12
7
7
507
784
1
0
1
1
1
55
1225
20
7
9
5
4
4
465
834
0
0
1
2
0
38
1233
34
6
10
9
9
5
427
872
1
1
0
2
1
21
1234
54
12
13
14
0
10
385
934
1
6
3
0
5
7
1245
77
7
7
5
8
6
346
986
2
3
4
7
3
7
1214
98
8
8
7
13
6
304
1005
3
4
4
3
2
0
1166
136
9
9
6
4
4
270
1023
0
3
2
1
1
0
1139
163
3
7
7
0
8
242
1065
1
4
2
4
4
3
1107
201
7
10
7
12
8
210
1097
0
1
0
1
2
1
1063
242
6
9
8
13
9
164
1155
6
5
3
3
3
3
1041
290
4
10
10
6
7
130
1212
4
3
3
5
4
8
996
331
12
14
10
0
8
100
1169
41
6
6
1
3
3
935
356
7
7
5
2
4
79
1088
131
0
1
2
1
1
892
409
5
6
8
6
5
56
1038
207
2
0
1
2
1
855
445
7
9
9
12
8
42
984
281
1
1
1
4
1
801
498
8
8
9
0
8
26
946
355
5
6
4
4
7
757
569
5
7
9
8
2
22
907
412
5
5
4
4
5
703
616
12
11
12
9
7
14
849
456
4
4
5
6
4
647
651
8
5
8
8
9
10
796
498
3
3
4
2
0
578
717
6
9
5
0
5
8
758
544
3
2
1
2
2
514
795
13
11
8
7
12
9
703
600
1
2
3
0
4
436
872
10
11
9
8
14
8
660
660
5
2
6
7
6
347
982
7
9
7
2
4
8
623
712
3
6
6
8
6
222
1106
14
11
11
0
8
10
556
755
3
7
7
4
5
110
1192
12
8
12
10
5
10
512
780
5
4
4
3
2
63
1219
18
6
9
9
6
10
469
824
1
1
1
0
1
42
1235
30
10
6
9
8
2
439
865
0
1
2
1
2
21
1239
47
8
6
0
7
5
390
929
2
4
4
6
7
14
1252
76
6
8
10
7
7
354
983
3
7
3
7
5
6
1225
97
7
4
9
8
9
311
1013
5
5
8
4
1
6
1195
124
10
5
9
6
6
273
1028
3
6
3
3
4
7
1143
156
4
9
0
3
5
245
1051
1
0
0
1
2
2
1108
196
6
10
8
8
11
207
1098
4
4
4
7
6
4
1073
241
5
4
11
3
11
166
1154
3
4
4
6
3
5
1049
281
7
8
8
12
10
131
1203
6
6
2
2
1
4
1007
329
5
5
0
6
7
103
1204
30
3
4
5
4
3
958
361
14
8
11
13
8
77
1113
118
7
3
2
6
4
897
392
9
6
11
7
9
59
1036
202
2
3
3
1
3
861
441
10
8
9
10
8
50
984
272
5
4
4
4
6
814
494
9
3
0
6
9
33
960
344
8
6
6
5
4
774
555
8
8
8
8
7
18
918
406
5
3
3
2
1
720
627
8
5
4
9
5
9
885
462
1
3
6
3
3
665
667
11
13
12
12
19
19
811
498
4
3
4
6
7
597
698
8
9
0
6
6
6
757
538
2
4
1
5
5
524
771
7
4
11
6
9
10
709
590
6
5
4
5
6
451
861
10
10
10
9
6
10
671
650
6
8
4
5
4
364
966
9
5
11
7
10
9
629
704
4
3
5
1
2
247
1101
6
8
0
2
10
12
591
764
3
3
4
3
4
119
1208
12
15
12
10
15
13
522
787
6
4
6
5
3
69
1218
21
11
6
7
5
7
479
817
2
4
4
3
2
42
1236
23
6
9
8
9
12
431
864
4
6
5
6
8
30
1244
50
11
0
11
13
5
395
925
5
2
4
3
5
13
1261
68
11
8
11
11
8
367
978
2
4
4
4
5
7
1252
99
10
12
11
10
9
337
1026
2
1
1
0
4
5
1213
119
8
12
9
9
12
281
1038
4
7
4
2
6
4
1150
153
8
0
12
8
9
252
1047
5
5
2
1
0
0
1109
193
11
11
7
10
4
213
1091
6
10
7
3
5
3
1079
230
7
7
6
8
9
176
1146
5
6
5
6
5
5
1059
272
5
6
6
7
7
142
1196
5
3
4
5
5
6
1021
324
11
0
8
10
8
110
1228
22
5
3
1
5
5
978
356
9
11
9
11
6
85
1134
106
4
6
7
3
6
908
391
9
8
15
7
9
60
1053
184
3
3
1
2
4
864
432
6
6
12
10
7
48
1000
262
6
5
4
3
4
818
488
9
0
4
9
10
33
962
330
7
6
6
5
2
775
553
9
8
7
12
11
20
926
395
5
5
4
2
2
733
612
10
5
9
6
10
16
900
453
4
4
4
4
3
677
657
10
10
13
10
13
18
820
490
4
4
8
7
6
605
691
8
0
7
4
6
4
763
533
4
2
2
2
5
534
767
6
2
5
10
8
9
724
578
3
4
4
2
2
465
840
8
5
8
9
9
11
665
637
7
4
6
8
9
386
941
7
7
11
7
9
9
639
694
7
7
4
2
5
270
1066
6
0
8
9
5
12
588
753
4
4
2
4
2
140
1185
14
11
10
7
10
10
538
776
5
8
4
5
6
73
1219
15
7
6
9
7
9
490
802
2
2
2
1
2
45
1236
21
3
1
9
8
10
452
848
2
0
1
1
2
30
1240
39
0
8
6
9
11
413
891
0
1
5
4
4
19
1234
62
7
8
8
11
12
357
954
1
6
2
7
6
13
1230
93
12
10
9
6
10
326
1008
4
4
5
4
4
3
1208
110
11
6
13
6
8
286
1021
4
6
4
7
7
6
1148
150
0
9
9
5
3
254
1040
3
2
3
1
2
2
1119
187
10
8
10
9
9
221
1082
2
0
1
2
1
2
1089
219
7
3
9
13
11
187
1113
2
5
4
4
5
3
1046
258
6
9
14
14
12
151
1176
6
4
4
5
3
4
1022
305
0
7
7
8
11
113
1215
12
1
3
5
6
5
974
347
9
10
11
8
6
89
1136
85
6
6
4
5
6
921
379
7
6
8
5
7
63
1059
172
1
1
2
2
1
871
432
5
7
7
9
7
43
1014
242
1
3
4
2
2
831
474
0
8
9
14
10
39
968
306
5
5
3
5
4
785
518
8
7
11
9
5
26
922
381
3
7
5
6
2
739
591
8
6
9
9
8
10
893
438
3
2
4
5
5
686
646
9
14
10
8
7
11
831
481
6
6
2
4
1
622
679
0
4
10
10
7
4
782
516
5
4
3
3
2
544
751
11
13
6
4
6
10
739
562
3
2
1
0
1
480
828
11
13
10
10
12
8
683
623
5
2
2
3
7
391
911
9
8
8
9
15
5
637
682
8
7
5
5
7
293
1039
0
10
7
7
9
10
597
739
6
4
3
6
3
162
1160
11
13
9
7
9
10
540
775
2
2
4
5
2
76
1225
15
7
6
9
13
7
492
801
6
6
5
1
3
53
1229
25
10
8
5
12
11
451
846
3
4
4
3
3
33
1237
0
8
8
8
13
10
414
885
5
6
5
3
5
20
1231
65
9
7
8
8
6
373
950
6
8
3
3
2
11
1242
90
4
4
8
7
8
337
1002
6
4
3
4
4
8
1216
113
15
9
3
5
7
294
1032
5
4
1
4
4
6
1166
0
9
11
12
3
5
263
1039
4
5
4
2
3
3
1121
178
7
9
8
4
6
221
1068
3
2
1
5
4
1
1088
213
10
8
10
5
7
192
1112
5
6
3
3
7
4
1055
249
5
9
5
7
5
150
1173
6
3
4
4
5
5
1034
0
9
9
12
8
10
126
1210
11
2
6
4
3
1
988
352
6
5
11
9
3
86
1181
70
2
1
1
1
3
940
384
8
10
9
8
12
69
1087
162
3
5
4
6
6
883
413
5
8
8
8
3
53
1012
233
5
1
2
6
6
838
0
9
10
9
11
11
39
969
298
1
4
5
3
7
799
517
10
9
10
9
10
28
933
373
4
6
3
2
3
747
588
8
4
6
7
8
12
904
428
5
1
3
3
2
691
653
6
8
5
6
6
6
869
478
3
3
2
2
2
634
0
10
12
9
10
12
10
798
514
4
5
6
4
4
562
733
5
8
7
8
6
8
732
561
5
6
7
3
5
492
805
4
10
12
5
11
11
688
612
2
3
3
3
3
411
901
7
4
5
13
8
7
651
677
5
6
6
1
4
310
0
7
14
11
6
4
6
609
731
5
3
3
2
2
185
1159
9
8
11
7
2
4
566
789
4
3
2
3
2
85
1239
16
7
10
12
5
9
508
806
4
5
3
2
3
57
1223
21
3
8
8
5
5
459
839
0
5
4
3
4
34
0
31
8
9
9
8
10
421
875
8
7
3
4
4
17
1241
56
5
7
6
8
7
383
943
3
3
3
4
3
9
1249
84
8
7
8
13
12
345
996
1
1
1
2
1
6
1231
111
4
5
6
6
7
307
1041
3
3
1
0
3
5
0
140
15
10
10
5
9
264
1048
4
3
6
3
4
5
1131
168
9
9
5
12
10
237
1064
4
5
5
4
3
2
1090
212
3
9
12
8
9
194
1107
4
2
6
7
6
5
1067
244
5
13
7
7
10
155
1161
3
3
4
4
4
0
0
286
8
8
9
9
7
125
1205
4
1
5
4
2
4
998
339
6
7
9
6
6
92
1202
54
2
3
0
3
1
953
377
19
9
11
8
11
73
1091
147
2
3
6
4
3
889
406
11
9
11
9
6
54
1018
226
2
4
5
4
5
0
455
10
8
9
14
11
42
976
291
5
4
3
4
6
800
503
11
8
7
4
5
27
934
356
6
7
2
5
5
749
561
14
5
7
10
10
14
898
416
2
5
4
1
6
699
625
6
6
7
3
4
11
869
468
1
6
5
3
3
0
670
9
8
10
9
7
8
794
507
3
4
1
2
2
569
726
7
11
7
10
8
6
741
550
4
5
5
2
3
497
799
7
6
6
7
11
9
704
596
6
3
2
3
2
418
873
8
6
6
5
8
11
642
656
6
6
2
4
4
0
978
7
8
10
7
6
12
597
712
5
6
3
4
2
206
1111
7
7
8
7
3
5
556
762
1
3
5
3
2
97
1208
11
9
7
5
8
8
506
785
2
1
1
2
3
60
1218
22
10
7
6
5
5
471
821
2
4
2
3
4
0
1234
34
5
8
6
7
7
445
863
1
3
3
1
2
26
1241
47
3
8
8
7
5
403
906
2
6
3
3
3
4
1224
71
11
8
10
7
4
345
959
3
4
5
2
3
4
1207
99
6
9
5
11
11
304
1008
3
0
3
4
3
0
1171
124
8
12
11
9
5
273
1023
2
3
3
4
4
3
1131
163
10
12
8
6
10
245
1055
1
1
5
3
2
2
1100
203
4
7
7
5
9
209
1105
4
3
2
4
3
1
1076
242
10
12
10
10
6
183
1130
3
5
5
3
4
0
1018
279
7
10
9
14
9
127
1174
5
3
5
5
5
4
992
317
7
7
8
10
9
98
1184
34
1
3
2
4
3
941
361
6
7
8
7
8
74
1093
128
3
1
4
2
1
888
402
5
10
7
7
8
58
1030
204
2
2
4
3
0
852
452
8
8
5
5
9
41
995
271
2
4
2
3
4
824
501
6
5
8
18
9
34
945
331
4
4
2
5
4
754
538
5
11
7
10
11
15
889
400
5
4
6
5
4
699
606
3
3
5
8
10
13
853
453
3
4
6
7
0
645
659
8
6
8
8
12
12
793
498
3
3
1
1
3
585
708
6
6
4
9
10
8
753
541
4
1
4
4
3
513
784
12
9
9
9
10
8
716
587
3
3
2
2
4
440
882
9
8
7
19
8
9
670
640
4
4
4
3
0
350
945
5
7
8
11
6
6
606
697
1
5
3
4
4
225
1081
10
8
6
11
10
8
561
747
3
3
3
4
3
111
1195
9
7
7
5
7
6
515
788
7
3
4
4
4
59
1223
18
11
8
10
13
10
472
818
4
1
1
2
0
38
1231
29
3
6
6
6
8
446
852
3
2
4
5
5
28
1238
46
8
9
10
6
12
408
899
2
3
3
2
2
11
1220
73
8
9
7
9
10
350
953
3
4
3
2
3
6
1213
94
6
7
6
12
10
308
1006
2
1
2
4
0
7
1181
127
5
7
6
6
5
276
1027
6
3
3
4
3
5
1145
156
8
12
9
10
14
241
1050
3
1
3
4
4
6
1098
193
8
3
7
9
13
213
1080
3
3
2
2
2
3
1074
229
8
8
7
6
8
184
1122
5
3
1
2
0
3
1027
269
8
11
5
6
4
137
1172
4
2
2
5
5
3
995
314
8
11
9
5
4
102
1195
21
3
3
4
3
3
958
361
4
2
4
5
3
72
1131
120
2
4
5
1
1
914
392
12
9
8
5
12
60
1040
200
4
2
5
0
3
855
432
10
5
4
4
7
44
984
264
3
4
4
5
1
810
487
11
11
10
9
14
37
942
324
5
5
4
2
2
758
536
9
12
11
12
6
18
901
394
3
5
4
4
7
714
593
7
7
10
11
10
5
866
445
3
3
3
0
3
662
660
3
5
4
4
3
2
833
496
4
6
3
5
2
594
717
10
6
8
9
3
6
760
536
4
5
3
2
4
527
764
3
8
8
4
7
8
714
576
1
3
3
1
2
449
853
5
9
11
8
12
12
663
630
4
3
0
0
2
366
930
9
9
7
8
9
3
619
686
6
3
4
3
3
250
1054
4
9
9
5
11
6
573
735
2
3
4
2
4
125
1194
7
6
6
3
6
6
533
796
4
4
5
5
2
67
1240
16
5
9
8
5
5
486
811
1
6
3
0
2
38
1237
28
8
6
7
6
5
441
848
4
3
2
6
4
27
1235
42
11
6
14
7
11
404
889
6
5
5
4
2
11
1224
67
9
10
5
4
7
357
949
4
2
4
4
4
8
1220
88
7
9
10
8
8
317
995
1
0
2
0
5
3
1204
122
5
5
4
7
3
284
1052
0
2
5
5
6
5
1162
150
7
7
7
9
9
248
1052
3
4
6
4
1
6
1112
188
6
7
8
4
6
212
1080
2
5
5
5
4
4
1076
228
9
11
12
11
3
186
1111
3
1
2
0
1
3
1038
264
9
10
7
8
12
146
1158
5
4
4
4
3
5
1004
305
6
8
9
6
5
106
1195
16
4
4
3
2
0
969
347
1
2
4
6
6
80
1148
104
6
4
9
5
1
923
388
6
5
11
11
3
58
1059
185
2
3
0
4
3
865
425
7
6
5
6
6
45
990
254
1
4
5
3
6
819
480
10
10
8
8
12
32
957
311
2
3
3
2
3
773
523
6
9
7
5
7
23
907
376
5
2
5
6
3
722
584
10
8
7
7
6
11
875
436
5
2
0
3
2
675
639
10
5
3
5
4
6
840
483
7
3
0
2
2
611
695
7
9
11
6
6
8
768
526
1
5
2
2
3
539
753
7
8
5
10
9
9
722
567
2
2
4
5
3
465
835
8
5
5
6
6
8
676
623
2
2
0
3
5
384
915
6
7
7
8
9
3
625
674
3
3
3
5
5
274
1033
9
7
6
6
7
4
579
730
3
4
3
2
2
149
1161
10
4
7
10
6
5
535
782
3
3
2
3
4
74
1222
18
10
7
3
2
9
493
798
3
5
0
2
3
43
1233
24
6
8
6
7
7
448
842
4
3
5
5
2
30
1233
45
9
12
11
10
3
421
880
2
2
1
1
3
24
1242
58
6
7
7
10
8
383
925
3
3
3
4
5
8
1208
86
7
8
9
6
7
320
979
2
3
0
3
2
3
1192
116
4
5
3
6
5
284
1026
4
4
4
2
4
4
1161
143
2
6
10
8
8
258
1039
2
2
2
2
5
2
1117
178
8
10
7
8
11
226
1071
3
3
2
1
3
4
1084
218
4
8
7
6
3
197
1113
3
4
0
1
1
2
1063
260
5
5
8
23
8
159
1151
4
3
4
4
5
6
1005
296
5
7
9
11
9
113
1183
15
3
4
5
4
4
974
334
7
9
8
10
8
83
1151
82
1
1
5
4
4
922
382
7
8
11
11
9
67
1064
168
1
0
3
0
4
874
418
8
4
2
5
9
54
1007
237
2
2
1
3
3
829
472
11
7
6
4
5
35
979
297
5
3
1
4
4
793
524
8
8
5
11
6
27
924
364
5
3
1
2
3
728
567
7
8
8
12
12
15
873
424
4
0
4
4
6
676
631
8
10
9
8
8
10
837
475
6
3
4
4
4
622
683
7
5
7
5
4
10
775
517
3
1
2
4
3
550
743
1
5
6
5
8
12
720
562
2
5
2
6
3
478
820
4
8
7
7
10
7
700
604
3
0
3
2
4
403
917
10
6
6
20
9
9
649
661
3
4
2
6
2
288
1008
11
11
6
10
11
7
580
721
4
6
6
7
5
167
1142
8
8
8
7
3
6
539
777
8
7
2
5
3
81
1220
10
7
8
6
5
7
495
802
6
0
5
3
6
52
1221
23
11
8
3
7
7
452
837
5
3
4
7
2
32
1230
40
10
10
8
11
9
431
873
2
2
1
3
2
25
1242
58
10
13
20
7
12
389
921
5
5
2
4
4
10
1218
79
8
2
10
7
10
330
973
1
0
2
4
5
4
1203
111
6
5
8
9
10
299
1020
4
2
4
4
3
4
1167
138
5
6
9
9
5
253
1053
3
4
2
4
1
4
1132
172
12
5
10
8
8
232
1065
3
3
3
1
2
3
1087
207
4
8
5
7
11
199
1101
2
0
4
4
5
4
1055
252
6
6
6
13
8
167
1132
5
4
3
1
4
6
1005
288
10
10
10
10
8
119
1181
8
3
1
4
5
3
981
333
9
6
12
10
10
93
1166
61
4
1
1
1
4
936
381
5
9
9
7
8
63
1092
167
0
5
5
2
4
889
417
9
9
8
6
6
43
1020
232
3
4
2
4
4
830
462
9
6
7
6
4
39
966
291
2
4
1
4
5
787
511
8
9
10
12
12
29
921
355
1
1
0
3
4
737
556
9
4
4
8
5
10
888
415
0
5
3
6
3
693
619
10
8
9
10
9
9
846
470
5
5
3
3
3
637
685
6
4
7
8
6
4
812
520
7
6
3
5
2
568
741
7
9
10
4
8
6
743
557
3
2
1
3
2
488
800
5
6
7
5
4
5
692
601
0
1
1
3
5
413
886
12
11
12
9
11
10
643
651
1
2
4
2
0
309
986
9
5
7
10
5
4
592
717
2
3
6
6
4
193
1120
10
13
9
8
8
7
547
765
4
6
4
5
5
86
1227
11
1
2
6
3
4
513
817
0
4
6
7
3
53
1244
22
4
8
6
9
4
458
840
4
6
3
6
5
33
1227
38
4
6
6
8
5
425
867
6
4
5
1
2
21
1227
60
8
14
11
9
7
382
911
2
2
4
4
4
7
1211
83
5
9
6
7
12
340
965
0
3
6
3
5
6
1203
104
6
9
7
5
8
298
1013
2
1
4
4
2
6
1178
142
5
4
1
4
3
270
1056
4
5
5
6
6
2
1140
169
9
12
8
9
10
232
1065
6
2
6
4
2
0
1089
207
7
9
13
4
6
202
1093
0
1
3
3
1
5
1058
245
9
9
6
10
9
164
1131
4
5
4
2
1
1
1019
281
9
6
11
11
9
126
1176
5
2
5
3
3
4
986
326
7
5
7
7
11
95
1177
44
4
3
6
5
4
942
374
9
8
3
2
3
69
1105
0
6
4
7
6
3
899
415
7
8
10
6
4
56
1028
219
4
4
2
3
3
840
452
7
9
7
5
7
39
973
286
3
3
2
4
3
798
506
8
10
10
13
8
29
938
339
5
1
1
2
2
748
548
6
8
8
3
7
19
887
0
5
7
7
8
7
703
600
8
4
7
6
8
7
848
457
2
2
2
2
2
654
665
7
9
8
5
6
3
815
512
4
3
3
3
3
579
733
11
9
10
7
3
5
744
549
4
2
2
5
5
505
784
10
7
6
7
5
7
702
0
3
3
6
3
2
423
873
8
5
1
8
5
12
652
647
4
3
3
2
2
340
956
8
9
9
11
6
5
607
693
5
3
2
4
8
213
1093
7
5
5
1
6
7
552
753
2
5
3
2
3
105
1201
13
8
5
4
5
2
515
0
0
3
6
3
1
55
1243
24
11
5
8
5
10
465
826
4
3
3
3
4
36
1230
27
8
7
6
6
6
434
859
0
2
2
1
0
25
1230
57
5
9
4
9
7
409
893
3
3
4
5
2
14
1249
70
9
12
7
17
11
362
0
2
3
1
2
1
3
1198
100
8
10
5
12
9
307
996
3
4
4
6
5
7
1178
128
6
6
7
7
9
261
1050
8
3
3
2
1
3
1140
161
3
13
9
13
11
237
1057
2
1
4
5
4
4
1095
196
3
6
8
4
9
209
0
2
5
3
2
3
4
1061
246
4
2
6
8
8
175
1143
2
2
3
2
2
2
1044
278
4
7
4
25
8
141
1164
6
5
3
4
5
5
984
319
8
6
5
7
8
107
1174
33
5
2
6
5
3
947
362
9
6
5
7
6
69
0
127
5
3
1
4
7
901
403
6
7
8
8
8
51
1040
206
1
2
2
2
2
853
440
6
10
10
11
4
40
981
276
3
6
4
2
4
807
495
6
10
8
5
6
30
953
327
3
4
3
4
3
776
554
6
11
6
21
9
21
0
388
6
4
4
2
2
705
591
9
9
10
11
8
17
851
448
2
2
3
5
2
656
652
7
10
8
9
8
8
814
495
3
0
0
3
3
590
712
12
9
4
9
5
5
753
543
4
3
4
6
6
517
779
7
4
9
5
4
8
0
584
3
3
3
2
5
440
858
6
7
3
4
6
8
671
631
5
3
3
5
2
353
956
11
11
8
11
5
12
621
683
0
6
6
4
2
235
1058
12
6
7
9
13
9
558
743
5
5
4
4
4
116
1190
13
10
4
9
6
7
0
792
0
5
5
5
6
65
1231
19
5
9
7
7
5
475
824
7
3
3
8
7
40
1230
35
9
9
6
6
6
431
854
4
2
5
4
2
31
1228
45
9
6
4
7
6
411
890
4
3
1
3
3
14
1230
66
6
5
11
5
12
0
940
2
3
4
3
1
4
1203
89
11
6
8
9
6
316
989
5
1
3
5
7
3
1189
122
5
6
5
8
9
269
1043
7
3
3
4
5
4
1158
154
6
3
5
6
5
240
1066
4
6
4
5
4
3
1119
185
7
6
14
11
16
0
1090
2
1
6
3
4
4
1074
223
2
5
3
10
10
182
1116
2
4
4
2
0
3
1039
269
6
7
11
14
11
146
1161
6
2
2
2
4
4
993
309
9
6
4
10
8
109
1186
17
3
1
4
4
3
964
354
7
6
8
10
5
0
1140
112
3
3
4
3
3
924
407
7
7
8
10
5
56
1080
204
3
2
2
0
2
875
445
14
11
11
7
9
46
996
271
4
5
3
3
3
817
476
11
8
11
8
4
32
950
322
4
5
1
2
6
774
523
7
8
9
11
8
0
906
384
1
2
5
6
3
722
587
4
9
6
2
8
19
868
445
2
2
4
4
3
673
655
7
9
8
12
8
10
838
496
1
0
1
3
4
603
735
5
4
0
2
4
5
796
543
5
4
1
0
4
540
787
14
11
9
10
8
0
717
592
7
5
4
3
4
456
837
7
10
7
7
8
6
665
630
5
3
6
3
3
375
927
7
8
11
9
6
10
622
676
6
4
6
4
4
264
1044
8
8
5
8
10
10
578
746
4
1
2
2
1
135
1196
13
7
10
13
10
0
541
797
2
2
2
2
4
66
1267
15
9
7
4
4
6
505
843
4
3
2
2
1
41
1267
26
10
13
11
5
12
442
874
6
6
6
4
4
27
1239
41
10
8
7
8
9
401
895
3
6
6
6
3
16
1224
66
11
10
13
11
0
368
937
4
3
3
2
2
7
1222
89
4
8
5
9
6
333
993
2
4
2
2
4
6
1209
119
6
9
9
10
7
287
1047
4
2
3
1
0
5
1187
159
10
6
6
5
5
251
1099
3
3
3
3
2
4
1145
183
15
14
13
11
0
216
1098
4
3
5
3
2
5
1081
219
7
6
8
8
9
184
1114
2
3
3
3
5
4
1041
267
9
13
7
8
7
145
1154
3
4
6
3
8
5
1002
305
7
7
6
9
10
118
1195
14
6
6
2
3
2
983
349
6
5
6
8
0
83
1161
95
3
0
3
5
3
940
400
5
5
8
7
10
61
1104
196
8
4
4
5
4
889
443
12
15
13
9
10
47
1017
261
4
4
3
3
4
823
471
9
10
7
10
6
37
953
310
6
3
4
3
7
778
520
13
12
11
7
0
25
902
376
8
4
3
1
4
729
576
4
6
7
9
4
18
872
436
3
2
4
4
2
678
643
8
8
8
8
10
11
845
484
2
3
2
1
3
617
714
7
7
3
2
2
6
806
540
5
8
7
2
0
555
770
13
10
9
9
0
8
734
581
1
2
4
6
5
474
821
12
9
9
9
4
9
680
616
5
5
4
4
5
392
909
7
5
11
10
9
13
642
662
6
6
4
2
5
284
1018
4
8
13
11
10
9
580
723
4
4
3
4
4
157
1155
11
9
7
11
0
6
539
787
2
1
2
1
0
76
1245
17
8
6
4
8
7
507
831
3
4
3
3
1
45
1251
27
14
8
8
11
6
450
856
3
4
1
3
4
28
1234
39
13
12
16
7
7
406
882
3
5
4
3
3
19
1232
52
11
14
11
0
11
378
921
2
3
4
3
2
9
1224
82
7
10
5
10
14
346
963
3
4
4
4
3
3
1195
109
10
7
5
9
6
287
1026
2
2
2
2
2
3
1185
142
7
6
7
12
8
259
1072
4
2
2
6
7
3
1139
180
7
12
8
0
10
224
1081
1
1
6
3
5
4
1085
220
8
10
9
7
7
189
1111
2
6
5
5
5
4
1048
256
8
10
10
7
9
159
1149
3
2
3
1
2
1
1006
304
9
6
7
12
7
129
1174
4
6
2
2
8
5
970
334
3
7
9
0
7
88
1160
73
7
4
5
3
1
940
385
8
12
7
7
9
63
1098
174
4
2
3
5
2
900
421
7
7
5
8
9
46
1023
245
8
4
7
4
4
828
467
10
7
8
11
9
39
962
301
5
5
5
4
2
782
514
8
7
7
0
9
25
925
355
2
1
2
5
3
734
571
5
8
7
10
10
17
875
416
6
4
4
6
5
680
619
10
5
8
7
7
12
838
472
3
3
4
3
2
633
695
7
7
9
8
9
10
803
530
4
3
1
3
4
565
756
8
7
12
0
10
9
741
575
3
3
2
2
1
492
809
9
15
8
6
5
10
689
609
2
3
1
5
6
407
887
2
10
7
5
8
3
646
652
3
4
4
4
7
302
1006
7
4
7
15
13
4
599
709
5
4
6
5
2
175
1122
9
4
9
0
5
2
543
777
3
6
6
4
2
85
1237
16
4
5
7
8
4
512
820
3
3
4
1
3
47
1261
25
8
8
9
11
7
457
857
3
3
3
3
2
32
1248
33
5
9
8
8
6
415
885
3
7
7
6
8
21
1226
52
7
5
0
8
8
385
913
6
6
5
4
6
15
1217
76
9
8
11
9
14
338
963
7
8
7
4
1
1
1203
102
3
8
9
10
10
295
1020
2
2
4
4
4
2
1193
138
13
10
11
6
7
265
1071
3
4
2
4
4
4
1154
177
9
7
0
5
4
228
1098
1
2
3
3
3
4
1109
205
8
12
15
6
10
189
1117
4
3
3
0
4
5
1055
249
7
11
10
6
8
164
1136
6
4
5
6
3
3
1022
282
8
12
11
13
9
134
1175
5
3
4
2
6
5
981
329
2
7
0
8
13
97
1176
57
5
2
2
2
6
950
384
5
4
8
10
10
62
1119
158
4
3
1
2
0
906
436
7
3
8
8
5
48
1056
242
1
3
5
4
3
859
470
11
7
15
9
7
40
981
298
4
6
7
5
7
797
497
8
8
0
8
9
25
924
352
4
3
5
5
3
749
551
8
2
6
7
13
21
875
410
6
3
6
3
6
697
610
9
6
8
8
6
15
848
468
6
6
2
4
3
643
689
10
6
8
11
11
11
816
521
5
3
1
2
3
580
769
9
5
0
4
10
6
781
572
2
3
5
2
1
506
829
12
9
12
14
10
9
699
617
5
4
8
5
5
422
876
6
11
10
6
4
4
646
651
6
6
7
3
2
332
965
8
5
8
11
6
10
595
702
3
7
4
2
4
202
1107
9
7
0
11
7
7
554
764
4
3
3
3
5
97
1228
17
6
4
8
3
8
520
818
3
5
3
3
4
50
1278
19
5
10
7
11
11
485
862
1
2
3
1
2
36
1266
38
15
12
9
9
12
425
893
3
4
6
3
5
23
1229
52
11
0
11
8
10
383
909
5
4
3
1
3
11
1217
73
12
4
9
7
6
343
956
4
3
4
4
5
6
1209
103
7
6
3
4
9
302
1017
6
5
3
4
5
7
1200
131
6
10
10
7
8
269
1069
3
3
5
4
2
2
1172
180
5
0
10
11
5
242
1118
2
3
4
3
3
3
1138
201
6
14
12
15
12
203
1120
3
1
6
4
8
2
1066
235
6
7
8
8
10
168
1134
8
4
4
2
2
5
1022
277
13
9
7
4
12
134
1173
6
6
7
1
5
3
983
325
7
0
3
8
7
99
1182
41
6
3
6
5
6
959
375
8
9
7
6
10
73
1124
141
3
4
5
4
3
920
417
7
3
5
10
10
55
1073
229
1
2
1
1
3
865
461
17
8
13
13
10
36
990
293
5
2
2
5
7
805
488
5
0
7
6
6
30
931
341
3
2
5
5
4
753
543
8
13
11
8
9
21
884
401
7
10
8
5
6
708
593
9
5
11
8
5
15
850
461
5
7
4
3
7
648
676
8
14
14
11
11
12
816
509
2
3
2
4
2
590
747
10
0
7
6
8
9
784
563
4
3
1
3
2
522
811
12
13
13
12
9
8
710
603
6
4
7
7
8
437
858
7
4
9
10
9
11
649
647
3
6
6
4
4
345
955
6
9
7
9
11
7
605
695
5
8
6
5
5
227
1074
10
0
7
12
7
11
554
748
5
6
5
6
6
107
1205
14
8
10
11
9
7
529
804
4
4
3
3
3
58
1265
23
11
9
10
10
7
488
854
1
0
1
2
3
36
1259
30
8
12
12
6
11
426
884
5
5
3
2
5
26
1235
45
0
8
11
7
6
388
904
4
3
7
3
5
13
1225
72
13
10
8
10
8
359
942
3
3
1
2
0
7
1213
91
9
9
5
12
15
322
981
5
3
2
9
4
6
1181
118
6
10
8
11
3
269
1043
3
5
4
7
4
4
1162
162
0
13
11
6
8
248
1090
4
2
5
3
2
3
1131
192
4
5
10
7
7
206
1102
6
5
10
4
3
4
1071
231
10
7
3
5
10
175
1124
4
1
3
3
2
3
1028
276
7
9
10
8
10
148
1160
4
1
2
2
2
3
994
316
0
8
14
11
9
119
1164
27
6
3
6
4
8
950
354
6
9
12
4
6
79
1125
117
3
3
4
4
4
923
412
5
8
9
9
11
57
1066
214
3
4
2
2
2
871
446
10
7
8
9
4
37
1001
274
8
5
4
4
5
815
480
0
9
6
8
11
33
940
324
6
5
6
3
2
764
530
9
13
12
9
4
20
898
384
4
6
5
4
2
712
591
7
8
2
13
7
17
860
438
2
6
5
5
5
658
642
7
7
5
8
6
13
812
502
3
2
0
2
2
603
723
0
8
14
12
10
7
780
553
2
2
6
5
1
533
783
11
8
11
7
9
7
723
596
4
3
2
3
2
458
845
4
10
7
10
6
8
658
639
7
9
3
7
4
362
931
4
4
7
9
9
8
622
676
6
5
4
5
4
247
1056
0
8
5
12
12
6
578
726
3
5
4
7
5
125
1174
10
4
4
11
7
9
523
791
5
3
4
2
4
67
1251
22
10
9
9
8
9
491
845
3
1
4
4
4
41
1259
30
11
9
10
9
6
435
878
6
4
5
2
6
26
1237
0
4
6
6
13
13
397
899
4
4
2
3
5
17
1226
63
7
7
9
8
6
359
938
7
3
2
5
5
7
1210
89
8
10
15
10
13
325
977
6
4
6
5
6
5
1192
113
2
7
3
11
9
281
1039
3
4
4
3
4
4
1179
0
6
6
2
8
10
247
1084
5
1
1
2
2
3
1141
192
3
7
3
6
6
214
1116
1
2
2
0
2
5
1088
227
10
9
7
7
3
175
1135
3
3
2
3
5
3
1035
265
7
11
10
6
9
150
1152
5
7
3
7
4
5
999
0
12
10
7
10
13
114
1174
17
4
2
2
5
2
964
349
9
10
5
3
9
84
1141
103
2
1
3
3
3
934
399
8
9
12
13
12
56
1084
199
2
2
1
2
2
881
460
8
11
7
9
8
45
1032
276
5
4
3
3
4
835
0
8
9
13
8
9
31
965
324
4
2
4
3
3
775
522
7
4
7
6
11
20
899
382
4
4
5
3
6
723
576
9
9
10
10
12
23
857
434
6
5
5
6
4
674
636
8
8
5
9
9
15
833
486
4
4
3
4
2
615
0
11
10
8
7
7
7
796
546
2
1
2
3
4
553
794
10
5
5
5
1
5
753
601
5
3
3
5
4
473
859
8
9
6
9
10
6
677
638
5
4
3
1
3
385
914
8
10
7
8
7
6
627
666
3
3
5
3
7
269
0
6
11
8
10
10
10
573
725
4
5
4
3
2
141
1164
8
7
8
8
13
9
536
789
3
2
0
5
4
74
1250
17
7
11
8
9
11
499
837
4
3
3
3
1
41
1283
32
6
6
6
12
11
462
889
1
3
0
4
5
25
0
43
11
15
6
12
10
403
912
1
7
4
3
3
15
1232
61
6
6
8
11
10
368
928
4
4
6
1
6
9
1214
85
10
9
15
7
13
319
979
6
5
5
2
5
5
1196
116
10
7
8
10
7
282
1037
2
3
6
5
5
5
0
150
9
8
7
7
11
252
1081
1
2
3
3
0
0
1162
191
3
8
8
9
5
223
1133
2
3
1
3
3
4
1113
221
10
11
6
8
10
179
1140
3
4
2
2
4
5
1045
261
6
5
8
8
13
152
1148
4
9
5
7
7
7
0
302
8
7
6
11
9
122
1178
14
5
5
4
3
2
969
341
5
6
4
9
9
83
1158
83
5
3
4
7
7
935
393
5
7
7
9
7
62
1092
183
4
0
4
2
0
893
450
8
6
10
5
4
43
1044
265
7
4
4
4
3
0
481
14
13
14
11
7
34
970
314
5
2
1
4
3
786
512
8
8
5
9
8
21
906
366
2
4
4
8
5
722
573
13
10
14
9
8
21
869
423
3
4
5
6
5
679
620
8
6
12
11
13
8
821
476
3
2
3
3
4
0
686
7
6
9
7
7
6
780
532
2
2
3
1
4
554
769
4
3
2
3
5
5
746
585
3
6
5
6
3
484
826
4
6
9
8
6
6
682
615
4
0
4
6
4
392
899
9
7
7
10
9
11
633
657
2
6
6
6
3
0
1009
6
7
5
8
6
2
596
707
0
2
5
4
6
167
1129
8
8
8
6
15
10
540
755
3
4
0
2
2
80
1208
14
7
4
8
6
8
494
808
3
3
4
4
2
45
1241
28
4
7
6
8
6
454
858
4
4
6
1
4
0
1239
36
8
11
5
6
5
408
885
3
1
4
3
6
18
1216
58
10
8
6
8
6
378
911
1
2
3
2
2
8
1214
83
6
6
7
8
5
351
954
2
4
5
2
2
8
1223
113
14
9
8
13
15
310
999
2
4
7
3
4
0
1158
139
5
4
11
8
6
251
1047
6
3
3
5
4
5
1139
174
6
9
9
5
9
219
1097
5
3
3
4
3
4
1092
208
4
4
8
9
5
188
1105
3
1
3
5
3
6
1047
249
11
12
10
9
9
164
1131
5
6
4
4
4
0
1001
301
7
8
2
4
4
126
1178
7
4
3
4
4
3
988
340
7
6
11
21
9
108
1145
63
5
4
5
5
4
930
367
13
13
10
10
8
65
1083
159
3
2
1
4
4
891
416
8
7
7
3
9
42
1031
243
2
3
2
3
0
835
467
7
9
10
8
8
39
964
298
3
2
4
4
3
788
503
4
8
9
7
12
23
915
353
5
1
2
2
4
735
565
10
7
7
4
4
16
886
407
2
2
4
2
3
705
637
8
10
10
23
16
12
843
455
6
6
4
4
0
624
670
7
9
10
10
11
10
785
515
3
4
4
5
5
562
742
9
4
5
9
9
8
743
570
2
2
3
3
0
490
817
11
11
3
7
5
8
690
609
4
4
3
2
6
412
888
7
10
9
8
10
7
641
649
4
6
2
3
0
311
988
6
10
8
9
8
6
606
696
4
3
3
2
2
190
1132
10
5
6
20
11
7
566
743
2
4
5
5
4
89
1198
17
13
12
10
9
10
503
796
6
3
3
5
3
50
1238
27
6
4
5
5
5
466
848
5
5
5
4
0
35
1239
39
8
7
8
7
9
409
885
3
2
5
5
2
18
1221
52
7
17
9
10
9
388
905
1
3
2
1
3
10
1213
76
7
8
10
9
7
348
950
3
2
2
2
4
4
1203
107
6
8
19
5
11
315
989
1
3
3
4
0
4
1153
137
9
6
10
10
3
258
1044
2
3
3
2
4
3
1143
168
6
6
6
6
3
225
1086
3
4
5
4
0
2
1105
206
4
4
4
1
4
191
1119
3
3
4
6
4
3
1060
241
8
10
5
6
8
160
1128
2
3
4
3
0
3
1006
285
7
4
6
4
4
127
1162
5
4
1
3
3
4
974
331
5
4
9
7
10
114
1150
49
0
2
5
3
5
933
362
11
9
9
7
4
70
1094
145
1
3
4
1
2
899
411
9
6
5
6
4
50
1040
232
2
4
5
0
6
854
465
2
6
4
2
2
33
1000
291
5
4
4
2
1
807
505
8
12
9
9
3
27
927
348
3
3
5
5
6
737
550
6
5
4
6
5
20
882
394
2
2
3
6
6
691
604
9
5
10
7
8
16
836
451
3
5
2
0
1
637
656
12
6
8
4
4
9
795
511
2
2
6
4
4
575
735
9
8
6
8
9
7
756
566
5
5
4
3
5
506
815
3
6
3
6
6
5
721
614
6
2
0
5
4
434
878
4
8
6
8
8
7
649
651
5
3
6
0
3
330
962
6
9
6
3
6
6
605
684
0
3
3
2
2
209
1096
9
11
12
3
9
10
558
734
1
3
3
4
6
102
1194
16
7
7
5
3
2
508
796
5
3
4
3
3
55
1239
26
4
3
4
7
7
470
845
4
3
2
0
3
32
1268
34
4
2
3
3
5
436
897
2
2
3
5
5
22
1244
52
6
7
8
7
12
385
912
3
3
2
1
4
12
1216
70
7
3
5
12
8
349
939
0
2
3
3
3
5
1201
95
6
8
12
8
13
309
984
5
3
4
0
8
5
1172
131
8
5
9
12
12
266
1043
3
5
2
2
1
4
1154
159
5
6
9
4
6
232
1085
3
6
2
5
9
5
1123
206
6
4
6
5
5
207
1134
5
4
4
5
7
2
1076
244
11
9
10
7
8
164
1139
4
3
3
0
3
0
1024
272
8
10
9
5
8
138
1154
3
3
4
2
1
3
983
317
11
13
6
9
10
111
1159
31
7
3
6
4
4
939
356
9
13
11
12
14
75
1109
128
7
5
3
4
5
900
409
9
4
9
5
8
50
1055
216
4
5
0
4
4
858
460
4
6
4
2
2
41
1008
284
4
6
3
6
6
813
497
11
10
9
9
7
29
932
338
6
5
7
4
4
751
534
9
5
9
7
6
17
890
390
4
3
2
1
3
700
595
14
7
6
6
8
14
852
443
0
4
0
4
4
650
642
9
6
10
11
5
14
804
498
5
4
4
4
4
588
722
5
4
7
6
10
4
755
558
4
1
1
1
3
518
792
6
4
2
4
3
7
721
600
4
7
3
4
6
450
856
6
12
6
9
6
10
646
641
4
5
0
2
4
352
939
5
8
12
10
5
6
620
675
4
4
4
3
2
224
1075
7
8
5
5
4
6
578
727
2
3
5
4
2
115
1186
10
9
4
6
10
6
531
771
4
3
2
3
4
65
1222
27
8
9
7
5
8
478
830
3
6
0
5
6
41
1247
38
9
6
9
10
7
437
879
4
4
3
5
1
24
1237
45
11
4
7
8
9
393
904
5
2
4
7
5
15
1218
63
6
9
8
6
8
358
932
1
1
1
2
2
5
1205
96
5
6
4
4
8
331
979
4
2
0
4
2
2
1212
126
13
9
6
18
17
294
1011
3
3
2
2
3
4
1143
154
11
7
12
10
4
242
1064
6
2
6
3
2
2
1115
194
4
3
7
3
8
211
1110
5
4
5
1
4
6
1079
226
3
7
11
9
13
176
1120
4
4
0
8
5
3
1021
268
8
6
4
5
6
141
1152
4
1
2
5
5
4
990
314
7
8
12
9
8
116
1171
23
3
2
2
3
2
979
358
5
8
10
27
6
97
1119
100
4
1
5
4
2
898
398
5
13
8
13
12
56
1053
196
2
0
2
4
6
866
444
6
7
8
4
6
36
1007
275
4
1
3
2
1
821
480
10
8
7
13
7
26
941
324
4
5
3
4
5
757
535
4
5
8
3
9
20
892
384
5
1
2
6
4
714
592
7
8
8
7
7
13
870
429
0
0
0
3
3
669
653
12
9
5
11
15
12
821
484
8
6
6
5
3
600
698
8
12
12
10
11
6
764
541
2
4
4
2
2
534
775
9
7
6
6
7
6
724
590
5
5
0
6
4
462
848
10
8
8
6
9
10
665
636
4
0
3
3
2
369
925
11
10
9
10
5
9
626
665
4
2
1
1
4
250
1041
7
11
4
4
7
9
588
714
3
2
1
2
2
134
1179
12
13
10
18
9
11
546
757
2
7
8
5
4
73
1209
26
11
11
7
6
12
487
813
4
0
5
3
3
42
1247
33
5
6
8
3
4
439
877
6
8
5
3
3
27
1244
47
9
12
7
6
8
397
908
4
4
6
3
1
15
1225
65
13
8
8
8
5
365
927
5
1
1
1
5
9
1207
86
9
11
7
12
7
336
966
1
0
1
1
3
1
1194
116
7
11
17
11
7
299
1005
3
4
3
4
3
6
1148
146
14
4
9
11
8
247
1062
3
4
2
3
5
7
1125
189
9
8
8
2
3
212
1103
4
2
1
2
6
6
1087
223
6
4
8
6
9
175
1137
6
0
5
7
4
5
1043
259
7
6
6
6
8
142
1144
5
5
2
6
5
7
989
302
5
5
8
9
7
115
1168
14
2
5
4
5
4
951
355
7
7
10
9
10
91
1124
87
4
4
4
5
5
906
387
10
5
6
11
4
67
1067
185
0
3
2
2
2
873
437
3
4
3
4
3
45
1013
263
4
3
4
5
4
834
495
5
2
2
3
5
30
974
323
3
3
3
5
4
781
536
9
8
9
11
5
17
904
377
2
4
4
5
5
722
571
8
1
4
5
4
13
859
423
0
5
4
4
4
668
634
9
7
15
11
7
11
817
472
5
6
4
3
2
605
692
6
7
10
7
8
7
778
531
4
3
6
7
6
551
763
8
10
4
5
6
6
730
591
5
7
2
4
3
470
859
4
5
7
5
7
9
700
638
0
5
6
8
5
385
932
9
6
7
12
9
11
623
676
4
2
5
4
2
279
1022
5
7
8
4
7
7
583
711
4
3
2
6
4
153
1143
13
8
12
8
6
12
534
760
4
3
3
4
3
76
1207
18
5
9
10
6
6
493
820
0
5
7
5
2
42
1247
30
5
13
7
5
4
452
865
5
6
4
3
3
29
1268
43
5
9
8
1
4
414
918
3
4
1
4
4
20
1238
61
6
14
9
13
8
366
929
1
5
6
4
4
9
1207
80
3
5
8
9
5
329
965
0
4
4
6
4
3
1183
114
9
9
10
8
4
289
1004
7
4
7
6
6
5
1162
138
5
6
5
9
10
247
1058
3
0
3
4
4
4
1127
185
9
6
5
7
4
220
1095
5
7
4
6
7
3
1107
221
6
6
6
5
8
191
1143
0
3
7
6
3
4
1060
259
8
7
9
11
7
151
1150
5
3
2
3
5
5
1000
298
5
6
6
12
9
118
1172
7
6
5
3
2
4
960
348
11
14
11
12
5
94
1141
74
5
3
7
6
4
921
384
13
9
10
11
8
67
1073
0
3
6
3
4
3
881
429
10
11
6
7
6
46
1024
249
2
3
5
4
4
840
479
3
4
3
2
6
36
988
314
3
2
3
3
6
784
531
4
10
11
6
6
24
912
369
4
3
2
7
7
730
561
7
8
7
6
10
18
864
0
5
5
4
6
10
677
625
10
13
12
8
11
13
834
466
3
2
2
5
6
622
675
10
7
8
9
8
11
780
520
3
5
3
4
6
558
749
11
9
4
10
10
15
746
571
5
2
5
3
4
487
830
3
5
5
4
2
4
700
0
2
2
4
3
2
400
911
13
8
7
7
9
8
629
669
2
3
2
3
2
296
998
6
8
5
13
14
9
593
698
7
4
5
9
7
174
1127
8
10
9
13
7
4
564
743
4
6
7
8
6
86
1213
13
12
9
12
13
11
520
0
7
5
4
5
5
50
1236
25
10
6
10
8
7
458
849
4
2
2
4
6
38
1243
40
6
4
2
7
12
414
902
2
4
2
3
5
20
1232
60
6
7
9
9
5
373
918
4
2
4
6
4
10
1212
74
12
11
4
6
3
334
0
7
6
5
3
3
7
1199
101
8
9
7
11
7
313
997
5
4
3
4
6
5
1205
134
9
7
7
18
22
278
1027
9
6
7
4
3
5
1124
171
11
11
15
10
9
221
1080
3
7
6
3
5
4
1096
214
8
10
6
9
3
190
0
3
3
4
9
6
3
1059
245
5
6
10
11
6
154
1140
6
3
1
4
6
2
1013
287
9
2
5
7
12
133
1169
6
7
4
3
5
2
968
339
11
7
8
7
7
108
1158
55
5
5
3
3
4
937
383
6
1
7
19
12
81
0
146
7
4
5
1
5
890
413
12
7
12
8
9
49
1032
234
4
3
2
3
2
843
468
10
7
9
9
7
32
983
303
2
5
2
5
3
793
506
6
5
8
10
8
20
923
356
5
5
6
4
1
745
555
9
6
4
4
8
20
0
407
3
1
4
9
8
689
614
5
8
6
14
9
12
850
451
4
7
6
3
6
644
685
6
11
11
12
15
12
805
503
4
8
7
2
5
573
728
10
10
9
14
11
8
743
562
3
3
4
4
8
502
810
8
4
6
4
9
10
0
614
4
5
4
4
5
416
890
8
7
7
6
12
11
643
656
1
3
5
3
2
317
976
11
9
9
5
5
5
594
698
5
5
4
7
6
194
1102
12
11
10
11
8
6
563
740
4
3
5
5
5
99
1213
15
9
3
16
7
7
0
781
3
4
3
5
4
57
1230
25
10
7
8
9
6
457
844
5
6
4
5
4
33
1245
40
11
7
5
7
8
422
895
1
3
2
4
6
22
1240
47
5
4
5
8
6
375
924
3
3
5
3
3
11
1215
74
6
12
12
11
9
0
942
5
6
6
5
4
5
1201
98
4
10
11
11
9
317
985
3
4
4
7
6
6
1178
132
6
6
14
7
12
284
1024
4
2
5
3
5
6
1133
165
14
10
8
11
5
233
1081
6
7
4
8
5
2
1115
206
9
7
8
10
7
0
1130
5
5
6
6
2
2
1083
244
6
4
6
6
7
156
1161
4
2
2
4
6
4
1031
289
9
11
9
9
10
127
1174
2
2
1
2
3
5
973
326
3
8
7
11
7
100
1162
36
5
5
3
3
3
936
374
6
5
6
14
5
0
1095
133
4
0
2
3
3
899
408
6
4
12
13
13
53
1045
225
6
4
1
5
3
861
466
3
6
9
10
11
38
1009
296
7
5
3
8
5
817
525
5
4
5
6
2
28
973
357
2
6
3
4
2
767
568
8
12
8
11
6
0
897
409
3
3
7
4
4
698
600
9
9
6
7
8
16
838
450
2
5
3
8
6
638
658
6
1
12
8
10
11
795
500
2
5
3
4
5
583
730
5
9
9
16
14
6
766
558
3
5
6
6
7
521
811
4
8
4
10
10
0
725
614
2
3
3
3
4
439
910
5
7
7
6
7
5
692
667
2
4
3
2
6
351
983
4
7
10
6
6
7
615
701
2
5
6
8
8
220
1077
6
7
10
11
13
9
558
737
2
3
5
3
5
112
1191
15
7
9
10
11
0
517
787
7
4
7
3
4
61
1243
25
7
7
7
4
5
476
844
4
5
5
4
6
45
1259
36
7
2
5
5
5
443
898
5
8
6
3
3
21
1278
57
5
6
4
4
6
405
952
1
2
3
1
3
14
1249
72
6
10
8
6
0
351
962
6
4
4
3
3
10
1205
90
9
9
7
8
4
310
991
7
2
4
2
3
5
1182
120
6
6
9
6
4
277
1029
3
4
5
4
2
5
1155
157
5
10
7
12
3
242
1081
5
2
5
4
5
4
1131
202
7
9
5
8
0
198
1137
3
6
2
4
3
6
1100
249
5
6
7
11
9
175
1184
2
1
4
1
4
4
1052
280
6
10
6
10
10
139
1180
3
3
4
6
5
4
989
312
7
10
7
8
9
113
1170
29
5
6
4
5
5
937
359
11
11
8
10
0
86
1106
118
0
3
2
3
3
911
397
8
5
6
6
7
57
1061
208
6
5
4
2
4
866
459
7
9
10
13
9
36
1015
285
4
2
3
5
3
824
517
1
3
5
6
4
26
979
347
4
3
5
4
3
772
552
7
11
9
7
0
19
903
394
5
6
5
5
3
716
585
11
14
10
