960
12
7
9
11
10
9
617
681
2
3
6
4
2
241
1048
12
13
7
7
3
7
564
725
4
5
3
5
4
121
1169
9
12
10
10
12
13
535
768
7
6
4
7
5
65
1232
16
7
7
10
8
11
500
809
6
5
5
4
6
0
1230
31
7
13
9
5
5
436
871
4
5
4
3
3
29
1240
51
9
5
7
4
4
393
923
8
5
4
4
2
17
1224
72
6
5
10
12
9
359
930
2
2
5
9
8
13
1210
82
7
4
11
11
11
329
969
6
4
6
4
5
0
1189
115
8
10
4
9
6
293
1020
2
2
3
4
5
6
1176
153
5
10
10
19
14
266
1041
8
6
5
3
7
8
1117
189
12
10
8
10
9
209
1093
4
3
3
4
4
6
1079
231
6
5
8
9
7
171
1144
4
4
3
3
4
0
1039
265
6
5
5
11
10
148
1153
5
3
3
5
4
7
986
306
6
6
10
4
8
117
1166
19
6
7
6
5
6
939
364
8
10
4
5
6
85
1137
92
6
4
3
5
3
937
405
7
7
21
18
9
71
1066
184
5
6
1
4
0
869
435
9
5
7
10
6
38
1002
265
2
3
5
4
5
825
483
11
10
9
6
7
28
963
330
4
6
5
2
3
769
532
9
9
4
8
7
23
899
383
3
6
5
3
3
719
576
6
3
8
8
3
18
857
429
5
9
6
6
0
665
638
10
8
7
13
6
11
830
474
7
5
5
8
5
615
716
4
13
9
20
10
9
783
530
4
3
5
4
2
542
757
8
13
6
12
6
9
725
587
3
6
6
4
4
467
840
6
9
7
8
6
6
674
643
5
4
4
5
0
379
927
11
5
11
6
7
3
629
674
3
4
3
4
2
271
1030
9
8
9
13
8
5
577
717
6
5
3
3
3
144
1159
14
11
6
5
7
8
539
759
9
8
4
4
7
79
1228
17
11
7
24
4
14
506
799
2
6
5
3
0
45
1233
30
13
7
14
8
6
445
860
4
3
6
4
3
31
1240
45
11
10
11
8
7
402
914
4
3
6
4
4
15
1240
63
8
12
7
14
7
364
942
7
8
3
3
4
9
1208
88
10
9
9
9
13
322
969
4
5
4
3
0
7
1187
109
9
8
10
12
9
293
1007
4
6
8
9
6
7
1151
157
5
7
11
9
9
270
1042
5
0
5
6
3
2
1119
177
9
10
8
8
6
217
1090
2
1
0
7
9
8
1092
217
4
3
8
8
5
175
1138
4
6
7
6
0
2
1049
262
6
8
5
3
4
143
1171
2
3
3
5
3
2
1003
301
9
9
8
8
11
114
1171
12
3
3
2
4
5
947
347
7
7
4
4
3
91
1130
81
6
4
5
4
6
916
396
10
5
6
8
12
75
1068
171
6
5
2
0
3
874
423
11
8
12
7
8
51
1016
255
2
7
4
4
4
835
476
2
5
8
10
11
35
969
321
5
3
2
0
4
778
545
7
4
7
9
7
26
938
376
6
5
5
5
4
727
586
5
11
9
11
10
11
865
429
3
3
4
0
4
669
626
8
6
7
4
6
10
823
469
4
4
6
4
2
615
687
11
6
12
11
15
7
779
521
2
2
4
1
3
545
754
4
7
9
11
9
8
735
577
8
3
2
5
6
480
837
9
9
5
6
8
5
691
630
2
4
7
0
6
394
933
6
2
8
9
8
5
648
682
4
3
1
3
3
296
1019
9
13
8
10
15
8
583
717
4
3
2
2
4
163
1132
11
7
9
8
6
6
541
757
5
6
7
7
6
80
1215
20
10
11
15
10
7
497
796
1
7
3
0
5
47
1229
22
7
6
9
6
6
453
855
6
5
2
2
4
27
1252
40
7
6
8
8
7
413
904
2
3
3
4
4
17
1255
62
11
7
7
6
4
378
956
6
6
2
4
1
11
1222
81
7
17
12
10
11
334
964
4
2
4
0
4
3
1188
103
5
10
7
5
4
296
1005
2
1
5
3
5
6
1161
148
9
8
12
9
9
263
1036
2
5
4
2
1
3
1124
177
9
3
7
5
9
220
1091
5
5
4
5
4
5
1098
211
8
9
9
6
6
186
1127
3
3
2
0
7
2
1059
266
5
12
5
10
9
155
1179
3
3
3
6
3
7
1014
297
5
10
9
10
11
110
1187
6
6
2
2
4
2
956
344
6
7
4
8
7
97
1140
64
2
5
6
1
5
928
375
5
9
10
11
4
77
1072
157
1
1
0
1
5
886
419
11
8
10
10
9
49
1019
237
4
5
2
5
4
844
468
4
9
10
12
13
32
985
307
4
2
1
2
3
788
527
7
5
7
8
5
24
941
370
6
6
5
6
3
740
566
12
10
7
8
11
11
871
416
5
4
0
3
6
682
616
6
6
4
5
5
11
829
464
4
3
7
4
4
627
679
11
8
11
9
10
11
800
509
2
2
3
5
3
560
740
5
5
6
6
8
9
737
563
3
3
3
3
7
492
810
9
10
8
7
8
7
691
621
2
1
0
1
3
412
903
7
4
7
6
8
6
651
673
3
2
7
7
5
313
991
7
10
8
7
6
10
593
699
3
9
5
5
3
184
1109
8
5
3
4
4
8
551
748
3
5
6
6
4
92
1205
14
7
7
5
8
6
528
783
7
3
0
9
6
57
1249
16
4
7
7
10
9
479
830
2
5
6
2
3
38
1229
44
8
12
6
13
10
414
891
3
1
3
3
4
19
1238
55
8
8
5
7
9
371
940
3
2
3
2
0
11
1219
77
13
8
8
9
10
340
955
5
4
0
2
4
8
1195
102
3
7
7
9
11
309
988
5
3
6
9
4
4
1174
139
11
7
10
8
5
276
1039
6
3
6
6
6
7
1172
167
9
10
5
16
15
250
1063
6
5
3
4
3
3
1102
203
10
9
16
10
15
194
1112
4
5
0
2
3
4
1066
246
10
10
7
6
4
149
1162
5
4
4
3
4
3
1021
284
9
7
8
7
9
124
1166
2
3
1
2
6
4
971
328
6
8
9
11
6
106
1152
49
5
4
3
4
4
931
379
6
5
3
4
6
78
1102
141
5
0
6
6
5
908
422
5
5
10
16
13
57
1042
221
3
4
4
4
3
840
460
10
8
7
7
6
37
982
297
5
5
5
5
2
807
506
12
6
8
7
3
25
943
353
3
3
2
1
3
753
558
13
13
10
4
8
17
880
408
4
0
4
5
5
695
604
7
7
5
4
5
14
835
455
3
2
5
4
2
636
668
9
7
6
6
9
7
809
499
11
8
6
2
9
585
748
5
6
11
17
11
9
758
552
3
5
2
0
6
503
794
11
9
9
13
8
10
701
607
4
0
3
4
2
431
880
9
7
6
2
7
9
656
661
3
4
1
4
5
334
975
9
8
12
10
8
7
607
697
3
5
5
4
5
206
1090
10
9
5
8
10
5
558
738
4
4
2
3
3
105
1197
11
11
9
3
6
8
531
779
6
0
4
4
5
61
1250
23
8
4
11
10
12
484
827
5
4
2
5
6
41
1233
39
10
10
6
11
6
422
886
3
2
5
2
2
19
1235
52
9
9
10
7
5
383
931
5
1
4
3
3
14
1224
71
8
5
4
8
5
342
961
2
0
2
3
4
9
1194
99
7
12
11
10
7
309
984
3
2
5
3
3
6
1170
121
5
11
8
13
11
278
1024
5
4
5
6
8
5
1151
162
6
11
13
14
9
254
1058
3
3
2
3
6
3
1098
201
6
11
4
8
11
201
1108
4
0
4
2
4
5
1080
239
7
6
7
11
8
159
1156
1
3
5
5
4
3
1028
284
8
5
3
4
3
125
1183
4
3
4
3
4
1
987
319
10
4
12
11
9
101
1163
34
3
3
1
1
3
931
364
4
3
10
6
10
82
1098
127
0
7
7
7
4
899
411
10
6
9
8
12
70
1038
207
3
8
6
4
5
847
453
11
8
7
10
7
39
992
285
3
6
4
2
2
818
501
8
6
7
7
4
25
951
347
5
4
5
2
5
762
564
6
6
6
9
7
24
915
404
0
6
4
5
5
704
611
7
11
11
11
15
14
847
452
4
5
1
4
3
645
651
10
6
11
5
5
7
801
492
4
3
3
4
7
581
722
5
6
8
15
7
7
755
542
3
5
4
3
4
514
783
10
10
7
10
8
13
709
599
0
2
3
4
2
440
872
4
4
7
8
4
6
662
653
5
5
3
7
6
350
973
8
9
4
5
7
6
625
703
2
2
2
7
4
235
1078
6
11
11
14
16
14
563
736
5
4
7
4
3
113
1171
10
8
6
3
6
9
521
769
0
2
3
4
3
64
1228
17
4
10
9
8
8
483
819
5
2
6
5
5
41
1231
33
8
9
10
6
7
429
877
2
2
2
3
5
21
1245
55
5
8
9
3
9
387
928
3
4
2
5
5
14
1240
75
6
10
16
8
13
356
972
0
3
3
3
5
10
1214
95
8
9
10
12
8
314
983
3
5
2
4
3
8
1170
123
4
4
8
7
4
275
1021
4
1
5
5
4
5
1151
147
5
9
8
11
5
250
1049
2
2
2
1
2
5
1106
192
6
6
7
8
6
207
1101
0
4
3
0
4
4
1080
233
7
5
5
5
6
164
1147
3
2
2
1
3
6
1044
278
5
6
11
8
11
142
1198
5
5
4
4
5
2
1001
313
10
14
11
10
8
106
1174
26
4
4
7
5
5
945
352
8
4
4
7
6
88
1109
0
4
3
2
6
3
900
406
5
8
12
17
9
64
1046
193
3
6
6
5
5
861
441
9
7
10
7
10
39
993
270
2
4
3
4
3
818
485
13
9
10
10
9
29
953
336
2
6
5
3
4
766
548
4
4
3
6
6
18
923
0
5
7
8
9
4
709
601
10
10
13
13
6
10
851
442
7
6
6
3
7
656
635
7
4
4
4
7
15
808
481
4
5
6
5
5
593
706
7
9
9
11
8
11
773
529
3
3
4
1
2
528
770
7
9
8
6
8
11
712
0
5
6
4
3
3
456
848
12
9
10
5
6
6
663
643
4
4
0
1
1
371
942
9
4
6
8
7
6
630
693
4
4
4
4
5
253
1052
7
14
11
8
9
7
571
725
3
5
2
3
6
128
1162
8
3
5
9
9
8
534
0
5
5
4
5
3
69
1225
15
6
8
6
9
8
507
805
8
9
7
5
3
45
1269
28
9
6
7
19
11
462
853
6
5
2
2
2
26
1236
49
13
10
10
14
9
395
909
6
3
5
6
4
13
1238
68
10
12
10
8
8
364
0
2
3
2
5
2
11
1214
88
9
8
9
14
14
324
971
6
3
2
4
3
7
1182
111
6
6
8
6
8
285
1009
2
5
6
6
3
4
1155
153
7
4
4
4
6
265
1050
8
6
5
8
7
7
1137
185
8
7
8
10
10
225
0
6
4
5
7
4
3
1081
219
10
9
11
9
8
176
1133
2
4
3
3
5
3
1042
268
9
10
11
8
6
134
1177
4
3
2
4
4
3
998
304
10
7
7
5
11
115
1171
15
3
6
5
4
5
946
351
5
9
6
7
10
91
0
90
9
8
2
5
3
913
396
6
8
7
4
8
67
1083
174
8
6
6
6
8
892
440
8
11
11
20
10
54
1018
250
4
3
3
4
4
821
482
8
11
10
11
11
29
962
323
4
2
2
4
5
776
532
11
14
9
8
3
21
0
378
1
4
5
6
6
721
582
12
6
7
9
8
6
856
435
5
4
4
4
4
669
631
5
9
6
5
6
9
820
474
3
0
2
5
5
612
694
9
7
5
6
8
6
788
522
7
2
5
4
5
549
779
8
6
5
11
9
8
0
570
3
4
5
5
4
465
834
11
14
13
19
10
6
676
631
3
2
1
1
1
387
924
10
8
8
7
9
7
630
683
2
0
3
3
2
280
1025
11
10
10
11
13
11
584
721
6
4
3
5
3
150
1145
12
12
9
8
7
4
0
757
2
3
5
4
4
79
1211
14
9
12
10
7
8
509
794
9
6
11
6
5
50
1248
26
9
7
16
8
11
462
847
2
4
5
3
3
30
1233
46
9
10
7
7
8
399
906
5
2
2
0
3
13
1239
63
10
8
6
5
8
0
953
6
4
4
3
2
9
1219
84
8
7
4
8
8
325
977
2
1
5
7
4
8
1185
110
13
14
9
6
13
286
1007
5
1
2
1
3
5
1161
145
6
9
7
5
4
268
1039
9
8
7
7
6
6
1131
180
4
5
9
10
10
0
1081
5
4
3
3
4
5
1085
218
6
6
6
12
9
183
1138
6
3
3
5
2
1
1061
266
14
8
10
10
10
145
1183
2
3
3
4
6
5
1020
319
10
8
6
8
10
118
1214
11
8
6
2
4
1
975
348
12
11
8
10
15
0
1143
73
5
4
5
2
3
919
381
12
13
11
10
7
68
1070
164
5
4
4
5
6
878
431
6
5
9
6
11
47
1019
243
6
3
5
6
2
836
474
5
8
5
10
6
36
983
313
3
3
3
5
5
795
539
10
7
7
5
10
0
942
377
4
2
5
3
1
750
601
5
5
8
10
7
15
915
431
6
5
4
5
3
685
647
5
11
7
14
6
16
836
479
4
2
3
2
3
623
684
10
10
5
8
5
7
782
521
3
2
3
2
2
556
750
8
9
13
7
6
0
732
570
4
5
7
4
6
484
828
9
12
9
8
13
11
700
626
5
5
1
2
3
407
926
8
3
10
9
6
8
659
684
2
3
3
5
2
310
1040
7
7
8
8
7
7
627
736
4
3
4
4
3
175
1157
14
10
12
8
10
0
550
767
5
4
5
6
5
86
1212
12
11
12
10
13
10
503
797
2
5
3
2
5
50
1236
21
10
10
10
5
12
460
841
3
0
4
2
4
35
1245
43
9
9
10
7
10
419
911
4
2
5
4
1
21
1262
60
10
6
9
7
0
379
961
1
5
5
5
3
11
1254
91
7
6
6
7
10
349
1004
6
4
2
4
4
8
1214
110
9
13
10
4
11
295
1020
3
3
6
3
4
6
1170
136
12
9
11
12
6
259
1042
3
2
3
2
5
5
1136
172
10
13
11
9
0
229
1077
3
3
2
4
2
4
1101
219
6
7
7
5
8
185
1140
4
3
4
6
5
4
1082
254
5
7
8
6
9
151
1192
3
4
2
3
6
5
1044
304
3
8
4
7
6
126
1232
4
5
6
4
3
4
990
345
10
10
9
4
0
97
1168
62
5
5
5
5
5
927
383
8
10
9
7
9
77
1077
157
6
4
4
6
7
881
421
12
7
8
9
6
52
1027
232
1
3
2
3
5
844
466
8
4
6
6
8
34
986
305
6
1
2
4
4
812
518
4
10
9
7
0
24
948
365
2
3
5
5
4
757
585
11
2
8
4
3
18
919
427
1
4
4
5
4
699
640
7
13
11
8
5
11
849
470
4
3
6
7
4
638
664
14
7
14
12
12
9
791
514
3
1
2
3
3
569
733
8
3
7
9
0
11
751
557
3
4
3
5
6
498
804
7
11
6
4
9
9
695
613
1
4
2
7
5
419
903
5
8
8
8
6
9
664
674
4
5
5
3
4
327
1012
7
6
5
7
5
2
621
730
5
2
3
2
5
202
1131
12
9
11
6
0
8
555
760
1
3
0
4
4
97
1204
13
6
18
9
10
12
502
792
1
4
4
3
5
57
1233
16
9
5
11
6
5
475
831
7
6
6
6
7
37
1243
35
7
10
10
11
11
433
875
4
5
4
4
4
25
1235
55
9
3
9
0
10
375
939
7
4
8
6
5
14
1241
78
5
10
9
6
6
348
988
3
3
4
7
5
7
1217
102
4
14
8
7
11
300
1010
4
1
2
4
2
5
1176
129
8
11
10
5
8
274
1028
4
3
2
4
3
3
1138
163
5
8
4
0
7
235
1068
5
7
6
7
6
3
1117
203
7
9
9
17
7
212
1108
4
6
6
1
4
1
1066
240
9
5
7
8
8
156
1163
5
2
6
5
5
8
1044
288
7
5
5
11
5
131
1210
2
3
6
6
7
5
1002
331
11
6
6
0
7
100
1175
42
5
3
2
3
1
935
369
10
14
14
7
13
81
1091
139
6
4
7
6
3
892
420
6
5
5
5
5
60
1037
211
7
4
9
7
6
853
457
6
7
9
11
7
46
982
288
1
3
4
3
0
810
496
8
12
8
0
12
28
947
355
4
5
2
2
4
760
569
7
8
6
11
9
20
911
415
7
4
3
3
2
707
614
10
9
7
10
11
11
852
460
4
2
3
2
3
649
652
8
9
6
13
8
14
798
504
4
2
4
4
4
581
723
7
7
9
0
5
9
764
545
4
4
4
4
2
511
798
7
9
7
12
12
7
712
600
6
4
5
4
3
437
869
9
11
1
5
3
7
661
659
5
3
4
1
4
343
990
6
6
7
6
5
8
624
716
3
2
4
3
3
226
1104
6
3
5
0
8
9
567
753
5
4
4
5
5
106
1198
11
8
8
9
7
10
513
784
3
1
6
10
8
60
1228
17
8
5
9
6
5
483
820
5
5
2
5
4
42
1244
30
8
10
13
7
6
437
873
4
5
3
2
4
25
1233
52
12
5
0
7
5
391
927
7
3
2
4
4
15
1251
69
5
8
7
11
9
353
985
4
4
4
1
4
8
1218
103
7
7
11
7
10
310
1006
2
3
3
3
3
4
1183
125
10
9
6
7
5
274
1030
5
5
4
3
3
7
1146
153
8
8
0
8
8
242
1056
3
3
6
8
5
7
1111
200
10
8
11
7
8
210
1100
3
3
4
4
4
4
1076
238
8
10
10
14
8
163
1156
6
1
3
4
5
1
1055
278
7
4
5
7
10
127
1206
2
4
2
3
2
3
1013
331
8
4
0
6
6
110
1207
30
4
4
3
3
3
956
372
11
7
13
9
11
82
1114
126
8
3
2
2
3
908
390
10
15
17
7
8
64
1041
204
3
5
5
3
2
861
442
6
5
3
11
8
49
989
277
6
5
7
3
3
821
490
6
9
0
12
11
30
960
342
5
7
4
3
2
776
560
6
3
9
6
10
18
923
404
5
5
1
2
4
717
632
5
10
8
8
5
14
890
460
3
3
4
2
3
661
670
9
11
10
15
6
14
816
498
4
5
5
3
5
598
704
14
6
0
9
10
14
755
546
3
5
4
2
3
523
779
8
3
10
10
6
6
714
590
4
1
6
5
3
454
860
10
4
8
8
10
7
677
649
1
2
2
5
5
360
972
8
8
7
12
7
6
635
706
4
5
3
2
4
250
1104
10
6
0
5
3
5
603
761
3
3
2
4
6
118
1214
9
9
12
6
10
7
528
793
5
5
8
6
4
64
1223
17
12
8
10
8
9
483
821
2
1
5
3
2
40
1242
27
9
12
10
6
15
431
870
4
2
5
4
3
29
1241
52
10
0
13
9
8
401
926
3
4
0
3
5
13
1255
70
6
4
10
6
7
363
977
5
5
3
5
3
9
1241
100
10
11
7
6
8
330
1020
3
4
4
5
5
8
1205
124
12
8
11
10
9
275
1042
3
3
7
4
5
4
1151
151
7
0
11
13
15
245
1052
1
0
2
3
3
4
1112
190
9
3
11
6
8
208
1093
5
4
3
4
4
4
1078
233
9
12
9
8
7
173
1149
1
1
3
1
3
4
1058
275
13
10
6
4
5
138
1201
6
5
4
5
3
7
1020
329
7
0
5
7
9
114
1228
19
4
4
4
3
0
972
364
12
10
11
9
10
80
1141
104
3
6
5
3
6
915
394
9
11
12
9
7
65
1051
189
5
3
2
4
2
871
433
7
4
10
11
9
42
1002
263
4
6
5
4
5
821
489
3
0
4
3
8
31
967
330
3
3
3
4
2
782
550
7
8
5
4
11
21
924
397
4
2
6
4
7
728
612
6
4
5
9
7
13
894
449
2
2
3
7
3
671
658
11
11
10
7
10
8
833
491
5
8
2
4
7
607
699
14
0
9
10
14
13
768
532
2
2
3
2
2
535
767
12
10
7
6
5
11
736
581
3
3
5
2
4
464
848
9
11
12
8
10
7
675
630
5
4
6
4
4
379
944
7
9
10
8
5
5
639
695
3
3
2
3
6
268
1064
8
0
6
5
6
4
601
743
2
3
3
3
3
142
1191
14
10
8
8
8
10
536
782
4
4
6
5
6
70
1217
16
12
11
9
11
5
495
804
0
1
5
3
3
46
1245
22
10
8
9
6
8
453
854
3
3
3
5
4
34
1243
41
0
13
12
10
8
419
895
5
2
4
3
4
13
1233
67
6
5
8
7
11
360
960
4
3
4
2
3
12
1233
89
10
9
12
10
10
329
1005
2
1
4
4
0
5
1202
118
13
10
10
10
12
290
1024
3
5
3
3
4
3
1159
146
0
6
7
7
3
254
1048
3
2
2
2
0
5
1126
181
5
10
8
6
5
224
1085
5
5
9
5
4
3
1096
225
6
4
5
14
7
194
1118
6
3
2
3
3
1
1045
261
6
5
8
9
8
147
1178
4
5
5
1
5
6
1019
314
0
8
8
7
9
115
1217
13
2
1
1
2
4
978
353
11
7
6
9
7
93
1144
84
3
4
5
5
5
916
393
11
14
12
5
5
68
1063
177
4
5
2
3
2
880
435
5
7
7
7
6
49
1019
246
3
9
9
6
5
830
481
0
8
9
13
6
34
967
314
5
2
2
3
5
786
520
4
9
3
7
8
23
925
379
4
5
3
4
0
741
587
6
10
10
11
10
11
891
444
5
4
2
5
6
682
645
11
6
9
10
10
9
831
484
4
2
2
4
6
615
686
0
11
5
14
13
11
779
523
2
5
4
2
3
548
755
10
6
8
8
6
7
743
568
2
3
3
5
6
473
835
12
11
8
13
5
10
696
616
2
2
4
2
3
393
915
7
8
5
11
7
11
639
682
4
2
2
0
2
293
1030
0
11
9
5
10
11
600
735
4
4
2
5
5
161
1165
8
7
7
7
10
9
542
778
3
4
4
3
3
81
1223
15
7
8
6
6
5
497
804
3
5
4
3
0
48
1234
22
9
9
10
5
8
452
846
3
4
5
7
7
33
1237
0
10
11
12
7
13
424
885
3
3
1
0
4
21
1235
65
5
5
11
5
9
366
954
2
4
5
2
3
12
1243
82
10
8
8
8
9
338
998
1
4
6
7
3
6
1211
114
5
8
8
9
7
293
1025
5
5
1
2
4
7
1171
0
7
8
10
6
12
253
1046
6
3
5
4
4
3
1119
172
10
11
8
9
8
225
1076
4
1
3
2
5
3
1094
216
7
10
10
9
10
188
1119
5
3
2
2
5
5
1060
253
9
14
11
10
11
151
1175
4
4
1
3
0
3
1025
0
7
9
8
8
10
116
1219
10
4
3
1
6
7
994
357
9
6
8
8
4
91
1183
73
5
5
0
3
5
943
384
11
14
6
11
12
70
1082
162
5
4
2
4
5
880
419
10
9
9
5
8
54
1017
235
5
6
5
2
2
836
0
4
10
8
11
11
43
967
301
4
8
4
2
3
789
517
3
12
10
9
8
21
932
368
5
5
4
3
2
752
583
10
9
6
6
3
14
897
429
3
2
3
3
4
698
654
6
6
10
8
10
9
874
489
5
3
2
5
6
632
0
9
9
7
11
8
11
789
524
3
2
5
5
1
564
739
10
12
11
9
9
9
734
567
3
2
3
3
4
491
812
10
7
9
10
9
11
696
613
4
4
6
3
2
414
899
7
11
9
8
7
2
651
675
3
4
4
4
5
317
0
6
6
6
6
5
2
610
730
3
2
3
3
1
189
1163
10
5
9
5
6
3
578
784
2
2
3
4
3
86
1241
18
10
10
11
10
13
511
807
5
5
4
6
2
51
1232
25
14
14
6
8
8
464
839
5
4
3
2
4
39
0
37
5
9
15
10
14
417
884
6
4
4
4
5
22
1242
59
12
10
6
10
3
378
949
7
10
5
5
4
13
1245
81
4
6
8
8
8
344
997
5
3
5
6
6
9
1235
116
7
3
6
7
5
317
1042
2
3
3
3
6
6
0
136
14
11
12
8
9
263
1058
4
4
3
3
4
2
1142
165
7
8
11
9
7
238
1069
4
8
6
6
7
5
1097
210
7
9
12
8
10
193
1112
3
0
3
1
4
3
1066
245
5
7
8
9
8
152
1167
4
4
4
3
3
7
0
297
9
10
8
9
5
123
1215
2
4
5
5
8
5
1009
345
7
6
8
9
6
103
1207
56
2
2
4
7
6
956
382
9
10
7
8
7
72
1100
151
3
6
4
5
2
897
408
8
9
10
11
15
54
1026
222
3
5
5
5
5
0
459
11
13
10
8
10
39
976
290
2
2
3
3
4
798
503
5
5
8
5
13
26
943
360
5
4
6
5
7
755
564
6
9
13
8
10
19
900
417
2
3
4
2
3
695
633
5
10
9
8
6
14
864
469
4
3
1
3
2
0
677
8
8
10
17
4
9
796
507
3
3
4
5
5
569
726
6
6
7
5
3
9
740
556
2
7
9
7
4
500
805
10
10
8
10
9
6
705
600
5
4
2
3
1
425
873
7
6
5
8
11
6
645
653
3
2
3
3
5
0
981
7
4
5
6
8
4
604
707
6
2
5
5
5
207
1107
9
4
6
9
8
2
566
758
4
1
3
4
3
98
1208
14
9
11
8
6
6
510
790
3
5
5
3
3
61
1225
15
7
5
3
8
9
473
820
5
4
5
8
4
0
1234
40
12
11
13
10
5
443
863
8
7
2
4
2
22
1251
48
7
7
6
15
10
403
905
5
6
4
5
6
10
1227
75
9
5
7
12
9
350
953
7
4
2
1
3
11
1204
108
8
6
9
6
7
303
1011
4
5
4
4
7
0
1177
128
8
5
7
9
8
266
1027
7
3
6
2
5
4
1133
159
3
2
6
10
7
243
1059
4
9
8
4
4
5
1106
203
11
8
6
9
9
213
1104
3
3
4
4
4
4
1090
241
8
8
14
19
11
180
1128
5
4
6
3
4
0
1021
279
13
11
7
9
9
130
1179
3
1
3
5
8
5
990
323
14
11
6
9
9
101
1183
37
3
4
5
6
8
938
368
6
11
13
13
9
76
1095
132
5
5
4
5
4
891
406
7
10
9
9
6
56
1038
203
4
5
4
5
0
850
455
10
7
6
6
5
45
992
277
4
3
5
4
3
826
503
12
9
15
26
11
33
947
335
2
3
4
5
5
754
543
7
11
6
10
9
22
890
406
7
6
2
4
5
709
607
8
7
8
7
8
15
862
456
4
5
3
5
0
648
660
13
8
7
7
8
8
800
500
3
3
1
2
3
584
711
6
6
0
6
9
8
751
540
8
2
3
6
4
512
792
9
11
6
7
6
6
720
587
7
5
4
8
6
435
885
10
9
8
19
16
9
662
636
9
3
6
6
0
343
957
14
8
17
9
7
8
615
692
1
3
3
0
3
230
1076
9
7
6
2
7
9
562
750
8
3
6
6
3
111
1187
13
6
8
12
10
9
510
787
4
3
4
2
3
60
1224
20
14
9
6
11
9
484
811
4
4
5
7
0
39
1231
31
4
8
13
11
8
445
856
4
7
6
6
5
28
1245
49
9
10
15
5
8
408
900
6
6
7
5
5
17
1224
73
8
8
12
9
5
353
953
4
6
2
1
3
6
1207
94
7
9
8
7
8
316
999
3
3
4
4
0
6
1180
126
8
11
8
7
12
273
1032
3
4
2
4
4
8
1139
158
11
11
12
13
9
240
1056
2
2
7
2
6
7
1106
195
7
6
10
12
4
208
1089
4
4
3
6
3
6
1078
231
3
7
7
11
13
184
1121
6
4
6
8
0
5
1029
272
12
12
12
13
8
132
1176
3
3
4
3
5
4
1000
314
7
7
9
7
5
103
1195
25
2
4
5
3
1
958
366
5
4
5
3
7
80
1128
119
0
5
4
2
4
907
407
11
9
9
8
7
66
1039
201
2
6
4
0
3
855
438
12
8
11
7
7
47
991
264
2
4
6
6
5
805
498
7
8
14
17
7
32
942
327
6
6
2
2
2
764
536
9
5
7
5
10
21
899
394
5
3
2
1
3
717
603
4
11
12
9
6
13
865
454
4
4
6
0
3
663
665
6
6
9
6
6
9
837
499
2
4
4
4
3
596
720
9
12
12
9
10
9
759
544
4
5
3
2
2
525
768
8
5
6
9
11
10
716
578
4
7
9
7
2
449
851
9
7
10
7
9
11
665
632
5
5
2
0
1
363
934
6
4
8
11
7
7
625
687
4
3
6
4
6
250
1061
9
5
4
7
5
8
579
740
4
3
2
4
5
125
1194
13
6
9
8
7
7
539
793
1
2
2
3
4
67
1237
15
8
16
17
8
6
479
816
1
3
6
0
6
44
1231
25
7
9
10
7
6
441
849
7
4
3
5
4
28
1237
47
9
13
15
7
10
402
892
7
6
6
5
4
16
1229
69
10
12
10
12
11
360
949
2
2
2
1
5
10
1217
92
6
7
6
5
4
323
996
9
6
3
0
6
6
1203
120
6
4
7
6
6
293
1039
4
2
4
2
1
6
1163
154
11
13
12
12
8
242
1059
4
4
6
6
2
4
1108
185
12
8
3
5
9
216
1074
5
3
3
1
7
5
1074
225
12
12
10
11
7
182
1119
10
4
5
0
6
4
1039
260
7
6
8
9
5
139
1172
4
5
6
5
4
5
1002
315
9
5
5
5
8
114
1199
15
3
3
6
5
4
966
360
4
8
6
6
9
85
1156
101
3
4
5
4
4
924
395
7
10
9
8
8
64
1054
186
3
1
0
3
5
864
432
7
12
11
5
4
44
997
251
4
9
6
2
4
815
486
14
13
8
11
8
34
957
318
3
4
6
8
3
774
524
8
9
6
11
8
25
906
380
3
2
3
4
3
723
582
6
2
5
11
8
11
875
437
5
5
0
8
2
667
651
5
6
2
3
5
11
834
492
6
3
5
3
3
608
705
8
7
6
8
9
8
770
527
6
4
4
4
7
539
753
7
5
9
7
7
8
722
570
4
3
5
5
8
460
839
6
12
10
13
9
10
682
617
4
7
0
5
5
377
918
8
7
3
6
11
10
632
667
4
0
3
4
5
277
1027
8
6
5
7
5
6
584
726
3
3
6
2
3
148
1168
13
4
7
6
5
3
540
783
7
4
7
5
5
74
1226
20
10
12
4
5
7
490
808
4
7
0
7
5
48
1229
27
8
7
8
5
8
449
844
4
2
3
6
5
32
1238
42
10
5
11
8
9
426
882
5
2
3
4
6
21
1246
56
6
7
7
16
9
390
913
6
5
5
5
2
8
1207
84
11
10
11
11
7
318
983
4
3
0
2
2
7
1191
112
10
5
8
6
3
286
1025
2
6
2
4
3
4
1161
143
5
8
11
9
10
247
1044
2
4
4
5
2
5
1114
178
6
10
9
11
8
225
1073
8
7
3
2
4
5
1088
215
10
10
4
7
5
192
1122
2
3
0
2
4
2
1065
260
7
3
7
19
10
164
1151
3
6
7
7
2
3
1002
299
13
10
10
9
8
118
1185
10
3
4
5
4
3
970
348
5
6
7
6
4
86
1152
79
3
6
3
2
5
923
385
8
11
13
4
14
74
1059
167
5
0
6
6
3
872
418
7
8
12
11
8
50
1009
238
4
4
7
5
5
826
475
4
8
9
9
8
37
973
301
3
6
4
1
3
799
532
11
8
6
19
16
32
925
362
3
3
4
4
7
729
566
8
10
17
10
9
8
871
429
6
0
2
5
6
676
634
7
7
8
6
6
7
837
480
5
2
4
6
4
622
684
9
9
8
8
6
7
775
522
4
4
2
6
4
549
746
9
9
10
7
7
7
735
561
2
5
3
7
5
473
829
10
11
9
10
11
11
706
604
3
0
2
2
1
402
921
9
8
9
16
12
11
649
653
5
4
1
3
4
289
1010
9
7
10
9
8
6
585
716
5
7
5
3
2
171
1137
8
5
4
8
7
8
546
773
3
3
4
5
7
76
1218
18
6
9
9
8
8
496
805
6
0
3
6
4
48
1226
23
11
9
10
8
4
450
839
5
4
3
6
5
34
1231
36
10
11
11
15
10
427
873
5
2
3
6
7
21
1233
57
8
2
16
9
10
387
911
6
5
3
4
4
7
1216
83
9
12
9
6
7
327
977
3
0
4
2
4
9
1198
112
1
8
7
6
5
300
1013
5
4
4
2
3
5
1166
135
7
9
7
8
10
250
1055
6
4
1
4
8
7
1131
168
5
10
9
14
15
231
1062
5
5
2
4
3
7
1091
206
7
10
7
7
8
202
1099
2
0
8
1
1
2
1056
254
8
8
8
10
5
173
1138
5
0
3
7
5
6
1012
287
13
6
4
5
6
129
1182
5
3
6
5
4
4
977
335
7
7
4
6
4
91
1167
63
4
2
4
4
4
934
384
7
6
4
3
4
66
1093
166
0
2
3
3
1
892
421
9
9
7
10
9
53
1016
230
3
4
1
3
3
829
458
10
9
7
8
6
37
967
290
2
6
2
0
2
787
516
10
5
10
8
13
27
928
355
3
1
2
4
4
737
559
4
4
4
4
4
12
889
417
0
5
7
3
5
688
625
9
9
5
5
5
12
845
471
2
2
2
4
5
627
698
5
5
7
2
6
5
811
520
5
6
5
6
6
571
742
6
6
12
9
13
9
733
562
5
3
2
5
3
486
802
8
7
9
9
10
7
697
595
0
4
6
5
2
410
891
9
6
11
8
13
9
650
651
4
6
4
4
5
310
984
10
9
5
7
10
3
600
705
2
4
3
2
2
191
1124
8
7
6
4
4
6
555
767
5
4
6
5
6
88
1233
14
4
4
3
4
4
512
820
0
3
3
4
5
54
1247
24
7
7
7
10
10
461
835
1
0
2
4
6
35
1226
36
6
3
10
8
9
425
865
4
2
4
4
3
19
1230
54
8
7
10
12
8
382
909
6
5
4
3
1
8
1215
73
3
4
6
10
2
340
969
0
4
4
5
5
7
1210
105
2
9
6
3
8
301
1017
3
2
2
2
5
6
1189
132
6
6
1
5
5
266
1064
3
5
5
4
2
4
1145
166
4
11
8
8
6
227
1067
7
3
2
4
3
5
1093
199
7
8
6
8
4
198
1095
0
2
3
2
1
3
1055
249
8
7
6
16
7
167
1128
2
5
3
3
4
1
1019
285
6
7
7
8
7
129
1178
7
7
4
3
3
2
981
334
6
6
4
6
6
94
1183
43
6
4
2
3
4
939
383
3
2
5
3
4
74
1107
0
5
7
4
4
4
894
420
8
5
9
8
11
55
1028
217
4
5
4
3
4
843
452
10
5
11
5
5
47
969
285
5
3
6
4
2
794
508
10
10
9
9
6
27
933
344
2
4
5
2
2
747
547
3
4
6
5
9
20
884
0
2
3
4
3
2
696
609
8
6
5
6
7
6
849
459
3
5
5
5
7
639
671
2
0
3
3
3
7
813
509
6
6
3
2
4
577
732
10
8
12
8
9
8
741
553
5
5
5
5
7
500
794
6
7
7
10
10
8
701
0
3
4
5
3
2
427
877
3
3
4
7
8
5
658
647
6
4
2
4
6
336
956
9
6
8
7
8
6
604
694
4
4
2
2
4
214
1089
6
3
2
7
6
5
558
752
3
1
3
2
4
101
1209
11
6
5
4
4
5
519
0
6
4
4
6
2
50
1239
21
4
9
8
9
6
469
821
3
3
4
5
2
34
1228
33
5
7
9
6
11
434
862
6
2
4
4
5
23
1231
52
11
8
10
6
3
402
899
3
4
6
6
3
12
1251
74
11
8
7
16
17
368
0
2
4
5
3
3
2
1195
93
13
9
14
13
5
306
994
3
3
6
3
3
6
1180
129
7
8
5
4
4
262
1046
5
3
5
2
5
3
1146
157
5
9
9
7
8
235
1060
5
5
3
3
6
3
1103
194
2
6
9
8
8
210
0
4
2
5
2
5
7
1068
236
8
8
5
4
6
179
1130
2
2
1
4
3
3
1051
280
13
15
8
16
6
147
1170
3
6
3
3
3
2
982
318
9
16
8
11
8
98
1175
32
5
4
4
3
7
942
364
5
8
7
11
4
74
0
131
3
2
4
2
4
896
404
8
8
9
7
12
57
1033
204
3
4
6
2
4
848
443
11
10
8
6
7
45
983
272
2
6
7
3
4
806
497
7
10
3
6
4
30
948
327
1
2
2
3
3
770
553
4
10
6
19
9
25
0
393
5
5
4
4
5
705
591
9
8
9
13
8
11
857
443
3
5
3
3
3
651
657
4
8
8
7
6
6
806
505
5
5
6
5
2
589
715
9
9
3
7
5
7
756
544
2
5
2
2
3
518
777
13
6
4
5
8
7
0
582
3
4
6
5
5
438
859
6
6
6
7
4
7
675
629
1
3
4
3
2
354
968
6
7
5
9
9
12
625
678
1
1
2
5
6
235
1064
5
9
8
11
6
3
564
739
4
5
5
3
3
118
1186
12
11
6
8
6
7
0
794
4
3
5
4
1
61
1232
18
5
6
5
5
5
475
825
3
2
4
2
1
39
1227
33
11
7
9
6
7
433
860
5
5
6
3
3
25
1228
48
9
9
7
6
7
412
891
3
2
2
0
2
14
1230
67
3
8
12
8
11
0
942
1
4
4
2
2
7
1203
94
9
8
9
2
4
312
994
6
2
3
3
1
7
1187
124
6
9
5
11
10
265
1044
3
5
5
4
2
4
1158
154
8
4
7
7
5
240
1068
6
3
5
2
7
3
1113
185
5
4
13
11
14
0
1087
3
0
0
4
4
5
1074
223
6
7
7
5
7
180
1118
3
5
3
4
4
2
1037
267
5
5
7
10
7
149
1161
5
6
6
3
5
5
1002
305
5
6
6
7
11
109
1192
22
3
4
2
2
3
974
360
7
9
6
8
9
0
1151
116
2
5
4
3
4
925
415
8
5
9
8
8
64
1080
205
3
5
3
3
3
877
451
7
16
7
7
10
49
1001
271
2
2
1
5
3
817
479
13
8
7
10
7
32
948
326
3
6
8
7
5
771
530
7
5
7
9
5
0
896
391
4
4
3
2
3
721
588
7
3
7
7
11
15
868
446
5
6
3
2
5
670
662
10
14
5
5
7
11
843
499
4
4
1
2
2
607
740
7
5
6
8
7
9
805
559
4
4
5
4
4
544
788
10
10
13
12
8
0
724
594
0
2
3
1
1
460
843
8
10
7
7
10
4
668
626
4
2
5
5
6
369
923
7
8
11
8
7
5
626
672
5
4
3
1
3
262
1045
10
7
7
8
4
14
578
740
4
3
4
2
1
137
1196
9
10
7
8
8
0
536
800
0
3
3
4
4
66
1280
23
10
11
12
13
11
508
852
3
5
5
3
3
43
1270
27
8
11
10
11
11
449
875
6
6
4
1
2
33
1235
41
13
13
5
8
6
404
891
4
6
4
3
4
19
1228
63
9
12
9
12
0
362
936
5
6
8
5
1
9
1221
90
9
7
7
7
6
321
998
2
4
5
6
6
1
1212
117
6
9
9
13
7
286
1053
4
5
3
2
1
4
1192
161
6
6
5
6
6
248
1104
3
2
4
3
2
2
1148
184
11
13
12
8
0
214
1102
0
1
4
3
6
6
1084
217
9
6
10
9
10
182
1117
6
4
8
8
1
7
1034
262
8
4
10
6
7
152
1156
4
7
8
7
1
2
1008
303
4
2
8
7
7
111
1200
11
5
1
2
3
2
978
350
6
10
9
6
0
82
1161
97
5
1
4
3
4
939
406
8
13
6
4
9
61
1102
197
1
2
2
3
5
888
448
8
9
14
11
8
45
1015
259
2
4
3
7
4
828
475
11
6
9
8
6
40
952
316
4
6
6
7
4
781
522
11
9
8
8
0
26
911
374
4
5
3
5
6
731
575
12
4
9
7
9
13
867
437
2
4
2
1
2
681
646
7
7
5
7
7
11
846
491
5
4
1
4
5
616
720
8
8
11
9
6
4
808
543
3
4
3
1
1
552
774
15
18
13
13
0
7
730
576
2
2
3
2
4
475
826
7
10
5
11
8
7
677
625
4
4
3
5
6
387
910
8
13
9
8
8
10
639
664
8
4
8
3
2
285
1019
5
6
7
4
16
12
582
723
4
3
5
3
3
155
1157
13
7
10
8
0
7
542
783
1
3
6
5
3
75
1250
19
8
7
8
14
10
510
835
2
2
4
4
5
47
1261
28
10
6
6
9
10
450
863
3
5
4
3
8
30
1234
43
8
5
6
9
7
411
884
2
5
5
7
2
18
1227
56
12
5
9
0
6
379
919
4
4
4
2
1
9
1222
80
13
9
4
10
17
338
962
7
6
5
3
2
4
1192
107
10
6
3
8
5
289
1026
5
3
3
3
1
4
1186
149
6
7
6
6
6
257
1079
2
3
3
2
3
3
1152
180
10
8
9
0
12
213
1093
7
4
6
8
7
3
1089
214
5
4
5
5
9
187
1113
6
5
5
8
6
6
1049
254
7
7
4
10
12
159
1148
0
3
4
1
1
1
1010
294
5
6
7
13
8
127
1176
11
6
3
6
8
7
976
337
8
9
6
0
9
90
1166
75
2
4
3
1
0
942
392
10
5
10
14
12
71
1098
174
2
1
4
2
5
893
432
17
7
9
7
7
50
1017
244
5
5
6
7
5
831
470
11
9
5
9
5
36
963
297
5
6
5
4
3
787
513
11
9
11
0
6
24
917
360
1
1
1
2
1
742
563
9
6
11
13
14
22
874
418
6
3
4
6
5
682
616
8
6
9
7
6
12
838
477
5
4
5
3
5
630
695
8
7
12
8
5
11
795
536
3
3
4
3
2
566
755
9
12
15
0
10
6
737
579
3
2
4
3
5
493
808
6
9
9
9
9
9
686
611
5
6
8
6
6
404
891
9
9
5
8
3
4
650
650
1
2
3
1
1
303
998
5
6
9
11
12
6
594
706
2
6
6
4
6
184
1118
8
8
6
0
8
10
547
773
6
5
5
4
6
88
1236
18
6
10
14
8
6
510
830
5
4
0
2
2
48
1263
26
12
6
8
8
13
459
857
6
5
4
6
4
36
1242
33
7
8
8
9
10
413
878
3
5
5
5
4
17
1228
50
6
7
0
13
8
385
914
2
4
5
3
1
5
1220
78
7
8
7
9
8
344
962
4
7
9
5
7
8
1205
101
7
10
6
10
7
297
1022
6
7
6
7
5
6
1192
137
8
7
6
8
11
265
1069
3
3
1
2
2
3
1151
176
5
6
0
6
8
225
1104
3
4
3
1
2
2
1112
203
11
12
14
14
5
189
1114
8
7
5
5
6
6
1057
241
6
5
10
8
8
166
1125
5
3
6
5
3
3
1008
286
5
7
7
12
13
128
1172
3
4
6
6
3
8
975
331
9
8
0
8
10
90
1174
59
5
4
6
2
7
950
381
3
7
7
8
13
71
1110
162
2
2
4
2
6
901
436
5
2
7
5
7
48
1055
244
4
5
5
2
4
853
474
15
14
9
9
11
37
978
301
11
3
6
4
3
793
499
10
9
0
7
6
26
919
354
1
2
3
3
3
740
553
6
4
8
7
11
20
877
408
7
7
5
8
7
690
619
6
8
12
12
8
16
849
469
3
5
3
5
7
644
680
8
6
10
9
11
12
811
522
3
3
3
5
3
581
763
7
6
0
7
10
11
771
577
6
3
2
4
2
509
821
16
15
13
15
13
11
700
615
1
4
6
8
6
416
881
11
11
8
6
6
8
645
646
1
1
1
0
1
328
969
7
10
7
8
12
12
599
702
9
3
1
5
4
199
1106
14
7
0
5
8
13
562
758
7
2
5
6
4
103
1232
15
10
8
8
7
8
518
820
3
4
2
3
4
54
1273
26
5
8
5
9
7
485
870
3
5
5
4
1
35
1270
31
9
6
9
13
10
419
894
4
7
5
4
4
23
1234
48
10
0
13
7
6
383
910
1
4
1
0
0
9
1217
70
8
10
10
6
10
342
955
8
5
5
5
6
7
1211
101
10
5
4
10
11
303
1022
4
4
9
6
5
11
1195
134
4
5
5
8
11
265
1070
4
2
2
1
5
2
1176
178
6
0
8
11
10
237
1122
5
6
4
4
4
2
1134
198
10
12
11
17
10
194
1121
2
3
4
3
4
3
1061
237
11
7
7
9
11
162
1130
3
2
2
2
1
1
1020
280
2
7
12
7
8
135
1167
4
5
5
4
3
5
985
325
7
0
9
9
9
102
1187
39
1
5
3
5
3
951
380
3
3
7
9
14
79
1120
146
3
8
6
3
3
916
424
5
8
6
12
7
53
1076
233
2
2
3
2
6
865
469
12
13
11
10
7
38
994
285
4
3
3
2
6
801
497
13
0
16
15
12
33
927
342
3
2
3
3
2
757
542
9
13
4
6
7
24
884
401
4
4
4
4
3
707
597
11
17
15
9
7
19
849
457
5
5
4
5
2
655
670
3
5
8
5
5
11
819
512
4
5
6
4
7
593
742
6
0
8
11
9
6
785
567
5
2
4
3
2
522
807
9
10
7
7
7
9
714
601
6
8
6
4
6
434
864
13
6
8
11
8
7
659
637
0
0
2
1
1
345
950
5
7
12
9
4
11
605
689
2
3
4
4
6
227
1068
11
0
10
8
12
13
556
741
5
3
4
5
6
109
1203
16
15
8
10
10
8
527
804
5
4
3
3
2
63
1259
27
5
6
11
7
9
483
854
3
3
3
3
5
41
1258
36
9
13
11
11
6
430
886
8
4
4
7
7
28
1229
42
0
7
8
10
7
394
900
1
0
3
3
2
11
1225
66
4
7
5
4
3
357
941
3
3
2
1
2
5
1212
93
9
4
7
14
10
329
979
3
2
1
1
4
4
1183
117
11
11
10
17
9
271
1043
6
8
7
6
4
4
1169
159
0
7
5
4
3
242
1093
6
2
7
7
6
6
1125
191
5
6
12
9
3
200
1102
4
3
0
2
1
0
1063
233
9
7
10
13
7
174
1122
2
1
3
1
2
2
1035
267
9
7
7
5
7
148
1161
0
2
1
3
3
1
995
309
0
8
8
7
8
113
1173
24
1
3
1
2
2
952
354
8
15
14
12
8
85
1122
126
3
5
4
6
2
922
403
6
4
6
10
7
58
1068
211
3
4
4
2
2
871
452
9
8
13
8
8
48
992
272
4
2
4
3
2
810
488
0
8
9
10
12
36
937
329
2
1
1
2
1
766
534
5
2
4
6
6
25
897
389
0
1
2
0
0
712
591
8
9
7
14
9
10
856
441
1
0
0
0
1
658
641
12
10
5
9
7
8
817
498
6
5
4
4
3
604
724
0
2
9
7
11
9
780
557
5
6
3
2
2
538
788
8
8
8
10
9
9
719
596
4
6
3
5
5
449
852
4
8
8
9
12
10
666
633
1
2
3
2
3
362
930
11
7
6
13
7
8
622
680
2
2
2
1
5
251
1054
0
7
9
7
6
8
574
729
2
1
3
2
1
122
1174
18
11
21
6
6
13
524
785
6
5
4
4
6
66
1240
29
10
9
5
6
2
491
842
5
6
4
2
3
41
1258
34
7
10
11
9
11
440
877
6
3
5
6
4
29
1244
0
9
8
9
10
8
394
901
4
0
2
0
1
14
1227
60
9
14
6
8
5
359
937
2
0
0
2
2
6
1211
85
5
7
11
6
7
324
977
1
1
3
2
2
2
1187
119
9
9
8
8
5
279
1037
5
4
2
6
5
5
1175
0
11
11
11
9
7
245
1091
8
5
5
2
4
4
1140
189
7
8
4
7
5
212
1117
5
1
6
7
5
5
1095
230
9
9
8
7
5
175
1133
6
6
4
5
2
1
1034
261
10
9
10
9
7
145
1154
2
4
2
3
3
1
998
0
6
9
8
7
14
118
1179
16
0
3
3
1
3
959
355
9
9
6
9
11
91
1140
104
3
3
6
4
3
931
396
9
9
5
4
6
58
1082
199
3
7
6
4
5
883
460
7
7
7
11
6
39
1035
272
5
7
5
3
4
835
0
11
13
11
8
8
31
958
322
2
4
2
5
4
774
522
5
8
10
10
12
24
902
376
0
1
2
3
1
723
575
6
8
11
8
13
20
851
430
2
3
2
3
3
664
641
11
5
7
7
11
9
820
494
3
0
3
6
5
611
0
4
7
8
4
8
7
790
548
4
6
6
5
6
554
799
13
5
8
5
8
8
760
604
4
4
4
6
7
469
866
10
8
12
3
4
7
686
636
5
2
2
3
3
380
920
7
10
7
9
10
8
629
669
2
2
2
1
2
269
0
11
7
9
8
10
12
580
722
1
3
3
3
3
141
1164
13
7
8
11
10
7
533
783
4
4
4
5
3
69
1251
18
5
7
7
7
12
505
839
2
2
4
3
2
46
1279
33
12
6
5
5
6
469
891
6
3
6
2
3
31
0
40
8
6
7
9
7
406
911
4
3
2
1
1
13
1233
58
12
12
9
11
9
360
930
0
1
1
0
1
7
1213
81
8
10
9
11
12
328
976
2
3
2
2
3
1
1195
119
14
8
7
12
13
288
1032
5
5
4
3
2
5
0
144
5
10
8
9
5
248
1086
6
2
5
3
5
8
1163
189
7
8
11
8
12
223
1135
1
3
6
4
3
3
1112
221
11
8
11
10
10
181
1136
3
6
1
2
2
4
1049
253
10
9
8
5
12
150
1145
3
4
3
1
2
4
0
295
9
7
12
8
7
120
1175
10
2
2
4
3
1
966
346
7
8
7
2
7
89
1149
87
4
4
4
2
3
933
394
8
8
7
8
9
65
1086
187
4
4
4
4
3
891
447
8
6
10
11
11
45
1047
263
5
6
2
7
5
0
485
19
13
9
17
8
30
965
311
2
2
3
4
2
777
515
8
8
7
8
8
24
907
370
1
4
2
1
5
728
569
9
10
6
12
6
19
863
424
2
3
2
1
1
678
628
11
9
12
16
10
18
824
474
3
4
4
4
7
0
689
12
10
8
13
13
8
783
534
4
2
4
1
4
555
761
15
12
9
8
10
5
747
585
3
6
5
5
9
482
828
12
13
8
12
11
11
680
615
5
2
1
0
1
395
894
6
7
4
7
4
8
636
654
2
3
2
0
5
0
1002
9
8
4
10
8
6
592
707
2
1
3
3
2
172
1121
8
7
6
9
11
9
542
751
2
2
1
1
1
82
1209
22
12
15
9
9
12
495
811
3
4
3
4
4
46
1244
28
14
13
13
11
11
454
863
5
4
5
4
5
0
1242
42
14
10
10
8
11
406
887
2
1
0
0
2
21
1214
55
10
10
4
7
7
373
912
2
5
6
2
4
11
1209
86
9
7
2
10
7
345
954
3
3
3
5
5
9
1217
111
6
8
8
17
12
308
997
0
1
2
3
4
0
1159
138
12
7
10
6
13
256
1048
5
3
1
2
1
2
1141
171
12
10
11
12
12
217
1093
4
7
3
6
5
4
1096
208
13
11
12
9
8
187
1112
2
3
3
1
3
1
1042
248
4
7
10
6
10
159
1135
1
0
1
2
0
0
1006
295
6
4
8
6
7
130
1168
8
4
4
2
5
4
974
334
9
5
4
14
8
109
1144
58
3
3
2
4
2
927
370
8
12
11
11
11
75
1075
159
4
2
5
1
0
883
422
7
9
8
11
7
50
1030
242
7
8
5
3
0
834
472
7
19
14
9
10
36
959
298
1
1
1
2
4
787
509
9
10
4
6
9
28
915
355
2
1
2
3
5
736
559
9
5
7
6
7
16
882
410
2
5
4
3
3
690
613
6
9
9
8
9
11
836
461
2
2
2
2
0
625
670
8
12
7
6
11
11
787
522
2
2
5
4
2
564
741
15
11
6
9
7
14
746
573
5
5
7
4
4
493
804
16
15
12
8
9
8
689
611
3
1
1
4
5
417
879
8
6
5
5
12
5
641
649
2
0
2
4
0
314
980
8
5
3
5
9
8
599
699
1
5
3
4
5
189
1119
5
3
7
10
6
11
556
744
1
2
3
1
4
93
1199
16
8
15
11
12
11
508
804
1
3
3
1
0
53
1236
29
11
11
6
7
9
462
852
3
4
4
4
0
35
1241
35
6
9
8
6
7
413
884
3
4
3
3
2
21
1223
51
13
12
9
12
5
377
910
2
3
3
0
3
13
1214
71
10
4
8
7
6
346
950
3
4
7
4
2
9
1206
95
3
6
9
8
9
313
991
2
2
2
1
0
2
1165
131
11
8
9
9
9
261
1045
0
0
0
1
2
1
1147
162
6
8
16
16
16
225
1089
6
4
4
5
7
2
1110
200
8
7
9
14
11
189
1126
7
2
3
5
3
6
1062
240
10
12
10
7
5
165
1133
2
1
4
0
0
1
1010
280
7
4
2
6
6
131
1159
5
2
3
2
4
0
972
332
7
8
2
7
9
107
1152
47
4
1
3
3
0
934
362
8
15
12
11
11
77
1090
144
2
3
2
0
1
895
423
8
6
7
8
6
59
1035
228
2
5
4
0
4
850
470
9
8
7
6
7
34
995
300
4
2
2
1
4
807
503
15
9
9
14
7
26
917
351
4
1
2
3
1
743
549
6
10
6
5
6
18
876
402
2
2
3
1
2
703
593
7
5
9
14
6
12
828
458
1
2
1
0
4
636
665
9
10
11
14
5
11
802
509
4
2
2
3
2
581
735
11
10
8
7
10
9
755
565
2
2
2
3
6
507
816
10
10
5
12
10
7
721
611
3
5
3
4
2
432
883
11
10
7
13
8
16
652
653
4
3
0
0
4
333
956
7
5
3
4
6
6
601
688
2
4
5
6
0
211
1084
5
5
12
7
7
8
558
738
1
2
3
4
2
108
1190
13
13
9
11
10
10
518
795
3
2
2
3
1
57
1235
24
9
9
11
11
12
481
839
4
0
2
0
5
36
1252
39
9
8
11
8
8
429
895
4
5
2
1
2
21
1239
51
9
13
8
2
11
379
913
1
1
2
1
4
13
1211
67
9
6
7
4
6
350
941
2
1
2
2
1
8
1200
95
6
9
10
9
7
305
990
1
0
1
0
3
3
1173
126
14
12
12
7
8
265
1041
2
2
4
0
0
1
1154
160
9
12
12
9
11
222
1091
3
4
2
4
5
6
1122
201
8
12
8
5
9
193
1131
4
6
7
6
5
5
1076
234
6
12
10
8
11
162
1136
4
2
2
0
3
0
1021
272
7
5
8
8
6
134
1154
3
0
1
1
2
3
981
318
4
7
10
5
7
108
1156
32
5
3
2
1
0
937
362
9
9
7
5
8
84
1097
126
2
4
1
2
3
900
402
8
9
10
12
12
55
1051
216
5
4
0
3
2
855
461
12
9
7
5
12
40
1006
292
6
3
5
5
6
813
495
4
9
12
11
10
32
932
338
1
3
1
2
1
755
534
8
9
7
5
5
21
882
390
6
5
3
3
2
709
591
8
4
7
10
7
16
850
440
4
5
0
2
4
648
638
13
10
10
8
10
17
804
497
1
1
2
3
1
594
715
8
10
9
10
8
9
760
553
2
2
3
3
4
522
795
7
11
6
9
4
9
722
598
5
8
3
7
3
443
860
12
13
4
12
9
7
656
636
3
1
0
2
1
353
935
9
7
6
4
7
8
610
681
2
4
3
4
5
231
1063
9
10
6
9
9
7
576
725
4
7
4
3
7
124
1173
8
5
7
8
8
6
526
770
2
1
2
5
3
67
1222
26
10
8
11
8
9
474
832
3
5
0
1
1
38
1247
33
9
15
8
10
11
433
881
1
6
4
3
3
25
1240
47
9
10
11
7
12
388
905
1
0
1
2
2
18
1210
68
7
4
1
8
5
358
935
4
3
6
9
7
11
1203
85
11
7
4
8
3
327
969
5
5
0
6
3
3
1199
118
7
9
8
12
8
292
1013
6
6
4
7
2
2
1141
157
10
6
12
8
11
236
1069
4
6
2
2
1
2
1123
189
10
9
6
8
12
208
1107
3
3
1
1
1
1
1077
222
9
12
11
8
14
171
1123
1
2
0
2
1
4
1025
266
6
5
6
6
8
140
1152
6
3
3
6
8
6
993
310
6
7
6
5
7
114
1171
24
5
3
2
6
3
960
356
5
5
5
15
10
88
1115
104
2
4
4
3
5
904
397
9
11
6
10
5
61
1054
195
2
0
2
3
3
870
448
10
10
12
10
7
45
1009
273
6
4
4
2
4
819
491
14
11
10
10
11
34
940
329
1
2
3
6
6
767
527
6
7
7
6
7
22
887
382
5
4
3
5
5
716
578
7
5
3
3
7
10
862
428
3
0
4
3
4
666
646
6
7
7
13
8
13
818
485
3
4
3
4
5
604
693
8
12
13
12
9
15
768
544
2
1
3
3
1
539
766
16
13
11
12
10
9
723
589
3
3
1
1
1
454
847
8
12
8
11
17
12
662
630
2
0
1
2
0
372
921
6
13
5
2
6
8
618
674
1
7
5
3
6
260
1037
7
7
3
6
7
6
584
710
4
4
4
3
6
141
1164
11
6
6
8
11
7
540
759
6
4
3
3
4
76
1211
19
10
7
4
10
9
480
822
2
0
0
2
2
42
1238
38
11
11
7
8
8
445
869
2
2
2
2
0
24
1245
42
4
6
9
10
5
394
904
3
2
1
3
2
17
1225
55
12
10
9
12
10
357
930
5
3
8
7
8
9
1206
82
8
8
7
8
7
333
961
5
0
3
3
5
7
1189
111
5
8
12
10
10
293
1006
7
5
6
3
2
4
1158
144
7
9
7
9
16
241
1062
1
1
2
2
2
1
1131
179
9
11
10
11
7
204
1110
1
2
2
1
2
1
1092
216
8
11
10
6
9
177
1134
4
0
3
1
3
1
1045
254
10
8
7
8
10
150
1144
1
2
1
2
4
2
996
295
10
9
7
1
4
116
1164
14
7
6
8
2
5
960
343
8
9
9
5
9
99
1121
85
4
4
5
2
1
912
388
3
9
14
11
10
66
1068
180
0
2
3
3
1
880
436
7
7
8
8
13
45
1024
260
3
3
2
5
3
831
492
8
7
5
5
6
27
972
327
3
4
1
2
3
785
527
7
11
15
10
8
20
903
375
1
2
2
2
4
720
567
10
8
8
7
4
16
858
423
0
2
5
3
5
669
626
10
6
10
10
9
11
811
483
3
4
2
5
2
613
686
15
9
8
9
9
8
770
536
3
2
2
1
4
550
764
9
10
11
6
8
11
737
585
3
2
3
4
2
474
855
8
8
5
4
9
10
697
636
0
4
3
5
6
393
925
18
14
6
13
9
12
628
672
4
4
4
3
5
282
1012
10
12
8
11
12
7
579
709
4
5
8
7
7
160
1132
8
5
13
10
8
12
537
753
6
3
2
0
3
83
1209
22
9
8
11
8
10
495
816
0
4
0
1
2
48
1244
30
5
13
11
4
10
452
865
0
4
2
2
3
27
1258
47
13
7
8
10
9
410
911
4
5
3
6
4
14
1242
58
8
10
6
9
10
367
930
3
2
3
1
2
7
1209
78
9
10
4
5
8
330
961
0
5
2
1
4
7
1191
107
8
10
9
11
8
292
1006
4
4
6
6
5
3
1163
143
5
4
8
12
8
248
1061
3
3
1
4
5
2
1133
182
5
11
13
9
8
213
1104
2
2
2
0
4
4
1109
216
13
8
9
9
6
183
1148
0
4
3
3
4
3
1065
253
10
10
13
12
11
149
1153
3
0
1
2
4
4
1006
290
9
10
7
6
7
119
1165
9
3
5
4
4
2
956
342
7
13
11
10
9
99
1121
73
4
5
5
5
2
924
379
14
10
10
5
9
75
1073
0
5
3
1
1
1
882
429
11
10
10
8
11
56
1028
245
3
2
2
4
2
837
482
9
8
7
7
10
35
982
317
5
2
1
4
3
797
520
13
11
9
10
16
25
910
364
5
1
1
3
2
732
568
9
11
9
8
7
22
859
0
8
5
6
6
5
681
617
3
4
8
8
9
15
824
467
3
5
2
2
3
627
672
6
2
8
12
8
8
780
525
5
4
5
0
3
561
746
9
12
13
13
11
11
743
574
0
1
1
1
2
491
820
11
16
7
4
10
4
696
0
2
2
3
5
4
408
899
9
6
8
13
12
11
636
659
3
4
4
5
9
306
989
12
4
7
9
8
7
591
698
5
4
7
5
4
181
1114
11
9
7
5
7
5
553
742
4
3
4
5
4
90
1203
12
6
6
6
5
10
505
0
5
6
6
4
5
55
1227
24
10
9
12
7
6
451
856
3
5
4
4
4
33
1244
39
9
8
11
7
8
412
901
0
3
4
4
4
18
1234
55
10
13
10
9
9
373
922
5
3
5
6
4
11
1214
70
8
4
5
9
5
338
0
5
7
3
1
7
8
1194
97
5
4
4
8
5
307
992
3
3
2
3
2
5
1173
132
6
6
5
12
8
269
1027
1
4
6
4
1
4
1128
169
3
6
1
10
12
218
1083
4
5
3
5
5
3
1105
205
10
11
11
13
8
185
0
1
1
2
2
4
3
1062
241
11
14
10
12
11
162
1136
6
3
4
3
3
5
1001
284
4
4
6
5
6
121
1162
3
7
6
5
4
1
968
330
5
3
7
6
6
104
1141
61
5
5
7
7
7
931
376
9
6
6
11
7
80
0
142
4
4
4
5
3
882
415
11
10
10
10
11
58
1023
234
5
5
3
1
2
843
476
12
9
12
12
9
41
983
304
3
3
2
2
3
799
508
10
10
14
16
10
23
917
357
3
5
5
4
7
745
550
10
11
6
8
5
19
0
408
4
2
1
3
5
692
605
8
4
5
6
5
10
835
456
5
6
3
4
8
643
663
5
5
6
13
5
7
795
503
2
3
5
3
3
569
723
10
7
5
9
12
8
743
566
5
4
4
2
5
502
807
10
7
9
10
9
7
0
615
4
2
3
3
3
422
883
11
14
7
7
6
11
643
652
6
6
5
5
4
325
970
11
5
5
9
11
14
596
693
2
2
5
6
4
199
1090
7
7
8
7
5
7
558
736
5
2
6
3
5
109
1186
11
7
6
9
10
7
0
779
2
4
1
0
0
62
1216
30
5
12
13
11
3
456
849
2
6
4
3
5
36
1249
39
17
17
6
12
9
420
894
2
2
2
2
5
23
1242
56
7
12
9
9
11
377
929
3
5
3
5
6
14
1215
72
11
8
6
4
4
0
952
6
4
5
3
2
7
1193
90
10
8
10
8
4
308
984
4
7
6
4
2
5
1174
124
8
8
18
8
8
284
1017
5
2
6
4
5
5
1139
159
6
7
15
15
14
225
1081
2
0
6
7
6
8
1113
211
8
8
10
7
8
0
1127
1
2
4
3
1
2
1081
243
13
14
12
8
13
155
1170
3
1
2
3
5
5
1039
289
13
7
14
8
11
124
1176
5
7
3
6
4
8
974
318
6
4
8
4
9
101
1154
35
2
6
6
6
5
930
362
7
9
11
7
9
0
1082
136
4
2
2
3
0
896
413
4
5
3
5
10
59
1041
218
3
4
4
5
6
868
462
7
6
8
10
10
45
1000
297
4
5
5
4
5
821
524
15
11
14
9
10
29
969
362
5
2
2
3
6
770
561
13
3
9
15
10
0
896
407
3
4
6
8
5
704
593
7
5
11
7
11
15
842
449
3
4
4
3
2
642
652
8
6
12
6
8
7
798
501
3
5
6
4
3
586
727
6
6
6
8
9
6
763
565
3
4
4
1
3
523
813
8
5
8
4
7
0
736
615
6
6
2
3
3
441
907
9
13
11
5
7
9
683
668
4
5
3
2
3
348
985
11
10
15
16
12
10
617
701
7
3
4
5
5
224
1075
13
10
13
12
9
4
557
736
3
3
4
3
1
113
1175
16
10
7
4
4
0
514
785
1
4
4
1
4
62
1230
26
4
6
8
10
11
479
840
6
3
5
7
9
41
1266
40
7
10
12
9
6
440
902
5
4
6
6
5
23
1285
58
12
9
4
6
3
410
950
5
4
5
3
5
13
1257
79
11
9
5
10
0
353
967
6
5
7
5
5
8
1208
92
12
11
11
6
5
314
987
5
4
4
1
2
4
1174
123
6
12
8
4
6
274
1025
2
4
4
6
6
6
1154
160
6
4
7
8
5
240
1080
7
4
4
6
3
6
1144
192
5
12
10
8
0
203
1139
4
5
5
3
5
5
1104
245
10
9
9
12
10
174
1187
6
4
5
7
5
6
1060
273
8
8
9
12
11
136
1183
7
6
6
8
4
3
988
312
5
8
8
7
9
110
1163
28
3
3
3
4
5
945
357
11
8
10
7
0
80
1110
116
2
1
0
1
2
902
411
8
10
10
9
6
59
1059
209
3
3
5
6
6
873
458
8
10
8
12
11
45
1012
286
5
4
1
3
1
834
517
4
7
12
6
7
27
985
351
3
2
2
1
3
778
558
8
9
8
10
0
22
904
399
4
1
5
1
1
715
589
5
7
7
8
7
19
847
440
3
5
5
2
3
660
638
3
4
11
4
8
10
804
497
3
3
2
3
1
599
701
5
7
7
5
9
11
761
550
5
5
3
6
3
530
789
8
1
4
6
0
13
729
605
4
8
6
6
11
459
889
9
8
7
8
9
9
701
656
1
4
4
3
2
376
962
11
10
6
14
11
9
626
693
2
5
5
0
1
248
1048
6
6
4
5
8
6
565
731
4
4
4
3
4
127
1161
14
5
5
5
0
5
521
772
7
6
7
1
4
77
1206
17
6
8
6
6
10
476
822
2
2
3
3
1
41
1241
35
6
6
9
9
6
439
883
3
5
4
6
5
28
1262
51
12
11
7
6
9
405
934
1
2
2
3
4
20
1241
65
7
9
5
0
11
351
954
2
1
2
2
2
7
1200
89
6
6
6
5
3
316
980
2
5
3
3
5
5
1180
113
5
5
2
7
9
286
1008
2
2
2
5
3
3
1155
143
7
10
11
8
13
242
1058
3
6
3
2
2
3
1121
186
9
4
6
0
5
203
1113
4
3
5
7
5
3
1100
230
6
7
8
10
7
176
1164
8
7
7
6
6
6
1054
266
8
10
9
8
7
138
1164
6
4
2
2
1
2
994
301
2
5
3
1
4
111
1164
20
4
6
7
3
4
945
348
7
6
10
0
9
84
1125
90
5
4
3
3
5
906
391
10
8
10
11
12
69
1045
189
3
4
4
4
3
870
440
10
10
7
7
4
52
1007
267
3
2
3
0
2
829
503
5
8
11
11
6
34
975
332
5
7
2
3
3
785
544
5
9
3
0
10
20
913
386
4
2
4
2
4
725
580
8
4
5
4
7
14
857
437
3
1
4
2
3
670
624
5
5
5
4
7
7
809
483
3
3
3
4
5
607
691
10
7
8
12
10
10
764
535
4
1
2
3
3
542
765
10
5
8
0
9
4
731
589
1
3
3
4
4
470
858
8
4
6
4
4
10
691
643
5
5
5
4
7
387
938
8
8
3
6
14
13
631
684
7
3
2
3
2
273
1035
8
8
10
12
8
5
574
726
4
3
4
6
3
147
1144
9
5
4
0
8
9
533
764
6
5
7
5
4
79
1207
19
9
10
10
12
13
478
822
4
3
2
2
1
50
1237
28
7
5
10
8
8
444
878
2
1
3
4
5
29
1264
43
6
10
6
5
10
415
923
4
5
4
2
7
20
1250
68
8
12
0
8
9
364
952
6
6
6
6
2
8
1220
87
5
8
7
7
5
323
978
3
2
3
2
2
6
1185
110
8
7
8
8
6
289
1003
4
4
9
6
4
6
1153
137
7
3
8
6
10
250
1048
3
4
2
4
3
1
1129
181
10
5
0
9
3
209
1111
3
2
3
0
3
4
1113
220
8
7
7
6
6
172
1165
5
4
6
6
3
4
1072
268
14
8
11
10
9
151
1194
2
5
6
4
7
6
1021
307
11
9
10
9
9
120
1180
10
1
0
1
4
3
962
335
8
5
0
5
4
93
1122
80
6
5
6
4
6
915
378
5
7
11
11
13
68
1062
176
2
2
2
2
2
880
436
5
4
9
6
8
47
1019
259
2
2
0
2
2
840
497
10
7
6
9
7
38
984
327
3
2
8
4
7
797
554
11
10
0
7
5
23
946
387
4
3
3
5
8
738
594
16
14
10
8
8
18
876
431
3
0
2
2
3
677
619
7
9
8
6
5
7
815
479
2
3
6
2
7
615
678
3
4
10
4
6
6
765
529
6
2
2
1
2
555
758
7
6
0
7
4
5
746
578
3
2
1
0
1
481
846
10
9
7
9
9
10
701
637
5
8
7
5
7
407
946
7
7
6
7
10
7
664
696
5
6
8
6
7
299
1038
13
13
9
5
6
8
598
725
1
2
3
1
1
172
1126
12
7
0
5
12
5
541
752
4
8
6
6
3
89
1198
18
10
9
5
9
9
489
809
3
5
5
3
1
53
1242
28
7
6
4
7
6
454
870
1
1
0
0
0
31
1270
42
7
13
12
10
3
424
923
3
5
8
6
7
16
1282
65
9
0
7
6
7
385
969
5
4
5
4
5
16
1246
85
13
10
6
8
10
333
986
3
2
4
5
2
9
1196
104
8
4
8
9
4
292
999
5
3
2
2
4
5
1160
136
9
7
10
3
3
248
1043
2
5
4
3
4
2
1138
174
8
0
9
7
6
214
1107
2
1
2
4
5
1
1120
218
13
6
8
9
8
189
1147
2
2
2
3
3
4
1083
266
8
10
10
12
11
162
1202
6
6
2
6
7
4
1038
296
12
11
8
10
12
123
1194
9
2
5
1
7
5
974
328
6
0
7
5
10
101
1136
66
3
2
1
3
5
921
371
3
6
7
5
6
68
1080
160
8
4
3
1
4
890
422
6
8
4
7
4
55
1028
245
5
5
4
4
2
854
477
11
7
7
7
13
42
990
312
1
2
2
1
5
805
542
10
0
6
14
16
29
963
370
7
4
4
7
5
753
574
10
11
4
11
7
17
882
420
2
1
2
3
3
692
605
9
8
7
12
8
11
821
468
9
5
4
3
8
627
665
10
6
6
4
4
6
776
519
4
5
5
8
7
568
733
9
0
6
5
9
8
742
573
5
6
5
3
2
503
824
5
9
9
8
12
11
714
628
1
2
1
1
2
419
924
11
11
6
7
8
12
674
684
4
5
6
3
4
324
1009
17
8
6
6
7
3
604
717
2
1
2
3
3
192
1109
8
0
2
4
7
9
543
752
4
6
4
3
3
99
1185
14
8
6
9
8
8
500
791
3
2
3
3
3
60
1212
25
8
10
10
8
10
457
832
5
3
5
4
7
39
1231
42
10
11
9
8
8
424
891
4
2
2
4
3
23
1256
58
0
6
7
6
4
390
953
3
2
1
0
0
10
1245
75
9
12
9
5
12
331
981
5
5
1
5
2
10
1198
98
8
12
8
7
5
302
987
5
4
1
4
1
4
1166
124
8
2
8
8
7
262
1030
5
4
1
3
3
4
1142
160
0
10
14
18
14
226
1069
5
5
6
6
2
8
1103
203
7
6
8
8
7
185
1133
1
1
4
8
3
3
1085
254
9
9
9
9
8
156
1180
0
2
2
0
2
5
1035
287
8
8
9
4
13
129
1181
6
5
6
5
9
5
980
319
0
1
2
5
9
98
1149
47
2
1
3
4
4
927
368
11
6
10
10
10
74
1083
138
1
3
3
3
3
890
408
7
12
10
14
9
65
1015
226
4
5
6
3
5
851
451
6
6
6
5
10
39
986
296
3
3
4
1
2
815
520
0
5
12
7
10
28
953
360
2
0
2
2
3
760
567
8
9
9
7
4
18
889
413
3
3
6
3
3
702
601
13
11
8
9
6
9
828
459
4
3
1
4
4
637
652
8
9
11
8
7
6
782
509
4
2
2
4
4
583
711
0
10
7
11
8
8
740
555
5
4
4
6
5
507
793
8
5
7
7
8
8
707
614
3
6
3
3
4
430
903
8
9
5
11
9
8
676
665
2
1
2
2
0
342
983
11
10
7
3
9
10
609
711
1
4
2
5
1
214
1096
0
8
5
11
11
13
551
742
6
7
4
3
2
104
1179
12
9
6
7
2
1
510
779
2
1
1
2
2
68
1209
20
10
6
11
10
10
455
832
4
5
4
3
5
40
1238
35
11
9
5
6
9
423
895
2
4
6
5
3
27
1254
0
9
7
12
11
9
389
946
2
3
2
2
1
10
1243
76
5
6
8
11
4
347
976
1
5
4
1
1
8
1212
95
5
10
9
11
8
310
989
5
6
2
5
6
4
1167
124
4
5
5
5
6
262
1025
0
2
7
6
2
2
1134
0
7
10
8
5
6
224
1068
2
4
4
6
4
4
1113
198
5
11
9
10
5
190
1131
3
1
2
1
1
4
1090
243
4
10
11
10
9
161
1174
1
1
3
3
4
3
1050
289
13
7
11
8
9
137
1208
4
2
3
1
2
1
1003
0
6
7
11
7
8
104
1177
36
6
8
3
4
5
938
356
7
7
6
3
7
76
1087
126
4
2
3
4
3
888
403
7
8
5
5
7
63
1029
213
5
5
3
6
5
857
457
10
10
10
9
7
46
996
293
3
0
3
2
4
823
0
6
7
11
9
11
32
969
350
0
1
3
2
2
773
577
10
8
10
10
7
19
925
413
1
8
7
5
4
719
616
13
15
12
5
9
15
860
452
3
4
4
4
3
655
643
6
8
3
6
8
8
794
496
3
7
6
1
1
590
0
6
10
8
9
5
8
749
546
4
6
5
4
5
522
788
13
8
11
9
7
8
722
608
6
5
5
3
1
454
885
8
9
12
10
7
9
693
661
1
1
0
3
4
363
997
10
15
10
10
14
13
650
714
3
1
1
1
1
240
0
13
12
11
6
10
8
576
749
9
6
4
5
4
119
1181
9
6
4
6
7
3
517
779
4
5
3
4
6
70
1209
17
7
6
10
9
7
468
827
1
2
2
7
4
39
1250
33
10
10
5
6
9
432
893
6
5
4
3
5
29
0
50
14
11
14
8
8
404
945
1
1
0
2
3
12
1263
87
12
11
11
17
15
374
982
2
1
5
4
3
5
1238
90
12
9
9
7
11
314
1004
7
3
7
6
5
3
1176
115
9
5
6
4
4
267
1022
3
0
1
2
4
5
0
147
4
6
9
8
4
233
1057
4
5
3
5
7
5
1116
194
8
10
8
7
6
200
1124
2
3
5
3
8
4
1098
242
13
12
7
5
9
171
1173
1
1
1
2
2
2
1064
289
12
11
10
11
7
139
1217
2
3
3
0
1
1
0
316
13
6
9
10
9
112
1190
27
6
6
5
1
4
954
344
6
9
6
10
7
83
1103
110
6
6
2
2
5
908
381
6
8
5
7
8
65
1040
198
1
2
2
1
5
864
443
6
7
4
7
8
52
996
275
3
10
4
3
2
0
502
9
7
11
9
10
31
963
339
2
2
2
2
1
772
562
8
9
10
6
9
23
923
395
1
4
2
2
1
720
600
12
10
10
10
4
17
849
443
5
3
1
2
4
664
622
4
3
6
5
4
6
801
487
4
4
3
4
1
0
686
9
10
6
4
10
9
764
532
3
2
4
5
2
528
764
6
6
5
4
4
10
719
585
4
4
5
5
5
460
850
5
5
5
8
5
9
678
642
3
2
1
1
3
377
942
5
6
11
10
4
7
635
692
3
1
1
0
2
0
1047
10
11
10
9
12
10
571
725
3
3
7
5
3
137
1145
8
6
6
5
4
5
517
766
3
1
3
4
4
78
1200
14
4
6
8
6
3
484
802
2
3
2
4
5
49
1223
26
9
3
7
13
8
443
850
1
3
4
2
3
0
1226
42
4
10
9
5
7
401
908
3
4
2
6
4
18
1232
68
8
6
5
6
7
361
949
2
1
1
1
2
7
1210
87
9
5
9
12
7
315
979
4
5
6
2
7
5
1173
111
5
10
6
13
14
281
1001
6
5
4
4
2
0
1150
146
9
8
7
10
7
245
1043
7
2
4
4
3
4
1114
176
5
4
3
7
13
216
1075
4
4
2
4
3
2
1078
219
5
11
8
8
8
170
1135
4
2
3
3
2
3
1053
268
9
9
7
6
11
144
1180
0
4
4
7
3
0
1006
308
9
10
5
9
10
119
1164
17
5
5
7
5
6
947
338
8
6
6
8
9
90
1118
84
4
4
0
3
4
907
388
6
7
5
5
6
68
1056
174
2
2
1
3
6
865
434
11
11
8
11
9
57
994
255
3
6
5
5
0
820
474
7
11
10
6
9
35
957
315
3
6
4
5
2
781
533
8
6
10
9
6
17
922
381
0
1
3
4
2
725
587
9
11
10
6
4
17
855
434
5
7
6
3
5
667
622
6
7
2
5
10
8
801
480
5
1
4
5
0
605
682
5
10
9
4
4
4
772
518
4
4
3
5
5
549
748
4
6
5
6
10
5
726
570
3
3
2
4
6
466
826
6
6
11
5
9
8
680
628
4
6
6
5
5
396
921
7
7
7
7
8
10
640
681
3
2
2
3
0
282
1022
7
9
11
9
7
6
583
727
7
5
2
6
7
156
1141
8
8
5
7
4
6
527
762
4
3
3
2
4
84
1197
15
8
4
7
9
4
491
801
4
4
2
3
4
60
1219
19
10
9
8
9
7
450
841
5
4
3
2
0
30
1227
42
7
8
6
7
13
407
900
5
6
4
5
5
21
1241
69
5
8
9
9
5
370
953
2
2
0
1
2
9
1219
88
7
9
9
10
8
320
991
4
1
3
4
4
6
1187
105
9
11
10
8
4
288
1004
5
5
3
4
0
4
1152
132
7
13
8
19
9
261
1027
3
4
6
4
4
2
1118
173
4
9
6
9
8
223
1072
5
3
4
3
4
5
1089
208
7
10
8
9
8
175
1131
4
3
1
3
7
5
1057
261
7
6
9
6
9
145
1176
2
2
2
2
0
0
1021
299
9
6
9
7
7
116
1198
9
3
2
1
1
2
972
339
10
9
7
10
7
93
1130
75
3
3
3
4
1
910
376
7
6
8
3
8
69
1057
166
4
2
3
2
1
872
419
6
6
4
9
10
55
1002
246
3
2
3
0
5
828
474
5
11
11
6
4
36
971
311
4
4
6
3
3
794
524
3
7
3
7
8
26
928
379
3
0
1
2
3
737
585
7
6
7
8
5
13
892
427
1
3
3
3
4
684
632
9
11
9
8
9
15
817
471
4
2
4
0
7
617
669
9
6
3
5
6
8
764
518
3
2
3
3
4
560
725
9
3
10
11
11
3
726
564
4
6
2
4
6
488
811
7
9
7
5
5
5
692
621
4
2
3
2
2
406
904
9
7
8
8
8
6
650
669
0
0
1
0
1
303
1022
9
11
10
9
10
8
608
723
3
4
5
2
2
177
1134
6
6
5
8
8
8
541
756
3
5
5
6
4
86
1189
14
8
5
6
6
5
490
790
3
3
4
1
3
58
1214
19
6
9
9
16
8
449
838
4
3
3
0
7
35
1230
42
8
8
12
6
8
411
894
1
1
1
2
1
19
1241
65
6
2
5
3
8
375
948
3
1
1
1
3
8
1242
84
5
9
8
10
13
338
988
3
4
3
3
4
4
1203
108
8
8
9
12
10
290
1005
3
5
3
0
4
5
1155
129
4
8
1
4
5
259
1022
4
5
4
4
2
4
1122
164
7
11
14
15
8
220
1069
3
4
5
2
7
5
1091
204
5
7
8
7
10
183
1124
2
3
3
6
7
5
1068
245
7
10
5
8
5
152
1169
2
3
2
0
0
0
1027
295
7
5
3
10
10
124
1208
5
5
5
5
3
2
976
337
8
14
9
13
4
99
1144
60
3
3
8
2
2
923
369
5
7
5
9
10
74
1068
150
5
5
3
5
4
879
411
7
8
11
10
8
57
1012
226
5
3
0
3
3
839
457
5
5
3
4
7
42
972
299
5
6
3
4
5
797
516
9
3
7
8
10
23
941
358
2
2
2
2
0
745
580
8
4
2
1
8
11
899
419
2
7
5
3
1
696
623
16
11
9
8
12
15
830
465
5
4
0
6
5
631
656
5
5
5
7
7
7
776
508
5
8
5
5
3
575
711
7
8
9
12
14
8
736
556
6
5
7
4
5
501
789
5
9
5
8
8
5
697
605
4
4
3
2
5
417
890
8
10
12
8
7
9
660
657
5
0
0
2
1
327
985
4
11
11
9
9
6
609
714
7
3
4
3
1
202
1106
11
7
12
10
11
13
542
745
4
3
5
4
4
101
1176
14
8
10
9
8
7
501
778
5
5
4
5
1
62
1207
22
11
5
5
8
10
471
817
1
1
0
2
4
41
1218
31
7
5
6
8
10
428
867
5
3
5
5
6
27
1218
56
11
11
6
8
9
379
920
4
4
5
2
4
16
1233
79
11
7
3
4
7
342
979
5
5
4
3
2
6
1203
100
6
9
8
8
10
303
987
2
4
0
3
4
4
1161
128
7
7
6
7
14
262
1016
3
5
5
6
4
2
1133
155
8
8
10
8
5
237
1054
3
4
4
4
4
4
1102
195
8
10
5
11
8
201
1094
2
2
1
3
3
4
1060
234
4
7
6
9
8
158
1148
1
3
0
5
5
2
1034
285
9
9
9
4
4
131
1192
3
1
1
3
3
5
984
328
9
6
6
7
7
105
1153
41
2
2
3
4
5
928
359
8
7
7
8
10
76
1087
132
4
3
4
5
5
884
408
6
2
10
2
8
54
1028
209
2
0
4
4
6
846
448
6
4
6
13
2
41
976
281
5
4
3
2
2
798
501
3
10
5
9
4
29
932
349
3
1
1
2
5
760
548
8
4
12
11
8
15
902
406
2
2
3
2
4
704
607
10
10
10
9
9
17
830
458
6
0
2
1
3
639
650
6
6
4
6
6
5
788
496
3
4
5
4
1
575
712
8
2
5
5
5
7
746
544
3
3
4
5
3
510
787
7
7
6
8
5
9
702
593
0
2
3
1
3
430
860
7
9
8
5
5
9
658
649
4
0
5
3
3
351
959
8
7
11
11
7
6
614
708
2
3
1
2
5
225
1085
4
9
5
9
9
6
564
742
2
5
4
5
4
108
1178
12
9
11
5
3
4
507
778
1
0
3
5
4
66
1209
20
10
6
6
7
7
471
817
6
0
3
3
5
45
1220
31
10
6
7
5
8
430
859
6
3
2
4
5
29
1223
50
5
10
8
9
8
386
919
5
5
4
6
3
19
1225
76
5
5
11
7
8
354
966
1
1
2
2
2
6
1210
100
12
14
10
11
7
307
998
2
0
2
3
5
5
1173
125
13
5
9
3
7
270
1016
4
1
3
3
2
2
1132
151
7
10
12
6
4
232
1053
3
3
5
4
2
4
1108
186
7
8
9
11
10
210
1087
2
3
2
1
3
6
1066
225
8
8
9
7
6
163
1142
8
0
8
6
6
3
1038
276
11
7
9
5
5
132
1187
1
1
2
1
2
1
994
324
10
9
8
8
13
101
1192
29
1
2
3
2
1
956
354
6
10
11
10
11
87
1094
117
4
5
7
6
2
890
398
4
8
8
8
11
62
1027
197
0
3
5
3
4
848
444
5
6
8
6
7
53
977
273
2
4
5
6
3
802
495
10
12
11
12
9
29
948
337
4
5
4
1
2
772
546
8
9
8
8
5
16
906
398
1
0
2
2
0
715
613
10
8
13
9
7
10
880
449
0
1
5
3
3
658
666
8
11
6
6
5
13
804
501
2
3
2
3
5
594
696
7
5
10
8
8
5
750
534
5
5
4
4
0
517
770
7
8
10
8
12
10
699
593
6
4
2
4
6
449
851
9
9
7
9
9
6
668
645
0
2
4
2
4
365
949
8
11
5
6
6
7
625
699
5
2
2
3
3
244
1074
5
17
8
7
6
4
583
745
5
2
1
3
3
123
1188
16
10
13
8
13
5
519
778
4
3
4
4
3
69
1203
19
4
10
9
10
8
464
815
0
1
1
2
4
46
1218
27
10
12
8
7
8
432
856
7
5
5
2
3
29
1228
50
8
6
7
7
9
396
914
3
4
2
4
3
15
1235
69
7
9
5
13
10
357
957
2
0
2
1
3
8
1221
95
4
7
9
6
6
317
1006
0
1
4
5
3
1
1191
122
8
6
9
16
17
273
1024
6
4
5
7
2
4
1146
146
6
9
6
6
5
241
1043
2
2
4
4
3
3
1106
182
8
8
14
6
8
202
1087
5
7
6
3
5
5
1082
219
11
10
5
4
7
167
1141
0
6
4
5
7
6
1054
261
6
4
10
5
3
141
1177
2
2
1
3
1
2
1004
316
10
10
7
10
11
104
1208
20
7
4
5
3
2
958
361
13
10
4
11
10
82
1115
104
4
4
2
5
4
905
386
7
7
6
3
8
68
1040
0
4
4
2
3
4
855
434
6
6
8
11
7
49
986
261
5
3
3
3
4
816
478
5
5
4
5
9
38
946
325
6
8
5
3
5
778
532
6
7
5
5
10
20
916
391
1
3
3
2
2
722
599
13
9
6
7
8
9
876
0
3
4
1
0
0
670
648
12
7
4
10
8
12
815
486
5
2
4
5
5
603
684
4
6
3
7
8
5
758
526
2
2
4
1
2
536
752
10
7
9
11
10
9
712
575
2
5
3
2
4
464
827
7
8
7
6
6
9
667
0
5
2
3
4
5
383
927
3
5
6
9
9
8
634
685
3
1
0
1
2
270
1049
4
7
6
9
7
6
582
739
1
1
1
2
2
141
1170
8
9
12
11
7
13
524
769
7
5
7
5
3
75
1196
19
5
3
4
7
4
471
0
2
1
4
3
4
51
1217
25
6
9
7
4
7
446
842
3
5
2
5
3
35
1225
39
4
6
7
10
8
410
882
2
4
5
4
4
21
1210
67
2
9
9
7
7
359
945
3
6
6
4
4
7
1215
96
11
5
6
10
9
321
0
1
2
2
3
2
7
1190
108
6
12
13
13
8
288
1003
4
5
1
2
3
1
1149
139
7
7
9
11
9
247
1038
1
4
4
3
2
1
1117
174
10
7
6
7
8
219
1073
1
3
5
4
4
4
1080
212
6
5
7
9
6
187
0
5
4
3
4
4
5
1041
251
6
10
5
9
14
142
1158
5
9
9
4
6
3
1015
300
10
12
10
8
9
110
1198
13
1
3
3
5
4
973
340
9
6
5
9
8
96
1125
84
3
3
5
5
3
907
379
4
8
8
11
12
68
0
168
1
4
4
5
4
863
428
4
9
5
5
7
46
1005
243
5
2
4
2
4
821
474
5
6
5
8
8
34
956
309
5
2
2
2
5
774
520
6
7
6
8
7
24
913
377
4
5
2
7
6
736
579
6
5
10
12
9
15
0
433
5
4
4
4
4
681
629
12
7
9
7
7
10
820
478
4
8
5
6
6
615
675
4
7
8
7
6
9
766
521
3
5
4
1
2
550
737
7
9
6
6
5
7
725
567
3
3
5
4
2
476
821
8
6
4
9
10
4
0
615
4
4
3
4
4
397
898
6
5
12
6
5
10
642
673
7
2
3
4
2
297
1014
6
8
7
10
11
9
596
729
4
2
4
3
3
169
1136
11
10
10
9
7
6
537
767
6
6
5
3
5
90
1201
15
8
8
8
6
9
0
800
2
0
4
6
3
58
1212
24
10
9
9
8
4
450
837
5
3
1
0
5
37
1219
41
6
6
10
4
7
413
880
2
3
3
5
3
21
1215
63
5
12
7
9
7
372
935
4
2
4
5
7
13
1225
89
8
7
7
6
6
0
990
1
0
0
0
0
5
1197
114
8
7
4
5
4
290
1019
5
4
3
5
5
4
1163
135
6
12
10
11
5
260
1027
2
2
5
4
3
3
1124
167
11
8
6
9
8
220
1073
3
1
4
3
2
4
1089
204
6
8
13
10
12
0
1109
5
4
5
1
5
3
1054
250
6
7
4
6
10
148
1165
3
3
3
1
5
3
1028
301
10
9
8
8
6
120
1209
12
4
2
3
4
3
983
351
9
9
10
10
11
100
1171
72
0
1
2
2
5
942
386
9
10
8
13
9
0
1077
165
3
6
3
2
1
875
418
8
7
6
6
2
50
1000
238
4
4
4
3
5
838
458
9
11
11
8
5
39
964
302
3
4
4
0
5
794
519
8
9
7
8
8
28
936
370
6
9
6
5
3
751
583
4
6
12
8
9
0
904
425
6
1
2
4
2
700
655
11
10
8
10
13
13
868
482
3
2
1
2
0
636
701
6
7
8
9
10
8
794
526
5
4
3
1
2
570
728
11
7
5
5
5
4
734
561
3
6
3
1
1
490
798
6
4
9
8
3
0
681
616
6
5
5
4
3
412
902
12
8
8
9
6
6
660
671
3
5
4
4
2
322
1008
8
7
10
14
8
7
616
731
1
5
5
3
1
187
1159
10
8
9
10
6
4
578
776
5
4
3
5
3
91
1239
15
10
8
7
7
0
506
807
5
1
5
3
4
56
1220
22
8
5
3
6
6
453
839
0
4
4
2
3
37
1227
29
6
6
12
9
6
413
882
0
4
5
2
1
24
1237
63
7
7
8
8
7
382
940
1
4
3
5
4
12
1250
84
8
9
9
11
0
350
998
0
0
1
3
2
5
1243
117
11
11
6
8
7
308
1049
5
5
1
2
3
2
1202
139
13
11
11
6
7
264
1055
5
6
9
3
2
3
1130
168
6
11
4
6
8
224
1067
4
4
3
4
3
5
1096
193
3
5
9
10
0
188
1109
1
1
3
4
2
2
1069
241
9
10
8
6
6
158
1164
4
5
5
5
7
7
1042
294
4
7
11
7
11
129
1210
4
1
3
3
4
1
1005
352
15
9
7
11
5
97
1210
58
3
4
4
4
4
957
385
15
14
8
8
0
80
1096
147
5
7
1
4
4
891
413
9
8
6
4
5
57
1014
224
6
6
2
1
2
841
448
4
4
8
12
8
37
971
292
3
3
5
6
6
800
507
5
3
4
8
6
28
940
363
4
7
5
6
2
765
570
9
4
11
9
0
22
905
421
2
1
2
2
2
707
647
8
10
8
9
11
14
884
470
1
1
1
3
2
648
685
9
10
9
9
11
11
801
514
3
4
5
5
6
583
717
2
6
9
7
8
11
736
556
4
3
3
1
3
508
781
4
6
6
9
0
10
688
603
4
5
3
2
2
428
871
4
4
6
7
9
9
653
663
8
2
0
2
3
339
986
6
6
8
10
5
4
616
718
5
4
1
2
3
216
1127
13
8
7
10
13
15
583
776
2
4
2
1
3
100
1228
13
12
10
11
0
6
515
804
4
3
3
3
1
63
1220
24
12
6
5
8
5
461
832
3
2
7
4
3
36
1229
26
2
6
5
8
8
425
863
0
2
5
3
4
26
1219
52
10
6
7
6
12
379
912
1
3
3
5
3
15
1217
77
9
10
6
0
5
342
978
6
3
5
7
7
6
1226
106
11
8
4
7
9
304
1029
3
2
1
5
4
5
1197
124
8
15
12
7
6
270
1043
6
4
3
6
6
4
1139
153
6
5
5
8
6
225
1062
4
2
3
3
3
4
1098
189
2
8
8
0
11
200
1096
3
1
3
3
2
4
1064
232
11
12
9
11
9
158
1135
2
3
3
0
1
1
1032
271
6
9
9
11
8
123
1194
6
5
7
4
7
6
1001
334
10
12
10
9
5
102
1205
39
3
1
3
3
8
962
364
8
10
9
0
6
82
1097
132
2
2
3
4
5
898
401
8
7
5
6
7
56
1026
208
4
5
4
3
2
848
442
7
4
6
8
7
38
982
275
6
3
2
2
2
807
490
10
12
13
16
10
31
929
341
4
4
3
4
3
761
546
6
5
7
0
9
25
904
401
3
2
8
4
5
719
614
12
12
6
11
7
15
873
456
0
2
3
3
5
661
668
10
11
7
6
9
13
804
512
8
5
8
6
3
593
711
7
5
5
6
3
3
748
547
1
2
4
4
1
517
774
8
5
6
0
2
4
705
589
4
1
2
2
3
439
850
5
7
9
13
14
8
655
638
4
2
4
5
3
353
948
11
7
4
9
9
7
618
703
6
3
3
5
5
236
1097
6
5
5
8
9
12
590
757
5
2
5
4
4
112
1214
9
14
6
0
7
9
526
797
3
2
2
3
2
71
1223
21
13
8
4
5
5
470
828
1
1
6
4
5
48
1224
24
8
6
7
5
7
423
862
0
0
2
4
1
31
1219
47
10
10
12
5
7
385
909
5
4
5
4
3
16
1222
72
7
4
0
8
6
351
969
6
4
7
4
8
8
1235
97
12
11
6
6
7
317
1025
3
5
5
3
4
4
1209
124
8
9
10
10
8
279
1055
3
7
3
4
4
2
1162
153
13
11
10
11
10
230
1065
5
3
2
3
4
6
1111
182
5
6
0
7
8
195
1087
3
2
3
4
3
3
1067
224
6
8
11
8
8
169
1127
5
6
5
5
3
3
1045
266
6
10
8
6
8
133
1194
3
3
5
6
5
3
1014
325
10
10
5
5
8
112
1212
23
0
3
3
2
3
970
376
8
9
0
10
12
87
1137
124
2
2
1
1
4
917
409
8
10
10
7
6
64
1046
204
4
6
4
1
3
858
439
7
7
6
6
6
43
980
268
2
5
2
4
4
808
482
5
5
6
8
8
30
941
333
3
4
3
4
2
769
545
8
10
0
8
6
23
909
398
4
5
8
5
2
728
610
8
6
12
13
7
19
883
451
5
4
4
7
5
675
686
9
10
15
11
9
13
848
514
4
0
2
2
3
608
734
8
13
14
7
5
11
774
549
5
7
5
4
5
535
768
6
3
0
7
3
4
705
588
4
8
6
3
3
452
837
8
5
9
6
9
7
665
632
3
5
6
4
3
373
939
10
7
8
7
6
10
637
695
4
4
5
7
7
266
1074
9
6
7
10
10
11
603
751
1
1
5
3
4
125
1230
17
10
0
11
10
10
551
810
5
5
3
2
1
66
1262
16
9
16
5
6
8
484
831
2
6
4
5
4
47
1230
28
10
4
3
7
6
436
857
6
6
5
2
2
33
1222
40
6
9
7
10
7
397
902
2
3
4
1
4
19
1231
72
7
0
8
4
7
366
961
5
5
6
8
4
8
1245
94
12
13
7
7
8
322
1024
3
5
3
4
3
4
1238
128
8
7
8
12
11
298
1072
4
2
3
2
0
2
1193
147
11
9
12
10
5
249
1070
3
6
5
3
3
3
1121
183
8
0
5
4
7
202
1091
2
4
5
5
5
4
1074
215
8
6
8
6
7
168
1124
5
5
3
6
9
5
1051
262
5
9
7
10
4
143
1180
3
5
6
3
4
3
1018
317
8
8
10
6
8
109
1216
17
2
2
3
2
2
981
373
8
0
10
9
9
90
1166
107
6
7
3
3
4
931
402
14
9
9
6
12
62
1068
185
0
5
6
3
3
868
429
7
9
6
5
4
45
995
257
2
4
5
4
2
822
472
5
6
8
11
10
32
949
318
4
1
3
4
1
777
527
3
0
10
5
7
24
911
388
1
3
3
6
6
737
600
9
8
8
9
6
16
886
444
2
2
4
2
3
680
670
7
14
12
10
15
17
857
493
2
1
3
5
2
623
708
10
13
10
14
13
10
778
536
8
4
7
5
3
542
757
5
0
6
4
6
6
713
578
2
3
3
3
5
470
818
7
5
4
5
4
5
670
626
3
4
2
3
5
385
914
5
6
4
2
5
6
630
680
2
2
2
3
7
290
1033
11
8
6
10
6
13
597
741
6
3
4
5
3
154
1191
13
0
9
9
8
13
566
792
3
5
5
1
2
81
1243
17
11
7
5
10
7
492
829
7
6
4
2
2
55
1223
28
6
4
9
7
8
441
847
6
0
4
2
2
34
1222
38
3
5
8
5
7
403
884
4
2
3
1
2
22
1224
55
0
11
8
8
14
372
923
5
2
4
7
4
12
1207
89
7
1
6
4
7
317
999
4
3
4
3
6
6
1213
117
11
7
5
10
8
286
1048
5
5
3
4
7
6
1185
142
8
9
12
9
5
250
1060
3
1
1
3
6
3
1119
175
0
6
10
4
8
211
1081
7
5
3
3
2
5
1083
206
7
7
9
9
6
184
1108
3
4
1
3
3
4
1049
249
9
6
9
9
11
153
1141
4
0
0
3
6
2
1012
291
5
5
7
5
9
120
1198
11
5
6
6
5
6
985
350
0
2
7
7
8
95
1167
85
2
3
4
2
6
938
388
10
9
12
11
8
72
1067
172
4
4
7
3
8
875
422
8
7
7
7
5
52
997
241
5
4
3
5
4
828
465
3
6
9
8
9
38
959
300
1
3
4
4
3
785
518
0
7
9
14
9
28
904
369
1
3
2
3
5
740
565
6
12
6
3
10
17
884
426
4
6
5
7
2
690
641
11
9
6
9
11
11
851
483
2
3
1
3
6
627
694
14
7
4
11
11
15
781
533
3
3
4
7
5
553
751
0
8
7
8
8
5
725
568
3
5
3
3
3
482
810
9
9
8
4
9
9
678
613
3
4
3
5
6
402
889
8
9
10
12
8
8
635
660
4
3
4
2
3
308
998
5
10
12
12
8
6
597
726
5
4
7
3
3
180
1153
0
5
8
8
9
8
559
780
3
6
4
2
3
86
1232
17
9
7
7
10
7
505
818
3
2
3
7
6
58
1233
27
7
8
5
7
10
443
852
6
4
3
3
4
36
1227
41
10
7
7
7
5
414
876
4
6
7
6
4
25
1221
0
7
11
12
11
7
365
929
3
2
1
2
2
9
1217
81
6
5
8
7
10
336
985
5
6
7
5
5
5
1225
112
10
11
10
11
12
301
1046
2
2
1
2
2
2
1198
136
5
9
8
6
6
260
1071
1
2
3
3
2
3
1150
0
7
11
17
7
5
224
1083
3
7
6
4
3
5
1093
203
7
2
2
3
4
183
1103
1
2
4
4
1
5
1047
239
7
7
8
7
9
149
1142
2
1
1
3
6
5
1026
285
9
10
10
9
6
116
1201
6
5
5
4
2
5
998
0
4
6
11
7
7
96
1183
68
2
2
4
5
3
954
395
7
10
9
6
9
77
1104
167
1
1
5
5
1
900
430
10
10
11
10
7
57
1020
241
5
7
4
5
9
832
462
8
3
5
6
7
34
964
294
4
3
2
2
1
790
0
5
3
5
10
10
25
916
359
1
6
6
5
7
752
566
8
10
9
11
12
22
893
423
2
4
2
6
2
705
638
5
10
11
11
9
13
872
476
2
1
2
2
0
643
712
9
8
11
13
7
11
828
535
1
3
6
2
2
577
0
17
12
14
9
7
11
751
573
4
3
6
4
1
502
800
5
9
8
5
1
6
690
607
6
6
3
3
4
418
870
10
8
8
9
5
7
642
654
3
2
2
6
4
332
981
10
5
5
10
6
11
608
720
3
3
1
4
6
202
0
9
8
9
13
10
10
577
772
2
1
0
1
2
95
1250
22
9
8
11
9
13
536
827
2
2
1
3
1
52
1272
23
11
11
12
6
8
467
853
6
5
4
5
6
40
1236
36
6
7
7
4
5
417
873
1
4
3
3
4
26
0
48
8
8
11
11
9
374
922
5
6
5
7
8
18
1234
78
10
5
6
5
7
340
990
5
5
3
5
5
8
1234
102
9
9
9
10
6
305
1039
0
3
4
5
4
5
1212
140
12
10
11
11
10
269
1083
2
5
6
5
2
1
0
168
11
8
10
7
10
231
1088
4
5
3
5
2
5
1103
195
9
9
5
6
7
191
1104
7
5
4
4
2
5
1055
234
1
2
6
10
7
155
1138
1
5
7
6
5
6
1035
278
5
10
11
13
13
127
1193
8
5
7
7
7
4
0
330
8
8
6
6
3
101
1194
48
0
0
3
2
4
967
389
9
13
11
9
8
76
1134
156
3
2
3
3
2
911
423
8
10
11
11
16
61
1036
229
6
5
4
7
3
851
451
9
4
11
7
9
44
964
287
6
7
4
2
2
0
500
5
5
9
9
3
25
923
348
6
4
7
5
5
755
546
7
3
7
7
6
22
884
414
8
7
8
5
5
710
614
9
6
8
6
5
10
858
461
2
1
2
3
1
648
683
6
12
13
13
11
11
821
509
2
2
2
2
2
0
737
9
8
11
8
5
9
749
552
5
6
4
5
6
511
777
7
6
6
4
10
5
691
595
7
5
4
2
5
428
860
6
9
8
7
10
7
650
645
2
2
4
4
2
339
948
7
7
5
10
8
8
600
701
4
5
5
1
5
0
1090
6
12
10
7
9
11
569
753
2
1
1
1
1
105
1213
15
8
11
6
4
9
525
800
2
3
5
1
2
60
1239
20
10
4
7
15
14
465
832
2
6
4
3
4
40
1217
30
8
6
6
3
5
424
859
5
4
3
2
2
0
1213
46
8
6
9
6
6
394
896
1
2
2
2
6
20
1223
63
9
6
1
10
9
351
941
3
2
4
5
4
7
1197
94
10
8
7
8
7
308
998
4
5
7
3
1
7
1185
130
5
4
10
8
11
269
1052
1
2
2
2
3
0
1148
161
5
8
8
6
8
230
1061
4
4
2
2
2
5
1097
189
3
10
9
11
14
199
1083
3
3
4
3
3
3
1065
226
6
5
0
3
8
175
1121
3
3
4
2
2
3
1031
265
8
8
8
5
6
143
1149
1
5
6
5
5
0
978
314
10
11
10
17
10
101
1177
33
6
4
2
4
5
957
361
6
4
10
5
8
76
1121
125
3
1
4
5
3
906
408
5
6
9
9
11
61
1032
207
6
5
4
3
8
848
439
9
8
7
6
5
48
971
270
6
0
3
1
0
805
487
7
7
10
5
8
30
937
329
4
1
1
1
0
757
541
6
5
8
12
7
19
891
385
5
3
5
2
2
705
591
9
7
6
10
7
15
850
450
3
7
8
5
2
661
652
9
6
6
10
12
6
813
508
1
0
1
1
0
599
707
11
15
12
4
9
10
756
548
4
4
5
8
8
522
769
6
6
5
8
5
5
699
588
5
3
4
4
2
434
850
8
3
2
8
8
12
661
629
5
6
1
6
3
354
940
10
8
8
8
8
5
616
677
6
4
2
4
0
242
1050
7
8
5
7
5
4
569
735
7
3
6
4
4
122
1185
9
7
7
8
10
7
529
788
3
4
2
1
0
69
1225
22
6
11
5
9
10
477
829
3
4
4
7
7
50
1220
31
7
6
6
6
7
430
853
4
5
4
4
0
30
1216
46
12
9
13
9
7
397
892
3
5
5
7
3
19
1210
65
7
11
8
7
12
355
935
5
3
3
6
5
8
1205
88
8
6
11
7
5
314
995
5
4
2
3
4
5
1185
126
7
9
6
10
8
277
1043
2
3
2
2
0
2
1154
157
6
4
6
8
8
239
1069
1
1
2
2
1
6
1119
183
9
11
11
5
10
197
1089
4
2
3
6
3
5
1069
220
4
7
7
13
16
173
1111
4
5
6
4
0
4
1033
260
6
7
8
3
11
143
1153
4
4
3
5
0
7
992
308
11
11
12
8
9
114
1187
22
3
5
3
1
3
965
351
6
5
7
5
6
83
1130
111
1
2
2
3
2
918
405
9
8
6
8
7
59
1069
198
1
2
1
1
2
871
443
14
7
4
9
7
48
992
266
3
3
5
0
6
811
479
9
5
6
8
7
31
939
318
3
3
2
5
3
764
525
10
10
10
11
13
28
887
383
2
4
5
6
5
719
581
12
8
9
5
8
11
862
442
5
4
1
4
2
668
654
3
3
5
5
5
10
826
490
5
2
0
0
3
614
720
8
3
12
5
8
6
794
549
4
5
4
1
2
539
779
9
12
10
6
6
7
719
590
5
6
2
4
5
455
836
5
9
6
5
6
6
662
625
4
4
6
1
1
373
915
13
10
9
12
10
2
618
673
5
5
6
0
3
269
1027
13
4
8
6
3
3
576
732
7
2
2
0
1
139
1169
12
8
10
6
9
9
535
786
0
1
3
1
2
72
1244
22
9
11
8
3
7
506
836
4
1
2
2
1
42
1250
35
8
11
5
9
6
441
864
3
8
7
0
4
30
1222
42
4
4
5
6
8
399
887
4
3
3
2
6
22
1210
60
7
13
14
8
1
354
932
3
2
6
4
5
8
1207
92
6
10
9
8
11
317
992
1
2
3
3
2
3
1192
119
10
8
7
10
9
281
1034
0
2
2
0
1
2
1177
151
6
8
7
10
7
242
1081
2
1
4
3
3
1
1136
183
5
9
11
10
9
207
1093
5
6
5
7
7
4
1073
209
7
8
7
5
5
178
1105
2
5
2
2
3
3
1034
256
8
7
9
9
8
147
1142
5
4
8
0
5
7
1002
296
12
6
11
4
8
120
1174
16
2
5
5
6
2
969
345
9
4
7
5
7
93
1142
88
1
0
0
1
4
926
401
8
8
10
9
8
64
1075
189
3
0
0
3
3
877
440
13
8
8
8
11
49
1006
253
3
4
0
4
2
818
474
7
9
5
7
10
33
946
309
7
5
4
5
2
771
522
7
8
7
7
9
28
902
372
4
2
2
1
3
725
567
5
5
8
7
5
17
859
431
5
3
2
5
5
678
629
5
5
10
9
5
11
828
483
3
4
0
2
4
615
703
8
9
9
11
5
7
784
538
3
3
3
2
3
549
762
6
9
9
11
9
10
724
575
6
5
7
7
4
473
816
6
3
6
8
11
11
669
615
2
2
2
2
2
388
900
6
5
5
8
7
12
634
661
2
5
0
4
4
292
998
9
9
3
7
6
7
580
712
5
3
4
7
3
163
1140
10
5
6
7
10
5
548
765
0
2
2
3
0
81
1224
17
7
8
10
11
9
497
822
4
1
2
1
3
50
1236
26
9
11
11
10
11
441
849
1
3
0
5
1
34
1218
38
5
3
4
11
10
411
872
1
3
4
3
2
24
1211
57
6
5
7
11
5
372
920
2
3
5
3
2
16
1215
75
12
6
6
9
12
332
960
1
3
4
4
2
3
1182
107
8
6
6
9
6
293
1015
2
2
0
5
6
4
1167
147
9
7
8
8
6
254
1063
2
3
6
3
0
5
1135
173
3
5
4
8
10
219
1077
5
2
7
5
4
4
1077
205
4
10
12
10
10
182
1100
4
3
2
4
4
5
1047
247
9
6
4
7
4
160
1135
2
4
0
2
6
4
1005
291
8
7
7
10
9
128
1162
9
4
6
5
1
3
965
331
7
11
7
10
7
90
1150
69
5
1
4
3
5
930
383
7
6
7
8
9
71
1080
170
2
3
1
0
2
887
419
5
6
10
8
9
52
1006
241
4
0
7
8
6
822
462
11
4
5
9
5
35
952
300
6
4
1
1
1
781
509
4
9
11
8
4
22
912
357
4
4
2
4
3
736
561
5
4
6
12
9
17
874
412
4
3
1
2
4
684
613
4
6
8
7
10
12
832
474
4
0
5
2
4
630
679
10
9
8
10
11
10
786
530
2
4
4
2
2
564
746
5
5
7
7
6
11
733
570
6
4
6
5
5
487
804
5
8
5
7
3
8
684
603
3
3
4
4
4
403
882
10
5
6
13
7
6
644
647
1
0
4
2
4
304
989
7
7
6
10
12
10
593
704
3
4
2
3
8
180
1116
8
5
13
9
7
11
549
760
5
4
7
3
3
91
1215
17
6
9
9
11
9
507
814
1
1
3
3
1
53
1240
27
6
7
12
6
6
457
849
4
0
7
3
6
34
1226
42
10
8
7
7
8
416
873
2
4
3
4
3
26
1213
54
15
11
7
5
8
377
907
2
2
3
1
3
14
1210
72
8
8
8
5
8
341
950
2
3
2
6
4
8
1190
104
9
9
6
6
6
296
1011
4
0
3
4
1
3
1176
139
9
8
4
9
8
260
1053
4
2
1
0
2
2
1146
168
11
10
10
10
12
220
1086
0
3
5
4
2
4
1098
201
8
10
11
5
10
191
1099
4
3
7
4
5
5
1046
243
7
5
7
4
11
162
1124
2
0
5
3
0
4
1002
287
6
6
4
10
10
140
1157
6
4
8
7
5
3
973
328
9
8
7
8
9
98
1162
55
7
3
3
3
1
946
373
6
5
3
9
4
73
1096
153
2
4
2
0
2
895
426
9
9
7
10
8
53
1036
236
0
3
2
3
4
846
464
9
11
6
13
7
48
960
295
5
6
7
7
5
783
503
6
5
6
4
6
28
913
349
2
0
5
7
3
746
549
9
9
4
10
13
24
868
411
5
5
6
6
6
696
601
9
9
10
6
4
7
841
466
0
6
3
2
2
643
679
4
7
3
6
7
11
803
521
2
2
2
1
1
572
754
8
7
8
10
11
9
755
570
3
3
3
4
4
505
809
11
9
11
11
10
9
694
611
4
6
8
5
5
420
867
10
5
9
10
11
7
645
641
0
2
2
3
4
327
963
8
10
9
13
10
7
593
695
4
5
4
6
4
204
1097
7
4
8
9
7
8
555
759
5
3
2
3
1
99
1213
13
4
6
8
6
9
517
806
2
2
2
3
3
54
1259
27
10
11
7
11
6
473
858
0
2
3
4
2
41
1250
34
7
13
6
6
6
422
880
7
5
4
6
5
23
1213
51
6
7
5
10
6
379
901
2
2
1
4
3
16
1205
71
14
15
11
6
8
334
952
5
4
5
4
4
9
1197
98
6
7
8
8
8
303
1007
0
6
6
1
4
6
1178
136
7
4
6
6
4
263
1054
5
1
2
1
4
2
1159
169
7
10
12
9
6
232
1094
3
4
2
4
4
2
1109
204
6
8
6
12
10
190
1107
3
7
4
6
3
6
1055
234
2
7
8
6
6
162
1124
0
2
5
4
1
3
1012
278
9
8
10
15
8
132
1160
4
7
8
4
4
2
975
319
10
5
7
10
5
102
1170
41
4
4
4
7
6
953
362
9
7
9
4
7
79
1110
137
0
0
1
2
1
908
418
2
5
10
9
7
56
1055
0
1
2
4
4
2
861
462
11
14
11
7
8
44
979
290
5
4
4
5
4
790
498
3
4
4
6
7
23
925
339
5
7
2
2
3
757
532
4
6
11
14
10
22
881
395
5
8
5
3
2
704
591
5
6
8
8
6
12
838
0
4
8
3
6
3
648
663
7
5
6
12
6
11
802
512
4
3
2
2
3
588
731
9
5
5
5
7
7
764
562
0
3
2
2
2
520
794
10
15
5
9
11
10
698
600
5
2
4
3
4
433
854
7
11
8
9
7
9
652
0
2
5
5
5
2
344
938
7
8
11
10
12
11
608
682
3
4
4
4
5
228
1063
4
6
6
5
11
11
561
732
3
3
2
5
9
113
1184
15
7
10
7
7
5
516
794
3
4
2
3
3
62
1233
26
7
8
9
9
11
477
0
4
2
3
2
1
38
1241
36
8
11
9
11
13
428
867
7
3
7
6
2
30
1216
49
7
3
4
9
7
391
896
2
6
7
4
6
17
1209
67
5
5
3
4
5
356
935
6
4
2
6
4
10
1204
95
4
7
5
8
9
316
0
4
5
4
2
6
4
1176
121
8
6
9
6
5
274
1036
1
2
3
4
5
2
1153
159
3
2
9
9
5
237
1076
3
3
1
3
1
1
1118
186
11
10
9
11
11
197
1095
6
7
6
6
2
6
1061
225
5
6
7
11
15
164
0
6
6
5
3
2
3
1030
261
8
5
5
4
8
145
1150
3
4
6
1
4
5
985
309
7
6
7
9
4
119
1153
28
3
4
6
7
7
946
351
7
11
11
8
6
83
1112
118
3
2
4
3
0
907
408
5
6
5
8
7
59
0
206
3
4
3
1
0
860
451
9
7
7
10
14
49
978
274
4
5
5
8
3
805
484
6
9
8
7
4
30
932
327
2
5
2
3
4
760
532
4
4
5
8
3
16
897
381
4
2
1
2
4
709
590
6
6
7
9
9
10
0
440
2
4
5
6
4
658
641
5
7
8
10
6
10
812
499
4
4
2
4
3
602
710
9
13
6
3
5
10
770
550
4
4
2
2
2
531
777
7
11
12
10
7
10
712
591
5
3
4
3
6
450
841
5
6
5
3
6
4
0
627
8
5
4
2
4
359
923
9
7
7
5
8
8
615
673
2
2
5
6
3
255
1038
6
2
4
7
13
6
580
715
2
4
6
5
4
125
1165
11
10
10
11
9
10
528
783
2
2
1
2
2
72
1227
24
5
8
10
10
5
0
831
2
1
1
3
3
39
1249
30
5
7
6
8
8
431
875
2
1
5
5
2
31
1229
45
8
4
7
5
6
394
897
6
5
4
2
1
19
1206
62
12
11
11
9
10
357
931
3
5
5
4
2
10
1205
90
9
6
7
8
12
0
972
3
4
7
7
4
4
1183
120
4
6
2
6
10
276
1036
3
0
0
1
1
3
1165
150
7
5
5
7
7
245
1081
4
2
0
2
2
2
1132
186
8
10
7
10
12
211
1106
3
3
1
2
4
2
1089
224
6
12
10
9
8
0
1126
4
4
6
2
5
3
1040
257
3
5
6
5
5
144
1146
5
5
4
2
6
7
996
299
2
6
8
12
5
117
1165
20
6
2
5
4
7
962
349
6
9
9
7
6
88
1141
101
3
2
2
3
2
927
410
6
7
9
6
14
0
1088
196
5
5
3
1
4
882
466
9
6
7
11
13
43
1039
276
5
4
4
2
3
835
496
8
7
10
11
10
35
954
326
2
1
2
5
3
772
525
5
6
7
6
3
20
895
380
5
4
6
6
2
721
572
6
12
11
7
10
0
850
438
8
6
4
4
4
671
642
8
7
8
6
7
12
830
491
2
1
3
2
3
618
715
5
4
8
9
6
7
796
546
1
5
2
5
3
548
805
9
5
7
9
13
10
760
602
3
4
7
3
3
480
863
12
10
11
14
9
0
688
635
4
2
2
4
2
392
914
4
12
9
5
6
3
626
668
3
5
7
6
2
280
1011
5
8
8
8
7
9
578
723
6
6
3
4
6
151
1164
12
5
7
6
7
9
542
784
1
3
2
1
3
78
1243
22
9
10
9
6
0
509
836
4
5
4
4
3
44
1283
36
10
8
13
8
8
463
898
6
3
2
8
4
26
1271
48
7
10
12
12
9
412
910
4
3
6
4
3
19
1234
61
7
8
2
6
6
359
935
5
9
5
4
4
13
1209
84
7
7
9
3
0
320
979
2
6
5
3
1
5
1199
117
10
5
4
4
10
292
1037
3
2
1
4
2
4
1192
145
10
5
7
10
13
255
1088
4
3
5
3
3
5
1173
188
11
14
3
7
10
221
1139
6
6
7
3
8
6
1110
228
4
7
7
7
0
177
1142
5
6
5
4
3
3
1049
250
5
6
7
6
8
143
1148
6
5
3
5
3
4
1003
292
9
7
6
7
10
118
1174
14
6
2
3
4
4
973
345
6
8
6
5
7
87
1154
83
4
1
2
2
3
942
394
9
11
7
8
0
70
1092
181
3
3
4
5
2
901
450
6
7
8
8
8
48
1056
267
4
8
6
3
3
842
497
14
7
8
7
7
36
971
316
2
0
2
5
4
782
522
8
11
6
5
7
22
905
372
8
3
5
6
5
729
565
9
5
8
10
0
13
861
426
2
2
5
3
5
689
621
4
8
4
8
9
13
832
482
4
5
3
2
0
630
702
6
8
7
11
10
14
798
538
3
5
4
3
3
560
790
11
12
10
6
10
10
771
593
10
7
5
5
7
490
840
7
7
11
15
0
9
691
626
3
4
3
4
2
401
895
11
6
7
5
3
6
635
658
5
5
7
5
6
300
991
5
4
6
6
3
4
583
714
7
6
6
4
2
177
1120
6
7
7
5
5
6
543
763
5
5
4
4
5
84
1223
16
8
8
7
0
9
510
822
2
0
2
2
2
46
1264
26
7
11
12
5
11
473
874
3
3
4
2
4
32
1256
41
8
11
11
5
2
421
896
3
2
4
2
2
21
1228
60
5
8
6
7
2
367
924
7
5
7
4
7
12
1207
77
12
4
6
0
8
333
957
2
4
5
5
1
7
1194
102
9
5
8
8
11
303
997
7
5
4
4
3
2
1169
136
3
11
11
10
7
254
1063
1
2
2
3
2
4
1162
174
7
14
11
12
11
216
1119
3
1
4
4
3
1
1113
214
8
8
7
0
10
183
1126
5
2
4
4
5
4
1055
245
8
6
5
8
6
145
1144
4
3
4
3
5
5
1007
288
8
7
10
10
8
125
1167
7
4
3
3
2
5
971
322
11
8
6
9
11
101
1139
64
6
5
6
4
3
930
377
13
12
5
0
6
70
1089
160
0
3
2
2
3
906
435
8
11
9
10
10
58
1048
248
3
4
2
4
2
850
483
11
11
8
9
7
38
977
304
5
4
5
3
3
792
512
8
10
10
8
4
28
913
363
8
7
6
4
6
744
551
10
10
7
0
8
14
871
413
1
3
2
3
4
690
607
9
5
12
13
7
10
831
466
7
8
6
1
6
633
674
6
13
5
4
9
6
791
530
3
2
5
2
2
571
761
9
9
9
8
6
10
764
577
3
4
3
3
2
501
831
7
7
8
0
6
13
701
627
4
4
4
4
2
417
896
9
7
2
6
12
9
646
658
5
5
5
5
6
319
975
6
3
3
7
10
9
593
701
5
4
4
7
4
197
1090
10
4
7
7
9
12
553
741
1
4
5
4
3
97
1204
14
6
5
0
7
9
511
809
5
5
5
3
2
54
1266
26
5
8
9
12
9
470
871
5
2
2
2
3
36
1265
38
7
10
9
6
9
431
900
3
2
4
2
2
22
1238
58
12
8
13
9
10
375
923
3
5
8
6
4
13
1214
69
6
6
0
5
5
337
949
7
8
2
6
5
6
1191
98
8
11
16
6
6
303
997
3
5
7
4
4
5
1176
133
8
7
9
6
6
267
1056
0
3
3
0
3
3
1161
172
10
7
10
11
9
229
1107
3
3
2
2
2
3
1128
203
7
7
0
7
9
188
1138
5
3
3
6
8
2
1077
245
8
9
12
7
12
150
1153
3
4
3
1
6
4
1019
277
4
5
4
3
2
127
1166
8
5
2
7
5
7
978
316
5
9
11
7
5
110
1153
45
6
6
6
4
4
949
369
8
9
0
5
7
78
1100
149
1
2
1
2
2
913
427
9
7
8
11
12
60
1056
234
5
4
6
6
7
858
493
7
5
9
8
9
40
1015
305
5
5
6
8
7
807
522
7
6
11
8
11
34
934
352
2
0
1
2
4
748
551
2
5
0
4
3
16
876
407
5
4
4
4
5
699
591
3
7
8
11
2
9
834
462
2
3
3
4
2
647
668
6
6
8
5
8
10
811
515
1
2
2
2
1
586
751
8
6
6
14
11
7
776
574
7
5
7
6
6
520
836
9
4
0
6
8
8
732
627
5
7
6
2
4
444
897
10
7
8
5
9
6
658
663
2
3
1
2
4
340
959
8
8
6
7
9
6
598
693
4
6
6
5
5
219
1073
4
8
11
6
4
10
558
742
4
2
4
5
3
103
1199
12
3
0
4
5
6
523
799
3
1
3
2
1
58
1256
18
5
8
7
11
13
486
858
6
5
6
4
6
37
1286
48
10
9
13
8
8
439
919
10
6
6
8
6
23
1270
53
10
17
11
9
6
395
929
1
3
6
4
0
17
1221
70
9
0
8
5
7
348
952
3
4
7
3
5
7
1191
98
7
10
4
5
6
305
998
5
2
4
2
2
1
1189
131
8
5
6
9
4
269
1055
3
3
0
3
6
3
1173
163
9
5
5
9
10
250
1098
9
6
6
5
6
8
1145
209
3
0
9
9
9
203
1158
3
5
4
7
5
5
1101
237
8
8
5
10
6
163
1158
2
1
2
2
6
6
1037
263
6
7
9
6
8
136
1162
3
4
8
8
7
7
987
310
8
11
5
4
7
108
1160
36
5
4
3
2
2
952
364
8
0
5
8
5
80
1114
131
3
0
1
1
3
920
419
9
10
4
8
5
54
1069
218
5
3
6
4
6
871
482
9
10
6
8
12
42
1024
298
4
8
7
6
4
821
518
9
7
7
6
9
37
949
342
1
3
3
2
1
760
547
6
0
9
9
3
18
885
398
7
6
5
6
7
707
588
4
9
7
6
5
11
843
447
6
2
4
3
2
656
653
7
4
7
8
8
11
807
506
2
3
5
4
3
599
730
7
7
8
5
8
10
777
565
1
7
6
6
8
530
814
10
0
6
4
8
7
742
615
3
2
2
4
6
454
879
7
7
6
9
7
8
670
650
1
2
1
1
2
357
945
2
6
2
6
7
5
608
690
7
6
4
3
4
242
1055
8
9
6
7
6
5
567
731
3
5
4
5
4
121
1170
12
0
7
8
7
5
520
782
4
3
3
3
1
68
1233
25
5
9
5
6
9
481
842
3
4
3
2
4
40
1262
40
7
5
9
11
13
444
905
8
5
4
4
6
29
1258
47
7
5
5
7
7
399
916
3
5
3
2
2
16
1216
71
0
9
5
5
4
349
946
2
5
4
6
3
7
1203
87
5
7
4
3
4
321
975
4
7
5
5
5
5
1184
118
7
8
5
7
10
278
1019
6
5
5
3
6
7
1151
153
8
8
8
10
4
238
1080
0
1
1
0
1
1
1141
190
0
10
7
10
8
205
1136
7
4
5
4
5
4
1095
227
4
6
6
12
7
170
1143
3
2
2
4
2
5
1036
261
4
6
5
4
6
142
1153
4
5
6
5
4
8
991
302
8
11
7
7
8
113
1163
25
8
6
3
5
7
944
354
0
8
11
10
9
88
1111
107
4
4
4
4
1
907
399
10
8
12
9
11
61
1061
202
3
1
2
2
2
883
453
10
5
7
6
3
41
1018
281
4
2
4
7
7
824
504
9
3
6
8
9
35
955
331
0
1
2
2
0
770
533
0
4
8
12
9
19
894
386
3
3
2
3
5
718
585
9
8
7
7
7
13
858
436
3
4
4
7
7
667
635
11
10
10
9
12
11
808
493
5
1
2
1
2
607
703
5
10
8
7
6
8
770
554
3
2
3
3
3
541
791
0
3
7
9
8
7
740
606
2
5
7
5
1
465
868
9
8
4
10
10
11
683
640
2
1
5
3
4
380
926
8
7
12
12
5
7
621
679
3
4
4
0
4
265
1033
3
6
6
7
6
6
579
716
7
3
3
6
6
140
1150
0
4
6
12
11
10
533
771
5
6
4
4
3
75
1223
19
5
8
10
9
8
488
831
3
2
3
2
3
46
1263
33
10
9
12
8
9
452
885
7
6
4
6
6
32
1251
51
9
7
12
8
6
403
920
8
5
8
7
6
18
1235
0
6
10
3
7
9
360
940
4
4
2
5
2
9
1206
85
6
6
4
8
6
321
977
5
3
5
8
5
3
1190
120
11
8
10
9
8
288
1012
6
4
4
4
4
1
1162
152
10
10
10
7
5
246
1074
6
2
4
6
5
3
1148
0
6
13
8
7
6
210
1125
6
3
2
5
6
4
1102
232
8
9
9
5
5
180
1155
3
4
5
3
3
3
1068
256
13
13
13
9
13
139
1171
4
1
2
3
4
5
1002
298
10
8
4
4
3
114
1169
17
4
4
2
3
4
956
0
5
7
10
9
9
97
1126
90
4
5
3
1
3
917
398
9
10
9
7
6
62
1076
189
6
3
6
6
3
890
451
9
6
11
8
7
50
1029
268
4
4
5
7
4
837
514
8
13
8
10
13
36
990
333
5
4
3
7
6
785
0
9
10
11
12
9
29
916
381
5
3
4
3
1
727
575
12
10
8
7
8
19
857
428
1
6
5
3
3
675
619
7
9
8
7
6
12
815
482
3
1
3
1
1
620
691
9
7
9
7
6
5
783
544
4
3
4
4
4
556
0
6
3
16
18
11
10
756
594
2
4
4
5
6
483
879
5
6
9
9
11
16
719
654
4
3
5
1
4
401
942
12
9
8
7
6
8
644
680
3
5
4
4
2
285
1023
6
7
7
9
5
9
580
719
2
2
1
4
3
157
0
12
8
8
7
7
7
538
764
0
3
5
4
5
78
1226
18
7
9
7
6
7
502
823
8
4
7
8
6
49
1269
37
10
8
10
11
10
467
879
5
3
4
2
3
27
1290
53
10
8
7
11
8
426
937
5
4
6
5
3
15
0
64
10
8
7
10
10
377
947
3
5
5
4
2
9
1221
79
8
3
5
7
11
320
974
1
1
4
5
5
6
1184
114
9
7
7
7
7
287
1010
2
2
4
2
3
4
1176
144
3
6
8
8
10
254
1069
4
4
3
4
7
6
0
178
9
6
6
7
3
223
1117
5
5
4
4
