None
11080
22161
33242
44322
55403
66483
77564
88645
99725
110806
121887
132968
144048
155129
166209
177290
188371
199451
210532
221612
232693
243774
254854
265935
277016
288096
299177
310257
321338
332419
343500
354580
365661
376741
387822
398903
409983
421064
432145
443226
454306
465386
476467
487548
498628
509709
520790
531870
542951
554031
565112
576193
587274
598354
609435
620515
631596
642677
653758
664839
675920
687000
698081
709162
720242
731323
742403
753484
764564
775645
786726
797807
808887
819967
831048
842130
853209
864290
875371
886451
897533
908613
919694
930774
941855
952935
964016
975097
986177
997258
1008340
1019419
1030500
1041581
1052662
1063742
1074823
1085903
1096984
1108065
1119145
1130225
1141306
1152387
1163467
1174548
1185629
1196709
1207790
1218871
1229951
1241032
1252113
1263193
1274274
1285354
1296435
1307516
1318596
1329677
1340758
1351838
1362919
1373999
1385080
1396161
1407241
1418322
1429403
1440484
1451564
1462645
1473725
1484806
1495886
1506967
1518048
1529128
1540209
1551290
1562370
1573451
1584532
1595612
1606693
1617774
1628854
1639935
1651016
1662096
1673177
1684257
1695338
1706419
1717500
1728580
1739661
1750741
1761822
1772902
1783983
1795064
1806144
1817225
1828306
1839388
1850467
1861547
1872628
1883709
1894790
1905870
1916950
1928031
1939112
1950193
1961273
1972354
1983435
1994515
2005596
2016676
2027757
2038838
2049919
2060999
2072080
2083160
2094241
2105322
2116402
2127483
2138563
2149644
2160725
2171805
2182886
2193967
2205047
2216128
2227209
2238290
2249370
2260450
2271531
2282612
2293692
2304773
2315853
2326934
2338016
2349095
2360176
2371257
2382338
2393418
2404499
2415579
2426660
2437741
2448822
2459902
2470982
2482063
2493144
2504225
2515305
2526386
2537466
2548547
2559628
2570708
2581789
2592870
2603950
2615031
2626111
2637192
2648273
2659353
2670434
2681514
2692595
2703676
2714756
2725837
2736918
2747998
2759079
2770160
2781240
2792321
2803402
2814482
2825563
2836644
2847725
2858805
2869886
2880966
2892047
2903127
2914208
2925289
2936369
2947450
2958530
2969611
2980692
2991772
3002854
3013933
3025014
3036095
3047175
3058256
3069337
3080417
3091498
3102579
3113659
3124740
3135821
3146901
3157982
3169063
3180143
3191224
3202304
3213385
3224466
3235547
3246628
3257708
3268788
3279869
3290950
3302030
3313111
3324191
3335272
3346353
3357434
3368514
3379595
3390675
3401756
3412837
3423917
3434998
3446079
3457159
3468240
3479320
3490401
3501482
3512562
3523643
3534724
3545804
3556885
3567966
3579046
3590127
3601207
3612288
3623369
3634449
3645530
3656611
3667691
3678772
3689852
3700933
3712014
3723095
3734175
3745255
3756336
3767417
3778497
3789578
3800659
3811739
3822820
3833903
3844982
3856062
3867143
3878223
3889304
3900385
3911465
3922546
3933626
3944707
3955788
3966869
3977949
3989030
4000110
4011191
4022272
4033353
4044433
4055514
4066594
4077675
4088755
4099836
4110917
4121997
4133078
4144159
4155239
4166320
4177400
4188481
4199562
4210642
4221723
4232804
4243884
4254965
4266046
4277126
4288207
4299287
4310368
4321449
4332530
4343610
4354691
4365771
4376852
4387933
4399013
4410094
4421174
4432255
4443336
4454416
4465497
4476578
4487658
4498739
4509819
4520901
4531981
4543061
4554142
4565223
4576303
4587384
4598465
4609545
4620626
4631707
4642788
4653868
4664949
4676029
4687110
4698190
4709271
4720352
4731432
4742513
4753594
4764674
4775755
4786836
4797917
4808997
4820077
4831159
4842239
