33242
44322
55403
66483
77564
88645
99725
110806
199451
210532
221612
232693
243774
254854
265935
277016
365661
376741
387822
398903
409983
421064
432145
443226
531870
542951
554031
565112
576193
587274
598354
609435
698081
709162
720242
731323
742403
753484
764564
775645
864290
875371
886451
897533
908613
919694
930774
941855
1030500
1041581
1052662
1063742
1074823
1085903
1096984
1108065
1196709
1207790
1218871
1229951
1241032
1252113
1263193
1274274
1362919
1373999
1385080
1396161
1407241
1418322
1429403
1440484
1529128
1540209
1551290
1562370
1573451
1584532
1595612
1606693
1695338
1706419
1717500
1728580
1739661
1750741
1761822
1772902
1872628
1883709
1894790
1905870
1916950
1928031
1939112
2038838
2049919
2060999
2072080
2083160
2094241
2105322
2205047
2216128
2227209
2238290
2249370
2260450
2271531
2371257
2382338
2393418
2404499
2415579
2426660
2437741
2537466
2548547
2559628
2570708
2581789
2592870
2603950
2703676
2714756
2725837
2736918
2747998
2759079
2770160
2869886
2880966
2892047
2903127
2914208
2925289
2936369
3036095
3047175
3058256
3069337
3080417
3091498
3102579
3202304
3213385
3224466
3235547
3246628
3257708
3268788
3368514
3379595
3390675
3401756
3412837
3423917
3434998
3534724
3545804
3556885
3567966
3579046
3590127
3601207
3612288
3700933
3712014
3723095
3734175
3745255
3756336
3767417
3778497
3867143
3878223
3889304
3900385
3911465
3922546
3933626
3944707
4033353
4044433
4055514
4066594
4077675
4088755
4099836
4110917
4199562
4210642
4221723
4232804
4243884
4254965
4266046
4277126
4365771
4376852
4387933
4399013
4410094
4421174
4432255
4443336
4531981
4543061
4554142
4565223
4576303
4587384
4598465
4609545
4698190
4709271
4720352
4731432
4742513
4753594
4764674
4775755
