210533.0
409984.0
609436.0
808888.0
1008341.0
1207791.0
1407243.0
1606695.0
1806147.0
2005599.0
2205051.0
2404503.0
2603955.0
2803406.0
3002858.0
3202311.0
3401761.0
3601213.0
3800665.0
4000118.0
4199569.0
4399020.0
4598472.0
4809005.0
5008457.0
5207908.0
5407360.0
5606812.0
5806264.0
6005716.0
6205167.0
6404619.0
6604071.0
6803523.0
7002975.0
7202427.0
7412959.0
7601330.0
7800782.0
8000234.0
8199685.0
8399137.0
8609669.0
8809121.0
9008573.0
9208025.0
9407477.0
9606929.0
9806381.0
10005832.0
10205284.0
10404736.0
10604188.0
10803640.0
11003091.0
11202544.0
11401995.0
11601447.0
11800899.0
12000351.0
12210883.0
12399254.0
12598706.0
12809240.0
12997610.0
13208143.0
13407594.0
13607046.0
13806499.0
14005949.0
14205402.0
14404853.0
14604305.0
14803757.0
15003209.0
15202661.0
15402112.0
15601565.0
15801016.0
16000468.0
16199920.0
16410452.0
16609904.0
16798276.0
17008808.0
17208259.0
17407711.0
17607163.0
17806615.0
18006066.0
18205518.0
18404971.0
18604422.0
18803875.0
19003325.0
19202777.0
19402229.0
19601681.0
19801134.0
20000585.0
20200036.0
20399488.0
20598940.0
20809472.0
20997844.0
21197296.0
21407828.0
21596199.0
21806732.0
22006183.0
22205635.0
22405087.0
22593459.0
22803991.0
23003442.0
23202894.0
23402347.0
23601798.0
23801250.0
24000702.0
24200153.0
24399605.0
24610138.0
24809590.0
24997962.0
25208493.0
25407945.0
25607397.0
25806849.0
26006301.0
26205752.0
26405204.0
26604656.0
26804108.0
27003560.0
27203012.0
27402463.0
27601916.0
27801367.0
28000819.0
28200272.0
28399722.0
28599205.0
28798626.0
28998078.0
29197530.0
29396981.0
29607514.0
29806966.0
30006418.0
30205870.0
30405321.0
30604775.0
30804225.0
31003677.0
31203129.0
31402580.0
31602033.0
31801486.0
32000936.0
32200388.0
32399839.0
32610372.0
32798743.0
33009276.0
33197647.0
33408180.0
33596551.0
33807083.0
34006535.0
34194906.0
34405439.0
34593810.0
34804343.0
35003794.0
35203246.0
35402698.0
35602150.0
35801602.0
36001053.0
36200505.0
36399957.0
36599409.0
36798861.0
37009394.0
37197764.0
37397217.0
37607749.0
37807201.0
38006652.0
38206104.0
38405557.0
38605008.0
38804460.0
39003912.0
39203364.0
39402816.0
39602267.0
39801719.0
40001171.0
40200623.0
40400074.0
40610607.0
40798979.0
40998430.0
41197882.0
41408414.0
41596786.0
41796238.0
42006770.0
42206222.0
42405673.0
42605125.0
42804577.0
42992948.0
43203481.0
43402933.0
43602385.0
43801836.0
44001288.0
44200740.0
44400192.0
44599644.0
44799096.0
44998548.0
45197999.0
45397451.0
45596903.0
45796355.0
45995806.0
46206339.0
46405791.0
46605243.0
46804695.0
47004147.0
47192518.0
47403050.0
47602502.0
47801955.0
48001406.0
48200857.0
48400309.0
48599761.0
48799213.0
48998665.0
49209198.0
49397569.0
49597021.0
49796473.0
49995924.0
50195376.0
50405910.0
50605361.0
50804812.0
51004264.0
51203716.0
51403168.0
51602620.0
51802071.0
52001523.0
52200976.0
52400427.0
52588799.0
52799331.0
52998783.0
53198236.0
53397687.0
53597138.0
53807671.0
53996042.0
54195495.0
54394946.0
54605478.0
54804930.0
55004382.0
55203834.0
55403286.0
55602737.0
55802190.0
56001642.0
56201093.0
56400546.0
56599997.0
56799448.0
56998901.0
57198354.0
57408884.0
57597256.0
57807788.0
57996160.0
58195612.0
58395063.0
58605596.0
58805048.0
59004500.0
59203952.0
59403403.0
59602856.0
59802308.0
60001759.0
60201211.0
60400663.0
60600115.0
60799566.0
60999018.0
61198470.0
61397922.0
61597373.0
61796826.0
61996277.0
62195729.0
62395181.0
62594633.0
62794085.0
62993537.0
63204069.0
63403521.0
63602973.0
63802425.0
64001877.0
64201329.0
64400780.0
64600232.0
64799684.0
64999136.0
65198587.0
65398040.0
65597491.0
65796943.0
66007476.0
66195847.0
66395299.0
66605832.0
66805283.0
67004735.0
67204187.0
67403639.0
67603091.0
67802543.0
68001995.0
68201446.0
68400898.0
68600350.0
68799802.0
68999255.0
69198706.0
69398157.0
69597609.0
69797061.0
69996513.0
70195965.0
70395417.0
70594869.0
70805401.0
71004853.0
71204305.0
71392677.0
71603208.0
71791580.0
72002112.0
72201564.0
72401016.0
72600468.0
72799920.0
72999372.0
73198824.0
73398275.0
73597727.0
73808260.0
73996631.0
74196083.0
74395535.0
74594987.0
74794438.0
74993890.0
75204423.0
75392794.0
75603327.0
75802778.0
76002231.0
76201682.0
76401134.0
76600586.0
76800038.0
76999490.0
77198942.0
77398393.0
77597845.0
77797297.0
78007830.0
78196201.0
78395653.0
78595104.0
78805637.0
79005089.0
79193460.0
79403993.0
79603445.0
79802896.0
80002348.0
80201800.0
80401252.0
80600704.0
80800156.0
80999607.0
81199059.0
81398511.0
81597963.0
81797415.0
81996867.0
82196319.0
82395771.0
82595222.0
82794674.0
83005207.0
83204659.0
83404111.0
83603563.0
83803014.0
84002466.0
84201919.0
84401370.0
84600822.0
84800273.0
84999726.0
85199178.0
85398629.0
85598082.0
85797533.0
85996985.0
86196437.0
86395889.0
86595341.0
86794792.0
86994244.0
87193696.0
87393148.0
87603680.0
87803133.0
88002584.0
88202037.0
88401488.0
88600942.0
88800393.0
88999844.0
89199296.0
89398748.0
89598202.0
89797651.0
89997110.0
90196555.0
90396007.0
90595460.0
90794911.0
90994363.0
91193815.0
91404347.0
91592719.0
91803254.0
91991622.0
92202155.0
92401606.0
92601059.0
92800510.0
92999962.0
93199414.0
93398866.0
93598318.0
93797769.0
93997221.0
94196673.0
94396125.0
94595576.0
94795028.0
94994481.0
95193932.0
95393384.0
95592838.0
95792288.0
96002820.0
96191193.0
96390644.0
96601176.0
96800628.0
97000080.0
97199531.0
97398983.0
97598435.0
97797887.0
97997339.0
98196791.0
98407324.0
98595695.0
98795147.0
98994599.0
99194050.0
99393503.0
99592954.0
99792406.0
100002938.0
100191309.0
100401842.0
100590214.0
100800745.0
101000198.0
101199649.0
101399102.0
101598553.0
101798005.0
101997457.0
102196909.0
102396361.0
102595813.0
102795265.0
102994716.0
103194169.0
103393621.0
103593072.0
103792524.0
104003056.0
104191428.0
104390880.0
104601412.0
104800864.0
104989235.0
105199768.0
105399219.0
105598671.0
105798123.0
105997575.0
106197027.0
106396479.0
106595931.0
106795383.0
106994835.0
107194287.0
107393738.0
107593190.0
107792642.0
107992094.0
108191545.0
108402078.0
108601530.0
108800982.0
109000434.0
109199886.0
109399338.0
109598790.0
109798242.0
109997693.0
110197145.0
110396597.0
110596049.0
110795501.0
110994953.0
111194405.0
111393856.0
111593308.0
111792760.0
111992212.0
112202745.0
112402196.0
112601651.0
112801100.0
113000552.0
113200004.0
113399456.0
113598908.0
113798359.0
113997811.0
114197264.0
114396715.0
114596167.0
114795619.0
114995071.0
115194523.0
115393975.0
115593426.0
115792878.0
115992330.0
116202863.0
116391234.0
116601766.0
116790138.0
117000670.0
117200122.0
117399574.0
117599026.0
117798478.0
117997930.0
118197381.0
118396833.0
118596285.0
118795737.0
118995189.0
119194641.0
119394093.0
119593544.0
119792996.0
119992448.0
120202981.0
120402433.0
120601885.0
120801336.0
120989708.0
121200240.0
121399692.0
121599144.0
121798596.0
121998048.0
122197500.0
122396951.0
122596404.0
122795855.0
122973146.0
123194759.0
123394211.0
123593663.0
123793114.0
123992566.0
124192018.0
124391470.0
124602003.0
124790374.0
125000906.0
125200358.0
125399810.0
125599262.0
125798715.0
125998166.0
126197618.0
126397070.0
126596521.0
126795973.0
126995426.0
127194878.0
127394329.0
127593780.0
127793232.0
127992685.0
128192137.0
128391588.0
128602121.0
128790492.0
129001024.0
129189396.0
129399928.0
129599380.0
129798832.0
129998284.0
130197736.0
130397189.0
130596639.0
130796091.0
130995543.0
131194995.0
131394447.0
131593899.0
131793351.0
131992803.0
132192254.0
132391706.0
132602239.0
132790610.0
133001143.0
133189514.0
133400046.0
133599498.0
133798950.0
133998402.0
134197854.0
134397306.0
134596758.0
134796210.0
134995661.0
135195113.0
135394565.0
135594017.0
135793469.0
135992921.0
136192373.0
136391824.0
136591277.0
136790729.0
136990180.0
137189632.0
137400165.0
137599616.0
137799069.0
137998520.0
138197972.0
138397424.0
138596876.0
138796328.0
138995780.0
139195231.0
139394683.0
139594135.0
139793587.0
139993039.0
140192491.0
140391942.0
140591394.0
140790846.0
140990298.0
141189750.0
141389202.0
141588654.0
141799186.0
141998638.0
142198090.0
142397542.0
142596994.0
142796447.0
142995897.0
143195349.0
143394801.0
143594253.0
143793705.0
143993157.0
144192609.0
144392061.0
144591513.0
144790965.0
145001497.0
145189869.0
145400401.0
145588772.0
145799305.0
145998756.0
146198208.0
146397660.0
146597112.0
146796564.0
146996016.0
147195467.0
147394919.0
147605452.0
147793823.0
147993276.0
148192727.0
148392179.0
148591631.0
148791083.0
148990535.0
149189986.0
149389438.0
149599971.0
149788342.0
149998874.0
150198327.0
150386698.0
150597231.0
150796682.0
150996134.0
151195586.0
151395038.0
151594489.0
151793942.0
151993393.0
152192845.0
152392297.0
152580668.0
152791202.0
152990653.0
153190105.0
153389557.0
153589008.0
153799541.0
153987912.0
154187364.0
154397897.0
154597348.0
154796800.0
154996252.0
155195704.0
155384075.0
155594608.0
155794060.0
155993512.0
156192964.0
156392415.0
156591867.0
156791319.0
156990770.0
157190222.0
157389677.0
157589128.0
157799661.0
157988030.0
158198563.0
158398015.0
158597466.0
158796918.0
158996370.0
159195822.0
159395274.0
159594726.0
159794177.0
159993629.0
160193081.0
160392533.0
160591985.0
160791437.0
160990889.0
161190341.0
161389793.0
161589245.0
161788697.0
161988148.0
162198681.0
162398133.0
162597585.0
162797036.0
162996489.0
163195940.0
163395392.0
163594844.0
163794296.0
163993747.0
164193200.0
164392653.0
164592104.0
164791556.0
164991007.0
165190459.0
165389912.0
165589363.0
165799895.0
165988267.0
166198799.0
166398251.0
166597703.0
166797155.0
166996608.0
167196062.0
167395511.0
167594963.0
167794414.0
167993866.0
168193318.0
168392771.0
168592222.0
168791674.0
168991126.0
169190577.0
169390030.0
169589481.0
169788933.0
169988385.0
170165675.0
170387288.0
170597821.0
170797273.0
170996724.0
171196176.0
171395628.0
171595080.0
171794532.0
171993984.0
172204516.0
172392888.0
172592340.0
172791791.0
172991243.0
173190695.0
173390147.0
173589599.0
173789051.0
173988503.0
174199036.0
174387407.0
174597939.0
174797391.0
174996843.0
175196295.0
175395747.0
175595198.0
175794650.0
175994102.0
176193554.0
176393005.0
176592457.0
176791909.0
176991361.0
177190814.0
177390265.0
177589717.0
177800250.0
177988622.0
178188072.0
178387525.0
178598057.0
178797509.0
178996961.0
179196412.0
179395864.0
179595316.0
179794768.0
179994220.0
180193673.0
180393124.0
180592576.0
180792028.0
180991479.0
181190931.0
181390383.0
181589835.0
181789287.0
181988739.0
182188191.0
182398723.0
182587094.0
182786546.0
182997079.0
183185450.0
183395983.0
183595435.0
183794887.0
183994338.0
184193791.0
184393242.0
184592694.0
184792146.0
184991598.0
185191049.0
185390501.0
185589953.0
185789405.0
185988857.0
186188309.0
186387761.0
186587213.0
186786665.0
186986116.0
187185568.0
187385020.0
187595553.0
187795005.0
187994456.0
188193909.0
188393360.0
188592812.0
188792264.0
188991716.0
189191168.0
189390619.0
189590071.0
189789523.0
189988975.0
190188427.0
190387879.0
190587331.0
190786783.0
190997315.0
191185687.0
191396219.0
191595671.0
191795123.0
191994575.0
192194026.0
192393478.0
192592930.0
192792382.0
192991834.0
193191286.0
193390738.0
193590190.0
193789642.0
193989093.0
194188545.0
194387997.0
194587449.0
194786901.0
194986353.0
195185805.0
195396337.0
195595789.0
195795241.0
195994693.0
196194145.0
196393596.0
196593048.0
196781419.0
196991952.0
197191404.0
197390856.0
197590308.0
197789760.0
197989212.0
198188663.0
198388115.0
198587567.0
198798111.0
198986471.0
199185923.0
199396455.0
199595907.0
199795359.0
199994811.0
200194263.0
200393715.0
200593167.0
200792618.0
200992070.0
201191522.0
201390974.0
201590426.0
201789878.0
201989330.0
202188781.0
202388233.0
202587685.0
202787138.0
202986589.0
203186041.0
203396573.0
203596025.0
203795477.0
203994929.0
204194381.0
204393833.0
204593285.0
204792743.0
204992188.0
205191640.0
205391092.0
205590544.0
205789996.0
205989447.0
206188899.0
206388351.0
206587803.0
206798337.0
206997788.0
207186159.0
207396692.0
207585063.0
207795595.0
207983966.0
208194499.0
208382870.0
208593403.0
208792855.0
208992306.0
209191758.0
209391210.0
209590663.0
209790115.0
209989567.0
210189018.0
210388470.0
210587922.0
210787373.0
210986825.0
211186277.0
211396810.0
211585181.0
211795713.0
211995165.0
212194617.0
212394069.0
212593521.0
212792973.0
212992425.0
213191877.0
213391328.0
213590781.0
213790232.0
213989684.0
214189136.0
214388588.0
214588040.0
214787492.0
214986944.0
215186395.0
215385847.0
215585299.0
215795832.0
215984202.0
216194735.0
216394187.0
216593639.0
216793091.0
216992543.0
217191995.0
217391446.0
217590898.0
217790350.0
217989802.0
218189254.0
218388706.0
218588158.0
218787609.0
218987061.0
219186513.0
219385965.0
219585417.0
219784869.0
219984321.0
220194854.0
220394305.0
220593757.0
220793209.0
220992661.0
221192112.0
221380484.0
221591016.0
221790469.0
221989920.0
222189372.0
222388824.0
222588276.0
222787728.0
222987180.0
223186632.0
223397165.0
223585535.0
223784987.0
223984439.0
224183891.0
224394424.0
224593876.0
224793327.0
224992779.0
225192231.0
225391683.0
225591135.0
225790587.0
225990039.0
226189490.0
226388944.0
226588394.0
226787846.0
226987298.0
227186750.0
227386201.0
227585653.0
227796186.0
227984558.0
228184009.0
228383461.0
228593993.0
228782365.0
228992897.0
229192350.0
229391801.0
229591253.0
229790705.0
229990157.0
230189608.0
230389060.0
230588512.0
230787964.0
230987416.0
231186868.0
231386320.0
231585771.0
231785224.0
231984675.0
232184127.0
232383579.0
232583032.0
232793563.0
232993015.0
233192467.0
233391919.0
233591371.0
233790823.0
233990275.0
234189726.0
234389179.0
234588631.0
234788082.0
234987534.0
235186986.0
235386438.0
235585890.0
235785341.0
235984793.0
236195328.0
236394779.0
236583149.0
236793682.0
236993134.0
237192586.0
237392038.0
237591490.0
237790941.0
237990394.0
238189846.0
238389297.0
238588749.0
238788201.0
238987652.0
239187106.0
239386557.0
239586008.0
239785460.0
239984912.0
240184365.0
240383817.0
240583267.0
240782720.0
240982172.0
241192704.0
241392155.0
241591607.0
241791059.0
241990512.0
242189964.0
242389415.0
242588867.0
242788319.0
242987771.0
243187224.0
243386674.0
243586127.0
243785578.0
243985030.0
244184483.0
244383934.0
244583386.0
244782838.0
244982289.0
245181744.0
245381195.0
245591726.0
245791177.0
245979549.0
246190081.0
246389533.0
246588985.0
246788437.0
246987888.0
247187341.0
247386792.0
247586244.0
247785696.0
247996229.0
248184600.0
248384052.0
248583504.0
248782956.0
248982407.0
249181859.0
249392392.0
249591844.0
249791295.0
249990748.0
250190199.0
250389651.0
250589103.0
250788555.0
250988007.0
251187459.0
251386910.0
251586362.0
251785814.0
251985266.0
252184718.0
252384170.0
252583622.0
252783074.0
252982526.0
253181977.0
253392510.0
253591962.0
253791414.0
253990866.0
254190317.0
254389769.0
254589221.0
254788673.0
254988125.0
255187576.0
255387029.0
255586481.0
255785933.0
255985385.0
256184836.0
256384288.0
256583740.0
256783192.0
256982644.0
257182095.0
257381547.0
257580999.0
257791532.0
257990983.0
258190435.0
258389887.0
258589339.0
258788791.0
258988243.0
259187695.0
259387147.0
259586599.0
259786050.0
259985502.0
260184954.0
260384406.0
260583858.0
260783310.0
260982762.0
261182214.0
261381666.0
261581117.0
261791652.0
261980021.0
262190554.0
262390006.0
262589457.0
262788910.0
262988363.0
263187813.0
263387265.0
263586717.0
263786169.0
263985621.0
264185073.0
264384524.0
264583983.0
264783429.0
264982880.0
265182331.0
265381783.0
265581235.0
265791768.0
265991220.0
266190672.0
266390124.0
266589576.0
266789027.0
266988479.0
267187931.0
267387383.0
267586835.0
267786287.0
267985738.0
268185190.0
268384642.0
268584094.0
268783546.0
268982998.0
269182450.0
269381902.0
269581353.0
269780806.0
269991338.0
270179709.0
270390242.0
270578613.0
270789145.0
270988598.0
271188049.0
271387501.0
271586953.0
271786405.0
271985857.0
272185309.0
272384761.0
272573132.0
272783664.0
272983116.0
273182568.0
273382020.0
273581472.0
273780924.0
273980376.0
274190908.0
274390360.0
274589812.0
274789264.0
274988716.0
275188167.0
275387619.0
275587071.0
275786523.0
275985975.0
276185428.0
276384879.0
276584330.0
276783783.0
276983234.0
277182686.0
277382138.0
277581591.0
277781042.0
277980494.0
278191026.0
278379397.0
278589931.0
278789382.0
278988834.0
279188286.0
279387737.0
279587190.0
279786642.0
279986093.0
280185545.0
280384997.0
280584450.0
280783901.0
280983354.0
281182804.0
281382256.0
281581708.0
281781159.0
281980612.0
282180064.0
282379516.0
282578967.0
282778419.0
282977871.0
283188404.0
283387856.0
283587308.0
283786759.0
283986211.0
284185664.0
284385115.0
284584567.0
284784018.0
284983471.0
285182922.0
285382374.0
285581827.0
285781278.0
285980730.0
286191262.0
286379634.0
286590166.0
286778538.0
286989070.0
287188522.0
287387974.0
287587426.0
287786877.0
287986330.0
288185781.0
288385234.0
288584685.0
288784137.0
288983589.0
289183041.0
289382493.0
289581944.0
289781396.0
289980848.0
290180300.0
290379752.0
290579204.0
290778656.0
290989188.0
291188640.0
291388092.0
291587544.0
291786996.0
291986448.0
292185899.0
292385353.0
292584803.0
292784255.0
292983708.0
293183159.0
293382611.0
293582062.0
293781514.0
293980966.0
294180418.0
294379871.0
294579322.0
294778773.0
294978225.0
295177677.0
295388210.0
295587662.0
295787114.0
295986566.0
296186017.0
296385469.0
296584921.0
296784373.0
296983825.0
297172196.0
297382729.0
297582180.0
297781632.0
297981084.0
298180536.0
298379988.0
298579440.0
298778892.0
298989425.0
299188876.0
299388329.0
299587780.0
299787232.0
299986684.0
300186136.0
300385588.0
300585040.0
300784491.0
300983943.0
301183395.0
301382847.0
301582299.0
301781751.0
301981203.0
302180655.0
302380107.0
302579558.0
302779010.0
302978462.0
303177914.0
303388446.0
303587898.0
303787350.0
303986802.0
304186254.0
304385706.0
304585158.0
304784610.0
304984062.0
305183513.0
305382965.0
305582417.0
305781869.0
305981321.0
306180773.0
306380224.0
306579677.0
306779128.0
306978580.0
307178034.0
307377484.0
307588016.0
307787468.0
307986920.0
308186372.0
308385824.0
308585276.0
308784727.0
308984179.0
309183631.0
309383083.0
309582535.0
309781987.0
309981439.0
310180891.0
310380343.0
310579795.0
310779246.0
310978698.0
311178150.0
311377602.0
311577054.0
311787587.0
311987040.0
312186491.0
312385943.0
312585394.0
312784847.0
312984299.0
313183750.0
313383202.0
313582654.0
313782105.0
313981558.0
314181009.0
314380462.0
314579913.0
314779365.0
314978818.0
315178269.0
315377721.0
315577173.0
315776624.0
315987158.0
316186608.0
316386061.0
316585512.0
316784964.0
316984416.0
317183867.0
317383319.0
317582772.0
317782223.0
317981677.0
318181127.0
318380579.0
318580031.0
318779483.0
318978935.0
319178387.0
319377838.0
319577291.0
319776742.0
319976195.0
320186726.0
320386179.0
320585630.0
320785082.0
320984534.0
321183986.0
321383438.0
321582889.0
321771261.0
321981793.0
322181245.0
322380697.0
322580149.0
322779601.0
322979053.0
323178505.0
323377956.0
323577408.0
323787941.0
323976312.0
324175764.0
324386296.0
324585749.0
324785201.0
324984652.0
325184104.0
325383556.0
325583008.0
325782460.0
325981912.0
326181363.0
326380816.0
326580267.0
326779720.0
326979171.0
327178623.0
327378074.0
327577526.0
327776979.0
327976430.0
328175883.0
328375334.0
328585867.0
328785318.0
328984771.0
329184222.0
329383674.0
329583126.0
329782578.0
329982029.0
330181481.0
330380934.0
330580385.0
330779837.0
330979289.0
331178741.0
331378193.0
331577645.0
331777097.0
331976548.0
332176000.0
332375452.0
332585985.0
332785436.0
332984889.0
333184340.0
333383792.0
333583244.0
333782696.0
333982148.0
334181600.0
334381052.0
334580503.0
334779956.0
334979407.0
335178859.0
335378311.0
335577763.0
335777215.0
335976667.0
336176118.0
336375570.0
336575022.0
336785555.0
336985007.0
337184459.0
337383910.0
337583363.0
337782814.0
337982266.0
338181718.0
338381170.0
338580622.0
338780077.0
338979525.0
339178977.0
339378429.0
339577882.0
339777333.0
339976785.0
340176237.0
340375689.0
340586221.0
340774592.0
340985125.0
341184576.0
341384029.0
341583480.0
341782932.0
341982385.0
342181836.0
342381288.0
342580740.0
342780191.0
342979643.0
343179095.0
343378547.0
343577999.0
343777451.0
343976903.0
344176355.0
344375806.0
344575259.0
344774711.0
344985243.0
345184695.0
345384147.0
345583599.0
345783050.0
345982503.0
346181954.0
346370325.0
346580858.0
346780310.0
346979761.0
347179214.0
347378665.0
347578117.0
347777569.0
347977021.0
348176473.0
348387005.0
348575377.0
348774829.0
348974281.0
349184813.0
349384265.0
349583716.0
349783168.0
349982620.0
350182072.0
350381525.0
350580976.0
350780428.0
350979880.0
351179332.0
351378784.0
351578235.0
351777687.0
351977139.0
352176591.0
352376043.0
352575495.0
352774947.0
352985480.0
353173851.0
353384383.0
353583835.0
353783287.0
353982739.0
354182190.0
354381643.0
354581094.0
354780546.0
354979998.0
355179449.0
355378902.0
355578353.0
355777805.0
355977258.0
356176709.0
356376161.0
356575613.0
356775064.0
356974517.0
357173969.0
357384501.0
357583953.0
357783405.0
357982857.0
358182309.0
358381761.0
358581213.0
358780664.0
358980116.0
359179568.0
359379020.0
359578472.0
359777924.0
359977375.0
360176827.0
360376279.0
360575731.0
360775183.0
360974635.0
361174087.0
361384619.0
361584071.0
361783523.0
361982975.0
362182428.0
362381879.0
362581331.0
362780782.0
362980235.0
363179686.0
363379138.0
363578590.0
363778042.0
363977494.0
364176946.0
364387478.0
364586930.0
364775302.0
364974753.0
365174205.0
365384737.0
365584189.0
365783641.0
365983093.0
366182544.0
366381996.0
366581449.0
366780901.0
366980352.0
367179805.0
367379256.0
367578708.0
367778160.0
367977612.0
368177064.0
368376516.0
368575968.0
368775420.0
368974871.0
369174323.0
369373775.0
369573227.0
369783759.0
369972131.0
370182663.0
370371034.0
370581567.0
370781019.0
370969390.0
371179923.0
371379374.0
371578826.0
371778278.0
371977730.0
372177182.0
372376634.0
372576086.0
372775537.0
372986070.0
373174441.0
373373893.0
373573345.0
373772797.0
373983330.0
374182781.0
374382233.0
374581685.0
374781137.0
374980589.0
375180041.0
375379493.0
375578944.0
375778396.0
375977848.0
376177300.0
376376752.0
376576204.0
376775655.0
376975108.0
377174560.0
377374011.0
377573463.0
377772915.0
377983447.0
378182900.0
378382352.0
378581803.0
378781255.0
378980708.0
379180159.0
379379610.0
379579063.0
379778514.0
379977966.0
380177419.0
380376870.0
380576322.0
380775774.0
380975226.0
381174678.0
381374130.0
381573582.0
381773034.0
381972485.0
382171937.0
382371389.0
382581921.0
382781373.0
382980825.0
383180277.0
383379729.0
383579181.0
383778633.0
383978085.0
384177537.0
384376988.0
384576440.0
384775892.0
384975344.0
385174796.0
385374249.0
385573700.0
385784235.0
385972604.0
386183137.0
386382588.0
386582040.0
386781492.0
386980945.0
387180396.0
387379848.0
387579299.0
387778753.0
387978203.0
388177655.0
388377107.0
388576560.0
388776011.0
388975463.0
389174915.0
389374367.0
389573818.0
389784352.0
389972722.0
390183254.0
390382706.0
390582158.0
390781611.0
390981062.0
391180514.0
391379966.0
391579418.0
391778871.0
391978321.0
392177773.0
392377225.0
392576677.0
392776129.0
392975580.0
393175033.0
393374485.0
393573937.0
393773388.0
393972840.0
394150131.0
394371744.0
394582277.0
394781728.0
394981180.0
395180632.0
395380083.0
395568455.0
395778987.0
395978439.0
396177891.0
396377343.0
396576795.0
396776248.0
396975699.0
397175151.0
397374603.0
397585135.0
397773507.0
397972958.0
398183491.0
398371862.0
398582395.0
398781847.0
398981298.0
399180750.0
399380202.0
399579654.0
399779106.0
399978558.0
400178010.0
400377462.0
400576914.0
400776365.0
400975817.0
401175269.0
401374721.0
401574173.0
401773625.0
401973077.0
402172529.0
402371980.0
402582513.0
402781965.0
402981417.0
403180868.0
403380321.0
403579774.0
403779224.0
403978676.0
404178128.0
404377580.0
404577032.0
404776484.0
404975936.0
405175387.0
405374839.0
405574291.0
405773743.0
405973194.0
406172646.0
406372099.0
406571550.0
406771002.0
406981535.0
407169906.0
407380439.0
407579890.0
407779342.0
407978794.0
408178246.0
408377698.0
408577150.0
408776602.0
408976053.0
409175505.0
409374957.0
409574409.0
409773861.0
409973313.0
410172765.0
410372217.0
410582750.0
410771121.0
410970573.0
411170024.0
411380557.0
411580009.0
411779461.0
411978912.0
412178365.0
412377816.0
412577269.0
412776720.0
412976172.0
413175624.0
413375076.0
413574528.0
413773979.0
413973431.0
414172883.0
414372335.0
414571787.0
414771239.0
414981771.0
415170143.0
415380675.0
415580127.0
415779579.0
415979031.0
416178483.0
416377935.0
416577387.0
416776838.0
416976290.0
417175742.0
417375194.0
417574646.0
417774098.0
417973550.0
418173001.0
418372454.0
418571905.0
418771357.0
418970809.0
419170261.0
419380793.0
419569164.0
419779697.0
419979149.0
420167520.0
420378053.0
420577505.0
420776957.0
420976409.0
421175860.0
421375313.0
421574764.0
421774216.0
421973668.0
422162039.0
422372571.0
422572024.0
422771476.0
422970928.0
423170379.0
423369831.0
423569283.0
423779816.0
423979267.0
424178719.0
424378171.0
424577623.0
424777075.0
424976527.0
425175979.0
425375431.0
425574882.0
425774334.0
425973786.0
426173238.0
426372690.0
426572142.0
426771594.0
426971046.0
427170498.0
427369949.0
427569401.0
427779933.0
427979386.0
428178838.0
428378289.0
428577741.0
428777193.0
428976645.0
429176097.0
429375549.0
429575001.0
429774453.0
429973904.0
430173357.0
430372808.0
430572261.0
430771712.0
430971164.0
431170616.0
431370068.0
431569520.0
431780052.0
431979504.0
432178956.0
432378408.0
432577860.0
432777312.0
432976763.0
433176215.0
433375667.0
433575119.0
433774572.0
433974023.0
434173475.0
434372927.0
434572379.0
434771830.0
434971282.0
435170734.0
435381267.0
435580718.0
435780171.0
435979623.0
436179074.0
436378526.0
436577979.0
436777430.0
436976883.0
437176334.0
437375785.0
437575237.0
437774689.0
437974141.0
438173593.0
438373044.0
438572496.0
438771948.0
438971401.0
439170852.0
439370304.0
439569756.0
439780289.0
439968660.0
440179192.0
440378645.0
440578096.0
440777548.0
440977000.0
441176452.0
441375904.0
441575355.0
441774807.0
441974259.0
442173711.0
442373163.0
442572615.0
442772067.0
442971519.0
443170970.0
443370422.0
443569874.0
443780407.0
443979859.0
444179310.0
444378762.0
444578214.0
444766585.0
444977118.0
445176570.0
445376022.0
445575474.0
445774926.0
445974377.0
446173829.0
446373281.0
446572733.0
446783266.0
446971637.0
447171089.0
447381621.0
447569993.0
447747283.0
447957815.0
448179429.0
448378881.0
448578332.0
448777784.0
448977236.0
449176688.0
449376140.0
449564511.0
449775044.0
449974496.0
450173947.0
450373399.0
450572851.0
450772303.0
450971755.0
451171207.0
451370659.0
451570111.0
451780643.0
451969014.0
452168466.0
452367918.0
452578450.0
452777904.0
452977354.0
453176806.0
453376258.0
453575711.0
453775162.0
453974614.0
454174065.0
454373517.0
454572969.0
454772421.0
454971873.0
455171325.0
455370777.0
455570228.0
455769681.0
455969132.0
456168584.0
456368036.0
456567489.0
456766940.0
456977473.0
457176924.0
457376376.0
457575828.0
457775279.0
457974731.0
458174183.0
458373635.0
458573087.0
458772539.0
458971991.0
459171443.0
459370895.0
459570347.0
459769799.0
459969251.0
460168702.0
460368154.0
460567606.0
460778139.0
460977590.0
461177043.0
461376495.0
461575948.0
461775399.0
461974851.0
462174302.0
462373754.0
462573207.0
462772658.0
462972109.0
463171562.0
463371014.0
463570465.0
463769917.0
463969369.0
464168821.0
464368273.0
464567726.0
464767177.0
464977709.0
465177161.0
465376613.0
465576065.0
465775516.0
465974968.0
466174420.0
466373872.0
466573324.0
466772776.0
466972228.0
467171680.0
467371131.0
467570584.0
467770035.0
467969487.0
468168939.0
468368391.0
468567843.0
468767295.0
468966746.0
469166198.0
469365650.0
469576183.0
469775634.0
469975086.0
470174538.0
470373990.0
470573442.0
470772893.0
470972346.0
471171797.0
471360169.0
471570701.0
471770153.0
471969605.0
472169057.0
472368509.0
472567961.0
472767413.0
472977945.0
473166316.0
473376849.0
473576301.0
473775752.0
473975204.0
474174656.0
474374108.0
474573560.0
474773012.0
474972464.0
475171916.0
475371368.0
475570819.0
475770271.0
475969723.0
476169175.0
476368627.0
476568079.0
476767531.0
476966983.0
477166435.0
477376968.0
477576419.0
477775871.0
477975323.0
478174775.0
478374226.0
478573678.0
478773130.0
478972582.0
479172034.0
479371486.0
479570938.0
479770389.0
479969841.0
480169294.0
480368745.0
480568197.0
480767649.0
480978181.0
481166553.0
481377085.0
481576537.0
481775989.0
481975441.0
482174893.0
482374345.0
482573797.0
482773248.0
482972701.0
483172152.0
483371604.0
483571056.0
483770508.0
483969959.0
484169411.0
484368863.0
484568315.0
484767767.0
484967219.0
485166671.0
485377204.0
485565575.0
485776107.0
485975559.0
486175011.0
486374463.0
486573915.0
486773371.0
486972819.0
487172270.0
487371722.0
487571174.0
487770626.0
487970078.0
488169530.0
488368982.0
488568434.0
488767885.0
488967337.0
489166789.0
489377322.0
489565693.0
489776225.0
489975677.0
490175130.0
490374581.0
490574033.0
490773485.0
490972937.0
491172389.0
491371840.0
491571292.0
491770744.0
491970196.0
492169648.0
492369100.0
492568552.0
492768004.0
492967456.0
493166907.0
493377440.0
493565812.0
493776343.0
493964715.0
494175247.0
494374699.0
494574152.0
494773603.0
494973055.0
495172507.0
495371959.0
495571411.0
495770863.0
495959234.0
496169767.0
496369218.0
496568670.0
496768122.0
496967573.0
497167026.0
497366477.0
497565929.0
497765381.0
497975914.0
498175366.0
498374818.0
498574269.0
498773721.0
498973174.0
499172625.0
499372077.0
499571529.0
499770981.0
499970433.0
500169885.0
500369336.0
500568788.0
500768240.0
500967692.0
501167146.0
501366596.0
501566048.0
501765499.0
501964951.0
502164403.0
502374936.0
502574388.0
502773840.0
502973291.0
503172743.0
503372195.0
503571647.0
503771099.0
503970551.0
504170002.0
504369455.0
504568907.0
504768358.0
504967812.0
505167262.0
505366714.0
505566166.0
505765618.0
505965070.0
506164522.0
506375054.0
506563425.0
506773958.0
506973409.0
507172861.0
507372314.0
507571765.0
507771217.0
507970676.0
508170121.0
508369573.0
508569025.0
508768477.0
508967929.0
509167380.0
509366832.0
509566284.0
509765736.0
509965188.0
510164640.0
510375173.0
510563543.0
510774076.0
510973528.0
511172980.0
511372432.0
511571884.0
511771336.0
511970787.0
512170239.0
512369693.0
512569143.0
512768595.0
512968047.0
513167498.0
513366951.0
513566403.0
513765855.0
513965306.0
514164758.0
514364210.0
514563661.0
514763114.0
514973646.0
515173098.0
515372550.0
515572002.0
515771454.0
515970906.0
516170357.0
516369809.0
516569261.0
516768713.0
516968165.0
517167617.0
517367070.0
517566521.0
517765972.0
517965424.0
518164876.0
518364328.0
518563780.0
518763232.0
518973764.0
519173216.0
519372668.0
519572120.0
519771572.0
519971023.0
520170475.0
520369927.0
520558299.0
520768831.0
520968283.0
521167735.0
521367187.0
521566639.0
521766091.0
521965543.0
522164994.0
522364446.0
522574979.0
522763350.0
522973882.0
523173334.0
523372786.0
523572238.0
523771691.0
523971142.0
524170594.0
524370046.0
524569498.0
524768950.0
524968401.0
525167853.0
525367305.0
525566757.0
525766209.0
525965661.0
526165113.0
526364564.0
526564017.0
526763468.0
526962920.0
527162372.0
527361824.0
527572357.0
527771808.0
527971260.0
528170712.0
528370164.0
528569618.0
528769068.0
528968520.0
529167972.0
529367423.0
529566875.0
529766327.0
529965779.0
530165230.0
530353602.0
530575215.0
530763586.0
530974119.0
531162491.0
531361942.0
531572475.0
531771927.0
531971378.0
532170830.0
532370282.0
532569734.0
532769186.0
532968638.0
533168090.0
533367541.0
533566993.0
533766445.0
533965897.0
534165349.0
534364801.0
534564253.0
534763705.0
534963157.0
535162609.0
535362060.0
535572593.0
535772045.0
535971497.0
536170949.0
536370402.0
536569852.0
536769304.0
536968757.0
537168209.0
537367661.0
537567113.0
537766564.0
537966017.0
538165468.0
538364921.0
538564371.0
538763824.0
538963275.0
539162727.0
539362181.0
539561630.0
539772163.0
539960535.0
540171067.0
540370519.0
540569971.0
540758342.0
540968874.0
541168326.0
541367779.0
541567230.0
541766682.0
541966134.0
542165585.0
542365038.0
542564489.0
542763941.0
542974474.0
543162845.0
543362297.0
543561749.0
543761200.0
543971733.0
544171185.0
544359558.0
544570089.0
544769541.0
544968992.0
545157364.0
545367896.0
545567348.0
545766800.0
545966252.0
546165703.0
546365155.0
546564607.0
546764059.0
546963511.0
547174044.0
547362415.0
547561867.0
547761319.0
547960770.0
548160222.0
548370755.0
548570207.0
548769659.0
548969111.0
549168562.0
549368015.0
549567466.0
549766918.0
549966370.0
550165822.0
550365274.0
550564726.0
550764178.0
550963629.0
551163081.0
551362534.0
551561985.0
551761437.0
551960889.0
552160342.0
552370874.0
552570326.0
552769777.0
552969229.0
553168681.0
553368133.0
553567585.0
553767036.0
553966488.0
554165940.0
554365392.0
554564844.0
554764296.0
554963748.0
555163200.0
555362651.0
555562103.0
555761555.0
555961007.0
556171540.0
556359911.0
556570443.0
556769895.0
556969347.0
557168799.0
557368251.0
557567703.0
557767155.0
557966606.0
558166058.0
558365510.0
558564962.0
558764414.0
558963866.0
559163318.0
559362771.0
559562221.0
559761673.0
559961125.0
560160577.0
560360029.0
560559481.0
560770013.0
560969465.0
561168917.0
561368369.0
561567821.0
561767273.0
561966725.0
562166176.0
562365629.0
562565080.0
562764532.0
562963985.0
563163436.0
563362888.0
563562340.0
563761792.0
563961244.0
564160695.0
564371228.0
564559599.0
564759051.0
564958503.0
565169035.0
565368487.0
565556858.0
565767391.0
565966843.0
566166294.0
566365746.0
566565198.0
566764651.0
566964102.0
567163554.0
567363006.0
567562458.0
567761910.0
567961362.0
568160814.0
568371346.0
568559717.0
568770250.0
568969701.0
569169155.0
569368605.0
569568057.0
569756430.0
569966961.0
570166413.0
570365865.0
570565317.0
570764768.0
570964220.0
571163672.0
571363124.0
571562577.0
571773109.0
571961480.0
572160932.0
572360383.0
572559836.0
572759287.0
572969820.0
573169275.0
573368725.0
573568175.0
573767628.0
573967079.0
574166531.0
574365983.0
574565435.0
574764888.0
574964339.0
575163791.0
575363243.0
575562694.0
575762146.0
575961598.0
576161052.0
576360502.0
576559954.0
576759405.0
576958857.0
577158309.0
577368842.0
577568294.0
577767747.0
577967197.0
578166650.0
578366101.0
578565553.0
578765005.0
578964456.0
579163908.0
579363361.0
579562814.0
579762266.0
579961716.0
580161168.0
580360620.0
580560072.0
580759524.0
580958975.0
581158427.0
581368960.0
581568412.0
581767863.0
581967315.0
582166767.0
582366219.0
582565671.0
582765123.0
582964575.0
583164027.0
583363479.0
583562930.0
583762383.0
583961835.0
584161286.0
584360738.0
584560191.0
584759642.0
584959094.0
585158546.0
585369078.0
585568530.0
585767982.0
585967434.0
586166886.0
586366337.0
586565789.0
586765241.0
586964693.0
587164145.0
587363597.0
587563050.0
587762501.0
587961953.0
588161405.0
588360856.0
588560309.0
588759760.0
588959212.0
589158664.0
589369196.0
589568649.0
589768101.0
589967552.0
590155923.0
590366456.0
590565907.0
590765359.0
590964811.0
591164263.0
591363715.0
591563167.0
591762619.0
591962071.0
592161523.0
592360974.0
592560426.0
592759878.0
592959330.0
593158782.0
593369315.0
593557687.0
593768218.0
593967671.0
594167122.0
594355493.0
594566026.0
594765478.0
594964929.0
595164381.0
595363833.0
595563285.0
595762737.0
595962189.0
596161641.0
596372173.0
596560545.0
596759997.0
596959448.0
597158900.0
597358352.0
597557804.0
597768337.0
597956708.0
598167240.0
598366701.0
598566144.0
598765596.0
598965047.0
599164500.0
599363952.0
599563403.0
