11082
22161
33241
44322
55402
66483
77564
88644
99725
110805
121886
132967
144047
155128
166209
177289
188370
199451
210532
221612
232693
243773
254854
265934
277015
288096
299176
310257
321338
332418
343499
354580
365660
376741
387821
398902
409983
421063
432144
443224
454305
465386
476466
487547
498628
509708
520789
531870
542950
554031
565112
576192
587273
598353
609434
620515
631595
642676
653757
664837
675918
686998
698079
709160
720240
731321
742401
753482
764563
775643
786724
797805
808886
819966
831047
842127
853208
864289
875369
886450
897530
908611
919692
930772
941853
952934
964014
975095
986176
997256
1008337
1019417
1030498
1041579
1052659
1063740
1074820
1085901
1096982
1108062
1119143
1130224
1141304
1152385
1163467
1174546
1185627
1196707
1207788
1218869
1229949
1241030
1252111
1263191
1274272
1285353
1296433
1307514
1318594
1329675
1340756
1351836
1362917
1373997
1385078
1396159
1407239
1418320
1429401
1440481
1451563
1462643
1473723
1484805
1495885
1506965
1518046
1529126
1540207
1551288
1562368
1573449
1584530
1595610
1606691
1617771
1628852
1639933
1651014
1662094
1673175
1684255
1695336
1706417
1717497
1728578
1739658
1750739
1761820
1772902
1783981
1795062
1806143
1817223
1828304
1839385
1850465
1861545
1872626
1883707
1894787
1905868
1916949
1928029
1939110
1950191
1961271
1972352
1983432
1994513
2005594
2016674
2027755
2038836
2049916
2060997
2072077
2083158
2094239
2105319
2116400
2127481
2138561
2149642
2160722
2171803
2182884
2193964
2205045
2216126
2227206
2238287
2249368
2260448
2271529
2282609
2293690
2304771
2315851
2326932
2338013
2349093
2360174
2371254
2382335
2393416
2404497
2415578
2426658
2437738
2448819
2459900
2470980
2482061
2493141
2504222
2515303
2526383
2537464
2548545
2559625
2570706
2581786
2592867
2603948
2615028
2626109
2637190
2648270
2659351
2670433
2681512
2692593
2703675
2714754
2725835
2736916
2747996
2759077
2770157
2781238
2792318
2803400
2814480
2825560
2836641
2847722
2858802
2869883
2880964
2892045
2903126
2914206
2925287
2936368
2947448
2958529
2969610
2980690
2991771
3002853
3013933
3025015
3036093
3047174
3058255
3069335
3080416
3091497
3102577
3113658
3124739
3135819
3146900
3157981
3169061
3180142
3191222
3202303
3213384
3224464
3235545
3246625
3257706
3268786
3279867
3290948
3302028
3313110
3324190
3335271
3346353
3357432
3368512
3379593
3390674
3401754
3412835
3423915
3434996
3446076
3457158
3468238
3479318
3490399
3501480
3512560
3523641
3534722
3545802
3556883
3567964
3579044
3590125
3601206
3612286
3623367
3634449
3645528
3656609
3667691
3678770
3689851
3700931
3712012
3723092
3734173
3745254
3756334
3767415
3778496
3789576
3800658
3811737
3822818
3833899
3844979
3856060
3867141
3878221
3889302
3900383
3911463
3922544
3933624
3944705
3955788
3966866
3977947
3989028
4000109
4011189
4022270
4033350
4044431
4055512
4066592
4077673
4088754
4099834
4110915
4121996
4133076
4144156
4155238
4166318
4177398
4188479
4199560
4210640
4221721
4232801
4243882
4254963
4266043
4277124
4288205
4299285
4310366
4321447
4332528
4343608
4354689
4365769
4376850
4387931
4399011
4410092
4421172
4432253
4443334
4454414
4465495
4476575
4487656
4498737
4509818
4520898
4531979
4543059
4554140
4565222
4576301
4587382
4598464
4609543
4620624
4631704
4642785
4653865
4664947
4676027
4687108
4698188
4709269
4720350
4731430
4742511
4753591
4764672
4775753
4786833
4797914
4808994
4820076
4831156
4842236
4853317
4864397
4875478
4886560
4897639
4908720
4919802
4930881
4941962
4953043
4964123
4975204
4986284
4997367
5008446
5019527
5030607
5041688
5052768
5063849
5074930
5086010
5097091
5108172
5119252
5130333
5141414
5152494
5163575
5174655
5185736
5196817
5207899
5218978
5230059
5241140
5252220
5263300
5274381
5285462
5296542
5307623
5318704
5329784
5340865
5351946
5363026
5374107
5385188
5396268
5407349
5418429
5429510
5440591
5451671
5462752
5473833
5484913
5495994
5507074
5518155
5529235
5540316
5551397
5562477
5573558
5584638
5595719
5606800
5617880
5628963
5640042
5651122
5662203
5673284
5684364
5695445
5706526
5717606
5728687
5739768
5750848
5761929
5773009
5784090
5795171
5806252
5817332
5828413
5839493
5850575
5861654
5872735
5883816
5894896
5905977
5917058
5928138
5939219
5950300
5961380
5972461
5983541
5994624
6005703
6016784
6027864
6038945
6050025
6061106
6072187
6083267
6094348
6105428
6116509
6127590
6138672
6149751
6160832
6171913
6182993
6194074
6205154
6216235
6227315
6238396
6249477
6260557
6271638
6282718
6293799
6304880
6315960
6327041
6338122
6349202
6360284
6371364
6382444
6393525
6404606
6415686
6426767
6437847
6448928
6460010
6471089
6482170
6493251
6504331
6515412
6526492
6537573
6548654
6559735
6570815
6581895
6592977
6604057
6615138
6626218
6637299
6648379
6659460
6670541
6681621
6692702
6703783
6714863
6725944
6737024
6748105
6759186
6770267
6781347
6792428
6803508
6814589
6825670
6836750
6847831
6858911
6869992
6881072
6892153
6903234
6914314
6925395
6936476
6947556
6958637
6969718
6980798
6991881
7002960
7014040
7025121
7036201
7047282
7058363
7069445
7080524
7091605
7102686
7113766
7124847
7135927
7147008
7158089
7169169
7180250
7191331
7202411
7213491
7224573
7235653
7246733
7257814
7268895
7279975
7291056
7302137
7313217
7324298
7335378
7346459
7357540
7368620
7379702
7390784
7401863
7412943
7424024
7435104
7446185
7457265
7468346
7479427
7490508
7501588
7512669
7523749
7534830
7545910
7556991
7568072
7579153
7590234
7601314
7612395
7623475
7634556
7645636
7656717
7667797
7678879
7689959
7701039
7712122
7723201
7734281
7745362
7756443
7767523
7778604
7789685
7800766
7811846
7822927
7834007
7845088
7856168
7867249
7878330
7889410
7900491
7911572
7922652
7933733
7944814
7955894
7966974
7978055
7989138
8000217
8011297
8022378
8033458
8044539
8055620
8066700
8077781
8088862
8099942
8111023
8122104
8133184
8144265
8155346
8166426
8177507
8188588
8199668
8210749
8221829
8232910
8243990
8255071
8266152
8277233
8288313
8299393
8310475
8321557
8332635
8343716
8354798
8365877
8376958
8388039
8399119
8410200
8421281
8432361
8443442
8454522
8465603
8476684
8487765
8498845
8509926
8521006
8532087
8543168
8554248
8565329
8576410
8587490
8598571
8609652
8620732
8631812
8642895
8653974
8665054
8676135
8687216
8698296
8709377
8720458
8731538
8742619
8753699
8764780
8775861
8786942
8798022
8809103
8820185
8831264
8842345
8853425
8864506
8875587
8886667
8897748
8908829
8919909
8930990
8942071
8953151
8964233
8975312
8986394
8997474
9008554
9019635
9030715
9041796
9052877
9063957
9075038
9086119
9097199
9108280
9119360
9130441
9141522
9152603
9163683
9174764
9185845
9196925
9208006
9219086
9230167
9241248
9252329
9263409
9274489
9285571
9296651
9307731
9318812
9329893
9340973
9352054
9363134
9374215
9385296
9396376
9407457
9418537
9429619
9440699
9451779
9462860
9473941
9485022
9496102
9507183
9518263
9529344
9540425
9551505
9562586
9573668
9584747
9595828
9606909
9617989
9629070
9640150
9651232
9662311
9673392
9684473
9695553
9706634
9717714
9728795
9739876
9750956
9762037
9773118
9784199
9795279
9806360
9817441
9828521
9839602
9850682
9861763
9872843
9883924
9895006
9906085
9917166
9928247
9939327
9950408
9961489
9972569
9983650
9994731
10005811
10016892
10027972
10039053
10050134
10061214
10072295
10083375
10094456
10105537
10116617
10127698
10138778
10149859
10160940
10172020
10183102
10194182
10205263
10216343
10227424
10238504
10249585
10260666
10271746
10282827
10293908
10304988
10316069
10327149
10338230
10349311
10360391
10371472
10382553
10393633
10404714
10415795
10426875
10437956
10449036
10460117
10471198
10482279
10493359
10504441
10515520
10526601
10537682
10548762
10559843
10570923
10582004
10593085
10604165
10615246
10626327
10637407
10648488
10659569
10670649
10681730
10692810
10703891
10714972
10726052
10737133
10748213
10759294
10770375
10781456
10792536
10803616
10814697
10825780
10836858
10847939
10859020
10870101
10881181
10892262
10903342
10914423
10925504
10936584
10947665
10958745
10969826
10980908
10991987
11003068
11014149
11025229
11036310
11047390
11058471
11069552
11080632
11091713
11102793
11113875
11124955
11136035
11147118
11158197
11169277
11180360
11191439
11202519
11213600
11224681
11235761
11246842
11257923
11269003
11280084
11291165
11302245
11313326
11324406
11335487
11346568
11357648
11368729
11379810
11390891
11401971
11413051
11424132
11435213
11446293
11457374
11468454
11479536
11490616
11501696
11512777
11523858
11534938
11546019
11557099
11568180
11579261
11590342
11601422
11612503
11623583
11634664
11645745
11656825
11667906
11678986
11690067
11701148
11712228
11723309
11734389
11745471
11756552
11767631
11778712
11789794
11800873
11811955
11823035
11834115
11845196
11856277
11867357
11878438
11889518
11900599
11911680
11922760
11933841
11944922
11956002
11967083
11978165
11989245
12000325
12011406
12022486
12033567
12044647
12055728
12066809
12077891
12088970
12100051
12111131
12122212
12133292
12144374
12155454
12166535
12177615
12188695
12199776
12210857
12221937
12233018
12244099
12255180
12266260
12277341
12288421
12299502
12310584
12321663
12332744
12343824
12354905
12365986
12377067
12388147
12399229
12410309
12421389
12432470
12443550
12454631
12465711
12476792
12487872
12498953
12510034
12521114
12532195
12543276
12554357
12565437
12576518
12587598
12598679
12609760
12620840
12631921
12643002
12654082
12665163
12676244
12687324
12698405
12709485
12720568
12731647
12742727
12753808
12764888
12775969
12787049
12798131
12809211
12820292
12831372
12842453
12853533
12864614
12875695
12886775
12897856
12908937
12920017
12931098
12942179
12953259
12964340
12975424
12986501
12997582
13008664
13019743
13030824
13041905
13052985
13064065
13075146
13086227
13097308
13108388
13119468
13130550
13141630
13152710
13163792
13174872
13185953
13197033
13208114
13219194
13230275
13241356
13252436
13263517
13274597
13285678
13296759
13307840
13318920
13330003
13341081
13352162
13363243
13374323
13385404
13396484
13407565
13418646
13429727
13440807
13451888
13462968
13474049
13485130
13496210
13507291
13518372
13529452
13540533
13551614
13562694
13573775
13584855
13595936
13607017
13618099
13629178
13640260
13651340
13662420
13673500
13684581
13695662
13706742
13717823
13728904
13739985
13751065
13762146
13773226
13784307
13795388
13806468
13817548
13828629
13839710
13850791
13861871
13872952
13884032
13895113
13906194
13917274
13928355
13939435
13950516
13961597
13972679
13983759
13994839
14005919
14017000
14028081
14039161
14050242
14061323
14072403
14083484
14094565
14105645
14116725
14127806
14138887
14149968
14161048
14172129
14183210
14194290
14205371
14216451
14227532
14238612
14249694
14260776
14271854
14282935
14294016
14305097
14316177
14327258
14338338
14349419
14360500
14371580
14382661
14393741
14404822
14415903
14426983
14438064
14449145
14460225
14471306
14482387
14493467
14504548
14515628
14526709
14537789
14548871
14559951
14571032
14582114
14593193
14604273
14615354
14626434
14637515
14648596
14659677
14670757
14681838
14692918
14703999
14715080
14726160
14737241
14748322
14759402
14770483
14781564
14792644
14803725
14814806
14825886
14836967
14848047
14859128
14870211
14881289
14892370
14903451
14914531
14925612
14936693
14947773
14958854
14969935
14981015
14992096
15003176
15014257
15025338
15036418
15047499
15058579
15069660
15080741
15091821
15102902
15113983
15125063
15136144
15147224
15158305
15169386
15180467
15191547
15202628
15213708
15224789
15235869
15246950
15258031
15269111
15280192
15291273
15302354
15313434
15324514
15335595
15346676
15357756
15368837
15379918
15390998
15402079
15413160
15424240
15435321
15446402
15457482
15468563
15479644
15490724
15501805
15512885
15523966
15535047
15546127
15557208
15568289
15579369
15590450
15601530
15612611
15623692
15634773
15645853
15656934
15668014
15679095
15690175
15701256
15712337
15723417
15734498
15745579
15756659
15767740
15778820
15789901
15800982
15812062
15823143
15834224
15845304
15856385
15867465
15878546
15889627
15900707
15911788
15922868
15933949
15945030
15956110
15967193
15978272
15989352
16000433
16011514
16022595
16033675
16044756
16055836
16066917
16077997
16089078
16100159
16111240
16122320
16133401
16144481
16155562
16166643
16177723
16188804
16199885
16210965
16222046
16233126
16244207
16255288
16266369
16277449
16288530
16299610
16310691
16321772
16332852
16343933
16355014
16366094
16377175
16388255
16399336
16410417
16421497
16432578
16443659
16454739
16465820
16476900
16487981
16499061
16510143
16521223
16532304
16543384
16554465
16565546
16576626
16587707
16598787
16609868
16620949
16632030
16643110
16654190
16665272
16676352
16687432
16698513
16709594
16720674
16731755
16742836
16753916
16764997
16776078
16787158
16798239
16809319
16820400
16831480
16842561
16853642
16864723
16875803
16886884
16897964
16909045
16920126
16931206
16942287
16953368
16964450
16975529
16986609
16997690
17008771
17019852
17030932
17042013
17053093
17064174
17075255
17086335
17097416
17108496
17119577
17130659
17141738
17152819
17163900
17174980
17186061
17197142
17208222
17219303
17230384
17241464
17252545
17263625
17274706
17285787
17296867
17307948
17319029
17330110
17341190
17352270
17363351
17374432
17385512
17396593
17407674
17418754
17429835
17440915
17451996
17463077
17474157
17485238
17496319
17507399
17518480
17529560
17540641
17551722
17562803
17573883
17584964
17596044
17607125
17618205
17629287
17640367
17651448
17662528
17673609
17684689
17695770
17706851
17717931
17729012
17740093
17751173
17762254
17773334
17784415
17795497
17806576
17817657
17828737
17839818
17850899
17861980
17873060
17884141
17895221
17906302
17917383
17928463
17939544
17950624
17961706
17972786
17983866
17994947
18006028
18017108
18028189
18039270
18050350
18061431
18072511
18083592
18094673
18105753
18116834
18127915
18138995
18150076
18161157
18172237
18183318
18194398
18205479
18216560
18227640
18238721
18249802
18260882
18271963
18283043
18294124
18305205
18316285
18327366
18338447
18349527
18360608
18371689
18382769
18393850
18404930
18416011
18427092
18438172
18449253
18460336
18471414
18482495
18493575
18504656
18515737
18526818
18537898
18548979
18560060
18571140
18582221
18593301
18604382
18615463
18626543
18637624
18648704
18659785
18670866
18681946
18693027
18704108
18715189
18726269
18737349
18748430
18759511
18770591
18781672
18792753
18803833
18814914
18825994
18837075
18848156
18859236
18870317
18881398
18892478
18903559
18914640
18925720
18936801
18947882
18958963
18970043
18981123
18992204
19003284
19014365
19025446
19036527
19047607
19058688
19069768
19080849
19091929
19103010
19114091
19125172
19136252
19147333
19158414
19169494
19180575
19191655
19202736
19213816
19224897
19235978
19247059
19258139
19269220
19280301
19291382
19302462
19313542
19324623
19335704
19346784
19357865
19368946
19380026
19391107
19402187
19413268
19424349
19435429
19446510
19457591
19468671
19479752
19490832
19501913
19512994
19524074
19535155
19546236
19557316
19568397
19579478
19590558
19601639
19612719
19623801
19634881
19645961
19657042
19668122
19679203
19690284
19701364
19712445
19723526
19734606
19745687
19756768
19767848
19778929
19790010
19801090
19812171
19823251
19834332
19845413
19856493
19867574
19878655
19889735
19900816
19911896
19922977
19934058
19945139
19956220
19967300
19978380
19989461
20000542
20011622
20022703
20033783
20044864
20055944
20067025
20078106
20089186
20100268
20111348
20122429
20133509
20144590
20155671
20166751
20177832
20188912
20199993
20211074
20222154
20233235
20244315
20255396
20266477
20277557
20288638
20299719
20310799
20321880
20332961
20344041
20355122
20366202
20377283
20388364
20399444
20410525
20421605
20432686
20443767
20454848
20465928
20477009
20488089
20499170
20510251
20521331
20532412
20543492
20554573
20565654
20576735
20587815
20598896
20609976
20621057
20632138
20643218
20654299
20665379
20676460
20687541
20698621
20709702
20720782
20731863
20742944
20754025
20765105
20776186
20787267
20798347
20809428
20820509
20831589
20842670
20853750
20864831
20875911
20886992
20898073
20909153
20920234
20931315
20942395
20953477
20964556
20975637
20986718
20997799
21008879
21019959
21031041
21042121
21053202
21064282
21075363
21086443
21097524
21108605
21119685
21130766
21141847
21152927
21164008
21175088
21186169
21197250
21208330
21219411
21230492
21241572
21252653
21263734
21274814
21285895
21296975
21308056
21319137
21330217
21341298
21352379
21363459
21374540
21385621
21396701
21407782
21418862
21429943
21441024
21452105
21463185
21474265
21485346
21496427
21507508
21518588
21529669
21540749
21551830
21562911
21573991
21585072
21596153
21607233
21618314
21629394
21640475
21651556
21662637
21673717
21684798
21695878
21706959
21718040
21729120
21740201
21751283
21762362
21773443
21784524
21795604
21806684
21817765
21828846
21839927
21851007
21862088
21873168
21884249
21895330
21906410
21917491
21928571
21939652
21950734
21961814
21972894
21983975
21995055
22006136
22017217
22028297
22039378
22050459
22061539
22072620
22083700
22094781
22105862
22116943
22128023
22139104
22150185
22161265
22172346
22183426
22194507
22205587
22216668
22227749
22238829
22249910
22260991
22272071
22283152
22294233
22305313
22316394
22327474
22338555
22349636
22360717
22371797
22382878
22393958
22405039
22416119
22427200
22438281
22449361
22460442
22471523
22482603
22493684
22504764
22515845
22526926
22538006
22549087
22560168
22571248
22582329
22593409
22604490
22615571
22626651
22637732
22648813
22659893
22670974
22682055
22693135
22704216
22715296
22726377
22737458
22748538
22759619
22770700
22781781
22792861
22803941
22815022
22826103
22837183
22848264
22859345
22870426
22881506
22892587
22903667
22914748
22925829
22936909
22947991
22959071
22970151
22981231
22992312
23003393
23014474
23025554
23036635
23047715
23058796
23069877
23080957
23092038
23103119
23114200
23125280
23136360
23147441
23158522
23169603
23180684
23191764
23202844
23213925
23225006
23236086
23247167
23258248
23269328
23280409
23291489
23302570
23313651
23324731
23335812
23346892
23357973
23369054
23380134
23391215
23402296
23413376
23424457
23435538
23446619
23457699
23468780
23479860
23490941
23502021
23513102
23524183
23535263
23546344
23557424
23568505
23579586
23590667
23601747
23612828
23623908
23634989
23646070
23657150
23668231
23679311
23690393
23701473
23712553
23723634
23734715
23745796
23756876
23767956
23779037
23790118
23801199
23812279
23823360
23834440
23845521
23856602
23867682
23878763
23889844
23900924
23912005
23923085
23934166
23945248
23956328
23967408
23978489
23989569
24000650
24011730
24022811
24033892
24044972
24056053
24067134
24078214
24089295
24100376
24111457
24122537
24133617
24144698
24155779
24166859
24177940
24189021
24200102
24211182
24222262
24233343
24244424
24255505
24266585
24277666
24288746
24299827
24310907
24321988
24333069
24344150
24355230
24366311
24377391
24388472
24399553
24410634
24421714
24432795
24443875
24454956
24466036
24477117
24488198
24499278
24510360
24521440
24532520
24543601
24554682
24565762
24576843
24587923
24599004
24610085
24621165
24632246
24643326
24654407
24665488
24676568
24687649
24698730
24709810
24720891
24731972
24743052
24754133
24765214
24776295
24787375
24798455
24809536
24820617
24831697
24842778
24853859
24864939
24876020
24887101
24898182
24909262
24920343
24931423
24942505
24953585
24964665
24975745
24986826
24997907
25008987
25020068
25031149
25042229
25053310
25064391
25075471
25086552
25097633
25108713
25119794
25130874
25141955
25153036
25164116
25175197
25186277
25197358
25208439
25219519
25230600
25241681
25252762
25263842
25274923
25286003
25297084
25308165
25319245
25330326
25341406
25352487
25363568
25374648
25385729
25396810
25407890
25418971
25430052
25441132
25452213
25463293
25474374
25485455
25496535
25507616
25518696
25529777
25540858
25551938
25563019
25574100
25585180
25596261
25607342
25618422
25629503
25640583
25651664
25662745
25673825
25684906
25695987
25707067
25718148
25729228
25740309
25751390
25762470
25773551
25784632
25795712
25806793
25817874
25828954
25840035
25851116
25862196
25873277
25884357
25895438
25906519
25917599
25928680
25939762
25950841
25961922
25973002
25984083
25995164
26006244
26017325
26028406
26039486
26050567
26061647
26072728
26083809
26094890
26105970
26117051
26128131
26139212
26150293
26161373
26172454
26183535
26194615
26205696
26216776
26227857
26238938
26250018
26261099
26272180
26283260
26294341
26305422
26316502
26327583
26338663
26349744
26360825
26371905
26382986
26394067
26405147
26416228
26427308
26438389
26449470
26460550
26471631
26482711
26493792
26504873
26515953
26527034
26538115
26549195
26560276
26571356
26582437
26593518
26604599
26615679
26626760
26637841
26648921
26660002
26671082
26682163
26693243
26704324
26715405
26726486
26737566
26748647
26759727
26770809
26781889
26792969
26804050
26815131
26826211
26837292
26848372
26859453
26870534
26881614
26892695
26903776
26914856
26925937
26937019
26948099
26959179
26970260
26981340
26992421
27003501
27014582
27025663
27036743
27047824
27058904
27069985
27081066
27092146
27103227
27114307
27125388
27136469
27147550
27158630
27169711
27180791
27191872
27202952
27214033
27225114
27236194
27247275
27258356
27269437
27280518
27291598
27302678
27313759
27324840
27335920
27347001
27358082
27369162
27380243
27391324
27402404
27413485
27424565
27435646
27446726
27457807
27468888
27479968
27491049
27502130
27513210
27524291
27535372
27546453
27557533
27568613
27579694
27590775
27601856
27612936
27624016
27635097
27646178
27657258
27668339
27679420
27690501
27701581
27712662
27723742
27734823
27745904
27756984
27768065
27779146
27790227
27801307
27812387
27823468
27834549
27845629
27856710
27867790
27878871
27889952
27901032
27912113
27923194
27934276
27945355
27956436
27967516
27978597
27989677
28000759
28011839
28022919
28034000
28045081
28056161
28067242
28078322
28089403
28100485
28111565
28122645
28133726
28144807
28155887
28166968
28178048
28189129
28200209
28211290
28222371
28233451
28244532
28255613
28266694
28277774
28288855
28299935
28311016
28322097
28333177
28344258
28355338
28366419
28377500
28388580
28399661
28410742
28421822
28432903
28443983
28455064
28466145
28477225
28488306
28499387
28510468
28521548
28532629
28543709
28554790
28565871
28576951
28588032
28599113
28610193
28621274
28632354
28643435
28654516
28665596
28676677
28687758
28698838
28709919
28720999
28732080
28743161
28754241
28765322
28776402
28787483
28798564
28809644
28820725
28831806
28842886
28853967
28865047
28876128
28887209
28898289
28909370
28920451
28931533
28942612
28953692
28964773
28975854
28986935
28998015
29009096
29020177
29031257
29042338
29053418
29064499
29075580
29086660
29097741
29108821
29119902
29130983
29142064
29153144
29164225
29175305
29186386
29197466
29208547
29219628
29230709
29241789
29252870
29263951
29275031
29286111
29297192
29308273
29319353
29330434
29341515
29352595
29363676
29374757
29385837
29396918
29407998
29419079
29430160
29441240
29452321
29463401
29474483
29485564
29496643
29507724
29518805
29529886
29540966
29552047
29563127
29574208
29585289
29596369
29607450
29618531
29629611
29640692
29651773
29662853
29673934
29685014
29696095
29707175
29718256
29729337
29740418
29751498
29762579
29773660
29784740
29795821
29806901
29817982
29829063
29840143
29851224
29862304
29873385
29884466
29895546
29906627
29917708
29928789
29939869
29950949
29962030
29973111
29984191
29995272
30006353
30017433
30028514
30039595
30050675
30061756
30072836
30083917
30094998
30106078
30117159
30128240
30139320
30150401
30161481
30172562
30183643
30194723
30205804
30216885
30227965
30239046
30250127
30261207
30272288
30283368
30294449
30305530
30316610
30327691
30338772
30349852
30360933
30372013
30383094
30394175
30405255
30416336
30427417
30438497
30449578
30460659
30471739
30482820
30493901
30504981
30516062
30527143
30538223
30549304
30560384
30571465
30582545
30593627
30604707
30615787
30626868
30637949
30649029
30660110
30671191
30682271
30693352
30704433
30715513
30726594
30737674
30748755
30759836
30770916
30781997
30793077
30804158
30815239
30826319
30837400
30848481
30859561
30870642
30881723
30892803
30903884
30914965
30926047
30937126
30948206
30959287
30970368
30981449
30992529
31003610
31014690
31025771
31036851
31047932
31059013
31070094
31081174
31092255
31103335
31114416
31125496
31136577
31147658
31158739
31169819
31180900
31191980
31203061
31214142
31225222
31236303
31247383
31258464
31269545
31280626
31291706
31302787
31313867
31324948
31336029
31347109
31358190
31369271
31380351
31391432
31402513
31413593
31424674
31435754
31446835
31457915
31468996
31480077
31491157
31502238
31513319
31524399
31535480
31546561
31557641
31568722
31579803
31590884
31601964
31613044
31624125
31635206
31646286
31657367
31668448
31679528
31690609
31701689
31712770
31723851
31734932
31746012
31757093
31768173
31779254
31790335
31801415
31812496
31823577
31834657
31845738
31856818
31867899
31878980
31890060
31901141
31912222
31923304
31934383
31945464
31956544
31967625
31978705
31989786
32000867
32011947
32023028
32034109
32045189
32056270
32067350
32078431
32089512
32100593
32111673
32122754
32133834
32144915
32155995
32167076
32178157
32189237
32200318
32211399
32222479
32233560
32244641
32255722
32266802
32277883
32288963
32300044
32311124
32322205
32333286
32344366
32355447
32366528
32377608
32388688
32399769
32410850
32421931
32433011
32444092
32455172
32466253
32477334
32488414
32499495
32510576
32521656
32532737
32543818
32554898
32565979
32577060
32588141
32599221
32610301
32621382
32632463
32643543
32654624
32665705
32676785
32687866
32698947
32710027
32721108
32732188
32743269
32754350
32765430
32776511
32787591
32798672
32809753
32820834
32831914
32842995
32854075
32865156
32876237
32887317
32898398
32909478
32920559
32931640
32942720
32953801
32964882
32975963
32987043
32998123
33009204
33020285
33031366
33042446
33053526
33064607
33075688
33086769
33097849
33108930
33120011
33131091
33142172
33153252
33164333
33175414
33186494
33197575
33208656
33219736
33230817
33241898
33252978
33264059
33275139
33286220
33297301
33308381
33319462
33330543
33341623
33352704
33363784
33374865
33385946
33397026
33408107
33419188
33430269
33441349
33452429
33463510
33474591
33485671
33496752
33507833
33518913
33529994
33541075
33552155
33563236
33574316
33585397
33596478
33607558
33618639
33629719
33640800
33651881
33662962
33674042
33685123
33696203
33707284
33718365
33729445
33740526
33751607
33762687
33773768
33784848
33795929
33807010
33818090
33829171
33840252
33851332
33862413
33873493
33884574
33895655
33906735
33917818
33928897
33939977
33951058
33962139
33973219
33984300
33995381
34006461
34017542
34028622
34039703
34050784
34061864
34072945
34084026
34095106
34106187
34117268
34128348
34139429
34150509
34161590
34172670
34183751
34194832
34205913
34216993
34228074
34239154
34250236
34261316
34272396
34283477
34294558
34305638
34316719
34327799
34338880
34349961
34361041
34372122
34383202
34394283
34405364
34416445
34427525
34438606
34449686
34460767
34471848
34482928
34494009
34505090
34516171
34527251
34538332
34549412
34560493
34571573
34582654
34593735
34604815
34615896
34626977
34638057
34649138
34660219
34671299
34682380
34693460
34704541
34715622
34726702
34737783
34748864
34759944
34771025
34782105
34793186
34804267
34815347
34826428
34837509
34848589
34859670
34870751
34881831
34892912
34903992
34915074
34926155
34937234
34948315
34959395
34970476
34981557
34992637
35003718
35014799
35025879
35036960
35048040
35059121
35070202
35081283
35092363
35103443
35114524
35125605
35136686
35147766
35158847
35169928
35181008
35192089
35203169
35214250
35225331
35236411
35247492
35258573
35269653
35280734
35291815
35302895
35313976
35325057
35336137
35347217
35358298
35369379
35380460
35391540
35402621
35413702
35424782
35435863
35446943
35458024
35469105
35480185
35491266
35502347
35513427
35524508
35535589
35546669
35557750
35568830
35579911
35590992
35602072
35613152
35624234
35635314
35646395
35657475
35668556
35679637
35690717
35701798
35712879
35723959
35735040
35746121
35757201
35768282
35779362
35790443
35801523
35812604
35823685
35834766
35845846
35856927
35868007
35879088
35890169
35901249
35912332
35923411
35934491
35945572
35956652
35967733
35978813
35989894
36000975
36012055
36023136
36034217
36045297
36056378
36067459
36078540
36089620
36100701
36111782
36122862
36133943
36145023
36156104
36167185
36178265
36189346
36200427
36211507
36222588
36233668
36244749
36255829
36266910
36277991
36289071
36300152
36311233
36322313
36333394
36344475
36355556
36366636
36377716
36388797
36399878
36410959
36422039
36433119
36444200
36455281
36466362
36477442
36488523
36499603
36510685
36521765
36532845
36543926
36555007
36566087
36577168
36588249
36599329
36610410
36621490
36632571
36643651
36654732
36665813
36676893
36687974
36699055
36710136
36721217
36732297
36743378
36754458
36765539
36776619
36787700
36798781
36809861
36820942
36832022
36843103
36854184
36865264
36876345
36887425
36898506
36909588
36920668
36931748
36942829
36953909
36964990
36976070
36987151
36998232
37009312
37020394
37031474
37042554
37053635
37064716
37075797
37086877
37097958
37109038
37120119
37131200
37142280
37153361
37164441
37175522
37186603
37197683
37208764
37219844
37230925
37242006
37253087
37264167
37275248
37286328
37297409
37308490
37319570
37330651
37341731
37352812
37363893
37374973
37386054
37397135
37408216
37419296
37430377
37441457
37452538
37463618
37474699
37485780
37496860
37507941
37519022
37530102
37541183
37552264
37563344
37574425
37585505
37596586
37607667
37618747
37629828
37640909
37651989
37663070
37674151
37685231
37696312
37707393
37718473
37729554
37740634
37751715
37762796
37773876
37784957
37796038
37807118
37818199
37829279
37840360
37851441
37862521
37873602
37884683
37895763
37906845
37917924
37929005
37940086
37951167
37962247
37973327
37984408
37995489
38006569
38017650
38028731
38039811
38050892
38061973
38073054
38084134
38095214
38106295
38117376
38128457
38139537
38150618
38161698
38172779
38183860
38194940
38206021
38217101
38228182
38239263
38250343
38261424
38272505
38283585
38294666
38305747
38316827
38327908
38338988
38350069
38361150
38372230
38383311
38394392
38405473
38416553
38427633
38438714
38449795
38460876
38471956
38483037
38494117
38505198
38516278
38527359
38538440
38549521
38560601
38571684
38582762
38593843
38604924
38616004
38627085
38638165
38649246
38660327
38671407
38682488
38693569
38704649
38715730
38726810
38737892
38748972
38760053
38771133
38782214
38793294
38804375
38815456
38826536
38837617
38848698
38859778
38870859
38881939
38893020
38904102
38915181
38926262
38937342
38948423
38959504
38970585
38981665
38992746
39003827
39014907
39025988
39037068
39048149
39059229
39070310
39081391
39092472
39103552
39114633
39125713
39136794
39147874
39158955
39170036
39181117
39192197
39203278
39214358
39225439
39236520
39247600
39258681
39269762
39280843
39291923
39303004
39314084
39325165
39336245
39347326
39358407
39369487
39380568
39391649
39402730
39413810
39424890
39435971
39447052
39458132
39469213
39480294
39491374
39502455
39513536
39524616
39535697
39546777
39557858
39568939
39580020
39591100
39602180
39613261
39624342
39635422
39646503
39657584
39668664
39679745
39690826
39701907
39712987
39724068
39735148
39746229
39757309
39768390
39779471
39790552
39801632
39812713
39823793
39834874
39845955
39857035
39868115
39879196
39890277
39901359
39912439
39923519
39934600
39945680
39956761
39967841
39978922
39990003
40001084
40012164
40023245
40034325
40045406
40056487
40067567
40078648
40089729
40100810
40111890
40122970
40134051
40145132
40156212
40167293
40178374
40189454
40200535
40211615
40222696
40233777
40244857
40255938
40267018
40278099
40289180
40300261
40311341
40322422
40333502
40344583
40355664
40366744
40377825
40388906
40399986
40411067
40422147
40433228
40444309
40455389
40466470
40477550
40488631
40499712
40510793
40521873
40532954
40544034
40555115
40566197
40577276
40588357
40599437
40610518
40621599
40632679
40643760
40654841
40665921
40677002
40688083
40699163
40710244
40721324
40732406
40743486
40754566
40765647
40776728
40787808
40798889
40809969
40821050
40832131
40843212
40854292
40865373
40876453
40887534
40898616
40909695
40920776
40931856
40942937
40954018
40965099
40976179
40987260
40998340
41009421
41020502
41031582
41042663
41053744
41064825
41075905
41086986
41098066
41109147
41120227
41131308
41142389
41153469
41164550
41175631
41186711
41197791
41208872
41219953
41231036
41242114
41253195
41264276
41275356
41286437
41297518
41308598
41319679
41330759
41341840
41352921
41364001
41375082
41386163
41397243
41408324
41419404
41430485
41441566
41452646
41463727
41474808
41485888
41496969
41508049
41519130
41530211
41541291
41552372
41563453
41574533
41585614
41596694
41607775
41618856
41629936
41641017
41652098
41663178
41674259
41685340
41696420
41707501
41718581
41729662
41740743
41751823
41762904
41773985
41785065
41796146
41807227
41818307
41829388
41840469
41851549
41862630
41873710
41884791
41895873
41906953
41918033
41929114
41940194
41951275
41962355
41973436
41984517
41995597
42006678
42017759
42028839
42039920
42051001
42062081
42073162
42084242
42095323
42106404
42117484
42128565
42139645
42150727
42161806
42172887
42183968
42195049
42206129
42217210
42228291
42239371
42250452
42261532
42272613
42283694
42294774
42305855
42316936
42328016
42339097
42350178
42361258
42372339
42383419
42394500
42405581
42416661
42427742
42438823
42449903
42460984
42472064
42483145
42494226
42505306
42516387
42527467
42538548
42549629
42560710
42571790
42582871
42593952
42605032
42616113
42627193
42638274
42649355
42660435
42671516
42682596
42693677
42704758
42715839
42726919
42738000
42749080
42760161
42771242
42782322
42793403
42804483
42815564
42826645
42837725
42848806
42859887
42870967
42882048
42893130
42904209
42915290
42926370
42937451
42948532
42959612
42970693
42981774
42992854
43003935
43015016
43026096
43037177
43048257
43059338
43070419
43081499
43092580
43103660
43114741
43125822
43136902
43147983
43159063
43170144
43181225
43192305
43203386
43214467
43225548
43236628
43247709
43258789
43269870
43280951
43292031
43303112
43314192
43325273
43336354
43347435
43358515
43369596
43380677
43391757
43402838
43413918
43424999
43436080
43447160
43458241
43469321
43480403
43491484
43502563
43513644
43524725
43535806
43546886
43557967
43569047
43580128
43591208
43602289
43613369
43624450
43635531
43646612
43657692
43668773
43679854
43690935
43702015
43713095
43724176
43735256
43746337
43757418
43768498
43779579
43790660
43801740
43812821
43823901
43834982
43846063
43857144
43868224
43879305
43890386
43901467
43912547
43923627
43934708
43945789
43956869
43967950
43979031
43990111
44001192
44012273
44023353
44034433
44045514
44056595
44067676
44078756
44089837
44100918
44111998
44123079
44134159
44145240
44156320
44167401
44178482
44189562
44200643
44211724
44222805
44233885
44244965
44256047
44267127
44278208
44289288
44300369
44311450
44322530
44333611
44344692
44355772
44366853
44377933
44389014
44400095
44411175
44422256
44433336
44444417
44455498
44466578
44477659
44488740
44499820
44510901
44521981
44533062
44544143
44555224
44566304
44577385
44588465
44599546
44610627
44621707
44632788
44643868
44654949
44666030
44677110
44688191
44699272
44710353
44721433
44732513
44743594
44754675
44765756
44776836
44787917
44798997
44810078
44821159
44832239
44843320
44854401
44865481
44876562
44887644
44898723
44909804
44920885
44931965
44943046
44954126
44965207
44976288
44987368
44998449
45009529
45020611
45031691
45042771
45053852
45064932
45076013
45087094
45098175
45109255
45120336
45131416
45142497
45153577
45164658
45175739
45186819
45197900
45208981
45220062
45231142
45242223
45253303
45264384
45275465
45286545
45297626
45308707
45319787
45330868
45341948
45353029
45364110
45375190
45386271
45397351
45408432
45419513
45430594
45441674
45452755
45463835
45474916
45485997
45497077
45508158
45519238
45530319
45541400
45552481
45563561
45574642
45585722
45596803
45607884
45618964
45630045
45641126
45652206
45663287
45674367
45685448
45696529
45707609
45718690
45729771
45740851
45751932
45763012
45774093
45785174
45796254
45807335
45818415
45829496
45840577
45851657
45862738
45873819
45884901
45895980
45907061
45918141
45929222
45940303
45951383
45962464
45973545
45984625
45995706
46006786
46017867
46028948
46040028
46051110
46062190
46073270
46084351
46095431
46106512
46117592
46128673
46139754
46150835
46161915
46172996
46184077
46195157
46206238
46217319
46228399
46239480
46250561
46261641
46272722
46283802
46294883
46305963
46317044
46328125
46339205
46350286
46361367
46372447
46383528
46394608
46405690
46416770
46427850
46438931
46450012
46461092
46472173
46483254
46494334
46505415
46516495
46527576
46538657
46549737
46560818
46571899
46582979
46594060
46605140
46616221
46627302
46638383
46649463
46660544
46671624
46682705
46693786
46704866
46715948
46727027
46738108
46749189
46760270
46771350
46782431
46793511
46804592
46815672
46826753
46837834
46848914
46859995
46871076
46882158
46893237
46904317
46915398
46926479
46937559
46948640
46959721
46970802
46981882
46992963
47004043
47015124
47026204
47037285
47048366
47059446
47070528
47081608
47092689
47103769
47114850
47125930
47137011
47148091
47159172
47170253
47181333
47192414
47203495
47214576
47225656
47236736
47247817
47258898
47269979
47281060
47292140
47303221
47314301
47325382
47336462
47347543
47358623
47369704
47380786
47391865
47402946
47414027
47425107
47436188
47447268
47458349
47469430
47480511
47491592
47502672
47513752
47524833
47535914
47546995
47558075
47569156
47580236
47591317
47602398
47613478
47624559
47635640
47646720
47657800
47668881
47679962
47691043
47702123
47713204
47724284
47735365
47746446
47757526
47768607
47779688
47790768
47801849
47812929
47824010
47835091
47846171
47857252
47868333
47879414
47890494
47901575
47912655
47923736
47934817
47945897
47956978
47968058
47979139
47990220
48001300
48012381
48023461
48034542
48045623
48056703
48067784
48078865
48089945
48101026
48112106
48123187
48134268
48145348
48156429
48167510
48178590
48189671
48200752
48211833
48222913
48233993
48245074
48256155
48267235
48278316
48289397
48300478
48311558
48322639
48333719
48344800
48355880
48366961
48378042
48389122
48400203
48411283
48422364
48433445
48444526
48455606
48466687
48477768
48488848
48499929
48511009
48522090
48533171
48544251
48555332
48566412
48577493
48588574
48599654
48610736
48621816
48632896
48643977
48655057
48666138
48677219
48688299
48699380
48710461
48721541
48732622
48743702
48754783
48765864
48776944
48788025
48799106
48810186
48821267
48832348
48843428
48854509
48865590
48876672
48887751
48898831
48909912
48920993
48932074
48943154
48954235
48965315
48976396
48987476
48998557
49009638
49020719
49031799
49042880
49053961
49065041
49076122
49087202
49098283
49109363
49120445
49131525
49142605
49153686
49164767
49175849
49186928
49198009
49209089
49220170
49231250
49242331
49253412
49264492
49275573
49286654
49297734
49308815
49319895
49330976
49342057
49353137
49364218
49375299
49386379
49397460
49408540
49419621
49430702
49441782
49452863
49463944
49475025
49486105
49497186
49508266
49519347
49530428
49541508
49552589
49563669
49574750
49585831
49596911
49607992
49619073
49630154
49641234
49652314
49663395
49674476
49685557
49696637
49707718
49718798
49729879
49740960
49752040
49763121
49774202
49785282
49796363
49807443
49818524
49829605
49840686
49851766
49862847
49873929
49885008
49896088
49907169
49918250
49929330
49940411
49951492
49962572
49973653
49984734
49995814
50006895
50017975
50029056
50040137
50051217
50062298
50073379
50084459
50095540
50106620
50117701
50128782
50139862
50150943
50162024
50173104
50184185
50195266
50206346
50217427
50228508
50239588
50250669
50261749
50272830
50283911
50294991
50306072
50317152
50328233
50339314
50350395
50361475
50372556
50383636
50394717
50405798
50416878
50427959
50439039
50450120
50461201
50472282
50483362
50494443
50505523
50516604
50527685
50538765
50549846
50560926
50572007
50583088
50594168
50605249
50616330
50627410
50638491
50649571
50660652
50671733
50682813
50693894
50704975
50716055
50727136
50738216
50749297
50760378
50771458
50782539
50793620
50804700
50815781
50826862
50837942
50849023
50860104
50871186
50882265
50893345
50904426
50915507
50926587
50937668
50948749
50959829
50970910
50981990
50993071
51004152
51015232
51026313
51037394
51048474
51059555
51070637
51081716
51092797
51103878
51114958
51126039
51137119
51148200
51159281
51170361
51181442
51192523
51203603
51214684
51225764
51236845
51247926
51259006
51270087
51281168
51292248
51303329
51314410
51325490
51336571
51347651
51358732
51369813
51380893
51391974
51403054
51414135
51425216
51436296
51447377
51458458
51469538
51480619
51491699
51502780
51513861
51524942
51536022
51547103
51558183
51569264
51580345
51591425
51602506
51613587
51624667
51635748
51646829
51657909
51668990
51680071
51691151
51702232
51713312
51724393
51735473
51746554
51757635
51768715
51779796
51790877
51801957
51813038
51824118
51835199
51846280
51857361
51868442
51879522
51890603
51901683
51912764
51923844
51934925
51946006
51957086
51968167
51979248
51990328
52001408
52012489
52023570
52034651
52045731
52056812
52067893
52078973
52090054
52101134
52112215
52123295
52134376
52145457
52156538
52167618
52178699
52189780
52200861
52211941
52223021
52234102
52245183
52256263
52267344
52278425
52289505
52300586
52311666
52322747
52333828
52344908
52355989
52367070
52378150
52389231
52400312
52411392
52422473
52433553
52444634
52455715
52466795
52477876
52488957
52500037
52511118
52522199
52533279
52544360
52555441
52566521
52577602
52588682
52599763
52610844
52621924
52633005
52644085
52655166
52666247
52677327
52688408
52699489
52710569
52721650
52732730
52743811
52754892
52765972
52777053
52788134
52799214
52810295
52821376
52832456
52843537
52854618
52865699
52876779
52887859
52898940
52910021
52921101
52932182
52943263
52954343
52965425
52976505
52987585
52998665
53009746
53020827
53031908
53042988
53054069
53065150
53076230
53087311
53098391
53109472
53120553
53131633
53142714
53153794
53164875
53175956
53187037
53198117
53209198
53220279
53231359
53242440
53253520
53264601
53275681
53286762
53297843
53308923
53320004
53331084
53342165
53353246
53364327
53375407
53386488
53397568
53408649
53419730
53430810
53441891
53452972
53464052
53475133
53486213
53497294
53508375
53519455
53530538
53541617
53552697
53563778
53574859
53585939
53597020
53608100
53619181
53630262
53641342
53652423
53663504
53674584
53685665
53696746
53707826
53718907
53729987
53741068
53752149
53763229
53774310
53785391
53796471
53807552
53818633
53829713
53840794
53851874
53862956
53874036
53885116
53896197
53907277
53918358
53929439
53940520
53951600
53962681
53973761
53984842
53995922
54007003
54018084
54029165
54040246
54051326
54062407
54073487
54084568
54095648
54106729
54117809
54128890
54139971
54151052
54162132
54173213
54184293
54195375
54206455
54217535
54228616
54239697
54250777
54261858
54272939
54284019
54295100
54306180
54317261
54328341
54339422
54350503
54361584
54372664
54383745
54394825
54405906
54416987
54428067
54439148
54450229
54461309
54472390
54483471
54494551
54505632
54516712
54527793
54538874
54549955
54561035
54572115
54583196
54594277
54605358
54616438
54627519
54638599
54649680
54660761
54671842
54682922
54694003
54705083
54716164
54727244
54738325
54749406
54760487
54771567
54782648
54793728
54804809
54815889
54826970
54838051
54849131
54860213
54871293
54882373
54893454
54904535
54915616
54926696
54937776
54948857
54959938
54971019
54982099
54993180
55004260
55015341
55026422
55037502
55048583
55059664
55070744
55081825
55092905
55103986
55115067
55126147
55137228
55148308
55159389
55170470
55181550
55192631
55203712
55214792
55225873
55236953
55248034
55259115
55270196
55281276
55292357
55303437
55314518
55325599
55336679
55347760
55358841
55369921
55381002
55392082
55403163
55414244
55425324
55436405
55447485
55458566
55469647
55480728
55491808
55502889
55513969
55525050
55536131
55547211
55558292
55569373
55580454
55591534
55602615
55613695
55624776
55635856
55646937
55658018
55669098
55680179
55691260
55702340
55713421
55724501
55735582
55746663
55757743
55768824
55779905
55790985
55802066
55813146
55824227
55835308
55846388
55857471
55868550
55879630
55890711
55901792
55912872
55923953
55935033
55946114
55957195
55968275
55979356
55990437
56001517
56012598
56023679
56034759
56045840
56056921
56068001
56079082
56090162
56101243
56112324
56123404
56134485
56145566
56156646
56167727
56178807
56189888
56200969
56212049
56223130
56234211
56245292
56256372
56267453
56278533
56289614
56300694
56311775
56322856
56333936
56345017
56356098
56367178
56378259
56389339
56400420
56411501
56422581
56433662
56444743
56455823
56466904
56477985
56489065
56500146
56511227
56522307
56533388
56544468
56555549
56566630
56577710
56588791
56599871
56610952
56622033
56633113
56644194
56655275
56666355
56677436
56688517
56699597
56710678
56721758
56732839
56743920
56755000
56766081
56777161
56788242
56799323
56810404
56821484
56832565
56843645
56854727
56865807
56876887
56887968
56899048
56910129
56921210
56932291
56943371
56954452
56965533
56976613
56987693
56998774
57009855
57020936
57032016
57043097
57054177
57065258
57076339
57087419
57098500
57109580
57120661
57131742
57142823
57153903
57164984
57176064
57187145
57198226
57209306
57220387
57231467
57242548
57253629
57264710
57275790
57286871
57297951
57309032
57320113
57331193
57342274
57353355
57364435
57375516
57386596
57397677
57408757
57419838
57430919
57441999
57453080
57464161
57475242
57486322
57497403
57508483
57519564
57530645
57541725
57552806
57563887
57574967
57586048
57597128
57608209
57619290
57630371
57641451
57652532
57663612
57674693
57685774
57696854
57707935
57719015
57730096
57741177
57752257
57763338
57774418
57785499
57796580
57807661
57818741
57829822
57840902
57851984
57863064
57874144
57885225
57896305
57907386
57918467
57929547
57940628
57951708
57962789
57973870
57984950
57996031
58007112
58018193
58029273
58040355
58051434
58062515
58073596
58084676
58095757
58106837
58117918
58128999
58140080
58151160
58162241
58173321
58184402
58195483
58206563
58217644
58228724
58239805
58250886
58261967
58273047
58284128
58295208
58306289
58317369
58328450
58339531
58350614
58361692
58372773
58383853
58394934
58406015
58417095
58428176
58439256
58450338
58461418
58472498
58483579
58494660
58505740
58516821
58527902
58538982
58550063
58561143
58572224
58583305
58594385
58605466
58616546
58627627
58638708
58649789
58660869
58671950
58683031
58694111
58705192
58716272
58727353
58738433
58749514
58760595
58771676
58782756
58793837
58804918
58815998
58827079
58838159
58849241
58860321
58871401
58882482
58893562
58904643
58915724
58926804
58937885
58948966
58960046
58971127
58982207
58993288
59004369
59015450
59026530
59037611
59048692
59059772
59070853
59081933
59093014
59104094
59115175
59126256
59137337
59148417
59159498
59170578
59181659
59192739
59203820
59214901
59225982
59237062
59248143
59259223
59270304
59281384
59292465
59303546
59314626
59325707
59336788
59347869
59358949
59370030
59381110
59392191
59403271
59414352
59425433
59436514
59447594
59458675
59469755
59480836
59491917
59502997
59514078
59525158
59536239
59547320
59558400
59569481
59580562
59591642
59602723
59613803
59624884
59635965
59647046
59658126
59669207
59680288
59691368
59702449
59713529
59724610
59735691
59746771
59757852
59768932
59780013
59791094
59802175
59813255
59824336
59835417
59846498
59857578
59868658
59879739
59890820
59901900
59912980
59924061
59935142
59946222
59957303
59968384
59979464
