11080
22161
33241
44322
55403
66483
77564
88644
99725
110806
121887
132967
144047
155128
166209
177289
188370
199451
210531
221612
232692
243773
254854
265936
277015
288096
299177
310257
321338
332419
343499
354580
365660
376741
387822
398902
409983
421063
432144
443225
454305
465386
476467
487547
498628
509710
520789
531870
542951
554032
565111
576192
587274
598353
609434
620515
631595
642676
653757
664837
675918
686998
698079
709160
720241
731321
742402
753483
764563
775644
786724
797805
808886
819966
831047
842128
853208
864289
875371
886450
897530
908612
919692
930772
941853
952934
964014
975095
986176
997256
1008337
1019417
1030498
1041579
1052660
1063740
1074821
1085901
1096982
1108063
1119143
1130224
1141304
1152385
1163466
1174547
1185627
1196707
1207788
1218869
1229949
1241030
1252111
1263191
1274272
1285352
1296433
1307514
1318595
1329675
1340756
1351836
1362917
1373998
1385078
1396159
1407240
1418320
1429401
1440482
1451562
1462643
1473724
1484804
1495885
1506967
1518048
1529127
1540207
1551288
1562368
1573449
1584530
1595610
1606691
1617772
1628852
1639933
1651013
1662094
1673175
1684255
1695336
1706417
1717498
1728578
1739659
1750739
1761820
1772901
1783981
1795062
1806143
1817223
1828304
1839386
1850465
1861545
1872627
1883707
1894787
1905868
1916949
1928029
1939110
1950190
1961271
1972352
1983432
1994513
2005594
2016674
2027755
2038836
2049916
2060997
2072078
2083158
2094239
2105320
2116400
2127483
2138561
2149642
2160723
2171804
2182884
2193965
2205045
2216126
2227206
2238287
2249368
2260448
2271529
2282609
2293690
2304771
2315851
2326932
2338013
2349093
2360174
2371255
2382335
2393416
2404497
2415577
2426658
2437738
2448819
2459900
2470980
2482061
2493142
2504224
2515303
2526383
2537464
2548545
2559625
2570706
2581786
2592867
2603948
2615028
2626109
2637190
2648270
2659351
2670432
2681512
2692593
2703674
2714754
2725835
2736916
2747996
2759077
2770159
2781238
2792319
2803399
2814480
2825560
2836641
2847722
2858803
2869883
2880963
2892045
2903126
2914206
2925286
2936367
2947447
2958528
2969609
2980689
2991770
3002851
3013931
3025012
3036092
3047173
3058254
3069334
3080415
3091497
3102578
3113657
3124738
3135818
3146899
3157979
3169060
3180141
3191221
3202302
3213383
3224463
3235544
3246625
3257705
3268786
3279867
3290947
3302028
3313109
3324189
3335270
3346350
3357431
3368511
3379594
3390673
3401753
3412835
3423915
3434995
3446076
3457157
3468237
3479318
3490398
3501480
3512561
3523640
3534721
3545802
3556882
3567963
3579044
3590124
3601205
3612286
3623366
3634447
3645528
3656608
3667691
3678769
3689850
3700931
3712012
3723092
3734172
3745253
3756334
3767414
3778495
3789576
3800656
3811737
3822817
3833898
3844979
3856059
3867140
3878221
3889301
3900382
3911462
3922544
3933624
3944705
3955785
3966866
3977947
3989028
4000108
4011188
4022270
4033349
4044430
4055511
4066591
4077672
4088753
4099833
4110914
4121995
4133075
4144156
4155236
4166317
4177398
4188479
4199559
4210640
4221720
4232801
4243882
4254962
4266042
4277124
4288204
4299285
4310366
4321446
4332527
4343608
4354688
4365768
4376849
4387930
4399010
4410091
4421171
4432252
4443333
4454413
4465494
4476575
4487655
4498737
4509817
4520897
4531978
4543059
4554139
4565220
4576301
4587381
4598461
4609543
4620623
4631703
4642784
4653865
4664946
4676026
4687107
4698188
4709269
4720349
4731429
4742510
4753590
4764671
4775752
4786832
4797913
4808994
4820074
4831155
4842236
4853316
4864397
4875478
4886558
4897639
4908720
4919800
4930881
4941962
4953043
4964123
4975203
4986284
4997365
5008445
5019526
5030607
5041687
5052767
5063848
5074929
5086009
5097090
5108171
5119251
5130332
5141413
5152493
5163574
5174654
5185735
5196816
5207896
5218977
5230058
5241139
5252219
5263300
5274382
5285461
5296542
5307623
5318703
5329784
5340864
5351945
5363026
5374106
5385187
5396267
5407348
5418428
5429509
5440590
5451670
5462751
5473831
5484912
5495994
5507074
5518154
5529235
5540315
5551396
5562479
5573557
5584638
5595719
5606799
5617880
5628961
5640041
5651121
5662203
5673283
5684363
5695444
5706526
5717605
5728686
5739767
5750847
5761928
5773009
5784089
5795170
5806250
5817331
5828412
5839492
5850573
5861654
5872734
5883815
5894896
5905977
5917057
5928138
5939218
5950298
5961380
5972460
5983541
5994622
6005702
6016782
6027863
6038944
6050024
6061105
6072186
6083266
6094347
6105428
6116508
6127589
6138670
6149750
6160831
6171911
6182992
6194073
6205155
6216234
6227315
6238395
6249476
6260557
6271637
6282718
6293799
6304879
6315960
6327041
6338121
6349202
6360282
6371363
6382444
6393524
6404605
6415685
6426766
6437847
6448927
6460008
6471088
6482169
6493254
6504331
6515411
6526493
6537573
6548653
6559734
6570814
6581895
6592976
6604056
6615137
6626218
6637298
6648379
6659460
6670540
6681620
6692702
6703782
6714862
6725943
6737024
6748104
6759185
6770265
6781346
6792427
6803507
6814590
6825669
6836749
6847831
6858911
6869991
6881072
6892153
6903234
6914314
6925394
6936475
6947556
6958636
6969717
6980798
6991879
7002959
7014040
7025120
7036201
7047281
7058362
7069442
7080523
7091604
7102684
7113765
7124846
7135926
7147007
7158088
7169168
7180249
7191329
7202410
7213491
7224571
7235652
7246733
7257814
7268894
7279975
7291055
7302136
7313217
7324297
7335378
7346458
7357539
7368620
7379701
7390781
7401861
7412942
7424023
7435103
7446184
7457266
7468345
7479426
7490508
7501587
7512668
7523749
7534829
7545910
7556990
7568071
7579152
7590232
7601313
7612393
7623475
7634555
7645636
7656716
7667797
7678877
7689958
7701039
7712119
7723200
7734281
7745362
7756442
7767522
7778604
7789684
7800764
7811845
7822926
7834006
7845087
7856167
7867248
7878329
7889410
7900490
7911571
7922651
7933732
7944813
7955893
7966974
7978054
7989135
8000216
8011296
8022377
8033458
8044538
8055619
8066701
8077780
8088861
8099942
8111022
8122103
8133184
8144264
8155345
8166425
8177506
8188586
8199667
8210748
8221828
8232910
8243989
8255070
8266151
8277231
8288312
8299393
8310473
8321555
8332635
8343715
8354796
8365877
8376957
8388038
8399119
8410199
8421280
8432361
8443441
8454521
8465602
8476683
8487765
8498845
8509925
8521005
8532086
8543167
8554247
8565329
8576409
8587489
8598570
8609650
8620731
8631812
8642893
8653973
8665054
8676135
8687215
8698296
8709377
8720457
8731537
8742618
8753699
8764779
8775860
8786940
8798021
8809102
8820183
8831263
8842344
8853424
8864505
8875586
8886666
8897747
8908827
8919908
8930989
8942070
8953150
8964231
8975311
8986392
8997474
9008553
9019634
9030715
9041795
9052876
9063957
9075037
9086118
9097199
9108279
9119360
9130440
9141521
9152602
9163682
9174763
9185843
9196924
9208005
9219085
9230166
9241246
9252327
9263408
9274488
9285569
9296650
9307730
9318813
9329892
9340972
9352053
9363134
9374214
9385295
9396376
9407456
9418537
9429617
9440698
9451779
9462860
9473940
9485022
9496101
9507182
9518262
9529343
9540423
9551504
9562585
9573665
9584746
9595827
9606908
9617988
9629069
9640149
9651230
9662311
9673391
9684472
9695553
9706633
9717714
9728794
9739875
9750956
9762036
9773117
9784198
9795278
9806359
9817440
9828520
9839601
9850681
9861762
9872843
9883924
9895004
9906084
9917165
9928248
9939326
9950407
9961488
9972568
9983650
9994730
10005810
10016891
10027972
10039052
10050133
10061213
10072294
10083376
10094456
10105536
10116617
10127697
10138778
10149859
10160939
10172020
10183101
10194181
10205261
10216342
10227423
10238503
10249586
10260664
10271745
10282827
10293907
10304987
10316068
10327148
10338229
10349310
10360390
10371471
10382552
10393632
10404713
10415794
10426874
10437955
10449036
10460116
10471197
10482279
10493359
10504439
10515519
10526600
10537680
10548761
10559842
10570923
10582003
10593084
10604164
10615245
10626325
10637406
10648488
10659567
10670648
10681729
10692810
10703890
10714971
10726051
10737132
10748213
10759293
10770374
10781455
10792535
10803616
10814697
10825777
10836858
10847938
10859019
10870099
10881180
10892262
10903341
10914422
10925503
10936583
10947664
10958745
10969825
10980906
10991986
11003067
11014148
11025228
11036309
11047390
11058470
11069551
11080632
11091712
11102793
11113873
11124954
11136035
11147116
11158196
11169276
11180358
11191438
11202518
11213600
11224680
11235760
11246841
11257921
11269002
11280083
11291163
11302244
11313327
11324405
11335486
11346567
11357647
11368728
11379809
11390889
11401970
11413051
11424131
11435212
11446292
11457373
11468454
11479536
11490615
11501697
11512777
11523856
11534938
11546018
11557099
11568179
11579260
11590340
11601421
11612502
11623582
11634663
11645744
11656824
11667905
11678986
11690066
11701147
11712227
11723308
11734389
11745469
11756550
11767631
11778711
11789792
11800872
11811954
11823034
11834114
11845195
11856276
11867356
11878438
11889517
11900598
11911679
11922760
11933840
11944921
11956001
11967082
11978163
11989243
12000324
12011404
12022485
12033566
12044646
12055727
12066808
12077889
12088969
12100050
12111132
12122211
12133291
12144374
12155453
12166534
12177614
12188695
12199775
12210856
12221936
12233017
12244098
12255179
12266259
12277340
12288421
12299501
12310582
12321662
12332743
12343823
12354904
12365985
12377065
12388146
12399227
12410307
12421388
12432470
12443549
12454630
12465711
12476792
12487872
12498952
12510033
12521114
12532194
12543275
12554356
12565436
12576517
12587598
12598678
12609759
12620839
12631920
12643001
12654081
12665162
12676243
12687324
12698404
12709484
12720565
12731645
12742726
12753808
12764887
12775968
12787049
12798130
12809211
12820291
12831371
12842452
12853533
12864613
12875694
12886775
12897855
12908936
12920016
12931097
12942178
12953258
12964339
12975420
12986500
12997581
13008661
13019742
13030823
13041903
13052984
13064065
13075145
13086226
13097307
13108387
13119468
13130548
13141629
13152710
13163790
13174871
13185952
13197032
13208113
13219194
13230274
13241355
13252435
13263516
13274597
13285677
13296758
13307839
13318919
13330000
13341080
13352161
13363243
13374322
13385403
13396484
13407564
13418645
13429725
13440806
13451887
13462967
13474048
13485129
13496209
13507290
13518371
13529451
13540532
13551612
13562693
13573774
13584854
13595935
13607016
13618097
13629177
13640258
13651338
13662419
13673500
13684582
13695661
13706741
13717823
13728902
13739983
13751064
13762144
13773226
13784306
13795387
13806467
13817548
13828628
13839709
13850790
13861870
13872951
13884032
13895112
13906193
13917273
13928354
13939435
13950515
13961596
13972678
13983757
13994838
14005920
14016999
14028080
14039161
14050241
14061321
14072402
14083483
14094563
14105644
14116725
14127805
14138886
14149967
14161047
14172128
14183209
14194289
14205370
14216451
14227531
14238612
14249692
14260773
14271854
14282935
14294015
14305096
14316176
14327257
14338338
14349418
14360498
14371579
14382660
14393740
14404821
14415902
14426982
14438063
14449144
14460224
14471307
14482386
14493466
14504547
14515628
14526708
14537789
14548869
14559950
14571031
14582111
14593192
14604272
14615355
14626434
14637515
14648596
14659675
14670756
14681837
14692918
14703998
14715079
14726159
14737240
14748321
14759401
14770482
14781562
14792643
14803725
14814804
14825885
14836966
14848046
14859127
14870208
14881289
14892369
14903452
14914530
14925611
14936693
14947772
14958853
14969934
14981014
14992094
15003176
15014256
15025336
15036417
15047498
15058578
15069659
15080740
15091821
15102901
15113982
15125062
15136143
15147223
15158304
15169385
15180465
15191546
15202627
15213707
15224789
15235869
15246949
15258031
15269111
15280191
15291272
15302353
15313433
15324513
15335594
15346675
15357756
15368836
15379917
15390997
15402078
15413159
15424239
15435320
15446400
15457481
15468564
15479643
15490723
15501804
15512885
15523965
15535046
15546126
15557207
15568288
15579368
15590449
15601530
15612610
15623691
15634772
15645852
15656932
15668013
15679094
15690174
15701255
15712335
15723416
15734497
15745578
15756658
15767739
15778819
15789900
15800981
15812061
15823142
15834223
15845303
15856384
15867466
15878545
15889626
15900707
15911787
15922868
15933948
15945029
15956110
15967191
15978271
15989351
16000432
16011513
16022594
16033674
16044755
16055835
16066916
16077997
16089077
16100158
16111238
16122319
16133402
16144480
16155561
16166641
16177722
16188804
16199883
16210964
16222045
16233126
16244206
16255287
16266368
16277448
16288529
16299609
16310690
16321771
16332851
16343932
16355012
16366093
16377173
16388254
16399335
16410415
16421496
16432577
16443657
16454738
16465820
16476899
16487980
16499061
16510143
16521222
16532302
16543383
16554464
16565544
16576625
16587706
16598786
16609867
16620947
16632028
16643109
16654190
16665270
16676351
16687431
16698512
16709593
16720673
16731754
16742835
16753915
16764996
16776076
16787157
16798241
16809318
16820399
16831480
16842560
16853641
16864722
16875802
16886883
16897963
16909044
16920125
16931205
16942286
16953367
16964447
16975528
16986608
16997689
17008770
17019850
17030931
17042012
17053092
17064173
17075254
17086334
17097415
17108495
17119577
17130657
17141737
17152818
17163899
17174979
17186060
17197140
17208221
17219302
17230382
17241463
17252544
17263625
17274705
17285785
17296866
17307947
17319027
17330108
17341189
17352270
17363350
17374431
17385511
17396592
17407673
17418753
17429834
17440916
17451995
17463076
17474157
17485237
17496317
17507398
17518479
17529559
17540640
17551721
17562801
17573882
17584963
17596043
17607124
17618205
17629285
17640366
17651446
17662527
17673608
17684688
17695769
17706849
17717930
17729011
17740091
17751172
17762252
17773334
17784414
17795494
17806575
17817656
17828736
17839817
17850898
17861978
17873059
17884140
17895220
17906301
17917381
17928462
17939543
17950623
17961704
17972785
17983865
17994946
18006027
18017107
18028188
18039268
18050351
18061430
18072511
18083592
18094672
18105752
18116833
18127914
18138994
18150075
18161156
18172236
18183317
18194397
18205478
18216559
18227639
18238720
18249800
18260881
18271962
18283043
18294124
18305204
18316284
18327365
18338446
18349526
18360607
18371689
18382768
18393850
18404930
18416010
18427091
18438171
18449252
18460334
18471414
18482493
18493575
18504655
18515736
18526817
18537897
18548978
18560058
18571139
18582219
18593300
18604381
18615461
18626542
18637623
18648703
18659784
18670864
18681945
18693027
18704106
18715187
18726268
18737348
18748429
18759510
18770590
18781671
18792752
18803832
18814913
18825993
18837074
18848154
18859236
18870316
18881396
18892477
18903558
18914638
18925719
18936800
18947880
18958961
18970041
18981122
18992203
19003283
19014364
19025445
19036525
19047606
19058687
19069768
19080848
19091929
19103009
19114090
19125171
19136251
19147332
19158412
19169493
19180574
19191654
19202735
19213815
19224896
19235977
19247057
19258138
19269219
19280299
19291380
19302462
19313541
19324622
19335703
19346783
19357864
19368944
19380025
19391106
19402186
19413267
19424348
19435428
19446509
19457591
19468671
19479751
19490831
19501912
19512993
19524074
19535154
19546234
19557315
19568396
19579476
19590558
19601637
19612718
19623801
19634880
19645960
19657041
19668121
19679202
19690283
19701363
19712444
19723525
19734605
19745686
19756766
19767847
19778928
19790009
19801089
19812169
19823250
19834331
19845412
19856492
19867573
19878653
19889734
19900814
19911896
19922976
19934057
19945138
19956218
19967298
19978379
19989460
20000540
20011621
20022702
20033782
20044863
20055944
20067025
20078105
20089186
20100266
20111346
20122428
20133508
20144589
20155669
20166750
20177830
20188911
20199992
20211072
20222153
20233233
20244315
20255395
20266475
20277556
20288637
20299717
20310798
20321879
20332959
20344040
20355121
20366201
20377282
20388363
20399443
20410524
20421605
20432685
20443766
20454848
20465927
20477007
20488088
20499169
20510249
20521330
20532410
20543492
20554574
20565653
20576733
20587814
20598894
20609975
20621056
20632136
20643217
20654298
20665378
20676459
20687539
20698620
20709701
20720781
20731862
20742943
20754023
20765104
20776185
20787266
20798346
20809427
20820507
20831587
20842669
20853749
20864830
20875912
20886991
20898071
20909152
20920233
20931313
20942394
20953475
20964556
20975636
20986717
20997797
21008878
21019959
21031039
21042120
21053201
21064281
21075362
21086442
21097523
21108604
21119685
21130765
21141845
21152926
21164009
21175087
21186168
21197250
21208329
21219410
21230490
21241571
21252652
21263732
21274813
21285894
21296974
21308055
21319135
21330216
21341297
21352377
21363458
21374539
21385619
21396700
21407781
21418861
21429942
21441023
21452106
21463184
21474265
21485345
21496426
21507506
21518587
21529668
21540748
21551829
21562910
21573990
21585071
21596152
21607232
21618313
21629393
21640474
21651555
21662635
21673716
21684797
21695877
21706958
21718038
21729119
21740200
21751280
21762361
21773441
21784523
21795603
21806685
21817764
21828845
21839926
21851006
21862087
21873167
21884248
21895329
21906409
21917490
21928571
21939651
21950732
21961812
21972893
21983973
21995054
22006135
22017215
22028296
22039377
22050458
22061538
22072619
22083699
22094782
22105861
22116941
22128023
22139103
22150183
22161264
22172344
22183425
22194506
22205586
22216667
22227748
22238828
22249909
22260990
22272070
22283151
22294231
22305312
22316392
22327473
22338554
22349634
22360715
22371796
22382876
22393957
22405038
22416119
22427199
22438279
22449363
22460442
22471521
22482602
22493683
22504763
22515844
22526925
22538005
22549086
22560167
22571247
22582328
22593408
22604489
22615570
22626650
22637731
22648812
22659893
22670973
22682054
22693134
22704215
22715296
22726376
22737458
22748537
22759618
22770699
22781779
22792860
22803940
22815021
22826102
22837182
22848263
22859344
22870424
22881505
22892586
22903666
22914747
22925827
22936908
22947989
22959069
22970150
22981231
22992311
23003392
23014472
23025553
23036634
23047714
23058797
23069875
23080956
23092037
23103117
23114198
23125279
23136359
23147440
23158521
23169601
23180682
23191762
23202843
23213924
23225005
23236085
23247166
23258247
23269327
23280408
23291488
23302569
23313650
23324730
23335811
23346893
23357972
23369052
23380134
23391214
23402294
23413375
23424456
23435536
23446619
23457698
23468778
23479859
23490939
23502020
23513101
23524182
23535262
23546343
23557423
23568504
23579585
23590665
23601746
23612827
23623907
23634988
23646069
23657149
23668230
23679311
23690391
23701471
23712552
23723633
23734713
23745794
23756875
23767955
23779036
23790117
23801197
23812278
23823358
23834439
23845520
23856601
23867681
23878762
23889842
23900923
23912004
23923084
23934165
23945247
23956326
23967407
23978487
23989570
24000649
24011729
24022810
24033890
24044971
24056052
24067133
24078213
24089294
24100375
24111455
24122536
24133616
24144697
24155778
24166858
24177939
24189019
24200100
24211181
24222261
24233342
24244423
24255503
24266584
24277667
24288745
24299826
24310908
24321987
24333068
24344148
24355229
24366309
24377390
24388471
24399551
24410632
24421712
24432793
24443875
24454955
24466035
24477116
24488196
24499277
24510358
24521438
24532519
24543600
24554680
24565761
24576842
24587922
24599004
24610084
24621164
24632245
24643325
24654406
24665487
24676567
24687648
24698728
24709809
24720890
24731970
24743051
24754131
24765212
24776293
24787373
24798454
24809535
24820615
24831696
24842777
24853857
24864938
24876019
24887099
24898180
24909261
24920341
24931422
24942503
24953583
24964664
24975745
24986825
24997906
25008986
25020067
25031147
25042228
25053309
25064390
25075470
25086550
25097631
25108712
25119792
25130873
25141954
25153034
25164115
25175196
25186276
25197357
25208437
25219518
25230599
25241681
25252760
25263841
25274922
25286002
25297083
25308163
25319244
25330325
25341405
25352485
25363566
25374647
25385728
25396808
25407889
25418970
25430050
25441132
25452212
25463292
25474373
25485454
25496534
25507615
25518695
25529776
25540857
25551937
25563019
25574098
25585180
25596260
25607341
25618421
25629502
25640582
25651663
25662744
25673824
25684905
25695985
25707066
25718147
25729227
25740308
25751388
25762469
25773550
25784630
25795711
25806792
25817872
25828953
25840034
25851116
25862195
25873276
25884357
25895437
25906517
25917598
25928679
25939760
25950840
25961920
25973001
25984082
25995163
26006243
26017324
26028404
26039485
26050566
26061646
26072727
26083807
26094888
26105970
26117050
26128130
26139210
26150291
26161372
26172452
26183533
26194614
26205695
26216775
26227856
26238937
26250018
26261098
26272179
26283259
26294340
26305421
26316501
26327581
26338662
26349743
26360824
26371904
26382985
26394065
26405146
26416227
26427307
26438389
26449468
26460550
26471630
26482711
26493792
26504871
26515953
26527033
26538113
26549194
26560275
26571355
26582436
26593517
26604598
26615678
26626759
26637839
26648920
26660000
26671081
26682162
26693242
26704323
26715404
26726484
26737565
26748645
26759726
26770807
26781889
26792968
26804049
26815130
26826210
26837291
26848371
26859452
26870532
26881613
26892694
26903774
26914855
26925936
26937017
26948097
26959177
26970258
26981339
26992419
27003500
27014581
27025661
27036742
27047823
27058903
27069984
27081065
27092145
27103228
27114307
27125387
27136468
27147548
27158629
27169710
27180790
27191871
27202952
27214032
27225113
27236194
27247274
27258354
27269436
27280516
27291596
27302677
27313758
27324838
27335919
27347000
27358080
27369161
27380241
27391322
27402403
27413483
27424564
27435646
27446725
27457806
27468887
27479967
27491048
27502129
27513209
27524290
27535371
27546451
27557531
27568612
27579693
27590774
27601854
27612935
27624015
27635096
27646177
27657257
27668338
27679419
27690499
27701580
27712662
27723741
27734822
27745903
27756983
27768064
27779144
27790225
27801306
27812386
27823467
27834548
27845629
27856709
27867789
27878870
27889950
27901032
27912112
27923192
27934273
27945354
27956434
27967515
27978596
27989676
28000757
28011837
28022918
28034001
28045080
28056160
28067242
28078321
28089402
28100483
28111563
28122644
28133725
28144805
28155886
28166967
28178047
28189127
28200208
28211289
28222370
28233450
28244531
28255611
28266692
28277773
28288853
28299934
28311015
28322095
28333176
28344256
28355339
28366418
28377498
28388579
28399660
28410740
28421821
28432903
28443983
28455063
28466144
28477224
28488305
28499386
28510466
28521547
28532627
28543708
28554788
28565869
28576950
28588030
28599111
28610192
28621272
28632353
28643434
28654514
28665596
28676677
28687756
28698837
28709917
28720998
28732079
28743159
28754240
28765321
28776401
28787482
28798563
28809643
28820724
28831805
28842885
28853966
28865046
28876127
28887207
28898288
28909369
28920450
28931530
28942610
28953691
28964773
28975853
28986933
28998015
29009094
29020175
29031256
29042336
29053417
29064498
29075578
29086659
29097740
29108820
29119901
29130982
29142062
29153143
29164223
29175304
29186385
29197465
29208546
29219626
29230707
29241788
29252868
29263949
29275030
29286112
29297191
29308271
29319353
29330433
29341513
29352594
29363675
29374755
29385836
29396917
29407997
29419078
29430160
29441239
29452320
29463400
29474481
29485562
29496642
29507723
29518803
29529884
29540965
29552046
29563126
29574206
29585288
29596368
29607448
29618529
29629610
29640691
29651771
29662852
29673932
29685013
29696094
29707174
29718255
29729335
29740416
29751497
29762578
29773658
29784739
29795820
29806900
29817981
29829061
29840142
29851223
29862303
29873384
29884464
29895547
29906626
29917706
29928789
29939868
29950948
29962029
29973110
29984190
29995271
30006352
30017432
30028513
30039594
30050674
30061755
30072835
30083916
30094997
30106077
30117158
30128238
30139319
30150400
30161480
30172561
30183642
30194722
30205803
30216885
30227964
30239045
30250126
30261206
30272287
30283367
30294448
30305529
30316609
30327690
30338771
30349851
30360932
30372012
30383093
30394173
30405255
30416335
30427417
30438496
30449577
30460657
30471738
30482819
30493899
30504980
30516061
30527141
30538224
30549302
30560383
30571464
30582544
30593625
30604706
30615786
30626867
30637948
30649028
30660109
30671190
30682270
30693351
30704431
30715512
30726592
30737673
30748754
30759835
30770915
30781996
30793076
30804157
30815238
30826318
30837399
30848479
30859560
30870641
30881721
30892802
30903883
30914963
30926045
30937125
30948205
30959286
30970367
30981447
30992527
31003608
31014689
31025770
31036851
31047931
31059011
31070092
31081173
31092254
31103334
31114415
31125495
31136576
31147658
31158737
31169818
31180900
31191979
31203060
31214140
31225221
31236302
31247382
31258463
31269544
31280624
31291705
31302786
31313866
31324947
31336027
31347108
31358189
31369269
31380350
31391431
31402511
31413592
31424674
31435754
31446833
31457914
31468997
31480075
31491156
31502238
31513318
31524398
31535479
31546559
31557640
31568721
31579801
31590883
31601963
31613043
31624124
31635205
31646285
31657366
31668446
31679527
31690608
31701688
31712769
31723850
31734930
31746011
31757092
31768172
31779252
31790335
31801414
31812494
31823575
31834656
31845737
31856817
31867898
31878978
31890059
31901140
31912220
31923301
31934382
31945463
31956543
31967624
31978704
31989785
32000866
32011946
32023027
32034108
32045188
32056268
32067349
32078430
32089511
32100591
32111671
32122752
32133833
32144913
32155995
32167075
32178155
32189236
32200317
32211397
32222478
32233559
32244639
32255721
32266801
32277881
32288962
32300042
32311123
32322204
32333284
32344365
32355446
32366526
32377607
32388687
32399769
32410848
32421931
32433011
32444090
32455171
32466252
32477333
32488413
32499494
32510574
32521655
32532735
32543816
32554897
32565978
32577058
32588139
32599219
32610300
32621381
32632462
32643542
32654623
32665703
32676784
32687865
32698945
32710026
32721109
32732187
32743268
32754349
32765429
32776510
32787590
32798671
32809751
32820832
32831913
32842993
32854074
32865155
32876235
32887316
32898396
32909477
32920558
32931638
32942719
32953800
32964880
32975961
32987042
32998122
33009204
33020284
33031364
33042446
33053526
33064606
33075687
33086767
33097848
33108928
33120009
33131090
33142170
33153251
33164332
33175412
33186493
33197573
33208654
33219735
33230816
33241896
33252977
33264057
33275138
33286219
33297299
33308380
33319461
33330541
33341622
33352703
33363783
33374864
33385944
33397025
33408105
33419188
33430267
33441348
33452428
33463509
33474589
33485670
33496751
33507831
33518912
33529992
33541073
33552154
33563234
33574315
33585396
33596476
33607557
33618638
33629718
33640799
33651881
33662960
33674041
33685122
33696202
33707283
33718363
33729444
33740524
33751606
33762686
33773766
33784847
33795928
33807008
33818089
33829170
33840250
33851331
33862411
33873492
33884573
33895653
33906734
33917815
33928895
33939976
33951056
33962137
33973220
33984298
33995379
34006460
34017541
34028621
34039702
34050782
34061863
34072944
34084025
34095105
34106186
34117266
34128347
34139427
34150508
34161588
34172669
34183750
34194830
34205911
34216993
34228072
34239153
34250234
34261315
34272395
34283475
34294557
34305637
34316718
34327798
34338879
34349959
34361040
34372121
34383201
34394282
34405363
34416445
34427525
34438604
34449685
34460766
34471847
34482927
34494008
34505088
34516169
34527250
34538330
34549411
34560491
34571572
34582655
34593733
34604814
34615895
34626976
34638056
34649136
34660217
34671297
34682378
34693459
34704540
34715620
34726701
34737782
34748862
34759943
34771023
34782104
34793185
34804265
34815346
34826427
34837507
34848588
34859669
34870749
34881830
34892910
34903993
34915072
34926152
34937233
34948313
34959394
34970475
34981555
34992636
35003717
35014797
35025878
35036959
35048039
35059120
35070200
35081281
35092362
35103442
35114523
35125605
35136684
35147765
35158846
35169926
35181007
35192088
35203168
35214249
35225331
35236410
35247491
35258571
35269652
35280732
35291813
35302894
35313974
35325055
35336135
35347216
35358297
35369377
35380458
35391539
35402619
35413700
35424781
35435862
35446942
35458023
35469103
35480184
35491265
35502345
35513426
35524507
35535587
35546667
35557749
35568829
35579910
35590990
35602071
35613152
35624232
35635313
35646393
35657475
35668554
35679635
35690716
35701796
35712877
35723958
35735038
35746119
35757200
35768280
35779361
35790442
35801522
35812603
35823684
35834766
35845845
35856926
35868007
35879087
35890167
35901248
35912329
35923409
35934490
35945570
35956651
35967732
35978813
35989893
36000973
36012054
36023135
36034216
36045296
36056377
36067458
36078538
36089619
36100699
36111780
36122861
36133941
36145022
36156104
36167183
36178264
36189345
36200425
36211506
36222587
36233667
36244748
36255828
36266909
36277990
36289070
36300151
36311231
36322312
36333392
36344473
36355554
36366634
36377716
36388796
36399876
36410959
36422038
36433118
36444199
36455280
36466360
36477442
36488522
36499602
36510683
36521763
36532844
36543925
36555005
36566086
36577167
36588247
36599328
36610409
36621489
36632570
36643650
36654731
36665811
36676892
36687973
36699053
36710134
36721215
36732295
36743376
36754456
36765537
36776618
36787699
36798779
36809860
36820940
36832021
36843102
36854182
36865263
36876344
36887424
36898505
36909586
36920666
36931746
36942827
36953908
36964988
36976069
36987150
36998230
37009311
37020392
37031472
37042553
37053633
37064714
37075795
37086877
37097956
37109037
37120118
37131198
37142279
37153359
37164440
37175521
37186601
37197682
37208763
37219843
37230924
37242005
37253085
37264166
37275246
37286327
37297408
37308489
37319569
37330649
37341730
37352811
37363891
37374973
37386052
37397133
37408216
37419296
37430375
37441456
37452536
37463617
37474698
37485778
37496859
37507940
37519020
37530101
37541182
37552262
37563343
37574424
37585504
37596585
37607665
37618746
37629827
37640907
37651988
37663068
37674149
37685230
37696312
37707391
37718472
37729553
37740633
37751713
37762794
37773875
37784955
37796036
37807117
37818198
37829278
37840359
37851439
37862520
37873601
37884681
37895762
37906843
37917923
37929004
37940084
37951165
37962246
37973326
37984407
37995487
38006568
38017649
38028729
38039810
38050890
38061971
38073052
38084132
38095213
38106294
38117374
38128455
38139536
38150616
38161697
38172778
38183858
38194939
38206020
38217100
38228181
38239263
38250342
38261423
38272503
38283584
38294664
38305745
38316826
38327906
38338989
38350067
38361149
38372229
38383309
38394390
38405472
38416551
38427632
38438713
38449793
38460874
38471955
38483035
38494116
38505196
38516277
38527358
38538438
38549519
38560600
38571681
38582761
38593842
38604922
38616003
38627084
38638164
38649245
38660327
38671406
38682486
38693567
38704648
38715729
38726809
38737890
38748971
38760051
38771132
38782212
38793293
38804374
38815454
38826535
38837615
38848697
38859777
38870857
38881938
38893019
38904100
38915180
38926261
38937341
38948424
38959502
38970583
38981665
38992744
39003825
39014906
39025987
39037067
39048148
39059228
39070309
39081389
39092470
39103551
39114632
39125712
39136793
39147873
39158954
39170035
39181115
39192196
39203277
39214357
39225438
39236519
39247599
39258679
39269760
39280841
39291922
39303002
39314083
39325163
39336244
39347325
39358405
39369486
39380567
39391647
39402729
39413809
39424889
39435970
39447050
39458131
39469212
39480292
39491373
39502453
39513534
39524615
39535695
39546776
39557857
39568937
39580018
39591100
39602179
39613260
39624341
39635421
39646502
39657582
39668663
39679744
39690824
39701905
39712985
39724066
39735147
39746227
39757308
39768388
39779470
39790550
39801631
39812711
39823792
39834872
39845953
39857034
39868114
39879197
39890276
39901356
39912438
39923517
39934598
39945679
39956759
39967840
39978921
39990001
40001082
40012163
40023243
40034324
40045405
40056485
40067566
40078646
40089727
40100807
40111888
40122969
40134049
40145130
40156211
40167291
40178372
40189453
40200535
40211614
40222695
40233776
40244856
40255936
40267017
40278098
40289179
40300259
40311340
40322420
40333501
40344582
40355662
40366743
40377823
40388904
40399987
40411066
40422146
40433227
40444307
40455388
40466469
40477549
40488630
40499711
40510791
40521873
40532953
40544033
40555114
40566194
40577275
40588355
40599437
40610517
40621597
40632678
40643759
40654839
40665920
40677001
40688081
40699162
40710243
40721323
40732404
40743484
40754565
40765646
40776726
40787807
40798888
40809970
40821049
40832130
40843212
40854291
40865371
40876452
40887532
40898614
40909694
40920774
40931855
40942936
40954017
40965097
40976178
40987258
40998339
41009420
41020500
41031581
41042662
41053742
41064823
41075903
41086984
41098064
41109145
41120226
41131308
41142387
41153468
41164549
41175629
41186709
41197790
41208871
41219952
41231032
41242113
41253193
41264274
41275355
41286435
41297516
41308596
41319677
41330758
41341838
41352919
41364000
41375080
41386161
41397243
41408323
41419403
41430484
41441564
41452645
41463725
41474806
41485887
41496967
41508048
41519128
41530209
41541290
41552370
41563452
41574532
41585612
41596693
41607774
41618854
41629935
41641015
41652096
41663177
41674257
41685338
41696419
41707499
41718580
41729661
41740741
41751822
41762903
41773984
41785064
41796145
41807225
41818306
41829386
41840467
41851547
41862628
41873709
41884790
41895870
41906951
41918031
41929112
41940193
41951273
41962354
41973434
41984515
41995596
42006677
42017757
42028838
42039918
42050999
42062081
42073160
42084241
42095323
42106402
42117483
42128563
42139644
42150725
42161806
42172886
42183967
42195047
42206128
42217209
42228290
42239370
42250450
42261531
42272611
42283692
42294773
42305853
42316934
42328015
42339095
42350176
42361257
42372337
42383420
42394500
42405580
42416660
42427740
42438821
42449902
42460983
42472063
42483144
42494224
42505305
42516385
42527466
42538547
42549627
42560710
42571788
42582869
42593950
42605030
42616111
42627192
42638272
42649353
42660434
42671514
42682595
42693676
42704756
42715837
42726918
42737998
42749079
42760159
42771240
42782321
42793401
42804482
42815563
42826643
42837724
42848804
42859885
42870966
42882047
42893127
42904207
42915288
42926369
42937449
42948530
42959611
42970692
42981772
42992853
43003933
43015014
43026096
43037175
43048256
43059337
43070417
43081497
43092578
43103659
43114740
43125820
43136901
43147982
43159062
43170143
43181224
43192304
43203385
43214466
43225547
43236627
43247707
43258788
43269869
43280949
43292030
43303110
43314192
43325272
43336353
43347434
43358514
43369594
43380675
43391757
43402836
43413917
43424997
43436078
43447159
43458239
43469320
43480400
43491481
43502562
43513642
43524723
43535804
43546885
43557966
43569046
43580126
43591207
43602288
43613368
43624449
43635531
43646610
43657690
43668772
43679852
43690933
43702013
43713094
43724175
43735255
43746336
43757416
43768497
43779578
43790659
43801739
43812820
43823900
43834981
43846061
43857142
43868223
43879303
43890384
43901465
43912545
43923626
43934707
43945787
43956868
43967949
43979029
43990110
44001191
44012271
44023351
44034432
44045513
44056594
44067674
44078755
44089835
44100916
44111997
44123077
44134158
44145239
44156319
44167400
44178480
44189561
44200642
44211722
44222803
44233883
44244965
44256045
44267126
44278207
44289287
44300367
44311448
44322529
44333609
44344690
44355770
44366851
44377932
44389013
44400093
44411173
44422254
44433335
44444415
44455496
44466577
44477657
44488738
44499819
44510899
44521980
44533061
44544141
44555222
44566304
44577383
44588464
44599545
44610625
44621707
44632786
44643867
44654948
44666028
44677109
44688190
44699270
44710351
44721432
44732512
44743593
44754673
44765754
44776835
44787915
44798996
44810076
44821157
44832238
44843318
44854399
44865480
44876560
44887643
44898722
44909802
44920883
44931964
44943044
44954125
44965205
44976286
44987367
44998447
45009528
45020608
45031689
45042770
45053851
45064931
45076012
45087092
45098173
45109253
45120334
45131415
45142495
45153576
45164657
45175737
45186818
45197899
45208979
45220060
45231141
45242221
45253302
45264383
45275463
45286544
45297624
45308705
45319786
45330866
45341947
45353028
45364108
45375189
45386270
45397350
45408430
45419511
45430592
45441672
45452753
45463834
45474914
45485995
45497078
45508156
45519237
45530319
45541398
45552480
45563559
45574640
45585721
45596802
45607882
45618963
45630043
45641124
45652205
45663285
45674366
45685446
45696527
45707608
45718689
45729769
45740849
45751930
45763011
45774091
45785172
45796253
45807333
45818416
45829495
45840575
45851657
45862736
45873817
45884898
45895979
45907059
45918140
45929220
45940301
45951382
45962462
45973543
45984624
45995705
46006785
46017865
46028946
46040026
46051108
46062188
46073268
46084349
46095430
46106510
46117591
46128672
46139754
46150833
46161914
46172994
46184075
46195156
46206236
46217318
46228397
46239478
46250559
46261639
46272720
46283801
46294881
46305962
46317043
46328123
46339204
46350285
46361365
46372446
46383528
46394607
46405687
46416768
46427849
46438929
46450010
46461092
46472172
46483252
46494333
46505413
46516494
46527574
46538655
46549736
46560816
46571897
46582979
46594059
46605139
46616220
46627300
46638381
46649462
46660542
46671623
46682704
46693784
46704865
46715946
46727026
46738107
46749189
46760268
46771349
46782431
46793510
46804590
46815671
46826752
46837832
46848913
46859993
46871074
46882156
46893235
46904316
46915397
46926477
46937558
46948639
46959719
46970800
46981881
46992961
47004042
47015122
47026203
47037284
47048365
47059445
47070527
47081606
47092687
47103768
47114848
47125929
47137009
47148090
47159170
47170251
47181332
47192412
47203493
47214574
47225654
47236735
47247815
47258896
47269977
47281057
47292138
47303219
47314299
47325380
47336461
47347541
47358622
47369703
47380784
47391864
47402945
47414025
47425106
47436186
47447267
47458348
47469428
47480509
47491589
47502670
47513751
47524831
47535912
47546993
47558073
47569154
47580235
47591315
47602396
47613476
47624557
47635638
47646718
47657799
47668880
47679962
47691041
47702122
47713204
47724283
47735363
47746444
47757525
47768605
47779686
47790767
47801847
47812928
47824008
47835089
47846170
47857250
47868331
47879412
47890492
47901573
47912654
47923734
47934815
47945895
47956976
47968057
47979138
47990218
48001300
48012379
48023460
48034541
48045622
48056702
48067782
48078863
48089944
48101024
48112105
48123186
48134266
48145347
48156428
48167508
48178589
48189670
48200750
48211831
48222912
48233992
48245073
48256153
48267234
48278314
48289395
48300476
48311556
48322639
48333718
48344798
48355879
48366959
48378041
48389122
48400201
48411282
48422363
48433443
48444524
48455605
48466685
48477766
48488846
48499927
48511008
48522089
48533169
48544250
48555330
48566411
48577492
48588572
48599653
48610733
48621814
48632895
48643975
48655056
48666136
48677217
48688298
48699378
48710459
48721540
48732621
48743701
48754782
48765862
48776943
48788024
48799104
48810185
48821266
48832346
48843427
48854508
48865588
48876669
48887749
48898830
48909910
48920991
48932073
48943152
48954233
48965314
48976394
48987475
48998556
49009636
49020717
49031797
49042878
49053959
49065039
49076120
49087201
49098281
49109362
49120442
49131523
49142604
49153684
49164765
49175846
49186927
49198007
49209088
49220168
49231249
49242330
49253412
49264491
49275571
49286653
49297733
49308813
49319894
49330974
49342055
49353136
49364216
49375298
49386378
49397458
49408539
49419620
49430700
49441781
49452862
49463942
49475023
49486104
49497184
49508265
49519345
49530426
49541507
49552587
49563668
49574750
49585829
49596909
49607991
49619071
49630151
49641232
49652313
49663394
49674474
49685555
49696635
49707716
49718797
49729877
49740958
49752039
49763119
49774200
49785281
49796361
49807442
49818523
49829603
49840684
49851764
49862845
49873926
49885006
49896087
49907168
49918248
49929329
49940410
49951490
49962571
49973652
49984732
49995812
50006893
50017974
50029054
50040136
50051216
50062296
50073378
50084458
50095538
50106619
50117699
50128780
50139861
50150941
50162022
50173103
50184186
50195264
50206345
50217426
50228506
50239586
50250667
50261748
50272829
50283909
50294989
50306070
50317151
50328231
50339312
50350392
50361473
50372556
50383635
50394715
50405796
50416876
50427957
50439038
50450118
50461199
50472280
50483361
50494441
50505523
50516602
50527683
50538764
50549844
50560924
50572006
50583086
50594167
50605247
50616328
50627409
50638489
50649570
50660650
50671731
50682812
50693892
50704973
50716054
50727134
50738215
50749295
50760376
50771457
50782537
50793619
50804699
50815780
50826861
50837941
50849021
50860102
50871183
50882263
50893344
50904425
50915505
50926586
50937666
50948747
50959827
50970908
50981989
50993070
51004150
51015231
51026311
51037392
51048473
51059553
51070634
51081714
51092795
51103876
51114956
51126037
51137118
51148199
51159279
51170360
51181440
51192521
51203603
51214682
51225763
51236843
51247924
51259005
51270085
51281166
51292247
51303328
51314408
51325489
51336569
51347650
51358730
51369813
51380892
51391972
51403053
51414133
51425214
51436296
51447375
51458457
51469537
51480617
51491698
51502779
51513859
51524940
51536021
51547101
51558182
51569263
51580343
51591423
51602504
51613585
51624666
51635746
51646827
51657907
51668988
51680068
51691149
51702230
51713311
51724392
51735472
51746552
51757635
51768715
51779794
51790875
51801955
51813036
51824117
51835197
51846278
51857359
51868440
51879520
51890600
51901681
51912762
51923843
51934923
51946004
51957084
51968165
51979246
51990326
52001407
52012487
52023568
52034649
52045732
52056810
52067891
52078973
52090052
52101133
52112213
52123294
52134374
52145455
52156536
52167617
52178697
52189778
52200859
52211939
52223020
52234100
52245181
52256262
52267342
52278423
52289503
52300584
52311665
52322745
52333826
52344907
52355987
52367071
52378149
52389229
52400311
52411390
52422471
52433552
52444632
52455713
52466793
52477874
52488955
52500035
52511116
52522196
52533278
52544358
52555439
52566519
52577600
52588681
52599761
52610842
52621922
52633003
52644084
52655164
52666245
52677326
52688408
52699487
52710568
52721648
52732729
52743810
52754890
52765971
52777051
52788132
52799212
52810293
52821374
52832454
52843535
52854616
52865697
52876777
52887857
52898938
52910019
52921099
52932180
52943261
52954341
52965422
52976503
52987583
52998664
53009746
53020825
53031906
53042986
53054067
53065148
53076229
53087309
53098389
53109470
53120551
53131631
53142712
53153793
53164873
53175954
53187035
53198115
53209196
53220277
53231357
53242438
53253519
53264599
53275680
53286760
53297841
53308922
53320002
53331083
53342164
53353244
53364326
53375406
53386486
53397566
53408647
53419728
53430808
53441889
53452970
53464051
53475131
53486212
53497292
53508373
53519454
53530535
53541615
53552696
53563777
53574857
53585937
53597018
53608099
53619181
53630260
53641341
53652422
53663503
53674583
53685663
53696744
53707825
53718905
53729986
53741066
53752147
53763228
53774308
53785389
53796469
53807550
53818631
53829711
53840792
53851873
53862954
53874034
53885115
53896195
53907277
53918356
53929437
53940519
53951598
53962679
53973760
53984840
53995921
54007002
54018082
54029163
54040244
54051324
54062405
54073486
54084566
54095646
54106727
54117808
54128889
54139969
54151049
54162131
54173211
54184291
54195373
54206453
54217533
54228616
54239695
54250775
54261857
54272937
54284017
54295098
54306179
54317259
54328340
54339421
54350501
54361583
54372663
54383743
54394824
54405904
54416985
54428066
54439146
54450227
54461307
54472388
54483469
54494549
54505630
54516711
54527792
54538872
54549952
54561033
54572114
54583195
54594275
54605356
54616436
54627517
54638598
54649678
54660759
54671839
54682920
54694002
54705081
54716162
54727243
54738323
54749404
54760485
54771565
54782646
54793727
54804807
54815888
54826969
54838049
54849130
54860211
54871293
54882371
54893453
54904533
54915613
54926694
54937775
54948855
54959936
54971016
54982097
54993178
55004258
55015339
55026420
55037500
55048581
55059662
55070742
55081823
55092904
55103984
55115065
55126146
55137226
55148307
55159388
55170468
55181549
55192631
55203710
55214790
55225871
55236952
55248033
55259113
55270193
55281274
55292355
55303436
55314516
55325597
55336677
55347758
55358840
55369920
55381000
55392081
55403162
55414242
55425322
55436403
55447484
55458564
55469645
55480727
55491807
55502887
55513968
55525049
55536129
55547209
55558290
55569371
55580451
55591532
55602612
55613693
55624774
55635854
55646935
55658016
55669096
55680177
55691258
55702338
55713419
55724500
55735580
55746661
55757742
55768822
55779903
55790983
55802064
55813145
55824225
55835306
55846386
55857467
55868548
55879628
55890709
55901789
55912871
55923951
55935031
55946112
55957193
55968273
55979354
55990435
56001515
56012596
56023679
56034757
56045838
56056918
56067999
56079080
56090161
56101241
56112322
56123404
56134483
56145564
56156645
56167725
56178806
56189886
56200967
56212047
56223128
56234208
56245289
56256370
56267450
56278531
56289612
56300692
56311773
56322854
56333934
56345015
56356096
56367176
56378257
56389337
56400418
56411500
56422579
56433660
56444742
56455821
56466902
56477983
56489063
56500144
56511224
56522305
56533386
56544466
56555547
56566628
56577708
56588789
56599870
56610950
56622031
56633112
56644192
56655273
56666353
56677434
56688515
56699595
56710676
56721757
56732838
56743918
56754999
56766080
56777160
56788240
56799321
56810401
56821482
56832563
56843644
56854725
56865805
56876885
56887966
56899047
56910127
56921208
56932289
56943369
56954450
56965531
56976611
56987692
56998772
57009853
57020934
57032014
57043095
57054176
57065256
57076337
57087417
57098498
57109579
57120659
57131740
57142821
57153902
57164982
57176062
57187143
57198224
57209304
57220385
57231466
57242546
57253627
57264708
57275788
57286869
57297950
57309030
57320111
57331191
57342273
57353353
57364434
57375515
57386594
57397675
57408756
57419836
57430917
57441998
57453078
57464159
57475239
57486320
57497401
57508482
57519562
57530643
57541723
57552804
57563885
57574965
57586046
57597127
57608207
57619288
57630368
57641449
57652530
57663612
57674691
57685772
57696853
57707933
57719014
57730094
57741174
57752256
57763336
57774417
57785497
57796578
57807658
57818739
57829820
57840900
57851981
57863062
57874143
57885223
57896304
57907384
57918465
57929546
57940626
57951707
57962788
57973868
57984950
57996029
58007110
58018191
58029271
58040352
58051433
58062513
58073594
58084675
58095755
58106836
58117916
58128997
58140077
58151158
58162239
58173320
58184401
58195481
58206561
58217642
58228723
58239803
58250884
58261964
58273045
58284126
58295207
58306288
58317368
58328448
58339529
58350611
58361690
58372771
58383852
58394932
58406013
58417093
58428174
58439255
58450335
58461416
58472496
58483577
58494658
58505738
58516819
58527900
58538980
58550061
58561142
58572222
58583303
58594384
58605464
58616545
58627626
58638706
58649787
58660867
58671948
58683029
58694109
58705190
58716271
58727351
58738432
58749513
58760593
58771673
58782754
58793835
58804915
58815996
58827077
58838157
58849239
58860319
58871399
58882480
58893561
58904641
58915723
58926803
58937883
58948965
58960045
58971125
58982206
58993286
59004367
59015448
59026528
59037609
59048689
59059770
59070850
59081931
59093012
59104092
59115173
59126254
59137334
59148415
59159496
59170576
59181657
59192737
59203818
59214899
59225979
59237060
59248141
59259222
59270302
59281383
59292463
59303544
59314625
59325705
59336786
59347868
59358947
59370028
59381108
59392189
59403270
59414351
59425431
59436511
59447592
59458673
59469753
59480834
59491914
59502995
59514076
59525157
59536237
59547318
59558401
59569479
59580560
59591640
59602721
59613802
59624882
59635963
59647044
59658124
59669205
59680286
59691366
59702446
59713527
59724608
59735689
59746769
59757850
59768931
59780011
59791091
59802172
59813253
59824334
59835414
59846496
59857575
59868656
59879738
59890817
59901898
59912979
59924059
59935140
59946221
59957301
59968382
59979463
