11081
22161
33242
44322
55403
66484
77564
88646
99725
110806
121887
132967
144048
155129
166209
177290
188371
199451
210532
221613
232693
243774
254854
265935
277016
288096
299177
310258
321338
332419
343500
354580
365661
376742
387822
398903
409985
421064
432144
443225
454306
465386
476467
487548
498628
509709
520790
531870
542951
554032
565112
576193
587274
598354
609435
620515
631596
642677
653757
664838
675919
686999
698080
709160
720241
731322
742402
753483
764563
775644
786725
797807
808886
819967
831047
842128
853208
864289
875370
886451
897531
908612
919692
930773
941854
952934
964015
975096
986176
997257
1008338
1019419
1030499
1041579
1052660
1063741
1074821
1085902
1096983
1108063
1119144
1130224
1141305
1152386
1163466
1174548
1185627
1196708
1207789
1218869
1229950
1241031
1252111
1263192
1274272
1285353
1296434
1307514
1318595
1329676
1340758
1351837
1362918
1373999
1385079
1396160
1407240
1418321
1429402
1440482
1451563
1462643
1473724
1484804
1495885
1506966
1518046
1529127
1540208
1551288
1562369
1573450
1584530
1595611
1606691
1617772
1628853
1639933
1651014
1662096
1673175
1684256
1695337
1706417
1717498
1728579
1739659
1750740
1761820
1772901
1783982
1795062
1806143
1817223
1828304
1839385
1850465
1861546
1872627
1883707
1894788
1905869
1916949
1928030
1939111
1950191
1961272
1972352
1983433
1994514
2005595
2016675
2027756
2038836
2049917
2060998
2072078
2083159
2094240
2105320
2116401
2127481
2138562
2149642
2160724
2171804
2182884
2193965
2205046
2216126
2227207
2238287
2249368
2260449
2271531
2282610
2293691
2304772
2315852
2326933
2338013
2349094
2360175
2371255
2382336
2393416
2404497
2415578
2426658
2437739
2448820
2459900
2470981
2482061
2493142
2504223
2515303
2526384
2537465
2548545
2559626
2570707
2581787
2592869
2603948
2615029
2626110
2637190
2648271
2659352
2670432
2681513
2692593
2703674
2714755
2725835
2736916
2747997
2759077
2770158
2781239
2792319
2803400
2814481
2825561
2836642
2847722
2858803
2869884
2880964
2892045
2903125
2914208
2925287
2936367
2947448
2958529
2969610
2980690
2991771
3002851
3013932
3025013
3036093
3047174
3058254
3069335
3080416
3091496
3102577
3113658
3124738
3135820
3146900
3157981
3169063
3180143
3191223
3202303
3213384
3224465
3235545
3246626
3257707
3268787
3279868
3290949
3302029
3313110
3324191
3335271
3346352
3357432
3368513
3379594
3390675
3401755
3412835
3423916
3434997
3446077
3457158
3468238
3479319
3490400
3501481
3512561
3523644
3534722
3545803
3556884
3567964
3579045
3590125
3601206
3612287
3623367
3634448
3645529
3656609
3667690
3678771
3689851
3700932
3712013
3723093
3734174
3745254
3756335
3767416
3778497
3789577
3800657
3811738
3822819
3833899
3844982
3856061
3867141
3878222
3889302
3900383
3911464
3922544
3933625
3944706
3955787
3966867
3977948
3989028
4000109
4011190
4022270
4033351
4044431
4055512
4066593
4077673
4088754
4099835
4110915
4121996
4133077
4144157
4155238
4166322
4177400
4188479
4199560
4210641
4221721
4232802
4243883
4254963
4266044
4277125
4288205
4299286
4310367
4321447
4332528
4343609
4354689
4365770
4376851
4387931
4399012
4410092
4421173
4432253
4443334
4454416
4465495
4476576
4487657
4498737
4509818
4520899
4531979
4543060
4554140
4565221
4576302
4587382
4598463
4609544
4620624
4631705
4642786
4653866
4664947
4676028
4687108
4698189
4709269
4720350
4731430
4742511
4753592
4764673
4775755
4786834
4797914
4808995
4820075
4831157
4842237
4853317
4864398
4875479
4886559
4897640
4908721
4919801
4930882
4941963
4953043
4964124
4975205
4986285
4997366
5008446
5019527
5030608
5041688
5052769
5063849
5074930
5086011
5097093
5108172
5119253
5130333
5141414
5152494
5163577
5174656
5185736
5196817
5207898
5218978
5230059
5241139
5252220
5263301
5274381
5285462
5296543
5307623
5318704
5329785
5340865
5351946
5363027
5374107
5385188
5396268
5407349
5418430
5429510
5440591
5451671
5462752
5473833
5484913
5495995
5507075
5518155
5529236
5540317
5551398
5562478
5573559
5584639
5595720
5606800
5617881
5628962
5640043
5651123
5662204
5673284
5684365
5695445
5706528
5717607
5728687
5739769
5750849
5761930
5773010
5784091
5795171
5806252
5817333
5828413
5839494
5850575
5861655
5872735
5883816
5894897
5905978
5917058
5928139
5939219
5950300
5961381
5972461
5983542
5994623
6005703
6016784
6027866
6038945
6050026
6061107
6072187
6083268
6094348
6105429
6116510
6127590
6138671
6149751
6160833
6171913
6182993
6194074
6205154
6216236
6227316
6238396
6249477
6260558
6271638
6282719
6293800
6304880
6315963
6327044
6338122
6349204
6360284
6371364
6382445
6393525
6404606
6415687
6426768
6437848
6448928
6460009
6471090
6482170
6493251
6504332
6515412
6526493
6537573
6548654
6559735
6570815
6581896
6592977
6604057
6615138
6626218
6637299
6648380
6659461
6670541
6681622
6692702
6703783
6714864
6725944
6737025
6748106
6759186
6770267
6781348
6792428
6803508
6814589
6825670
6836750
6847831
6858911
6869992
6881073
6892154
6903234
6914315
6925395
6936476
6947557
6958639
6969718
6980799
6991881
7002960
7014041
7025121
7036202
7047283
7058363
7069444
7080524
7091605
7102686
7113767
7124847
7135928
7147008
7158090
7169170
7180250
7191331
7202412
7213492
7224573
7235653
7246735
7257815
7268895
7279977
7291056
7302137
7313218
7324299
7335379
7346460
7357541
7368621
7379701
7390782
7401863
7412943
7424024
7435105
7446185
7457266
7468347
7479427
7490508
7501589
7512669
7523750
7534830
7545911
7556993
7568074
7579153
7590233
7601316
7612395
7623475
7634556
7645637
7656718
7667798
7678879
7689959
7701040
7712121
7723201
7734282
7745363
7756443
7767524
7778604
7789685
7800765
7811847
7822927
7834008
7845088
7856168
7867250
7878330
7889410
7900491
7911572
7922652
7933733
7944814
7955894
7966975
7978056
7989136
8000217
8011298
8022378
8033459
8044539
8055620
8066701
8077781
8088862
8099943
8111023
8122104
8133184
8144265
8155346
8166427
8177507
8188588
8199668
8210750
8221829
8232910
8243991
8255071
8266152
8277233
8288313
8299394
8310474
8321555
8332636
8343716
8354797
8365878
8376959
8388039
8399120
8410200
8421281
8432362
8443442
8454523
8465604
8476684
8487765
8498845
8509926
8521006
8532089
8543168
8554249
8565329
8576410
8587490
8598571
8609651
8620732
8631813
8642893
8653975
8665055
8676135
8687216
8698297
8709377
8720458
8731538
8742619
8753700
8764781
8775861
8786942
8798023
8809103
8820185
8831264
8842345
8853427
8864506
8875587
8886668
8897748
8908828
8919909
8930990
8942070
8953152
8964232
8975312
8986394
8997474
9008554
9019635
9030716
9041796
9052877
9063957
9075038
9086119
9097200
9108280
9119361
9130441
9141522
9152604
9163683
9174764
9185844
9196925
9208005
9219086
9230167
9241247
9252328
9263409
9274489
9285570
9296651
9307731
9318812
9329893
9340973
9352054
9363135
9374215
9385296
9396377
9407457
9418538
9429619
9440699
9451779
9462862
9473941
9485022
9496102
9507183
9518264
9529344
9540424
9551506
9562586
9573667
9584747
9595828
9606909
9617989
9629070
9640150
9651231
9662311
9673392
9684473
9695553
9706634
9717715
9728795
9739876
9750957
9762037
9773118
9784200
9795279
9806360
9817442
9828521
9839601
9850682
9861763
9872843
9883924
9895005
9906085
9917166
9928247
9939327
9950408
9961489
9972569
9983650
9994731
10005811
10016892
10027972
10039053
10050134
10061214
10072296
10083375
10094456
10105538
10116618
10127698
10138779
10149861
10160940
10172021
10183101
10194182
10205263
10216343
10227424
10238505
10249585
10260666
10271747
10282827
10293907
10304989
10316069
10327150
10338230
10349311
10360391
10371472
10382553
10393635
10404714
10415794
10426876
10437956
10449036
10460117
10471198
10482279
10493359
10504440
10515520
10526601
10537682
10548763
10559843
10570923
10582004
10593085
10604166
10615246
10626327
10637407
10648488
10659568
10670649
10681730
10692810
10703891
10714973
10726052
10737133
10748214
10759294
10770375
10781456
10792536
10803617
10814698
10825778
10836859
10847939
10859020
10870100
10881181
10892262
10903343
10914423
10925503
10936585
10947665
10958746
10969826
10980907
10991987
11003069
11014149
11025229
11036312
11047390
11058471
11069552
11080632
11091713
11102794
11113874
11124955
11136036
11147118
11158197
11169278
11180358
11191439
11202520
11213600
11224681
11235762
11246842
11257922
11269003
11280084
11291164
11302245
11313326
11324406
11335487
11346568
11357648
11368729
11379810
11390890
11401971
11413051
11424134
11435213
11446293
11457374
11468455
11479536
11490616
11501697
11512777
11523858
11534939
11546019
11557100
11568181
11579261
11590342
11601422
11612503
11623584
11634664
11645747
11656826
11667906
11678987
11690067
11701148
11712229
11723309
11734390
11745471
11756551
11767632
11778713
11789793
11800874
11811955
11823035
11834116
11845196
11856277
11867358
11878438
11889519
11900599
11911680
11922761
11933842
11944922
11956003
11967085
11978164
11989244
12000325
12011406
12022486
12033567
12044647
12055728
12066809
12077889
12088970
12100051
12111131
12122212
12133293
12144374
12155454
12166534
12177615
12188696
12199776
12210857
12221938
12233018
12244099
12255180
12266260
12277341
12288423
12299502
12310583
12321663
12332744
12343825
12354905
12365986
12377066
12388147
12399228
12410308
12421389
12432470
12443550
12454631
12465711
12476792
12487873
12498953
12510034
12521115
12532195
12543276
12554357
12565437
12576518
12587599
12598679
12609760
12620841
12631921
12643008
12654082
12665163
12676243
12687325
12698405
12709485
12720566
12731647
12742728
12753808
12764889
12775969
12787050
12798130
12809211
12820292
12831372
12842453
12853534
12864614
12875695
12886775
12897858
12908937
12920018
12931098
12942179
12953259
12964340
12975421
12986501
12997582
13008662
13019743
13030824
13041904
13052985
13064066
13075146
13086227
13097308
13108388
13119469
13130549
13141632
13152711
13163791
13174872
13185953
13197033
13208114
13219196
13230275
13241356
13252436
13263517
13274597
13285678
13296759
13307840
13318920
13330001
13341082
13352163
13363242
13374323
13385404
13396485
13407565
13418646
13429726
13440807
13451888
13462968
13474049
13485130
13496210
13507292
13518371
13529452
13540534
13551613
13562694
13573775
13584855
13595936
13607016
13618097
13629178
13640259
13651339
13662420
13673500
13684581
13695661
13706742
13717823
13728903
13739985
13751065
13762146
13773226
13784307
13795387
13806468
13817549
13828629
13839710
13850790
13861871
13872952
13884032
13895113
13906193
13917274
13928355
13939436
13950516
13961596
13972678
13983758
13994839
14005919
14017000
14028080
14039161
14050242
14061322
14072403
14083484
14094564
14105645
14116726
14127806
14138888
14149969
14161048
14172129
14183209
14194290
14205371
14216451
14227532
14238612
14249693
14260774
14271855
14282935
14294016
14305097
14316177
14327257
14338338
14349419
14360499
14371580
14382661
14393742
14404822
14415903
14426983
14438064
14449144
14460225
14471307
14482386
14493467
14504548
14515628
14526709
14537790
14548870
14559951
14571031
14582112
14593193
14604273
14615354
14626435
14637516
14648596
14659677
14670757
14681838
14692919
14703999
14715080
14726160
14737242
14748322
14759404
14770483
14781563
14792645
14803725
14814805
14825886
14836967
14848047
14859128
14870209
14881289
14892370
14903450
14914531
14925612
14936693
14947773
14958854
14969935
14981015
14992096
15003176
15014257
15025337
15036418
15047499
15058579
15069660
15080740
15091821
15102902
15113982
15125063
15136145
15147225
15158305
15169385
15180466
15191547
15202628
15213708
15224789
15235869
15246950
15258031
15269111
15280192
15291272
15302354
15313434
15324515
15335595
15346676
15357756
15368837
15379917
15390998
15402080
15413159
15424240
15435321
15446401
15457482
15468563
15479643
15490724
15501805
15512885
15523966
15535047
15546127
15557208
15568288
15579369
15590450
15601530
15612611
15623692
15634773
15645853
15656934
15668014
15679094
15690176
15701256
15712336
15723419
15734498
15745578
15756659
15767740
15778820
15789901
15800982
15812062
15823143
15834223
15845304
15856385
15867466
15878546
15889627
15900707
15911788
15922869
15933949
15945030
15956111
15967192
15978272
15989353
16000433
16011515
16022595
16033675
16044756
16055836
16066917
16077998
16089078
16100159
16111240
16122320
16133402
16144481
16155562
16166642
16177724
16188804
16199884
16210965
16222046
16233126
16244207
16255288
16266368
16277449
16288530
16299611
16310691
16321772
16332854
16343933
16355013
16366094
16377175
16388255
16399336
16410416
16421497
16432578
16443658
16454739
16465820
16476900
16487981
16499061
16510142
16521223
16532304
16543384
16554465
16565545
16576626
16587708
16598787
16609868
16620949
16632029
16643110
16654192
16665271
16676352
16687432
16698513
16709594
16720674
16731755
16742836
16753916
16764996
16776077
16787158
16798240
16809319
16820400
16831480
16842561
16853642
16864722
16875803
16886884
16897964
16909045
16920125
16931206
16942289
16953367
16964448
16975530
16986609
16997690
17008771
17019851
17030932
17042012
17053093
17064173
17075254
17086335
17097415
17108496
17119577
17130658
17141738
17152819
17163899
17174980
17186060
17197141
17208222
17219302
17230383
17241464
17252544
17263625
17274706
17285786
17296867
17307948
17319028
17330109
17341190
17352270
17363351
17374431
17385512
17396593
17407674
17418754
17429835
17440915
17451995
17463077
17474157
17485238
17496318
17507399
17518480
17529560
17540641
17551721
17562802
17573883
17584965
17596044
17607125
17618206
17629286
17640367
17651447
17662528
17673609
17684689
17695770
17706850
17717931
17729012
17740092
17751173
17762253
17773334
17784415
17795496
17806576
17817657
17828737
17839818
17850898
17861979
17873061
17884140
17895221
17906303
17917382
17928464
17939544
17950624
17961705
17972786
17983866
17994947
18006028
18017108
18028189
18039269
18050350
18061431
18072511
18083592
18094672
18105753
18116834
18127916
18138996
18150075
18161156
18172237
18183318
18194399
18205479
18216559
18227641
18238721
18249801
18260882
18271963
18283043
18294124
18305204
18316285
18327366
18338447
18349527
18360608
18371688
18382769
18393849
18404930
18416011
18427091
18438172
18449252
18460334
18471414
18482494
18493575
18504656
18515736
18526817
18537898
18548978
18560059
18571140
18582220
18593301
18604381
18615462
18626543
18637623
18648704
18659785
18670865
18681946
18693026
18704107
18715188
18726269
18737349
18748430
18759510
18770591
18781671
18792753
18803833
18814913
18825994
18837076
18848156
18859236
18870317
18881397
18892478
18903558
18914639
18925720
18936801
18947882
18958964
18970042
18981123
18992204
19003285
19014365
19025445
19036526
19047607
19058688
19069768
19080849
19091930
19103010
19114091
19125174
19136252
19147333
19158415
19169494
19180574
19191655
19202735
19213816
19224897
19235977
19247058
19258139
19269219
19280300
19291381
19302461
19313542
19324623
19335704
19346784
19357865
19368945
19380026
19391106
19402187
19413268
19424348
19435429
19446511
19457590
19468671
19479753
19490832
19501912
19512993
19524074
19535155
19546235
19557316
19568397
19579477
19590558
19601638
19612719
19623801
19634880
19645961
19657041
19668122
19679203
19690284
19701364
19712445
19723525
19734606
19745687
19756767
19767848
19778929
19790009
19801089
19812170
19823251
19834331
19845412
19856493
19867573
19878654
19889735
19900815
19911896
19922977
19934058
19945138
19956219
19967299
19978380
19989460
20000541
20011622
20022702
20033783
20044864
20055945
20067025
20078106
20089188
20100267
20111348
20122430
20133509
20144590
20155670
20166750
20177831
20188912
20199992
20211073
20222154
20233234
20244315
20255396
20266476
20277557
20288638
20299718
20310799
20321880
20332960
20344041
20355121
20366202
20377284
20388363
20399444
20410525
20421605
20432686
20443767
20454847
20465928
20477008
20488089
20499170
20510250
20521331
20532412
20543492
20554573
20565653
20576734
20587815
20598896
20609976
20621057
20632137
20643218
20654299
20665379
20676460
20687540
20698623
20709702
20720782
20731864
20742944
20754024
20765105
20776185
20787266
20798347
20809427
20820508
20831589
20842669
20853750
20864830
20875911
20886992
20898072
20909153
20920234
20931315
20942395
20953476
20964556
20975637
20986717
20997798
21008879
21019959
21031040
21042121
21053201
21064282
21075363
21086443
21097524
21108605
21119686
21130766
21141846
21152927
21164009
21175088
21186169
21197250
21208330
21219411
21230491
21241572
21252653
21263733
21274814
21285895
21296975
21308056
21319137
21330217
21341299
21352378
21363459
21374539
21385620
21396701
21407781
21418862
21429943
21441023
21452104
21463185
21474265
21485346
21496426
21507507
21518588
21529669
21540749
21551829
21562910
21573992
21585071
21596152
21607233
21618313
21629396
21640475
21651555
21662637
21673717
21684797
21695878
21706958
21718039
21729120
21740200
21751281
21762362
21773442
21784523
21795604
21806684
21817765
21828846
21839926
21851007
21862087
21873168
21884249
21895329
21906410
21917491
21928572
21939652
21950735
21961813
21972894
21983975
21995055
22006135
22017216
22028297
22039377
22050458
22061539
22072619
22083700
22094781
22105861
22116944
22128023
22139104
22150184
22161265
22172345
22183425
22194506
22205587
22216668
22227748
22238830
22249909
22260990
22272072
22283152
22294232
22305313
22316393
22327474
22338554
22349638
22360716
22371796
22382877
22393958
22405038
22416119
22427200
22438280
22449361
22460441
22471522
22482603
22493683
22504764
22515845
22526925
22538006
22549086
22560169
22571248
22582328
22593410
22604490
22615571
22626651
22637731
22648812
22659893
22670973
22682054
22693135
22704215
22715296
22726377
22737457
22748538
22759619
22770699
22781780
22792860
22803941
22815022
22826102
22837183
22848263
22859344
22870425
22881507
22892586
22903667
22914748
22925828
22936908
22947990
22959070
22970150
22981231
22992312
23003392
23014473
23025553
23036634
23047715
23058795
23069876
23080957
23092037
23103118
23114199
23125280
23136360
23147441
23158521
23169602
23180682
23191763
23202844
23213924
23225005
23236086
23247166
23258247
23269331
23280409
23291489
23302570
23313650
23324731
23335811
23346892
23357973
23369053
23380134
23391214
23402295
23413376
23424456
23435537
23446618
23457698
23468779
23479860
23490941
23502021
23513102
23524183
23535263
23546343
23557424
23568505
23579586
23590666
23601746
23612827
23623908
23634989
23646069
23657150
23668230
23679312
23690392
23701472
23712553
23723633
23734714
23745795
23756875
23767956
23779037
23790117
23801198
23812280
23823359
23834440
23845521
23856601
23867682
23878763
23889843
23900924
23912005
23923085
23934166
23945246
23956327
23967408
23978488
23989569
24000649
24011730
24022810
24033891
24044972
24056052
24067133
24078214
24089295
24100375
24111457
24122536
24133619
24144698
24155778
24166859
24177939
24189020
24200101
24211181
24222262
24233343
24244423
24255504
24266585
24277665
24288746
24299827
24310907
24321987
24333068
24344149
24355229
24366310
24377391
24388471
24399552
24410632
24421713
24432794
24443875
24454955
24466036
24477116
24488204
24499278
24510359
24521439
24532520
24543600
24554681
24565762
24576842
24587923
24599004
24610085
24621164
24632245
24643326
24654407
24665487
24676568
24687648
24698729
24709811
24720890
24731971
24743053
24754132
24765213
24776295
24787374
24798455
24809536
24820616
24831697
24842778
24853858
24864939
24876019
24887100
24898181
24909261
24920342
24931422
24942503
24953584
24964665
24975745
24986826
24997906
25008987
25020068
25031148
25042229
25053309
25064392
25075470
25086551
25097633
25108715
25119794
25130874
25141954
25153035
25164116
25175196
25186277
25197358
25208438
25219519
25230599
25241680
25252761
25263841
25274922
25286003
25297083
25308164
25319245
25330325
25341406
25352486
25363567
25374648
25385730
25396809
25407890
25418971
25430051
25441132
25452212
25463293
25474373
25485454
25496535
25507615
25518696
25529777
25540857
25551938
25563018
25574099
25585180
25596260
25607341
25618422
25629503
25640583
25651664
25662744
25673825
25684905
25695986
25707067
25718147
25729228
25740308
25751389
25762470
25773551
25784631
25795712
25806792
25817873
25828953
25840034
25851115
25862195
25873276
25884357
25895437
25906518
25917599
25928679
25939760
25950841
25961921
25973002
25984082
25995164
26006243
26017324
26028406
26039486
26050566
26061647
26072727
26083808
26094889
26105970
26117050
26128131
26139211
26150292
26161372
26172453
26183534
26194615
26205695
26216776
26227856
26238937
26250018
26261098
26272179
26283259
26294340
26305421
26316504
26327582
26338663
26349744
26360824
26371905
26382985
26394066
26405146
26416227
26427308
26438389
26449470
26460549
26471630
26482711
26493791
26504872
26515953
26527033
26538114
26549195
26560275
26571356
26582437
26593517
26604599
26615678
26626759
26637841
26648920
26660001
26671082
26682162
26693243
26704324
26715404
26726485
26737565
26748646
26759727
26770807
26781888
26792968
26804049
26815130
26826210
26837291
26848372
26859453
26870533
26881614
26892694
26903775
26914856
26925936
26937017
26948097
26959178
26970259
26981340
26992420
27003500
27014581
27025662
27036742
27047823
27058903
27069984
27081065
27092145
27103228
27114307
27125387
27136468
27147549
27158629
27169710
27180791
27191871
27202952
27214033
27225113
27236194
27247275
27258355
27269437
27280517
27291597
27302678
27313758
27324839
27335920
27347000
27358081
27369161
27380242
27391323
27402403
27413484
27424564
27435645
27446726
27457806
27468887
27479968
27491048
27502129
27513210
27524290
27535371
27546451
27557532
27568614
27579694
27590774
27601856
27612935
27624016
27635097
27646177
27657258
27668339
27679419
27690500
27701581
27712661
27723742
27734822
27745903
27756984
27768064
27779145
27790225
27801306
27812387
27823468
27834548
27845628
27856710
27867790
27878870
27889953
27901032
27912113
27923193
27934274
27945354
27956435
27967515
27978596
27989677
28000757
28011838
28022919
28033999
28045080
28056161
28067241
28078322
28089403
28100485
28111564
28122645
28133725
28144806
28155886
28166967
28178048
28189128
28200209
28211291
28222370
28233451
28244531
28255612
28266693
28277773
28288854
28299936
28311016
28322096
28333176
28344257
28355338
28366418
28377499
28388580
28399661
28410741
28421821
28432902
28443983
28455063
28466144
28477224
28488305
28499388
28510467
28521547
28532629
28543708
28554789
28565870
28576950
28588031
28599112
28610192
28621273
28632354
28643434
28654515
28665595
28676676
28687757
28698838
28709918
28720999
28732079
28743160
28754241
28765321
28776401
28787483
28798563
28809643
28820726
28831805
28842885
28853966
28865047
28876127
28887208
28898289
28909369
28920450
28931531
28942611
28953692
28964772
28975853
28986934
28998014
29009095
29020176
29031256
29042337
29053418
29064498
29075579
29086659
29097741
29108821
29119902
29130982
29142063
29153144
29164224
29175304
29186385
29197465
29208546
29219627
29230707
29241788
29252869
29263950
29275030
29286111
29297192
29308272
29319353
29330433
29341514
29352595
29363675
29374756
29385837
29396917
29407998
29419078
29430162
29441240
29452321
29463402
29474482
29485562
29496643
29507724
29518804
29529885
29540965
29552046
29563127
29574207
29585288
29596369
29607449
29618530
29629611
29640691
29651772
29662852
29673933
29685014
29696094
29707175
29718255
29729336
29740417
29751499
29762578
29773659
29784740
29795820
29806900
29817981
29829062
29840143
29851223
29862304
29873384
29884465
29895546
29906626
29917707
29928788
29939868
29950949
29962029
29973110
29984191
29995271
30006352
30017433
30028513
30039595
30050674
30061755
30072837
30083916
30094998
30106078
30117158
30128239
30139320
30150400
30161481
30172561
30183642
30194723
30205803
30216884
30227964
30239045
30250126
30261206
30272287
30283368
30294448
30305529
30316610
30327690
30338771
30349852
30360932
30372013
30383093
30394174
30405255
30416335
30427416
30438496
30449578
30460658
30471739
30482819
30493900
30504981
30516061
30527141
30538222
30549303
30560383
30571464
30582545
30593625
30604706
30615787
30626867
30637948
30649028
30660109
30671190
30682272
30693351
30704432
30715513
30726593
30737674
30748754
30759836
30770915
30781996
30793077
30804158
30815238
30826319
30837399
30848480
30859561
30870641
30881722
30892803
30903883
30914964
30926045
30937125
30948206
30959286
30970367
30981447
30992528
31003611
31014689
31025770
31036851
31047931
31059012
31070093
31081173
31092256
31103335
31114415
31125496
31136576
31147657
31158737
31169818
31180899
31191979
31203060
31214141
31225221
31236302
31247382
31258464
31269544
31280624
31291706
31302786
31313866
31324949
31336028
31347108
31358189
31369270
31380350
31391431
31402512
31413592
31424673
31435753
31446834
31457915
31468995
31480076
31491157
31502238
31513318
31524398
31535479
31546559
31557640
31568721
31579802
31590883
31601963
31613043
31624124
31635205
31646285
31657366
31668447
31679527
31690609
31701689
31712769
31723850
31734930
31746011
31757092
31768172
31779253
31790334
31801414
31812495
31823575
31834656
31845737
31856817
31867898
31878978
31890060
31901140
31912220
31923302
31934383
31945462
31956543
31967624
31978704
31989785
32000866
32011946
32023027
32034107
32045188
32056269
32067349
32078430
32089512
32100591
32111672
32122753
32133833
32144914
32155994
32167075
32178156
32189236
32200317
32211398
32222478
32233559
32244640
32255722
32266801
32277882
32288962
32300043
32311123
32322204
32333284
32344365
32355446
32366526
32377607
32388688
32399768
32410849
32421930
32433010
32444091
32455172
32466252
32477333
32488414
32499494
32510575
32521655
32532736
32543817
32554897
32565978
32577060
32588140
32599220
32610301
32621381
32632462
32643542
32654623
32665703
32676784
32687865
32698945
32710026
32721107
32732187
32743268
32754349
32765429
32776510
32787590
32798671
32809752
32820832
32831913
32842994
32854074
32865155
32876236
32887316
32898397
32909478
32920559
32931638
32942719
32953800
32964880
32975961
32987042
32998122
33009203
33020284
33031364
33042445
33053526
33064606
33075687
33086769
33097848
33108929
33120010
33131090
33142171
33153251
33164332
33175413
33186495
33197574
33208655
33219736
33230816
33241897
33252978
33264058
33275139
33286219
33297299
33308380
33319461
33330541
33341622
33352703
33363783
33374864
33385944
33397025
33408106
33419187
33430267
33441348
33452428
33463509
33474591
33485671
33496751
33507833
33518912
33529993
33541074
33552154
33563235
33574316
33585397
33596477
33607557
33618638
33629719
33640799
33651880
33662960
33674041
33685122
33696203
33707283
33718364
33729444
33740525
33751606
33762686
33773767
33784847
33795930
33807009
33818089
33829171
33840251
33851331
33862412
33873493
33884573
33895654
33906734
33917815
33928896
33939977
33951057
33962138
33973218
33984299
33995379
34006460
34017541
34028621
34039702
34050783
34061863
34072944
34084026
34095105
34106186
34117267
34128347
34139427
34150509
34161589
34172670
34183750
34194831
34205912
34216992
34228073
34239153
34250235
34261315
34272395
34283476
34294557
34305637
34316718
34327798
34338879
34349960
34361040
34372121
34383201
34394282
34405363
34416444
34427524
34438606
34449685
34460766
34471847
34482927
34494008
34505089
34516169
34527250
34538330
34549411
34560492
34571572
34582653
34593733
34604814
34615895
34626976
34638056
34649136
34660217
34671298
34682379
34693459
34704540
34715620
34726702
34737782
34748862
34759945
34771023
34782104
34793185
34804265
34815346
34826427
34837508
34848588
34859669
34870749
34881830
34892911
34903991
34915072
34926152
34937233
34948314
34959394
34970475
34981555
34992636
35003717
35014797
35025878
35036959
35048039
35059120
35070201
35081282
35092363
35103443
35114527
35125604
35136684
35147765
35158846
35169926
35181007
35192088
35203168
35214249
35225330
35236410
35247491
35258572
35269652
35280734
35291814
35302894
35313974
35325055
35336136
35347216
35358297
35369379
35380459
35391539
35402620
35413701
35424781
35435861
35446942
35458023
35469103
35480184
35491265
35502345
35513426
35524507
35535587
35546668
35557749
35568829
35579910
35590991
35602071
35613152
35624232
35635313
35646393
35657474
35668555
35679636
35690718
35701796
35712877
35723958
35735038
35746120
35757200
35768280
35779361
35790442
35801522
35812603
35823684
35834764
35845845
35856926
35868006
35879087
35890168
35901248
35912329
35923409
35934490
35945571
35956651
35967732
35978813
35989893
36000974
36012056
36023135
36034216
36045296
36056377
36067457
36078540
36089620
36100699
36111780
36122861
36133941
36145022
36156103
36167183
36178264
36189344
36200425
36211506
36222586
36233667
36244748
36255828
36266909
36277990
36289071
36300151
36311231
36322312
36333393
36344473
36355554
36366635
36377715
36388796
36399876
36410958
36422038
36433118
36444199
36455280
36466360
36477441
36488522
36499602
36510683
36521764
36532844
36543925
36555005
36566086
36577167
36588247
36599328
36610409
36621491
36632570
36643650
36654731
36665812
36676893
36687973
36699054
36710135
36721215
36732296
36743376
36754457
36765538
36776618
36787698
36798779
36809860
36820940
36832021
36843102
36854182
36865263
36876344
36887424
36898505
36909587
36920666
36931747
36942829
36953908
36964989
36976069
36987150
36998231
37009311
37020392
37031473
37042553
37053634
37064715
37075796
37086876
37097957
37109037
37120118
37131199
37142279
37153359
37164440
37175521
37186601
37197682
37208763
37219843
37230925
37242005
37253085
37264167
37275247
37286327
37297408
37308488
37319569
37330650
37341730
37352811
37363892
37374972
37386053
37397133
37408214
37419295
37430375
37441456
37452536
37463617
37474698
37485778
37496859
37507940
37519020
37530101
37541182
37552262
37563343
37574424
37585504
37596585
37607665
37618746
37629827
37640908
37651988
37663069
37674150
37685230
37696311
37707391
37718472
37729552
37740634
37751713
37762794
37773875
37784955
37796036
37807116
37818197
37829278
37840359
37851439
37862520
37873602
37884681
37895762
37906843
37917923
37929004
37940084
37951165
37962246
37973326
37984407
37995488
38006568
38017649
38028729
38039810
38050891
38061972
38073053
38084133
38095214
38106294
38117375
38128455
38139536
38150616
38161698
38172778
38183858
38194941
38206019
38217100
38228181
38239262
38250342
38261423
38272504
38283584
38294665
38305745
38316826
38327907
38338987
38350068
38361149
38372229
38383310
38394390
38405471
38416552
38427632
38438713
38449793
38460875
38471955
38483037
38494116
38505197
38516278
38527358
38538438
38549519
38560600
38571681
38582761
38593842
38604922
38616003
38627084
38638164
38649245
38660325
38671407
38682487
38693568
38704648
38715729
38726809
38737890
38748970
38760051
38771132
38782213
38793293
38804374
38815454
38826535
38837615
38848696
38859777
38870857
38881939
38893019
38904099
38915180
38926261
38937341
38948422
38959502
38970583
38981664
38992745
39003825
39014906
39025987
39037067
39048148
39059228
39070310
39081390
39092471
39103551
39114632
39125713
39136792
39147873
39158954
39170034
39181115
39192196
39203276
39214357
39225438
39236519
39247599
39258679
39269760
39280841
39291921
39303002
39314083
39325163
39336244
39347325
39358405
39369486
39380567
39391647
39402728
39413809
39424889
39435970
39447052
39458131
39469212
39480292
39491373
39502453
39513534
39524615
39535695
39546776
39557856
39568938
39580018
39591099
39602179
39613260
39624341
39635421
39646502
39657582
39668663
39679744
39690824
39701905
39712986
39724066
39735149
39746227
39757308
39768389
39779469
39790554
39801630
39812711
39823792
39834872
39845953
39857034
39868115
39879195
39890275
39901357
39912437
39923517
39934598
39945679
39956759
39967840
39978921
39990001
40001082
40012163
40023243
40034324
40045405
40056487
40067567
40078647
40089727
40100808
40111888
40122969
40134049
40145130
40156211
40167291
40178372
40189452
40200534
40211614
40222694
40233776
40244856
40255937
40267017
40278098
40289178
40300259
40311340
40322420
40333501
40344582
40355662
40366743
40377825
40388904
40399985
40411066
40422146
40433227
40444307
40455388
40466469
40477550
40488630
40499710
40510791
40521871
40532952
40544033
40555113
40566195
40577275
40588355
40599436
40610517
40621597
40632678
40643758
40654839
40665921
40677001
40688081
40699163
40710242
40721323
40732404
40743484
40754565
40765645
40776726
40787807
40798887
40809968
40821049
40832129
40843210
40854291
40865371
40876452
40887532
40898614
40909694
40920775
40931855
40942935
40954016
40965097
40976177
40987258
40998339
41009419
41020500
41031581
41042661
41053742
41064824
41075904
41086984
41098065
41109145
41120226
41131306
41142387
41153468
41164548
41175629
41186710
41197790
41208871
41219951
41231034
41242113
41253194
41264275
41275356
41286435
41297516
41308598
41319677
41330758
41341838
41352919
41364000
41375080
41386161
41397242
41408322
41419403
41430484
41441564
41452645
41463726
41474806
41485887
41496967
41508048
41519128
41530209
41541290
41552370
41563451
41574532
41585613
41596694
41607773
41618854
41629936
41641016
41652096
41663177
41674257
41685338
41696419
41707499
41718580
41729661
41740741
41751822
41762902
41773983
41785064
41796144
41807225
41818306
41829386
41840467
41851548
41862628
41873709
41884790
41895871
41906951
41918033
41929112
41940192
41951274
41962354
41973434
41984515
41995596
42006676
42017757
42028838
42039918
42050999
42062081
42073160
42084241
42095321
42106402
42117483
42128563
42139644
42150725
42161805
42172886
42183967
42195047
42206128
42217209
42228290
42239370
42250451
42261531
42272612
42283692
42294773
42305853
42316934
42328015
42339095
42350176
42361257
42372337
42383418
42394499
42405579
42416660
42427740
42438821
42449902
42460983
42472063
42483143
42494224
42505305
42516386
42527466
42538547
42549627
42560711
42571789
42582869
42593950
42605031
42616111
42627192
42638272
42649353
42660434
42671514
42682595
42693675
42704756
42715837
42726918
42737998
42749079
42760159
42771240
42782321
42793401
42804482
42815563
42826643
42837724
42848806
42859885
42870966
42882047
42893127
42904207
42915288
42926369
42937450
42948530
42959611
42970692
42981772
42992853
43003933
43015014
43026095
43037175
43048256
43059338
43070418
43081498
43092578
43103659
43114740
43125820
43136901
43147982
43159062
43170144
43181224
43192304
43203385
43214465
43225546
43236627
43247707
43258788
43269869
43280950
43292030
43303111
43314191
43325271
43336352
43347433
43358513
43369594
43380675
43391756
43402836
43413917
43424997
43436078
43447159
43458239
43469320
43480401
43491481
43502562
43513643
43524723
43535804
43546884
43557965
43569046
43580126
43591207
43602288
43613368
43624449
43635529
43646610
43657691
43668772
43679852
43690932
43702013
43713093
43724174
43735255
43746336
43757416
43768497
43779577
43790658
43801739
43812821
43823900
43834981
43846061
43857142
43868223
43879303
43890384
43901464
43912545
43923625
43934707
43945787
43956867
43967948
43979029
43990109
44001190
44012271
44023351
44034432
44045513
44056595
44067675
44078755
44089835
44100918
44111996
44123077
44134159
44145238
44156319
44167400
44178480
44189561
44200642
44211722
44222803
44233883
44244964
44256045
44267126
44278206
44289286
44300367
44311448
44322529
44333609
44344690
44355770
44366851
44377931
44389013
44400093
44411174
44422256
44433335
44444415
44455497
44466577
44477657
44488738
44499819
44510899
44521980
44533061
44544141
44555222
44566303
44577383
44588464
44599544
44610625
44621705
44632786
44643867
44654948
44666028
44677109
44688189
44699270
44710350
44721432
44732512
44743592
44754673
44765754
44776834
44787915
44798996
44810076
44821157
44832238
44843318
44854399
44865480
44876560
44887641
44898721
44909802
44920883
44931963
44943043
44954124
44965205
44976286
44987366
44998447
45009527
45020609
45031689
45042769
45053852
45064933
45076011
45087092
45098173
45109253
45120334
45131415
45142495
45153576
45164657
45175737
45186818
45197898
45208979
45220060
45231140
45242221
45253302
45264382
45275463
45286543
45297624
45308705
45319785
45330866
45341946
45353028
45364108
45375188
45386271
45397350
45408430
45419511
45430592
45441672
45452753
45463834
45474914
45485995
45497075
45508156
45519237
45530317
45541398
45552479
45563559
45574640
45585720
45596801
45607882
45618962
45630043
45641124
45652205
45663285
45674367
45685446
45696527
45707608
45718688
45729769
45740850
45751930
45763011
45774091
45785172
45796252
45807333
45818414
45829494
45840576
45851657
45862737
45873817
45884898
45895978
45907059
45918140
45929220
45940301
45951381
45962462
45973543
45984623
45995705
46006785
46017865
46028946
46040026
46051109
46062188
46073269
46084349
46095430
46106511
46117591
46128671
46139752
46150833
46161913
46172994
46184075
46195155
46206236
46217317
46228397
46239478
46250559
46261639
46272720
46283802
46294881
46305962
46317043
46328123
46339203
46350284
46361365
46372445
46383527
46394607
46405688
46416768
46427848
46438929
46450010
46461091
46472171
46483252
46494332
46505413
46516494
46527574
46538655
46549736
46560816
46571897
46582977
46594058
46605140
46616219
46627300
46638381
46649461
46660542
46671623
46682703
46693784
46704865
46715946
46727026
46738106
46749187
46760267
46771348
46782429
46793509
46804590
46815671
46826751
46837832
46848913
46859993
46871074
46882155
46893235
46904316
46915396
46926477
46937558
46948638
46959719
46970800
46981880
46992961
47004042
47015122
47026203
47037283
47048365
47059445
47070526
47081606
47092687
47103767
47114848
47125929
47137009
47148090
47159170
47170251
47181332
47192412
47203493
47214574
47225654
47236735
47247817
47258896
47269977
47281057
47292138
47303219
47314299
47325380
47336461
47347541
47358622
47369702
47380784
47391863
47402944
47414025
47425105
47436186
47447267
47458348
47469428
47480509
47491589
47502670
47513751
47524831
47535914
47546993
47558073
47569154
47580234
47591315
47602396
47613476
47624557
47635638
47646718
47657799
47668880
47679960
47691041
47702121
47713202
47724283
47735363
47746444
47757525
47768605
47779685
47790767
47801847
47812927
47824008
47835089
47846169
47857252
47868331
47879412
47890492
47901573
47912653
47923734
47934815
47945895
47956976
47968056
47979137
47990218
48001299
48012379
48023460
48034540
48045622
48056702
48067782
48078863
48089944
48101024
48112105
48123185
48134266
48145346
48156427
48167508
48178588
48189669
48200750
48211830
48222911
48233992
48245072
48256153
48267234
48278314
48289395
48300475
48311556
48322637
48333717
48344798
48355879
48366959
48378040
48389121
48400201
48411282
48422362
48433443
48444524
48455605
48466685
48477766
48488846
48499928
48511008
48522088
48533169
48544250
48555330
48566411
48577491
48588572
48599652
48610733
48621814
48632894
48643975
48655056
48666136
48677217
48688298
48699378
48710459
48721540
48732620
48743701
48754781
48765862
48776942
48788025
48799104
48810185
48821266
48832346
48843427
48854507
48865588
48876669
48887749
48898829
48909910
48920991
48932071
48943152
48954233
48965313
48976394
48987475
48998555
49009636
49020717
49031797
49042879
49053959
49065039
49076120
49087200
49098281
49109363
49120442
49131523
49142604
49153684
49164765
49175845
49186926
49198006
49209088
49220168
49231249
49242329
49253410
49264490
49275571
49286652
49297732
49308813
49319894
49330974
49342055
49353135
49364216
49375297
49386378
49397458
49408539
49419619
49430700
49441781
49452861
49463942
49475022
49486103
49497183
49508264
49519345
49530425
49541508
49552587
49563667
49574748
49585829
49596909
49607990
49619070
49630151
49641233
49652313
49663393
49674474
49685554
49696635
49707716
49718798
49729877
49740958
49752039
49763119
49774199
49785280
49796361
49807441
49818522
49829602
49840683
49851764
49862844
49873925
49885006
49896086
49907167
49918248
49929328
49940409
49951489
49962570
49973651
49984731
49995812
50006893
50017973
50029054
50040138
50051215
50062296
50073377
50084457
50095538
50106618
50117699
50128780
50139860
50150941
50162022
50173102
50184183
50195264
50206345
50217425
50228506
50239586
50250667
50261747
50272828
50283908
50294989
50306070
50317150
50328231
50339312
50350392
50361475
50372554
50383634
50394715
50405795
50416876
50427957
50439038
50450119
50461199
50472279
50483360
50494441
50505521
50516602
50527683
50538764
50549844
50560926
50572005
50583085
50594166
50605247
50616328
50627408
50638489
50649569
50660650
50671731
50682811
50693892
50704973
50716053
50727134
50738215
50749295
50760376
50771457
50782537
50793618
50804698
50815779
50826860
50837940
50849021
50860101
50871182
50882262
50893343
50904424
50915505
50926586
50937666
50948746
50959827
50970909
50981988
50993069
51004150
51015230
51026311
51037393
51048472
51059553
51070633
51081714
51092795
51103875
51114956
51126037
51137117
51148198
51159278
51170359
51181441
51192521
51203601
51214682
51225762
51236844
51247924
51259004
51270085
51281165
51292248
51303327
51314407
51325488
51336569
51347649
51358730
51369811
51380891
51391972
51403052
51414133
51425214
51436294
51447375
51458456
51469536
51480617
51491698
51502778
51513859
51524940
51536020
51547101
51558181
51569262
51580343
51591424
51602504
51613586
51624665
51635746
51646827
51657907
51668988
51680068
51691149
51702230
51713310
51724391
51735471
51746552
51757633
51768713
51779794
51790874
51801955
51813036
51824117
51835197
51846278
51857358
51868439
51879520
51890601
51901682
51912762
51923842
51934923
51946003
51957084
51968165
51979245
51990326
52001407
52012487
52023568
52034649
52045729
52056810
52067890
52078971
52090051
52101132
52112213
52123294
52134374
52145455
52156536
52167616
52178697
52189777
52200858
52211939
52223021
52234100
52245181
52256262
52267341
52278422
52289503
52300584
52311664
52322745
52333825
52344906
52355987
52367068
52378148
52389229
52400309
52411390
52422470
52433551
52444632
52455712
52466793
52477874
52488954
52500035
52511117
52522196
52533277
52544359
52555438
52566519
52577600
52588680
52599760
52610841
52621922
52633003
52644083
52655164
52666244
52677325
52688405
52699486
52710567
52721648
52732728
52743809
52754889
52765970
52777051
52788131
52799212
52810293
52821373
52832454
52843535
52854615
52865696
52876776
52887857
52898938
52910018
52921099
52932180
52943260
52954341
52965421
52976502
52987583
52998663
53009744
53020825
53031907
53042986
53054066
53065147
53076228
53087308
53098389
53109470
53120550
53131631
53142712
53153793
53164873
53175954
53187035
53198115
53209195
53220276
53231357
53242438
53253518
53264599
53275679
53286760
53297840
53308921
53320001
53331082
53342163
53353243
53364325
53375405
53386486
53397566
53408647
53419727
53430808
53441889
53452969
53464050
53475132
53486211
53497292
53508373
53519453
53530534
53541614
53552695
53563776
53574856
53585937
53597017
53608098
53619178
53630260
53641340
53652420
53663501
53674582
53685662
53696744
53707824
53718904
53729985
53741066
53752146
53763227
53774308
53785388
53796470
53807550
53818630
53829711
53840792
53851872
53862953
53874033
53885114
53896194
53907275
53918356
53929436
53940517
53951598
53962679
53973759
53984840
53995920
54007001
54018081
54029164
54040244
54051323
54062404
54073484
54084565
54095646
54106727
54117807
54128888
54139968
54151049
54162130
54173210
54184291
54195372
54206453
54217533
54228614
54239694
54250775
54261856
54272936
54284017
54295097
54306178
54317258
54328339
54339420
54350500
54361583
54372662
54383742
54394823
54405905
54416985
54428065
54439147
54450226
54461307
54472387
54483468
54494549
54505629
54516710
54527791
54538871
54549952
54561033
54572113
54583194
54594274
54605355
54616436
54627517
54638597
54649677
54660758
54671839
54682919
54694000
54705081
54716162
54727244
54738322
54749403
54760484
54771565
54782645
54793726
54804806
54815887
54826968
54838049
54849129
54860210
54871290
54882371
54893451
54904532
54915613
54926693
54937774
54948855
54959935
54971016
54982097
54993177
55004258
55015339
55026421
55037500
55048582
55059661
55070742
55081822
55092903
55103983
55115064
55126145
55137225
55148306
55159386
55170467
55181548
55192629
55203709
55214790
55225871
55236951
55248032
55259112
55270193
55281274
55292354
55303435
55314516
55325596
55336677
55347758
55358839
55369919
55381000
55392080
55403160
55414241
55425322
55436402
55447483
55458564
55469644
55480725
55491806
55502886
55513967
55525048
55536128
55547209
55558289
55569370
55580451
55591532
55602612
55613693
55624773
55635854
55646935
55658017
55669096
55680177
55691258
55702337
55713418
55724499
55735579
55746661
55757741
55768821
55779902
55790983
55802063
55813144
55824225
55835305
55846386
55857467
55868547
55879628
55890708
55901789
55912870
55923950
55935031
55946112
55957192
55968273
55979355
55990434
56001515
56012595
56023677
56034757
56045837
56056918
56067999
56079079
56090160
56101241
56112321
56123402
56134482
56145563
56156644
56167724
56178805
56189886
56200966
56212047
56223128
56234208
56245289
56256369
56267450
56278531
56289611
56300693
56311773
56322853
56333934
56345015
56356095
56367176
56378256
56389337
56400418
56411498
56422579
56433660
56444740
56455820
56466902
56477982
56489063
56500143
56511224
56522305
56533385
56544466
56555546
56566627
56577708
56588788
56599869
56610949
56622031
56633111
56644192
56655272
56666353
56677433
56688514
56699595
56710675
56721756
56732836
56743917
56754998
56766079
56777159
56788239
56799320
56810401
56821481
56832563
56843643
56854723
56865804
56876885
56887965
56899046
56910128
56921207
56932288
56943369
56954449
56965530
56976610
56987691
56998772
57009852
57020933
57032014
57043094
57054175
57065256
57076336
57087416
57098497
57109578
57120658
57131739
57142820
57153900
57164981
57176062
57187143
57198224
57209303
57220384
57231467
57242545
57253626
57264707
57275787
57286868
57297949
57309029
57320110
57331191
57342271
57353352
57364433
57375513
57386594
57397675
57408755
57419836
57430917
57441997
57453077
57464158
57475239
57486319
57497400
57508481
57519563
57530642
57541723
57552804
57563884
57574964
57586045
57597126
57608206
57619287
57630368
57641448
57652529
57663609
57674690
57685771
57696851
57707932
57719013
57730093
57741174
57752254
57763335
57774416
57785496
57796578
57807658
57818739
57829819
57840901
57851981
57863061
57874141
57885222
57896303
57907383
57918464
57929545
57940625
57951706
57962787
57973867
57984948
57996029
58007109
58018191
58029271
58040351
58051432
58062512
58073593
58084674
58095754
58106835
58117915
58128996
58140076
58151157
58162240
58173319
58184400
58195480
58206560
58217641
58228722
58239802
58250883
58261964
58273044
58284125
58295206
58306286
58317367
58328447
58339528
58350609
58361689
58372770
58383850
58394931
58406012
58417093
58428173
58439253
58450335
58461415
58472495
58483578
58494657
58505737
58516819
58527899
58538979
58550060
58561141
58572221
58583302
58594382
58605463
58616544
58627625
58638705
58649786
58660866
58671947
58683028
58694108
58705189
58716269
58727350
58738431
58749511
58760592
58771673
58782753
58793834
58804915
58815995
58827076
58838157
58849237
58860318
58871399
58882479
58893560
58904641
58915721
58926801
58937882
58948963
58960044
58971125
58982205
58993285
59004366
59015448
59026528
59037608
59048688
59059769
59070850
59081931
59093013
59104092
59115172
59126254
59137334
59148414
59159495
59170575
59181658
59192737
59203818
59214898
59225979
59237059
59248140
59259220
59270301
59281382
59292462
59303543
59314624
59325704
59336785
59347866
59358946
59370027
59381108
59392188
59403269
59414351
59425430
59436511
59447591
59458672
59469752
59480833
59491914
59502994
59514076
59525156
59536237
59547317
59558397
59569478
59580559
59591639
59602720
59613801
59624881
59635962
59647043
59658123
59669204
59680285
59691366
59702447
59713526
59724607
59735689
59746768
59757849
59768930
59780010
59791091
59802172
59813252
59824333
59835414
59846495
59857575
59868655
59879736
59890817
59901897
59912978
59924058
59935139
59946220
59957300
59968381
