11080
22161
33242
44322
55403
66484
77565
88645
99727
110806
121887
132968
144048
155129
166209
177290
188370
199451
210532
221612
232693
243774
254854
265935
277016
288096
299177
310257
321338
332419
343499
354580
365661
376741
387822
398902
409983
421064
432144
443225
454305
465386
476467
487547
498628
509709
520789
531870
542951
554031
565112
576193
587273
598354
609435
620515
631596
642676
653757
664837
675919
686999
698080
709160
720241
731321
742403
753483
764563
775644
786725
797805
808886
819966
831047
842128
853208
864289
875370
886450
897531
908612
919692
930773
941853
952934
964015
975095
986176
997257
1008337
1019418
1030500
1041579
1052660
1063741
1074821
1085902
1096982
1108063
1119144
1130224
1141305
1152386
1163466
1174547
1185627
1196708
1207789
1218869
1229950
1241031
1252111
1263192
1274273
1285353
1296434
1307514
1318595
1329676
1340756
1351838
1362917
1373998
1385079
1396159
1407240
1418321
1429401
1440482
1451563
1462643
1473724
1484804
1495885
1506967
1518047
1529127
1540208
1551288
1562369
1573449
1584530
1595611
1606691
1617772
1628853
1639933
1651014
1662095
1673176
1684256
1695336
1706417
1717498
1728578
1739659
1750740
1761820
1772901
1783982
1795062
1806143
1817224
1828304
1839385
1850465
1861546
1872627
1883707
1894788
1905868
1916949
1928030
1939110
1950191
1961272
1972352
1983433
1994514
2005594
2016675
2027756
2038836
2049917
2060997
2072078
2083159
2094239
2105320
2116401
2127481
2138562
2149642
2160723
2171804
2182884
2193965
2205045
2216126
2227207
2238287
2249368
2260449
2271530
2282612
2293691
2304771
2315852
2326932
2338013
2349094
2360174
2371255
2382336
2393416
2404497
2415578
2426658
2437739
2448820
2459900
2470981
2482061
2493142
2504223
2515304
2526384
2537465
2548545
2559626
2570706
2581787
2592868
2603950
2615029
2626110
2637190
2648271
2659352
2670433
2681513
2692594
2703674
2714755
2725835
2736917
2747997
2759077
2770158
2781239
2792319
2803400
2814480
2825561
2836642
2847722
2858803
2869884
2880964
2892045
2903126
2914206
2925287
2936367
2947448
2958529
2969609
2980690
2991771
3002852
3013933
3025013
3036094
3047175
3058255
3069336
3080417
3091497
3102578
3113658
3124739
3135820
3146900
3157981
3169062
3180142
3191222
3202304
3213385
3224464
3235545
3246627
3257707
3268787
3279868
3290948
3302029
3313110
3324190
3335271
3346352
3357432
3368513
3379593
3390674
3401755
3412835
3423916
3434997
3446077
3457158
3468239
3479320
3490400
3501481
3512561
3523641
3534724
3545803
3556884
3567965
3579045
3590125
3601206
3612287
3623367
3634448
3645528
3656609
3667691
3678771
3689851
3700932
3712013
3723093
3734174
3745254
3756335
3767416
3778496
3789577
3800658
3811738
3822819
3833900
3844980
3856062
3867142
3878222
3889302
3900383
3911464
3922544
3933625
3944705
3955786
3966868
3977948
3989028
4000109
4011189
4022270
4033351
4044431
4055512
4066593
4077674
4088754
4099835
4110915
4121996
4133077
4144159
4155238
4166319
4177400
4188480
4199560
4210641
4221722
4232802
4243882
4254963
4266044
4277125
4288205
4299286
4310366
4321447
4332529
4343608
4354689
4365770
4376850
4387931
4399012
4410092
4421173
4432254
4443334
4454415
4465497
4476576
4487656
4498738
4509818
4520898
4531980
4543060
4554141
4565221
4576301
4587383
4598463
4609544
4620624
4631705
4642785
4653866
4664949
4676027
4687108
4698189
4709269
4720350
4731431
4742511
4753592
4764673
4775753
4786836
4797914
4808995
4820076
4831157
4842237
4853318
4864399
4875479
4886559
4897640
4908721
4919801
4930882
4941962
4953043
4964124
4975204
4986285
4997366
5008446
5019527
5030608
5041688
5052769
5063850
5074930
5086011
5097091
5108172
5119253
5130333
5141414
5152495
5163576
5174656
5185737
5196817
5207898
5218978
5230059
5241140
5252220
5263301
5274381
5285462
5296543
5307624
5318704
5329785
5340865
5351946
5363027
5374107
5385188
5396270
5407350
5418430
5429511
5440591
5451672
5462753
5473833
5484914
5495995
5507075
5518156
5529236
5540317
5551397
5562478
5573559
5584639
5595720
5606801
5617881
5628962
5640043
5651123
5662205
5673286
5684365
5695446
5706526
5717609
5728687
5739768
5750849
5761929
5773010
5784091
5795171
5806252
5817333
5828414
5839494
5850574
5861655
5872736
5883816
5894897
5905978
5917058
5928139
5939220
5950300
5961381
5972462
5983542
5994623
6005703
6016784
6027865
6038947
6050026
6061107
6072187
6083267
6094348
6105429
6116509
6127590
6138671
6149752
6160832
6171913
6182993
6194074
6205155
6216235
6227316
6238397
6249477
6260558
6271639
6282719
6293800
6304881
6315961
6327042
6338122
6349203
6360283
6371364
6382445
6393525
6404606
6415687
6426767
6437848
6448928
6460009
6471090
6482170
6493251
6504332
6515412
6526493
6537574
6548654
6559735
6570816
6581896
6592977
6604058
6615138
6626219
6637300
6648381
6659461
6670542
6681623
6692702
6703783
6714864
6725944
6737026
6748106
6759186
6770267
6781347
6792428
6803509
6814589
6825670
6836751
6847831
6858912
6869993
6881073
6892154
6903234
6914315
6925396
6936476
6947557
6958638
6969720
6980799
6991880
7002961
7014041
7025122
7036202
7047283
7058364
7069444
7080525
7091605
7102686
7113766
7124847
7135928
7147009
7158089
7169170
7180250
7191331
7202412
7213492
7224573
7235653
7246734
7257817
7268896
7279976
7291058
7302137
7313218
7324299
7335379
7346460
7357541
7368621
7379702
7390783
7401863
7412943
7424024
7435105
7446185
7457266
7468348
7479427
7490508
7501589
7512669
7523750
7534830
7545911
7556992
7568073
7579153
7590234
7601315
7612396
7623476
7634556
7645637
7656719
7667799
7678879
7689959
7701040
7712121
7723201
7734282
7745362
7756443
7767524
7778604
7789685
7800765
7811846
7822931
7834008
7845088
7856169
7867250
7878330
7889411
7900493
7911572
7922653
7933734
7944814
7955895
7966975
7978056
7989137
8000217
8011298
8022379
8033459
8044540
8055620
8066701
8077782
8088862
8099943
8111023
8122104
8133185
8144265
8155346
8166426
8177507
8188588
8199668
8210749
8221831
8232911
8243991
8255072
8266152
8277233
8288314
8299394
8310475
8321556
8332636
8343716
8354798
8365878
8376959
8388040
8399120
8410201
8421281
8432362
8443442
8454523
8465604
8476685
8487766
8498846
8509927
8521007
8532087
8543169
8554249
8565329
8576410
8587491
8598571
8609652
8620733
8631813
8642894
8653975
8665055
8676135
8687217
8698297
8709377
8720458
8731539
8742620
8753700
8764781
8775861
8786942
8798023
8809103
8820184
8831264
8842345
8853426
8864506
8875587
8886668
8897748
8908829
8919910
8930990
8942071
8953152
8964232
8975313
8986394
8997474
9008555
9019635
9030716
9041797
9052878
9063958
9075038
9086119
9097200
9108280
9119361
9130441
9141522
9152606
9163683
9174764
9185845
9196925
9208006
9219087
9230167
9241248
9252329
9263409
9274490
9285570
9296651
9307732
9318813
9329893
9340974
9352054
9363135
9374216
9385296
9396377
9407458
9418538
9429619
9440700
9451780
9462860
9473943
9485022
9496102
9507183
9518264
9529344
9540425
9551506
9562586
9573667
9584748
9595828
9606909
9617989
9629070
9640151
9651233
9662312
9673393
9684473
9695554
9706634
9717715
9728796
9739876
9750957
9762039
9773118
9784199
9795280
9806360
9817442
9828522
9839602
9850683
9861764
9872844
9883925
9895005
9906086
9917166
9928247
9939328
9950408
9961489
9972570
9983651
9994731
10005811
10016892
10027973
10039054
10050134
10061215
10072295
10083378
10094457
10105537
10116618
10127699
10138779
10149860
10160940
10172021
10183102
10194182
10205263
10216343
10227424
10238505
10249586
10260666
10271747
10282827
10293908
10304988
10316069
10327150
10338231
10349311
10360392
10371472
10382553
10393634
10404716
10415795
10426876
10437956
10449037
10460118
10471198
10482279
10493360
10504440
10515521
10526601
10537682
10548762
10559843
10570924
10582004
10593085
10604166
10615246
10626327
10637408
10648489
10659569
10670649
10681730
10692811
10703891
10714972
10726054
10737133
10748214
10759295
10770375
10781456
10792537
10803617
10814698
10825778
10836859
10847940
10859021
10870101
10881181
10892262
10903343
10914423
10925504
10936585
10947666
10958746
10969827
10980907
10991988
11003068
11014149
11025230
11036310
11047391
11058472
11069552
11080633
11091714
11102794
11113875
11124956
11136036
11147117
11158197
11169278
11180358
11191439
11202520
11213601
11224681
11235762
11246843
11257924
11269004
11280084
11291165
11302246
11313326
11324407
11335489
11346568
11357649
11368730
11379810
11390891
11401971
11413052
11424132
11435213
11446294
11457375
11468455
11479536
11490617
11501697
11512778
11523858
11534939
11546020
11557100
11568181
11579262
11590342
11601422
11612503
11623585
11634664
11645747
11656827
11667906
11678987
11690068
11701148
11712229
11723310
11734390
11745471
11756552
11767632
11778713
11789794
11800874
11811955
11823035
11834116
11845197
11856278
11867358
11878438
11889519
11900600
11911680
11922761
11933841
11944924
11956003
11967083
11978166
11989245
12000325
12011406
12022487
12033567
12044648
12055729
12066809
12077890
12088970
12100051
12111132
12122212
12133293
12144374
12155454
12166535
12177616
12188696
12199777
12210857
12221938
12233019
12244099
12255180
12266260
12277341
12288422
12299502
12310584
12321664
12332744
12343825
12354906
12365986
12377067
12388148
12399228
12410309
12421389
12432470
12443551
12454632
12465712
12476793
12487873
12498954
12510034
12521115
12532196
12543277
12554357
12565437
12576518
12587601
12598680
12609760
12620841
12631921
12643003
12654084
12665163
12676244
12687325
12698405
12709486
12720566
12731647
12742728
12753809
12764889
12775970
12787050
12798131
12809212
12820292
12831373
12842454
12853534
12864615
12875696
12886776
12897856
12908939
12920018
12931098
12942179
12953260
12964341
12975421
12986502
12997582
13008663
13019743
13030824
13041905
13052986
13064066
13075147
13086227
13097308
13108389
13119469
13130550
13141631
13152711
13163792
13174873
13185953
13197035
13208115
13219195
13230276
13241356
13252437
13263518
13274598
13285678
13296759
13307840
13318920
13330001
13341082
13352163
13363243
13374324
13385404
13396485
13407566
13418646
13429727
13440808
13451889
13462969
13474050
13485130
13496211
13507291
13518372
13529453
13540533
13551614
13562694
13573775
13584856
13595936
13607017
13618098
13629178
13640259
13651339
13662420
13673501
13684581
13695662
13706743
13717823
13728904
13739985
13751065
13762146
13773227
13784307
13795388
13806470
13817549
13828630
13839712
13850791
13861872
13872952
13884033
13895114
13906194
13917275
13928356
13939436
13950517
13961597
13972678
13983758
13994839
14005920
14017000
14028081
14039162
14050242
14061323
14072404
14083484
14094565
14105646
14116726
14127808
14138888
14149968
14161050
14172129
14183210
14194291
14205371
14216452
14227533
14238614
14249694
14260774
14271855
14282935
14294016
14305097
14316178
14327258
14338339
14349419
14360500
14371581
14382661
14393742
14404823
14415903
14426984
14438065
14449147
14460226
14471307
14482388
14493468
14504548
14515629
14526710
14537790
14548871
14559951
14571032
14582113
14593194
14604274
14615355
14626435
14637517
14648597
14659677
14670758
14681839
14692919
14704000
14715080
14726161
14737241
14748322
14759403
14770483
14781564
14792645
14803726
14814806
14825887
14836968
14848048
14859128
14870209
14881290
14892370
14903451
14914532
14925612
14936693
14947774
14958854
14969935
14981016
14992096
15003177
15014257
15025338
15036419
15047500
15058581
15069660
15080741
15091823
15102902
15113983
15125064
15136145
15147225
15158306
15169386
15180467
15191547
15202628
15213709
15224789
15235870
15246951
15258031
15269112
15280193
15291273
15302354
15313435
15324515
15335596
15346677
15357758
15368837
15379920
15390999
15402079
15413161
15424241
15435322
15446402
15457483
15468564
15479644
15490725
15501805
15512886
15523966
15535047
15546128
15557208
15568289
15579370
15590450
15601531
15612611
15623692
15634773
15645854
15656934
15668015
15679096
15690176
15701258
15712337
15723418
15734499
15745579
15756660
15767741
15778821
15789902
15800983
15812063
15823143
15834224
15845305
15856386
15867466
15878547
15889627
15900708
15911789
15922869
15933950
15945030
15956111
15967192
15978273
15989353
16000434
16011515
16022596
16033676
16044756
16055837
16066918
16077998
16089079
16100159
16111240
16122321
16133402
16144482
16155562
16166643
16177725
16188804
16199885
16210966
16222046
16233127
16244208
16255288
16266369
16277450
16288530
16299611
16310693
16321772
16332853
16343934
16355014
16366095
16377175
16388256
16399336
16410417
16421497
16432579
16443659
16454740
16465821
16476901
16487983
16499062
16510143
16521223
16532304
16543385
16554465
16565546
16576627
16587707
16598788
16609869
16620949
16632033
16643111
16654191
16665272
16676352
16687433
16698514
16709594
16720675
16731756
16742836
16753916
16764998
16776078
16787158
16798241
16809320
16820400
16831481
16842562
16853642
16864723
16875804
16886884
16897965
16909046
16920126
16931207
16942287
16953368
16964449
16975529
16986610
16997691
17008771
17019852
17030933
17042013
17053094
17064175
17075255
17086336
17097416
17108497
17119577
17130659
17141739
17152819
17163900
17174981
17186061
17197142
17208223
17219303
17230384
17241465
17252545
17263626
17274708
17285787
17296868
17307948
17319029
17330110
17341190
17352271
17363352
17374432
17385513
17396593
17407674
17418755
17429835
17440916
17451997
17463078
17474158
17485238
17496319
17507400
17518480
17529561
17540641
17551722
17562805
17573883
17584964
17596046
17607125
17618206
17629288
17640368
17651448
17662529
17673609
17684690
17695770
17706851
17717932
17729013
17740093
17751174
17762254
17773335
17784415
17795496
17806577
17817658
17828739
17839819
17850899
17861980
17873060
17884143
17895222
17906302
17917384
17928464
17939544
17950625
17961706
17972786
17983867
17994948
18006028
18017109
18028190
18039270
18050351
18061432
18072512
18083593
18094673
18105754
18116834
18127916
18138996
18150076
18161157
18172238
18183318
18194399
18205479
18216560
18227641
18238721
18249802
18260883
18271963
18283044
18294125
18305205
18316286
18327366
18338448
18349528
18360608
18371689
18382770
18393850
18404931
18416011
18427092
18438173
18449253
18460334
18471414
18482495
18493577
18504656
18515737
18526819
18537898
18548979
18560060
18571140
18582221
18593302
18604382
18615463
18626544
18637624
18648705
18659785
18670866
18681947
18693028
18704108
18715189
18726269
18737350
18748431
18759511
18770592
18781672
18792753
18803834
18814915
18825995
18837076
18848157
18859237
18870318
18881398
18892479
18903560
18914640
18925721
18936801
18947882
18958963
18970044
18981124
18992204
19003285
19014366
19025447
19036527
19047608
19058688
19069769
19080850
19091930
19103011
19114091
19125172
19136255
19147333
19158415
19169495
19180575
19191656
19202737
19213817
19224898
19235979
19247059
19258140
19269220
19280301
19291382
19302462
19313543
19324623
19335704
19346785
19357865
19368946
19380027
19391107
19402188
19413269
19424349
19435430
19446510
19457591
19468672
19479752
19490833
19501914
19512994
19524075
19535156
19546236
19557317
19568398
19579478
19590558
19601639
19612720
19623801
19634882
19645962
19657042
19668123
19679204
19690284
19701365
19712445
19723526
19734607
19745689
19756768
19767849
19778930
19790010
19801091
19812171
19823252
19834333
19845413
19856494
19867575
19878655
19889736
19900816
19911897
19922977
19934058
19945139
19956219
19967300
19978381
19989461
20000542
20011623
20022703
20033784
20044864
20055945
20067027
20078106
20089187
20100269
20111348
20122429
20133510
20144590
20155671
20166752
20177832
20188913
20199994
20211074
20222155
20233236
20244316
20255397
20266477
20277558
20288639
20299719
20310800
20321881
20332961
20344041
20355123
20366203
20377283
20388366
20399445
20410525
20421606
20432687
20443768
20454848
20465929
20477009
20488090
20499171
20510251
20521332
20532413
20543493
20554574
20565654
20576735
20587816
20598896
20609977
20621059
20632138
20643219
20654300
20665380
20676460
20687541
20698622
20709702
20720783
20731864
20742944
20754025
20765106
20776186
20787267
20798348
20809428
20820509
20831590
20842670
20853751
20864831
20875912
20886993
20898073
20909154
20920234
20931315
20942396
20953477
20964557
20975638
20986718
20997801
21008880
21019960
21031042
21042121
21053202
21064283
21075363
21086444
21097525
21108605
21119686
21130767
21141847
21152928
21164008
21175089
21186170
21197250
21208331
21219412
21230492
21241573
21252654
21263734
21274815
21285896
21296976
21308056
21319139
21330218
21341299
21352380
21363460
21374540
21385621
21396702
21407783
21418864
21429944
21441024
21452105
21463186
21474266
21485347
21496427
21507508
21518589
21529670
21540750
21551831
21562911
21573992
21585073
21596153
21607234
21618316
21629395
21640477
21651556
21662637
21673718
21684798
21695879
21706959
21718040
21729121
21740201
21751282
21762362
21773443
21784524
21795604
21806685
21817766
21828847
21839927
21851008
21862088
21873169
21884250
21895330
21906411
21917492
21928573
21939653
21950734
21961815
21972894
21983975
21995056
22006136
22017217
22028298
22039378
22050459
22061539
22072620
22083701
22094781
22105862
22116943
22128023
22139104
22150185
22161265
22172346
22183427
22194507
22205588
22216669
22227750
22238830
22249912
22260991
22272072
22283154
22294233
22305314
22316394
22327475
22338555
22349636
22360717
22371797
22382878
22393958
22405039
22416120
22427200
22438281
22449362
22460442
22471523
22482604
22493684
22504765
22515846
22526926
22538007
22549088
22560168
22571250
22582329
22593410
22604491
22615573
22626652
22637733
22648813
22659894
22670974
22682055
22693136
22704216
22715297
22726377
22737458
22748539
22759619
22770700
22781781
22792861
22803942
22815023
22826103
22837184
22848270
22859345
22870426
22881506
22892587
22903668
22914748
22925829
22936910
22947990
22959071
22970151
22981232
22992313
23003393
23014474
23025555
23036635
23047716
23058797
23069877
23080958
23092039
23103119
23114200
23125280
23136361
23147442
23158523
23169603
23180685
23191764
23202845
23213927
23225006
23236087
23247167
23258248
23269329
23280410
23291490
23302570
23313651
23324732
23335813
23346893
23357974
23369055
23380135
23391216
23402296
23413377
23424458
23435538
23446619
23457700
23468782
23479860
23490941
23502023
23513102
23524183
23535264
23546344
23557425
23568506
23579586
23590667
23601747
23612829
23623909
23634989
23646070
23657151
23668231
23679312
23690393
23701473
23712554
23723635
23734715
23745796
23756876
23767957
23779038
23790120
23801199
23812280
23823362
23834441
23845522
23856602
23867683
23878764
23889844
23900924
23912005
23923086
23934166
23945247
23956328
23967408
23978489
23989570
24000650
24011731
24022812
24033892
24044973
24056054
24067134
24078215
24089295
24100376
24111457
24122537
24133618
24144698
24155779
24166860
24177940
24189021
24200102
24211182
24222263
24233343
24244424
24255505
24266586
24277666
24288747
24299827
24310908
24321989
24333069
24344150
24355231
24366311
24377392
24388473
24399553
24410634
24421715
24432797
24443876
24454956
24466038
24477117
24488198
24499279
24510359
24521440
24532521
24543601
24554682
24565763
24576843
24587924
24599005
24610087
24621166
24632246
24643327
24654408
24665488
24676569
24687650
24698730
24709811
24720892
24731972
24743053
24754135
24765214
24776295
24787375
24798456
24809538
24820618
24831698
24842779
24853859
24864939
24876020
24887101
24898182
24909262
24920343
24931423
24942504
24953585
24964665
24975746
24986827
24997907
25008989
25020069
25031149
25042230
25053310
25064391
25075473
25086552
25097633
25108714
25119794
25130875
25141956
25153036
25164117
25175197
25186278
25197359
25208439
25219520
25230600
25241681
25252762
25263843
25274923
25286004
25297084
25308165
25319246
25330326
25341407
25352488
25363568
25374649
25385729
25396810
25407891
25418972
25430053
25441133
25452213
25463294
25474375
25485455
25496536
25507616
25518697
25529777
25540858
25551939
25563019
25574100
25585181
25596261
25607344
25618423
25629503
25640584
25651665
25662745
25673826
25684908
25695987
25707068
25718149
25729229
25740310
25751390
25762471
25773552
25784632
25795713
25806794
25817875
25828955
25840035
25851116
25862196
25873277
25884358
25895438
25906519
25917600
25928680
25939762
25950842
25961922
25973003
25984084
25995164
26006246
26017326
26028406
26039487
26050568
26061648
26072729
26083810
26094890
26105971
26117051
26128132
26139213
26150293
26161374
26172454
26183535
26194616
26205696
26216777
26227857
26238939
26250019
26261099
26272180
26283261
26294342
26305422
26316502
26327584
26338664
26349745
26360825
26371906
26382986
26394067
26405148
26416228
26427309
26438390
26449470
26460551
26471632
26482712
26493793
26504874
26515954
26527034
26538115
26549196
26560276
26571357
26582438
26593518
26604601
26615680
26626760
26637841
26648922
26660002
26671083
26682163
26693244
26704325
26715405
26726486
26737567
26748647
26759728
26770809
26781889
26792970
26804050
26815131
26826212
26837292
26848373
26859454
26870534
26881615
26892695
26903776
26914856
26925937
26937020
26948098
26959179
26970260
26981340
26992421
27003502
27014582
27025663
27036744
27047824
27058905
27069985
27081066
27092147
27103228
27114308
27125389
27136469
27147550
27158631
27169711
27180792
27191873
27202953
27214034
27225115
27236195
27247276
27258358
27269438
27280518
27291598
27302679
27313759
27324840
27335921
27347001
27358082
27369163
27380243
27391324
27402405
27413485
27424566
27435647
27446727
27457808
27468889
27479969
27491050
27502130
27513211
27524291
27535372
27546454
27557533
27568614
27579696
27590775
27601857
27612937
27624017
27635098
27646179
27657259
27668340
27679421
27690501
27701582
27712662
27723743
27734823
27745904
27756985
27768065
27779146
27790227
27801308
27812388
27823469
27834549
27845630
27856710
27867793
27878872
27889952
27901033
27912114
27923194
27934276
27945356
27956436
27967517
27978598
27989678
28000759
28011840
28022920
28034001
28045081
28056162
28067242
28078323
28089404
28100485
28111565
28122646
28133726
28144807
28155888
28166968
28178049
28189131
28200210
28211291
28222371
28233452
28244533
28255613
28266694
28277775
28288855
28299936
28311016
28322097
28333177
28344259
28355339
28366419
28377500
28388581
28399662
28410742
28421823
28432903
28443984
28455064
28466145
28477227
28488306
28499387
28510469
28521548
28532629
28543710
28554790
28565871
28576952
28588032
28599114
28610194
28621274
28632355
28643436
28654516
28665597
28676677
28687758
28698838
28709919
28721000
28732080
28743161
28754242
28765322
28776403
28787484
28798564
28809645
28820725
28831806
28842887
28853968
28865048
28876129
28887209
28898290
28909371
28920451
28931532
28942612
28953693
28964774
28975855
28986935
28998016
29009097
29020177
29031258
29042338
29053419
29064500
29075580
29086660
29097742
29108822
29119904
29130983
29142064
29153145
29164226
29175306
29186386
29197467
29208548
29219628
29230709
29241790
29252870
29263951
29275031
29286112
29297193
29308273
29319354
29330435
29341515
29352596
29363677
29374757
29385838
29396919
29408000
29419080
29430161
29441243
29452321
29463402
29474483
29485563
29496644
29507725
29518805
29529886
29540967
29552047
29563128
29574209
29585289
29596372
29607451
29618531
29629612
29640692
29651773
29662854
29673934
29685015
29696096
29707176
29718257
29729340
29740418
29751499
29762581
29773660
29784740
29795822
29806902
29817983
29829063
29840144
29851224
29862305
29873385
29884466
29895547
29906627
29917708
29928790
29939870
29950950
29962031
29973111
29984192
29995273
30006354
30017434
30028514
30039595
30050676
30061756
30072837
30083918
30094999
30106079
30117159
30128240
30139321
30150401
30161482
30172563
30183643
30194724
30205805
30216885
30227966
30239046
30250127
30261208
30272288
30283369
30294450
30305530
30316611
30327692
30338772
30349853
30360934
30372015
30383095
30394175
30405256
30416337
30427418
30438498
30449578
30460659
30471740
30482820
30493901
30504982
30516062
30527143
30538223
30549304
30560385
30571465
30582546
30593628
30604709
30615788
30626869
30637949
30649030
30660111
30671191
30682272
30693354
30704433
30715514
30726594
30737675
30748756
30759836
30770917
30781997
30793078
30804159
30815240
30826320
30837401
30848481
30859562
30870642
30881723
30892804
30903884
30914965
30926046
30937126
30948207
30959288
30970368
30981451
30992530
31003611
31014691
31025772
31036852
31047933
31059014
31070094
31081175
31092255
31103336
31114416
31125497
31136578
31147658
31158739
31169819
31180900
31191981
31203061
31214142
31225223
31236303
31247384
31258465
31269545
31280626
31291707
31302787
31313868
31324948
31336029
31347110
31358190
31369271
31380352
31391433
31402513
31413593
31424675
31435755
31446836
31457916
31468997
31480077
31491158
31502238
31513319
31524400
31535480
31546561
31557642
31568722
31579803
31590887
31601964
31613045
31624127
31635206
31646287
31657367
31668448
31679529
31690609
31701690
31712770
31723851
31734932
31746013
31757094
31768174
31779255
31790335
31801416
31812496
31823577
31834657
31845738
31856819
31867899
31878980
31890061
31901141
31912223
31923303
31934383
31945465
31956544
31967625
31978706
31989787
32000867
32011948
32023028
32034109
32045190
32056270
32067351
32078431
32089514
32100593
32111673
32122754
32133835
32144915
32155996
32167077
32178157
32189239
32200319
32211399
32222480
32233562
32244641
32255722
32266803
32277883
32288964
32300044
32311125
32322205
32333286
32344367
32355447
32366528
32377609
32388689
32399770
32410850
32421932
32433012
32444092
32455173
32466254
32477334
32488415
32499496
32510576
32521657
32532737
32543818
32554898
32565979
32577060
32588141
32599222
32610302
32621382
32632463
32643544
32654624
32665705
32676786
32687866
32698947
32710027
32721108
32732189
32743269
32754350
32765431
32776511
32787592
32798673
32809753
32820834
32831914
32842996
32854076
32865156
32876238
32887317
32898399
32909479
32920560
32931640
32942721
32953801
32964882
32975963
32987043
32998124
33009204
33020285
33031366
33042446
33053527
33064608
33075688
33086769
33097850
33108930
33120011
33131092
33142172
33153253
33164335
33175414
33186495
33197576
33208656
33219737
33230817
33241898
33252978
33264059
33275140
33286220
33297301
33308382
33319463
33330543
33341623
33352704
33363785
33374865
33385946
33397027
33408107
33419189
33430269
33441349
33452430
33463511
33474591
33485674
33496752
33507833
33518914
33529994
33541075
33552156
33563236
33574317
33585398
33596478
33607559
33618639
33629720
33640801
33651881
33662962
33674042
33685123
33696204
33707284
33718365
33729446
33740526
33751607
33762688
33773768
33784850
33795930
33807012
33818091
33829172
33840252
33851333
33862414
33873494
33884575
33895655
33906736
33917817
33928897
33939978
33951059
33962139
33973220
33984300
33995381
34006461
34017542
34028623
34039703
34050784
34061865
34072945
34084026
34095107
34106187
34117268
34128350
34139429
34150510
34161591
34172671
34183752
34194832
34205913
34216994
34228074
34239155
34250236
34261316
34272397
34283477
34294558
34305638
34316719
34327800
34338881
34349962
34361042
34372122
34383203
34394284
34405364
34416447
34427526
34438606
34449688
34460767
34471848
34482929
34494009
34505090
34516171
34527251
34538332
34549413
34560493
34571574
34582656
34593736
34604816
34615897
34626977
34638058
34649139
34660219
34671299
34682380
34693461
34704541
34715622
34726702
34737783
34748864
34759944
34771025
34782106
34793187
34804267
34815348
34826429
34837509
34848590
34859670
34870751
34881832
34892912
34903993
34915074
34926154
34937235
34948315
34959396
34970477
34981557
34992638
35003718
35014799
35025880
35036960
35048041
35059123
35070202
35081283
35092364
35103444
35114525
35125605
35136686
35147767
35158847
35169928
35181009
35192090
35203170
35214251
35225331
35236412
35247493
35258573
35269654
35280734
35291815
35302896
35313976
35325057
35336137
35347220
35358299
35369380
35380461
35391540
35402621
35413702
35424782
35435863
35446944
35458024
35469105
35480186
35491266
35502347
35513428
35524508
35535589
35546670
35557750
35568831
35579914
35590993
35602073
35613153
35624234
35635315
35646395
35657476
35668558
35679638
35690718
35701799
35712879
35723959
35735040
35746121
35757201
35768282
35779363
35790444
35801524
35812605
35823685
35834766
35845847
35856927
35868008
35879088
35890169
35901250
35912331
35923411
35934492
35945572
35956653
35967734
35978814
35989895
36000975
36012056
36023136
36034217
36045298
36056378
36067459
36078540
36089620
36100701
36111782
36122862
36133943
36145024
36156104
36167185
36178266
36189346
36200427
36211507
36222588
36233669
36244750
36255830
36266911
36277993
36289072
36300152
36311234
36322314
36333394
36344475
36355555
36366636
36377717
36388798
36399878
36410959
36422040
36433120
36444201
36455281
36466362
36477443
36488523
36499604
36510684
36521765
36532846
36543926
36555007
36566088
36577170
36588249
36599332
36610410
36621491
36632572
36643652
36654733
36665813
36676894
36687975
36699056
36710136
36721217
36732297
36743378
36754459
36765539
36776620
36787701
36798781
36809862
36820942
36832023
36843103
36854184
36865265
36876346
36887426
36898507
36909589
36920670
36931748
36942829
36953910
36964991
36976071
36987152
36998232
37009313
37020394
37031474
37042555
37053636
37064716
37075797
37086878
37097958
37109039
37120119
37131200
37142281
37153361
37164442
37175523
37186604
37197684
37208764
37219845
37230926
37242007
37253087
37264167
37275250
37286329
37297409
37308490
37319571
37330651
37341732
37352813
37363893
37374974
37386054
37397135
37408216
37419297
37430377
37441457
37452538
37463619
37474700
37485780
37496861
37507941
37519023
37530104
37541183
37552264
37563345
37574425
37585507
37596586
37607667
37618748
37629828
37640909
37651990
37663070
37674151
37685232
37696312
37707393
37718474
37729554
37740635
37751715
37762796
37773877
37784958
37796038
37807118
37818199
37829280
37840360
37851443
37862522
37873603
37884683
37895764
37906845
37917925
37929006
37940086
37951167
37962247
37973328
37984409
37995489
38006570
38017651
38028731
38039812
38050892
38061973
38073054
38084134
38095215
38106296
38117377
38128457
38139540
38150618
38161699
38172781
38183861
38194941
38206022
38217102
38228182
38239264
38250344
38261424
38272505
38283586
38294667
38305747
38316828
38327908
38338989
38350070
38361150
38372231
38383311
38394392
38405473
38416553
38427634
38438715
38449795
38460876
38471957
38483037
38494118
38505198
38516279
38527360
38538440
38549521
38560601
38571683
38582763
38593843
38604924
38616005
38627085
38638166
38649247
38660327
38671408
38682489
38693569
38704650
38715730
38726811
38737892
38748972
38760053
38771134
38782216
38793295
38804376
38815457
38826537
38837618
38848698
38859779
38870859
38881940
38893020
38904101
38915182
38926262
38937343
38948424
38959504
38970585
38981666
38992746
39003827
39014907
39025988
39037069
39048149
39059230
39070313
39081391
39092472
39103554
39114634
39125714
39136795
39147875
39158956
39170037
39181118
39192197
39203278
39214359
39225439
39236521
39247601
39258681
39269763
39280842
39291923
39303004
39314084
39325165
39336246
39347327
39358407
39369488
39380569
39391650
39402730
39413810
39424892
39435972
39447052
39458133
39469213
39480294
39491375
39502455
39513536
39524617
39535697
39546778
39557859
39568941
39580021
39591100
39602181
39613262
39624342
39635423
39646503
39657584
39668665
39679746
39690826
39701907
39712989
39724068
39735149
39746230
39757310
39768391
39779472
39790552
39801633
39812713
39823794
39834875
39845955
39857036
39868116
39879197
39890277
39901359
39912439
39923519
39934600
39945680
39956761
39967842
39978923
39990003
40001084
40012164
40023245
40034327
40045406
40056487
40067569
40078648
40089729
40100810
40111890
40122971
40134051
40145132
40156213
40167294
40178374
40189455
40200535
40211616
40222697
40233777
40244857
40255938
40267019
40278100
40289180
40300261
40311341
40322422
40333503
40344583
40355665
40366745
40377825
40388906
40399988
40411067
40422148
40433228
40444309
40455390
40466470
40477551
40488632
40499713
40510793
40521873
40532954
40544035
40555116
40566198
40577277
40588357
40599438
40610518
40621599
40632680
40643760
40654841
40665922
40677002
40688083
40699164
40710244
40721325
40732406
40743486
40754567
40765648
40776728
40787809
40798889
40809970
40821051
40832131
40843212
40854292
40865373
40876454
40887534
40898615
40909696
40920776
40931857
40942938
40954018
40965101
40976180
40987260
40998342
41009422
41020502
41031583
41042663
41053744
41064825
41075905
41086986
41098067
41109147
41120228
41131308
41142389
41153470
41164550
41175631
41186711
41197792
41208873
41219953
41231034
41242115
41253195
41264276
41275356
41286439
41297518
41308599
41319679
41330760
41341840
41352921
41364002
41375083
41386163
41397244
41408324
41419405
41430485
41441566
41452647
41463728
41474808
41485888
41496969
41508050
41519131
41530211
41541292
41552372
41563454
41574536
41585614
41596695
41607777
41618856
41629937
41641018
41652098
41663179
41674259
41685340
41696421
41707501
41718582
41729663
41740743
41751824
41762905
41773985
41785066
41796146
41807227
41818308
41829388
41840469
41851549
41862630
41873711
41884792
41895872
41906953
41918033
41929114
41940195
41951275
41962356
41973437
41984517
41995597
42006678
42017759
42028840
42039921
42051001
42062082
42073162
42084243
42095323
42106404
42117485
42128565
42139646
42150727
42161807
42172888
42183968
42195049
42206130
42217212
42228291
42239372
42250453
42261533
42272614
42283694
42294775
42305855
42316936
42328017
42339098
42350178
42361259
42372339
42383420
42394501
42405581
42416662
42427742
42438823
42449904
42460984
42472065
42483145
42494226
42505308
42516387
42527468
42538550
42549629
42560712
42571791
42582871
42593952
42605033
42616113
42627194
42638275
42649355
42660436
42671517
42682597
42693678
42704759
42715839
42726920
42738000
42749081
42760163
42771243
42782322
42793403
42804484
42815564
42826647
42837726
42848806
42859889
42870968
42882048
42893129
42904210
42915290
42926371
42937452
42948532
42959613
42970694
42981774
42992855
43003935
43015016
43026097
43037177
43048258
43059339
43070419
43081500
43092580
43103661
43114741
43125822
43136903
43147983
43159064
43170145
43181225
43192306
43203387
43214467
43225549
43236629
43247709
43258790
43269871
43280951
43292032
43303113
43314193
43325274
43336354
43347435
43358516
43369596
43380677
43391758
43402838
43413918
43425000
43436080
43447160
43458241
43469324
43480403
43491483
43502564
43513644
43524725
43535805
43546886
43557967
43569048
43580128
43591209
43602290
43613370
43624451
43635531
43646612
43657693
43668773
43679854
43690935
43702015
43713096
43724177
43735258
43746337
43757419
43768499
43779580
43790662
43801741
43812822
43823902
43834982
43846063
43857144
43868225
43879305
43890387
43901466
43912547
43923628
43934708
43945789
43956870
43967951
43979031
43990112
44001192
44012273
44023354
44034434
44045515
44056596
44067676
44078758
44089838
44100918
44111999
44123079
44134160
44145241
44156321
44167402
44178482
44189563
44200644
44211724
44222805
44233885
44244966
44256047
44267127
44278208
44289289
44300370
44311450
44322531
44333611
44344692
44355773
44366853
44377934
44389015
44400095
44411176
44422257
44433337
44444418
44455498
44466578
44477659
44488740
44499821
44510901
44521982
44533062
44544143
44555225
44566305
44577385
44588466
44599546
44610627
44621708
44632788
44643869
44654950
44666030
44677111
44688192
44699272
44710353
44721435
44732514
44743595
44754676
44765756
44776837
44787917
44798998
44810079
44821159
44832240
44843320
44854401
44865481
44876562
44887643
44898723
44909804
44920885
44931965
44943046
44954127
44965207
44976288
44987369
44998449
45009530
45020610
45031691
45042773
45053853
45064933
45076014
45087094
45098175
45109255
45120336
45131417
45142497
45153578
45164659
45175739
45186820
45197900
45208981
45220062
45231142
45242223
45253304
45264384
45275465
45286546
45297626
45308707
45319787
45330870
45341949
45353030
45364111
45375191
45386272
45397352
45408433
45419513
45430594
45441675
45452755
45463836
45474916
45485997
45497078
45508158
45519239
45530320
45541400
45552482
45563562
45574642
45585723
45596803
45607884
45618964
45630045
45641126
45652208
45663287
45674368
45685449
45696529
45707610
45718690
45729771
45740851
45751932
45763013
45774093
45785174
45796255
45807335
45818416
45829497
45840577
45851658
45862738
45873819
45884900
45895980
45907061
45918142
45929222
45940304
45951384
45962465
45973546
45984625
45995706
46006787
46017867
46028948
46040029
46051109
46062190
46073270
46084351
46095432
46106513
46117593
46128674
46139755
46150836
46161916
46172996
46184077
46195159
46206238
46217319
46228400
46239480
46250561
46261642
46272722
46283802
46294884
46305964
46317044
46328125
46339206
46350287
46361367
46372448
46383528
46394609
46405689
46416770
46427851
46438931
46450012
46461093
46472173
46483254
46494335
46505415
46516496
46527577
46538657
46549738
46560819
46571899
46582979
46594060
46605141
46616221
46627302
46638383
46649463
46660544
46671625
46682705
46693786
46704867
46715947
46727028
46738109
46749189
46760270
46771351
46782431
46793512
46804592
46815673
46826754
46837834
46848915
46859996
46871076
46882157
46893237
46904319
46915399
46926479
46937560
46948641
46959722
46970802
46981883
46992963
47004044
47015125
47026205
47037286
47048366
47059447
47070527
47081608
47092689
47103769
47114850
47125931
47137011
47148093
47159173
47170253
47181334
47192416
47203495
47214576
47225658
47236737
47247818
47258898
47269979
47281060
47292140
47303221
47314302
47325382
47336463
47347544
47358625
47369705
47380785
47391866
47402946
47414027
47425108
47436188
47447269
47458350
47469430
47480511
47491592
47502672
47513754
47524833
47535914
47546997
47558076
47569156
47580237
47591317
47602398
47613479
47624559
47635640
47646721
47657801
47668882
47679963
47691043
47702123
47713204
47724285
47735365
47746446
47757527
47768607
47779688
47790769
47801849
47812930
47824010
47835091
47846172
47857253
47868333
47879414
47890494
47901575
47912656
47923736
47934817
47945898
47956978
47968059
47979140
47990220
48001300
48012381
48023462
48034543
48045624
48056704
48067784
48078865
48089946
48101026
48112107
48123188
48134268
48145350
48156431
48167510
48178591
48189671
48200752
48211833
48222913
48233994
48245075
48256155
48267236
48278316
48289397
48300478
48311559
48322639
48333719
48344801
48355881
48366962
48378042
48389123
48400204
48411284
48422365
48433445
48444528
48455606
48466687
48477769
48488849
48499930
48511010
48522090
48533171
48544252
48555332
48566413
48577494
48588574
48599655
48610736
48621816
48632897
48643978
48655058
48666138
48677219
48688300
48699381
48710463
48721542
48732622
48743703
48754784
48765866
48776945
48788025
48799107
48810187
48821267
48832348
48843429
48854509
48865590
48876671
48887751
48898832
48909913
48920993
48932074
48943155
48954235
48965316
48976397
48987477
48998558
49009639
49020719
49031799
49042880
49053961
49065041
49076122
49087203
49098283
49109364
49120446
49131525
49142606
49153686
49164767
49175848
49186928
49198009
49209090
49220170
49231251
49242331
49253412
49264493
49275573
49286654
49297735
49308815
49319896
49330976
49342057
49353138
49364218
49375301
49386380
49397460
49408542
49419622
49430702
49441783
49452863
49463944
49475025
49486105
49497186
49508267
49519347
49530428
49541510
49552589
49563670
49574750
49585831
49596912
49607992
49619073
49630154
49641234
49652315
49663396
49674476
49685557
49696638
49707718
49718799
49729880
49740960
49752041
49763121
49774202
49785283
49796363
49807444
49818525
49829605
49840686
49851767
49862847
49873928
49885009
49896089
49907169
49918250
49929331
49940412
49951492
49962573
49973653
49984734
49995814
50006895
50017978
50029056
50040139
50051218
50062298
50073379
50084460
50095540
50106621
50117702
50128782
50139863
50150944
50162024
50173105
50184185
50195266
50206347
50217427
50228508
50239588
50250669
50261750
50272830
50283911
50294992
50306072
50317153
50328234
50339314
50350395
50361475
50372556
50383637
50394717
50405798
50416879
50427959
50439040
50450121
50461201
50472282
50483362
50494443
50505524
50516604
50527685
50538766
50549846
50560927
50572007
50583088
50594169
50605249
50616330
50627412
50638491
50649572
50660653
50671733
50682814
50693894
50704976
50716056
50727136
50738217
50749298
50760378
50771459
50782540
50793620
50804701
50815781
50826862
50837942
50849023
50860104
50871185
50882265
50893346
50904426
50915507
50926588
50937668
50948751
50959830
50970910
50981992
50993071
51004152
51015233
51026313
51037394
51048475
51059555
51070636
51081717
51092797
51103878
51114959
51126039
51137120
51148201
51159281
51170362
51181442
51192523
51203604
51214684
51225765
51236846
51247926
51259007
51270089
51281168
51292249
51303329
51314410
51325490
51336571
51347652
51358732
51369813
51380894
51391974
51403055
51414136
51425216
51436297
51447378
51458458
51469539
51480620
51491700
51502781
51513861
51524942
51536024
51547104
51558184
51569264
51580345
51591427
51602506
51613587
51624667
51635748
51646829
51657909
51668990
51680071
51691151
51702232
51713313
51724393
51735475
51746555
51757635
51768716
51779797
51790877
51801958
51813038
51824119
51835200
51846280
51857361
51868441
51879524
51890603
51901684
51912765
51923844
51934926
51946006
51957087
51968167
51979248
51990328
52001409
52012490
52023570
52034651
52045732
52056812
52067893
52078974
52090054
52101135
52112216
52123296
52134377
52145458
52156538
52167619
52178699
52189780
52200862
52211941
52223022
52234103
52245183
52256263
52267344
52278425
52289505
52300586
52311667
52322747
52333828
52344909
52355989
52367070
52378151
52389231
52400312
52411392
52422473
52433554
52444634
52455715
52466796
52477876
52488957
52500038
52511118
52522199
52533281
52544361
52555441
52566522
52577602
52588682
52599764
52610844
52621924
52633005
52644086
52655166
52666247
52677328
52688408
52699489
52710569
52721650
52732731
52743811
52754892
52765973
52777053
52788134
52799215
52810296
52821376
52832457
52843538
52854618
52865699
52876779
52887860
52898940
52910021
52921102
52932182
52943263
52954343
52965424
52976505
52987585
52998666
53009747
53020827
53031908
53042989
53054069
53065150
53076230
53087311
53098392
53109472
53120553
53131635
53142715
53153795
53164876
53175956
53187037
53198118
53209198
53220279
53231359
53242440
53253520
53264601
53275682
53286762
53297843
53308924
53320004
53331085
53342166
53353246
53364327
53375407
53386488
53397569
53408649
53419731
53430811
53441891
53452973
53464053
53475133
53486214
53497295
53508375
53519456
53530537
53541617
53552697
53563779
53574859
53585940
53597020
53608101
53619181
53630263
53641343
53652423
53663504
53674585
53685665
53696746
53707826
53718907
53729988
53741068
53752149
53763230
53774310
53785391
53796472
53807552
53818633
53829713
53840794
53851875
53862956
53874036
53885117
53896197
53907278
53918359
53929439
53940520
53951600
53962681
53973761
53984843
53995923
54007003
54018084
54029165
54040245
54051326
54062408
54073487
54084568
54095649
54106729
54117810
54128891
54139971
54151052
54162132
54173213
54184294
54195375
54206455
54217536
54228616
54239697
54250778
54261858
54272939
54284019
54295100
54306181
54317261
54328342
54339423
54350503
54361584
54372665
54383747
54394826
54405907
54416987
54428068
54439148
54450229
54461310
54472390
54483471
54494551
54505632
54516713
54527795
54538874
54549955
54561035
54572116
54583196
54594277
54605358
54616438
54627519
54638600
54649680
54660761
54671842
54682922
54694004
54705085
54716164
54727245
54738326
54749406
54760487
54771568
54782648
54793728
54804809
54815890
54826970
54838051
54849132
54860214
54871293
54882374
54893454
54904535
54915616
54926696
54937777
54948857
54959938
54971019
54982099
54993180
55004260
55015341
55026422
55037503
55048583
55059664
55070744
55081825
55092905
55103986
55115067
55126148
55137229
55148309
55159389
55170470
55181551
55192631
55203712
55214792
55225873
55236954
55248034
55259115
55270196
55281276
55292357
55303438
55314520
55325599
55336680
55347761
55358841
55369922
55381002
55392082
55403163
55414244
55425325
55436405
55447486
55458566
55469647
55480728
55491808
55502889
55513970
55525051
55536132
55547212
55558292
55569373
55580453
55591534
55602616
55613695
55624776
55635858
55646937
55658018
55669099
55680179
55691260
55702340
55713421
55724502
55735582
55746663
55757744
55768824
55779905
55790985
55802066
55813146
55824228
55835308
55846389
55857470
55868550
55879631
55890711
55901792
55912873
55923955
55935034
55946114
55957196
55968276
55979356
55990437
56001518
56012598
56023679
56034759
56045840
56056921
56068001
56079082
56090163
56101243
56112324
56123405
56134485
56145566
56156647
56167727
56178808
56189889
56200969
56212049
56223130
56234211
56245291
56256372
56267453
56278533
56289614
56300695
56311775
56322856
56333937
56345018
56356098
56367178
56378259
56389340
56400421
56411501
56422582
56433662
56444743
56455824
56466904
56477985
56489065
56500146
56511227
56522309
56533390
56544468
56555549
56566631
56577710
56588791
56599872
56610952
56622033
56633113
56644194
56655275
56666355
56677436
56688517
56699597
56710678
56721759
56732839
56743920
56755001
56766081
56777162
56788242
56799323
56810404
56821485
56832565
56843645
56854727
56865807
56876888
56887970
56899049
56910129
56921210
56932291
56943371
56954452
56965532
56976613
56987694
56998774
57009855
57020936
57032016
57043097
57054178
57065258
57076339
57087420
57098500
57109581
57120662
57131742
57142823
57153903
57164984
57176066
57187146
57198226
57209307
57220388
57231468
57242548
57253629
57264709
57275790
57286871
57297951
57309032
57320114
57331194
57342274
57353355
57364435
57375516
57386597
57397677
57408758
57419839
57430919
57442000
57453080
57464161
57475242
57486322
57497404
57508484
57519566
57530646
57541726
57552806
57563886
57574967
57586048
57597128
57608209
57619290
57630370
57641451
57652532
57663612
57674693
57685774
57696854
57707935
57719016
57730096
57741177
57752258
57763338
57774419
57785500
57796580
57807661
57818743
57829822
57840902
57851984
57863064
57874144
57885225
57896306
57907386
57918467
57929548
57940628
57951709
57962789
57973870
57984951
57996031
58007112
58018193
58029273
58040354
58051435
58062515
58073596
58084677
58095757
58106838
58117919
58128999
58140081
58151160
58162241
58173321
58184402
58195483
58206564
58217644
58228725
58239806
58250886
58261966
58273047
58284128
58295208
58306289
58317370
58328450
58339531
58350612
58361692
58372773
58383853
58394934
58406015
58417095
58428176
58439257
58450338
58461418
58472498
58483579
58494660
58505740
58516822
58527902
58538982
58550063
58561144
58572224
58583305
58594385
58605466
58616547
58627628
58638708
58649789
58660870
58671950
58683031
58694111
58705192
58716273
58727353
58738434
58749516
58760595
58771676
58782757
58793837
58804918
58815998
58827079
58838159
58849240
58860321
58871402
58882482
58893563
58904643
58915724
58926805
58937885
58948966
58960047
58971127
58982208
58993289
59004369
59015450
59026530
59037612
59048691
59059773
59070854
59081933
59093014
59104095
59115175
59126256
59137337
59148417
59159498
59170578
59181659
59192740
59203820
59214901
59225982
59237062
59248143
59259224
59270304
59281385
59292466
59303546
59314627
59325708
59336788
59347869
59358950
59370030
59381110
59392192
59403272
59414352
59425433
59436514
59447594
59458675
59469756
59480836
59491917
59502997
59514079
59525159
59536239
59547320
59558401
59569481
59580562
59591643
59602723
59613804
59624885
59635965
59647045
59658126
59669207
59680289
59691368
59702449
59713529
59724610
59735691
59746771
59757852
59768933
59780013
59791094
59802175
59813255
59824336
59835416
59846497
59857578
59868658
59879739
59890820
59901900
59912981
59924061
59935143
59946223
59957303
59968384
59979464
