11080
22160
33241
44321
55402
66482
77563
88644
99724
110805
121885
132966
144047
155127
166208
177289
188369
199450
210531
221611
232692
243773
254853
265934
277014
288095
299176
310256
321337
332418
343498
354579
365659
376740
387821
398901
409982
421063
432143
443224
454304
465385
476466
487547
498627
509708
520788
531869
542949
554030
565111
576192
587272
598353
609433
620514
631595
642676
653756
664836
675917
686998
698078
709159
720240
731320
742401
753482
764562
775643
786724
797804
808885
819966
831046
842127
853207
864289
875368
886449
897531
908610
919691
930772
941852
952933
964014
975094
986175
997255
1008336
1019417
1030497
1041578
1052659
1063739
1074820
1085900
1096981
1108062
1119142
1130223
1141304
1152385
1163465
1174546
1185628
1196707
1207787
1218868
1229949
1241029
1252110
1263191
1274271
1285352
1296433
1307513
1318594
1329674
1340755
1351836
1362916
1373997
1385078
1396158
1407239
1418320
1429400
1440481
1451562
1462642
1473723
1484804
1495884
1506965
1518045
1529126
1540206
1551287
1562368
1573448
1584529
1595610
1606690
1617771
1628851
1639932
1651013
1662093
1673174
1684255
1695335
1706416
1717497
1728577
1739658
1750739
1761820
1772900
1783980
1795062
1806142
1817222
1828303
1839384
1850464
1861545
1872625
1883706
1894787
1905867
1916948
1928029
1939109
1950190
1961270
1972351
1983432
1994512
2005593
2016674
2027754
2038835
2049915
2060996
2072077
2083157
2094238
2105319
2116401
2127481
2138560
2149642
2160722
2171803
2182883
2193964
2205044
2216125
2227206
2238287
2249367
2260447
2271528
2282609
2293689
2304770
2315851
2326931
2338012
2349093
2360173
2371254
2382335
2393415
2404496
2415576
2426657
2437740
2448818
2459899
2470980
2482060
2493141
2504222
2515302
2526382
2537463
2548544
2559624
2570705
2581786
2592866
2603947
2615028
2626108
2637189
2648270
2659350
2670431
2681511
2692592
2703673
2714753
2725834
2736915
2747995
2759076
2770156
2781237
2792318
2803398
2814479
2825560
2836641
2847722
2858801
2869882
2880963
2892043
2903124
2914205
2925285
2936366
2947447
2958527
2969608
2980689
2991769
3002850
3013930
3025011
3036092
3047173
3058253
3069334
3080415
3091495
3102576
3113656
3124737
3135818
3146898
3157979
3169059
3180140
3191221
3202301
3213382
3224462
3235545
3246625
3257705
3268786
3279866
3290947
3302028
3313108
3324189
3335270
3346350
3357431
3368513
3379592
3390673
3401754
3412834
3423915
3434995
3446076
3457157
3468237
3479318
3490399
3501480
3512560
3523641
3534721
3545802
3556882
3567963
3579043
3590124
3601205
3612286
3623366
3634447
3645527
3656609
3667691
3678769
3689851
3700930
3712011
3723092
3734172
3745253
3756334
3767415
3778495
3789575
3800656
3811737
3822817
3833900
3844979
3856059
3867141
3878220
3889301
3900382
3911462
3922543
3933624
3944704
3955785
3966866
3977946
3989027
4000108
4011188
4022269
4033350
4044430
4055511
4066591
4077672
4088753
4099833
4110914
4121994
4133075
4144155
4155237
4166317
4177398
4188478
4199559
4210639
4221720
4232801
4243881
4254962
4266043
4277123
4288204
4299285
4310365
4321446
4332528
4343607
4354688
4365768
4376849
4387930
4399010
4410091
4421172
4432252
4443333
4454413
4465494
4476574
4487656
4498736
4509816
4520897
4531978
4543058
4554139
4565220
4576300
4587381
4598462
4609542
4620625
4631704
4642784
4653865
4664946
4676026
4687107
4698187
4709268
4720349
4731429
4742510
4753591
4764671
4775752
4786833
4797913
4808993
4820074
4831157
4842235
4853316
4864397
4875477
4886558
4897639
4908720
4919800
4930881
4941963
4953042
4964122
4975203
4986284
4997366
5008445
5019526
5030606
5041687
5052768
5063848
5074929
5086010
5097090
5108171
5119252
5130332
5141413
5152493
5163574
5174654
5185735
5196816
5207897
5218977
5230059
5241139
5252219
5263301
5274380
5285461
5296541
5307622
5318703
5329784
5340864
5351945
5363025
5374106
5385187
5396267
5407348
5418429
5429509
5440590
5451670
5462751
5473832
5484912
5495993
5507074
5518154
5529235
5540315
5551398
5562477
5573557
5584639
5595718
5606799
5617880
5628961
5640041
5651121
5662203
5673283
5684364
5695444
5706525
5717606
5728686
5739767
5750847
5761928
5773009
5784089
5795170
5806250
5817331
5828413
5839495
5850573
5861654
5872736
5883815
5894895
5905976
5917057
5928137
5939218
5950298
5961379
5972460
5983540
5994621
6005702
6016782
6027863
6038944
6050024
6061105
6072186
6083266
6094347
6105428
6116508
6127589
6138670
6149750
6160831
6171911
6182992
6194072
6205153
6216234
6227315
6238396
6249476
6260556
6271637
6282718
6293798
6304879
6315959
6327040
6338121
6349201
6360282
6371363
6382444
6393524
6404604
6415685
6426766
6437847
6448927
6460008
6471089
6482170
6493250
6504330
6515412
6526491
6537572
6548653
6559733
6570814
6581895
6592976
6604056
6615137
6626217
6637298
6648378
6659459
6670540
6681620
6692701
6703782
6714862
6725943
6737024
6748104
6759185
6770265
6781346
6792427
6803509
6814588
6825669
6836750
6847830
6858911
6869991
6881071
6892152
6903233
6914313
6925394
6936475
6947556
6958636
6969717
6980797
6991878
7002959
7014039
7025120
7036201
7047281
7058362
7069443
7080523
7091604
7102684
7113765
7124848
7135926
7147007
7158088
7169168
7180249
7191329
7202410
7213490
7224571
7235652
7246732
7257814
7268894
7279974
7291055
7302136
7313216
7324297
7335378
7346458
7357539
7368620
7379700
7390781
7401861
7412942
7424023
7435103
7446184
7457265
7468345
7479426
7490507
7501587
7512668
7523749
7534829
7545910
7556990
7568071
7579151
7590232
7601313
7612393
7623474
7634555
7645635
7656716
7667797
7678877
7689958
7701038
7712119
7723200
7734281
7745361
7756441
7767523
7778603
7789684
7800764
7811845
7822927
7834006
7845087
7856167
7867248
7878329
7889409
7900490
7911571
7922651
7933732
7944813
7955893
7966974
7978054
7989136
8000216
8011296
8022377
8033458
8044538
8055621
8066699
8077780
8088861
8099941
8111022
8122103
8133183
8144264
8155345
8166425
8177506
8188587
8199667
8210748
8221828
8232909
8243990
8255070
8266151
8277232
8288312
8299392
8310473
8321554
8332634
8343716
8354796
8365876
8376959
8388038
8399118
8410199
8421280
8432360
8443441
8454522
8465602
8476683
8487764
8498844
8509925
8521005
8532086
8543166
8554247
8565327
8576408
8587489
8598569
8609650
8620731
8631812
8642892
8653973
8665053
8676134
8687215
8698295
8709376
8720457
8731537
8742618
8753698
8764779
8775860
8786940
8798021
8809102
8820184
8831263
8842344
8853424
8864505
8875585
8886666
8897747
8908827
8919908
8930988
8942069
8953150
8964230
8975311
8986394
8997472
9008553
9019635
9030714
9041795
9052875
9063956
9075037
9086117
9097198
9108279
9119359
9130440
9141521
9152602
9163682
9174763
9185843
9196924
9208004
9219085
9230165
9241246
9252327
9263407
9274488
9285569
9296649
9307732
9318811
9329891
9340972
9352053
9363133
9374214
9385295
9396375
9407456
9418537
9429617
9440697
9451778
9462859
9473940
9485020
9496101
9507182
9518262
9529343
9540423
9551504
9562585
9573665
9584746
9595827
9606907
9617988
9629070
9640149
9651230
9662311
9673391
9684471
9695552
9706633
9717713
9728794
9739875
9750955
9762036
9773117
9784197
9795278
9806359
9817441
9828520
9839600
9850681
9861762
9872843
9883923
9895003
9906084
9917165
9928245
9939326
9950407
9961487
9972568
9983649
9994729
10005810
10016891
10027971
10039052
10050132
10061213
10072294
10083374
10094455
10105536
10116616
10127697
10138777
10149858
10160939
10172020
10183100
10194181
10205261
10216342
10227423
10238505
10249584
10260665
10271745
10282826
10293906
10304987
10316068
10327149
10338229
10349309
10360390
10371470
10382551
10393632
10404713
10415793
10426874
10437955
10449035
10460116
10471196
10482277
10493358
10504438
10515519
10526600
10537680
10548761
10559843
10570922
10582003
10593083
10604164
10615245
10626325
10637406
10648487
10659567
10670647
10681728
10692809
10703890
10714970
10726051
10737132
10748212
10759293
10770373
10781454
10792535
10803615
10814697
10825777
10836857
10847938
10859019
10870099
10881181
10892261
10903341
10914422
10925502
10936583
10947664
10958744
10969825
10980906
10991986
11003067
11014148
11025228
11036309
11047390
11058470
11069550
11080631
11091712
11102792
11113873
11124954
11136034
11147115
11158196
11169277
11180357
11191438
11202519
11213599
11224680
11235760
11246841
11257921
11269002
11280082
11291163
11302244
11313325
11324405
11335485
11346566
11357647
11368727
11379808
11390889
11401969
11413050
11424131
11435211
11446292
11457373
11468453
11479534
11490616
11501695
11512776
11523857
11534937
11546017
11557099
11568179
11579260
11590340
11601421
11612502
11623583
11634663
11645744
11656824
11667904
11678985
11690066
11701146
11712227
11723308
11734388
11745469
11756550
11767630
11778712
11789792
11800872
11811956
11823034
11834114
11845195
11856275
11867356
11878437
11889517
11900598
11911679
11922759
11933839
11944920
11956001
11967082
11978163
11989243
12000323
12011404
12022485
12033565
12044646
12055727
12066808
12077888
12088969
12100049
12111130
12122210
12133291
12144372
12155452
12166533
12177614
12188694
12199775
12210856
12221936
12233017
12244097
12255178
12266258
12277340
12288420
12299500
12310582
12321662
12332742
12343823
12354904
12365985
12377065
12388146
12399226
12410307
12421389
12432468
12443549
12454630
12465710
12476791
12487871
12498952
12510033
12521113
12532194
12543275
12554355
12565436
12576516
12587597
12598678
12609759
12620839
12631920
12643000
12654081
12665162
12676242
12687323
12698404
12709484
12720564
12731645
12742727
12753806
12764888
12775968
12787049
12798129
12809211
12820291
12831371
12842452
12853532
12864613
12875693
12886774
12897855
12908935
12920016
12931097
12942177
12953258
12964339
12975419
12986500
12997580
13008661
13019741
13030823
13041903
13052984
13064066
13075145
13086225
13097306
13108387
13119467
13130548
13141629
13152709
13163790
13174870
13185951
13197032
13208113
13219193
13230274
13241355
13252435
13263516
13274596
13285677
13296758
13307838
13318919
13329999
13341080
13352161
13363241
13374322
13385402
13396483
13407565
13418644
13429725
13440806
13451886
13462967
13474048
13485128
13496209
13507290
13518370
13529451
13540531
13551612
13562693
13573773
13584854
13595935
13607015
13618096
13629177
13640257
13651338
13662418
13673500
13684579
13695660
13706741
13717821
13728902
13739983
13751063
13762144
13773225
13784305
13795386
13806468
13817548
13828628
13839708
13850789
13861870
13872950
13884031
13895112
13906192
13917273
13928354
13939434
13950515
13961595
13972676
13983757
13994839
14005918
14016999
14028079
14039160
14050240
14061321
14072402
14083482
14094563
14105644
14116724
14127805
14138886
14149966
14161047
14172128
14183208
14194289
14205370
14216450
14227531
14238611
14249692
14260772
14271853
14282934
14294014
14305095
14316177
14327256
14338337
14349418
14360498
14371579
14382660
14393740
14404821
14415902
14426982
14438063
14449143
14460224
14471305
14482385
14493466
14504546
14515627
14526708
14537788
14548869
14559949
14571030
14582111
14593191
14604272
14615353
14626433
14637515
14648595
14659675
14670756
14681837
14692917
14703998
14715078
14726159
14737240
14748320
14759401
14770481
14781562
14792643
14803724
14814804
14825885
14836966
14848046
14859126
14870207
14881288
14892368
14903449
14914530
14925612
14936691
14947772
14958853
14969933
14981014
14992094
15003175
15014255
15025336
15036417
15047497
15058578
15069658
15080739
15091819
15102900
15113981
15125062
15136142
15147223
15158304
15169384
15180465
15191545
15202626
15213708
15224787
15235868
15246951
15258029
15269110
15280191
15291271
15302353
15313433
15324513
15335594
15346675
15357755
15368836
15379916
15390997
15402078
15413158
15424239
15435319
15446400
15457481
15468562
15479642
15490722
15501803
15512884
15523964
15535045
15546126
15557206
15568288
15579368
15590448
15601529
15612610
15623690
15634771
15645851
15656932
15668013
15679093
15690174
15701255
15712335
15723416
15734496
15745577
15756658
15767739
15778819
15789899
15800982
15812062
15823141
15834222
15845303
15856383
15867464
15878545
15889625
15900706
15911787
15922867
15933948
15945029
15956109
15967191
15978270
15989351
16000432
16011512
16022593
16033674
16044754
16055835
16066915
16077996
16089077
16100157
16111238
16122319
16133399
16144480
16155560
16166642
16177724
16188802
16199883
16210964
16222044
16233125
16244205
16255286
16266367
16277447
16288528
16299609
16310689
16321770
16332850
16343931
16355012
16366092
16377173
16388254
16399335
16410415
16421495
16432576
16443657
16454737
16465819
16476899
16487979
16499062
16510141
16521221
16532302
16543382
16554463
16565544
16576625
16587705
16598786
16609867
16620947
16632028
16643108
16654189
16665269
16676350
16687431
16698512
16709592
16720673
16731753
16742834
16753915
16764995
16776076
16787158
16798238
16809318
16820400
16831479
16842560
16853640
16864721
16875801
16886882
16897963
16909043
16920124
16931205
16942285
16953366
16964447
16975527
16986608
16997689
17008769
17019850
17030930
17042011
17053092
17064172
17075253
17086334
17097414
17108496
17119575
17130657
17141737
17152817
17163898
17174978
17186059
17197141
17208221
17219301
17230382
17241462
17252543
17263624
17274704
17285785
17296867
17307946
17319027
17330107
17341188
17352269
17363350
17374430
17385511
17396592
17407672
17418753
17429834
17440914
17451995
17463076
17474155
17485237
17496317
17507398
17518478
17529559
17540639
17551720
17562801
17573881
17584962
17596043
17607123
17618204
17629285
17640365
17651446
17662526
17673607
17684688
17695768
17706849
17717931
17729010
17740091
17751173
17762252
17773333
17784414
17795495
17806574
17817655
17828736
17839816
17850897
17861978
17873058
17884139
17895220
17906300
17917381
17928461
17939542
17950623
17961704
17972784
17983865
17994946
18006026
18017107
18028187
18039268
18050349
18061429
18072510
18083591
18094671
18105751
18116833
18127913
18138993
18150074
18161155
18172235
18183316
18194397
18205477
18216558
18227638
18238719
18249800
18260881
18271962
18283042
18294123
18305203
18316284
18327364
18338445
18349525
18360608
18371687
18382767
18393849
18404929
18416009
18427090
18438171
18449251
18460332
18471413
18482493
18493574
18504655
18515735
18526816
18537896
18548977
18560058
18571138
18582219
18593300
18604380
18615461
18626542
18637622
18648703
18659783
18670864
18681946
18693025
18704106
18715187
18726267
18737348
18748428
18759509
18770590
18781670
18792752
18803832
18814912
18825993
18837074
18848154
18859235
18870315
18881396
18892476
18903557
18914638
18925718
18936799
18947880
18958961
18970043
18981121
18992202
19003284
19014364
19025444
19036525
19047606
19058686
19069767
19080847
19091928
19103008
19114089
19125170
19136250
19147331
19158412
19169492
19180573
19191654
19202734
19213815
19224895
19235976
19247057
19258137
19269218
19280299
19291379
19302460
19313540
19324621
19335702
19346783
19357863
19368944
19380024
19391105
19402186
19413266
19424347
19435428
19446508
19457589
19468669
19479750
19490830
19501911
19512992
19524072
19535153
19546234
19557314
19568395
19579475
19590556
19601637
19612719
19623798
19634879
19645959
19657040
19668121
19679201
19690282
19701363
19712443
19723524
19734605
19745685
19756766
19767846
19778927
19790009
19801088
19812169
19823250
19834330
19845411
19856492
19867572
19878653
19889733
19900815
19911895
19922975
19934057
19945136
19956218
19967298
19978378
19989459
20000540
20011620
20022701
20033782
20044862
20055943
20067024
20078104
20089185
20100265
20111346
20122427
20133507
20144588
20155669
20166750
20177830
20188911
20199991
20211072
20222154
20233233
20244314
20255395
20266475
20277555
20288636
20299717
20310797
20321878
20332959
20344039
20355120
20366201
20377281
20388362
20399443
20410523
20421604
20432684
20443765
20454846
20465927
20477007
20488087
20499168
20510248
20521329
20532410
20543491
20554571
20565652
20576733
20587813
20598894
20609976
20621055
20632136
20643216
20654297
20665378
20676458
20687539
20698620
20709700
20720781
20731862
20742942
20754023
20765103
20776184
20787266
20798346
20809426
20820507
20831587
20842667
20853748
20864830
20875909
20886991
20898071
20909151
20920232
20931313
20942393
20953474
20964555
20975635
20986716
20997797
21008877
21019958
21031038
21042119
21053200
21064280
21075361
21086442
21097522
21108603
21119684
21130764
21141845
21152926
21164006
21175087
21186169
21197248
21208329
21219409
21230490
21241571
21252651
21263731
21274813
21285893
21296973
21308054
21319135
21330215
21341296
21352377
21363457
21374538
21385619
21396700
21407780
21418860
21429941
21441022
21452103
21463183
21474265
21485345
21496425
21507506
21518586
21529667
21540747
21551828
21562909
21573989
21585070
21596151
21607232
21618312
21629392
21640473
21651554
21662634
21673715
21684796
21695876
21706957
21718037
21729118
21740199
21751280
21762360
21773441
21784523
21795602
21806683
21817763
21828844
21839925
21851005
21862086
21873166
21884247
21895327
21906409
21917489
21928569
21939650
21950731
21961811
21972892
21983973
21995053
22006134
22017215
22028295
22039376
22050456
22061537
22072618
22083698
22094779
22105860
22116944
22128021
22139102
22150182
22161263
22172344
22183424
22194505
22205586
22216666
22227747
22238827
22249908
22260988
22272069
22283150
22294230
22305311
22316392
22327472
22338553
22349634
22360714
22371795
22382876
22393956
22405038
22416118
22427198
22438280
22449360
22460440
22471521
22482601
22493682
22504763
22515843
22526924
22538005
22549085
22560165
22571247
22582327
22593407
22604488
22615569
22626649
22637730
22648811
22659892
22670972
22682053
22693133
22704214
22715294
22726377
22737456
22748536
22759618
22770698
22781780
22792860
22803940
22815020
22826101
22837182
22848262
22859343
22870423
22881504
22892585
22903665
22914746
22925827
22936907
22947988
22959068
22970149
22981230
22992311
23003391
23014471
23025552
23036633
23047715
23058794
23069875
23080956
23092036
23103117
23114198
23125278
23136359
23147439
23158520
23169601
23180681
23191762
23202842
23213923
23225004
23236084
23247165
23258246
23269326
23280407
23291487
23302568
23313649
23324729
23335810
23346891
23357971
23369053
23380133
23391213
23402294
23413374
23424455
23435536
23446616
23457697
23468778
23479858
23490939
23502020
23513100
23524181
23535261
23546342
23557423
23568503
23579584
23590665
23601745
23612826
23623906
23634987
23646067
23657149
23668229
23679309
23690391
23701471
23712551
23723632
23734713
23745793
23756874
23767954
23779035
23790117
23801197
23812277
23823358
23834438
23845519
23856600
23867680
23878761
23889842
23900922
23912003
23923084
23934164
23945245
23956325
23967406
23978487
23989567
24000648
24011728
24022809
24033890
24044970
24056051
24067132
24078212
24089293
24100373
24111454
24122535
24133615
24144696
24155777
24166857
24177938
24189019
24200099
24211180
24222261
24233341
24244422
24255502
24266583
24277664
24288744
24299826
24310905
24321986
24333067
24344147
24355228
24366308
24377390
24388471
24399550
24410631
24421712
24432792
24443873
24454954
24466034
24477115
24488196
24499276
24510357
24521438
24532518
24543599
24554680
24565760
24576841
24587924
24599002
24610083
24621164
24632244
24643324
24654405
24665485
24676567
24687647
24698727
24709808
24720889
24731970
24743050
24754131
24765211
24776294
24787373
24798453
24809534
24820615
24831695
24842776
24853856
24864937
24876018
24887099
24898179
24909261
24920340
24931421
24942502
24953582
24964663
24975744
24986824
24997905
25008985
25020066
25031146
25042227
25053308
25064388
25075469
25086550
25097630
25108712
25119792
25130872
25141953
25153033
25164114
25175195
25186276
25197356
25208437
25219517
25230598
25241679
25252759
25263840
25274921
25286001
25297082
25308162
25319243
25330323
25341405
25352485
25363565
25374646
25385727
25396808
25407888
25418969
25430049
25441130
25452210
25463291
25474372
25485452
25496533
25507614
25518695
25529775
25540856
25551938
25563017
25574098
25585178
25596259
25607340
25618420
25629501
25640581
25651662
25662743
25673823
25684904
25695985
25707066
25718146
25729226
25740307
25751388
25762468
25773550
25784630
25795710
25806791
25817871
25828952
25840034
25851113
25862194
25873276
25884355
25895436
25906517
25917597
25928678
25939759
25950839
25961920
25973001
25984081
25995162
26006242
26017323
26028403
26039484
26050565
26061645
26072726
26083806
26094888
26105968
26117049
26128129
26139210
26150290
26161372
26172452
26183532
26194614
26205693
26216774
26227855
26238935
26250016
26261097
26272178
26283258
26294339
26305419
26316500
26327581
26338661
26349742
26360822
26371903
26382984
26394064
26405145
26416225
26427306
26438387
26449467
26460548
26471629
26482709
26493790
26504871
26515951
26527032
26538113
26549193
26560274
26571355
26582435
26593516
26604597
26615677
26626758
26637838
26648919
26659999
26671080
26682161
26693242
26704322
26715402
26726484
26737564
26748644
26759725
26770809
26781886
26792967
26804049
26815128
26826209
26837290
26848370
26859451
26870531
26881612
26892693
26903773
26914854
26925935
26937018
26948096
26959177
26970257
26981338
26992419
27003499
27014579
27025661
27036741
27047821
27058903
27069983
27081063
27092146
27103225
27114305
27125387
27136467
27147547
27158628
27169709
27180789
27191870
27202951
27214031
27225112
27236192
27247273
27258354
27269435
27280515
27291596
27302676
27313757
27324838
27335918
27346999
27358079
27369160
27380241
27391321
27402402
27413484
27424563
27435644
27446725
27457805
27468886
27479966
27491047
27502127
27513208
27524289
27535369
27546450
27557531
27568612
27579692
27590773
27601854
27612934
27624015
27635095
27646176
27657256
27668337
27679418
27690498
27701579
27712659
27723740
27734821
27745901
27756982
27768065
27779144
27790224
27801304
27812385
27823466
27834546
27845627
27856708
27867788
27878869
27889950
27901030
27912111
27923191
27934272
27945353
27956434
27967515
27978595
27989675
28000756
28011837
28022918
28033998
28045079
28056160
28067240
28078321
28089401
28100482
28111562
28122643
28133723
28144804
28155885
28166966
28178047
28189127
28200207
28211288
28222368
28233449
28244530
28255611
28266691
28277772
28288852
28299933
28311014
28322094
28333175
28344257
28355336
28366417
28377498
28388578
28399659
28410739
28421820
28432901
28443981
28455062
28466142
28477223
28488304
28499384
28510465
28521545
28532626
28543707
28554787
28565868
28576949
28588030
28599110
28610191
28621271
28632352
28643433
28654513
28665596
28676675
28687755
28698836
28709916
28720997
28732078
28743158
28754239
28765320
28776400
28787481
28798562
28809642
28820723
28831804
28842884
28853964
28865045
28876126
28887206
28898287
28909368
28920448
28931529
28942610
28953691
28964771
28975852
28986934
28998013
29009093
29020174
29031255
29042336
29053416
29064497
29075577
29086658
29097739
29108819
29119899
29130981
29142061
29153141
29164223
29175303
29186384
29197464
29208545
29219625
29230706
29241787
29252867
29263948
29275030
29286109
29297190
29308272
29319351
29330432
29341513
29352593
29363674
29374755
29385835
29396916
29407996
29419077
29430158
29441238
29452319
29463400
29474480
29485561
29496641
29507722
29518802
29529883
29540964
29552044
29563125
29574206
29585286
29596369
29607448
29618528
29629610
29640689
29651770
29662851
29673931
29685012
29696092
29707173
29718254
29729335
29740415
29751495
29762578
29773657
29784738
29795818
29806899
29817980
29829060
29840141
29851221
29862303
29873383
29884463
29895544
29906625
29917705
29928786
29939866
29950947
29962028
29973109
29984189
29995270
30006350
30017431
30028512
30039592
30050672
30061754
30072834
30083915
30094996
30106076
30117157
30128237
30139318
30150399
30161479
30172560
30183641
30194721
30205802
30216883
30227963
30239045
30250124
30261205
30272285
30283366
30294447
30305527
30316609
30327688
30338769
30349850
30360931
30372011
30383092
30394172
30405253
30416334
30427415
30438495
30449576
30460656
30471737
30482817
30493898
30504978
30516060
30527142
30538220
30549301
30560383
30571463
30582543
30593624
30604704
30615785
30626866
30637946
30649027
30660108
30671188
30682269
30693350
30704430
30715511
30726591
30737672
30748753
30759835
30770915
30781995
30793075
30804156
30815237
30826317
30837398
30848480
30859559
30870639
30881721
30892801
30903881
30914962
30926043
30937123
30948204
30959285
30970365
30981446
30992526
31003607
31014688
31025768
31036849
31047930
31059011
31070091
31081172
31092253
31103333
31114414
31125494
31136575
31147655
31158736
31169816
31180897
31191978
31203058
31214139
31225220
31236300
31247381
31258462
31269542
31280623
31291704
31302784
31313865
31324946
31336026
31347107
31358188
31369268
31380349
31391429
31402510
31413591
31424672
31435752
31446833
31457915
31468994
31480075
31491156
31502235
31513316
31524397
31535477
31546559
31557640
31568720
31579800
31590881
31601962
31613042
31624123
31635203
31646284
31657364
31668445
31679526
31690606
31701687
31712768
31723848
31734929
31746010
31757091
31768171
31779253
31790332
31801413
31812495
31823574
31834655
31845735
31856816
31867897
31878977
31890058
31901139
31912219
31923300
31934380
31945461
31956542
31967622
31978703
31989784
32000864
32011945
32023025
32034106
32045187
32056267
32067348
32078429
32089509
32100591
32111671
32122751
32133832
32144912
32155993
32167074
32178154
32189235
32200315
32211396
32222477
32233557
32244638
32255719
32266799
32277880
32288960
32300041
32311122
32322202
32333283
32344364
32355444
32366525
32377606
32388686
32399767
32410847
32421928
32433009
32444089
32455173
32466251
32477331
32488412
32499492
32510573
32521654
32532735
32543815
32554896
32565977
32577057
32588138
32599218
32610299
32621379
32632460
32643541
32654621
32665702
32676783
32687863
32698944
32710025
32721105
32732186
32743267
32754347
32765428
32776508
32787589
32798670
32809750
32820831
32831912
32842992
32854073
32865153
32876234
32887315
32898395
32909476
32920556
32931637
32942718
32953798
32964879
32975959
32987040
32998121
33009201
33020282
33031365
33042443
33053524
33064605
33075685
33086767
33097847
33108927
33120008
33131089
33142169
33153250
33164330
33175411
33186492
33197573
33208653
33219734
33230814
33241895
33252976
33264056
33275137
33286217
33297298
33308379
33319460
33330540
33341620
33352703
33363782
33374862
33385943
33397024
33408104
33419185
33430266
33441346
33452427
33463508
33474588
33485669
33496750
33507830
33518911
33529991
33541072
33552153
33563233
33574314
33585395
33596475
33607556
33618636
33629717
33640797
33651878
33662959
33674039
33685120
33696201
33707281
33718362
33729443
33740523
33751606
33762686
33773765
33784846
33795926
33807007
33818088
33829168
33840249
33851330
33862410
33873491
33884571
33895652
33906733
33917815
33928894
33939974
33951056
33962138
33973216
33984297
33995379
34006458
34017539
34028620
34039700
34050781
34061861
34072942
34084023
34095103
34106184
34117265
34128345
34139426
34150507
34161587
34172668
34183749
34194829
34205909
34216991
34228071
34239152
34250233
34261313
34272393
34283476
34294555
34305635
34316717
34327797
34338877
34349958
34361039
34372119
34383200
34394280
34405361
34416442
34427522
34438603
34449684
34460764
34471845
34482925
34494006
34505087
34516168
34527248
34538329
34549410
34560490
34571571
34582652
34593732
34604814
34615893
34626974
34638054
34649135
34660216
34671296
34682377
34693457
34704538
34715619
34726700
34737780
34748863
34759942
34771022
34782103
34793183
34804264
34815344
34826425
34837506
34848586
34859667
34870748
34881828
34892909
34903990
34915071
34926152
34937232
34948313
34959393
34970473
34981554
34992635
35003715
35014796
35025876
35036958
35048038
35059118
35070199
35081280
35092360
35103441
35114522
35125602
35136683
35147764
35158844
35169925
35181005
35192086
35203167
35214249
35225328
35236409
35247491
35258570
35269651
35280731
35291812
35302892
35313973
35325054
35336134
35347216
35358295
35369376
35380457
35391537
35402618
35413699
35424779
35435860
35446941
35458021
35469102
35480182
35491263
35502344
35513424
35524505
35535588
35546667
35557747
35568828
35579909
35590989
35602070
35613150
35624230
35635312
35646392
35657472
35668553
35679634
35690714
35701795
35712876
35723956
35735037
35746119
35757199
35768279
35779360
35790440
35801521
35812601
35823682
35834763
35845843
35856924
35868005
35879085
35890166
35901246
35912327
35923408
35934489
35945569
35956649
35967730
35978811
35989891
36000972
36012053
36023133
36034214
36045295
36056375
36067456
36078537
36089617
36100698
36111779
36122859
36133940
36145022
36156101
36167182
36178263
36189343
36200424
36211504
36222585
36233665
36244747
36255827
36266908
36277988
36289069
36300149
36311230
36322311
36333391
36344473
36355553
36366633
36377714
36388794
36399875
36410956
36422036
36433117
36444197
36455278
36466361
36477439
36488520
36499601
36510681
36521762
36532842
36543923
36555004
36566085
36577167
36588246
36599326
36610407
36621488
36632568
36643649
36654729
36665810
36676891
36687971
36699052
36710133
36721213
36732294
36743376
36754456
36765536
36776616
36787699
36798778
36809858
36820939
36832020
36843100
36854181
36865262
36876342
36887423
36898504
36909584
36920665
36931745
36942826
36953907
36964987
36976068
36987149
36998229
37009310
37020390
37031471
37042551
37053632
37064713
37075794
37086875
37097955
37109035
37120116
37131196
37142278
37153358
37164438
37175519
37186600
37197680
37208763
37219842
37230922
37242004
37253084
37264164
37275245
37286326
37297406
37308486
37319568
37330648
37341729
37352810
37363890
37374970
37386051
37397134
37408212
37419293
37430374
37441454
37452535
37463615
37474696
37485777
37496857
37507938
37519019
37530099
37541180
37552261
37563341
37574422
37585503
37596583
37607664
37618745
37629825
37640906
37651987
37663067
37674148
37685228
37696309
37707390
37718472
37729551
37740633
37751713
37762793
37773873
37784954
37796034
37807115
37818196
37829276
37840357
37851438
37862518
37873599
37884680
37895760
37906842
37917922
37929002
37940083
37951164
37962244
37973325
37984405
37995486
38006567
38017647
38028728
38039810
38050889
38061969
38073051
38084131
38095212
38106292
38117373
38128453
38139534
38150615
38161695
38172776
38183857
38194937
38206018
38217099
38228179
38239260
38250341
38261421
38272502
38283583
38294663
38305744
38316825
38327905
38338986
38350066
38361146
38372228
38383308
38394389
38405470
38416550
38427630
38438711
38449792
38460872
38471953
38483034
38494114
38505195
38516276
38527357
38538437
38549518
38560598
38571679
38582759
38593840
38604921
38616001
38627083
38638163
38649245
38660323
38671404
38682486
38693565
38704646
38715727
38726808
38737890
38748970
38760049
38771130
38782211
38793291
38804372
38815453
38826533
38837614
38848695
38859775
38870856
38881936
38893017
38904098
38915178
38926259
38937342
38948421
38959501
38970583
38981662
38992743
39003824
39014904
39025985
39037066
39048146
39059227
39070308
39081388
39092469
39103549
39114630
39125710
39136791
39147872
39158952
39170033
39181113
39192195
39203275
39214355
39225436
39236517
39247597
39258679
39269759
39280839
39291921
39303001
39314081
39325162
39336243
39347323
39358404
39369484
39380565
39391646
39402727
39413807
39424888
39435968
39447049
39458129
39469210
39480290
39491371
39502452
39513533
39524613
39535694
39546775
39557855
39568936
39580016
39591097
39602179
39613258
39624339
39635419
39646500
39657581
39668661
39679742
39690823
39701903
39712984
39724064
39735146
39746226
39757307
39768387
39779467
39790548
39801629
39812709
39823790
39834871
39845951
39857033
39868113
39879193
39890274
39901357
39912435
39923516
39934597
39945677
39956758
39967839
39978919
39990000
40001080
40012161
40023242
40034322
40045403
40056484
40067565
40078645
40089725
40100806
40111886
40122967
40134048
40145128
40156209
40167290
40178370
40189451
40200532
40211612
40222694
40233774
40244854
40255935
40267016
40278096
40289177
40300257
40311338
40322419
40333499
40344580
40355661
40366741
40377822
40388903
40399983
40411063
40422145
40433225
40444306
40455386
40466467
40477548
40488628
40499709
40510791
40521870
40532951
40544033
40555112
40566193
40577273
40588354
40599434
40610515
40621596
40632676
40643757
40654838
40665918
40676999
40688080
40699160
40710241
40721321
40732404
40743484
40754563
40765644
40776725
40787805
40798886
40809966
40821047
40832129
40843209
40854289
40865370
40876450
40887531
40898612
40909692
40920773
40931854
40942934
40954015
40965095
40976176
40987257
40998337
41009418
41020498
41031579
41042660
41053740
41064821
41075902
41086983
41098063
41109143
41120224
41131305
41142385
41153468
41164547
41175627
41186708
41197788
41208869
41219950
41231031
41242111
41253192
41264272
41275353
41286434
41297515
41308595
41319675
41330756
41341837
41352917
41363998
41375079
41386159
41397241
41408321
41419401
41430482
41441563
41452643
41463724
41474806
41485885
41496966
41508046
41519127
41530207
41541289
41552369
41563449
41574530
41585611
41596691
41607772
41618852
41629933
41641014
41652095
41663175
41674256
41685336
41696417
41707498
41718578
41729660
41740740
41751820
41762901
41773982
41785062
41796142
41807224
41818304
41829385
41840465
41851546
41862626
41873707
41884788
41895868
41906949
41918030
41929111
41940192
41951271
41962352
41973433
41984513
41995594
42006675
42017755
42028836
42039917
42050997
42062079
42073158
42084241
42095320
42106400
42117482
42128562
42139642
42150723
42161803
42172884
42183965
42195045
42206126
42217207
42228288
42239368
42250448
42261529
42272610
42283690
42294771
42305852
42316932
42328013
42339094
42350174
42361255
42372336
42383416
42394497
42405579
42416658
42427739
42438820
42449900
42460981
42472061
42483142
42494223
42505303
42516384
42527465
42538545
42549625
42560707
42571787
42582867
42593948
42605029
42616109
42627191
42638271
42649351
42660432
42671513
42682593
42693674
42704755
42715835
42726918
42737997
42749077
42760158
42771238
42782320
42793400
42804480
42815561
42826641
42837722
42848802
42859883
42870964
42882044
42893125
42904206
42915286
42926367
42937448
42948528
42959609
42970690
42981770
42992851
43003931
43015012
43026093
43037174
43048254
43059335
43070415
43081496
43092577
43103657
43114738
43125819
43136899
43147980
43159061
43170141
43181221
43192302
43203383
43214463
43225545
43236625
43247705
43258786
43269867
43280947
43292028
43303108
43314189
43325270
43336352
43347431
43358512
43369593
43380673
43391754
43402834
43413915
43424996
43436076
43447157
43458237
43469318
43480399
43491479
43502560
43513641
43524721
43535802
43546883
43557964
43569044
43580124
43591205
43602286
43613366
43624447
43635527
43646608
43657690
43668769
43679850
43690931
43702012
43713092
43724174
43735253
43746334
43757415
43768495
43779576
43790656
43801737
43812818
43823899
43834979
43846060
43857140
43868221
43879301
43890383
43901463
43912543
43923624
43934705
43945787
43956866
43967946
43979028
43990108
44001188
44012269
44023350
44034430
44045511
44056592
44067672
44078753
44089834
44100914
44111995
44123076
44134156
44145237
44156317
44167398
44178479
44189559
44200640
44211721
44222801
44233881
44244963
44256043
44267124
44278204
44289285
44300368
44311446
44322528
44333607
44344688
44355769
44366849
44377930
44389011
44400091
44411172
44422252
44433333
44444414
44455494
44466575
44477656
44488736
44499817
44510898
44521978
44533059
44544139
44555220
44566300
44577382
44588463
44599542
44610623
44621704
44632784
44643865
44654946
44666026
44677107
44688187
44699268
44710349
44721431
44732510
44743591
44754672
44765752
44776833
44787913
44798994
44810074
44821155
44832236
44843316
44854397
44865477
44876559
44887640
44898720
44909802
44920881
44931962
44943042
44954123
44965203
44976284
44987365
44998445
45009526
45020607
45031687
45042768
45053849
45064929
45076010
45087091
45098171
45109252
45120333
45131413
45142494
45153574
45164655
45175736
45186816
45197899
45208978
45220058
45231139
45242220
45253300
45264380
45275461
45286542
45297622
45308703
45319784
45330864
45341945
45353025
45364106
45375187
45386268
45397348
45408429
45419509
45430590
45441671
45452751
45463832
45474913
45485993
45497074
45508155
45519235
45530316
45541396
45552477
45563557
45574638
45585719
45596800
45607880
45618961
45630042
45641122
45652203
45663284
45674364
45685444
45696525
45707606
45718687
45729767
45740848
45751928
45763009
45774089
45785170
45796251
45807333
45818412
45829493
45840575
45851654
45862735
45873815
45884896
45895977
45907057
45918138
45929219
45940299
45951380
45962460
45973541
45984621
45995702
46006783
46017863
46028944
46040025
46051106
46062187
46073266
46084347
46095428
46106508
46117589
46128672
46139750
46150831
46161913
46172992
46184073
46195154
46206234
46217316
46228396
46239476
46250556
46261638
46272718
46283799
46294879
46305960
46317041
46328122
46339202
46350282
46361363
46372443
46383525
46394605
46405685
46416766
46427847
46438928
46450010
46461089
46472170
46483251
46494331
46505411
46516492
46527573
46538653
46549734
46560815
46571895
46582976
46594057
46605137
46616218
46627298
46638379
46649460
46660540
46671620
46682701
46693782
46704863
46715944
46727024
46738104
46749185
46760266
46771348
46782427
46793508
46804589
46815669
46826750
46837830
46848911
46859992
46871072
46882153
46893233
46904314
46915395
46926476
46937556
46948636
46959717
46970798
46981878
46992959
47004040
47015120
47026201
47037282
47048362
47059444
47070523
47081604
47092687
47103765
47114846
47125927
47137008
47148088
47159169
47170249
47181330
47192411
47203491
47214572
47225652
47236733
47247813
47258894
47269975
47281056
47292137
47303216
47314298
47325378
47336459
47347539
47358620
47369700
47380783
47391862
47402942
47414024
47425104
47436184
47447265
47458346
47469426
47480507
47491587
47502668
47513750
47524830
47535910
47546991
47558072
47569152
47580232
47591313
47602394
47613475
47624555
47635636
47646716
47657797
47668877
47679958
47691039
47702119
47713202
47724281
47735361
47746442
47757523
47768603
47779684
47790765
47801845
47812926
47824006
47835087
47846168
47857248
47868329
47879410
47890490
47901571
47912653
47923732
47934813
47945893
47956974
47968055
47979135
47990216
48001297
48012377
48023459
48034539
48045619
48056700
48067780
48078861
48089942
48101022
48112103
48123184
48134264
48145345
48156425
48167506
48178587
48189667
48200748
48211829
48222909
48233990
48245071
48256151
48267232
48278312
48289393
48300474
48311555
48322635
48333715
48344798
48355877
48366958
48378039
48389119
48400200
48411280
48422361
48433441
48444522
48455602
48466683
48477764
48488844
48499925
48511006
48522087
48533167
48544248
48555328
48566409
48577490
48588570
48599651
48610732
48621812
48632894
48643973
48655054
48666135
48677215
48688296
48699377
48710459
48721538
48732618
48743699
48754779
48765860
48776941
48788021
48799102
48810183
48821263
48832345
48843425
48854505
48865586
48876667
48887747
48898828
48909909
48920989
48932071
48943150
48954231
48965312
48976392
48987473
48998554
49009634
49020715
49031796
49042876
49053959
49065037
49076118
49087199
49098279
49109360
49120440
49131521
49142602
49153682
49164763
49175844
49186924
49198005
49209086
49220166
49231247
49242327
49253408
49264489
49275571
49286650
49297731
49308811
49319892
49330972
49342053
49353134
49364214
49375295
49386376
49397457
49408537
49419617
49430698
49441779
49452860
49463940
49475021
49486101
49497182
49508263
49519343
49530424
49541505
49552586
49563666
49574746
49585827
49596909
49607988
49619069
49630149
49641230
49652311
49663392
49674472
49685553
49696633
49707715
49718795
49729875
49740956
49752037
49763118
49774198
49785278
49796359
49807440
49818521
49829601
49840681
49851762
49862843
49873924
49885006
49896085
49907166
49918247
49929327
49940407
49951488
49962569
49973649
49984730
49995811
50006891
50017972
50029052
50040133
50051213
50062294
50073375
50084456
50095536
50106617
50117698
50128778
50139859
50150939
50162020
50173100
50184181
50195262
50206343
50217424
50228504
50239584
50250665
50261746
50272826
50283907
50294988
50306068
50317149
50328230
50339310
50350391
50361471
50372552
50383633
50394713
50405794
50416874
50427955
50439036
50450116
50461197
50472277
50483358
50494439
50505519
50516600
50527682
50538762
50549842
50560922
50572003
50583084
50594164
50605245
50616326
50627407
50638487
50649568
50660648
50671729
50682810
50693890
50704971
50716052
50727132
50738212
50749293
50760374
50771454
50782536
50793616
50804696
50815779
50826858
50837938
50849020
50860099
50871181
50882261
50893341
50904423
50915503
50926583
50937665
50948745
50959825
50970906
50981987
50993067
51004148
51015229
51026309
51037390
51048471
51059551
51070631
51081712
51092793
51103874
51114954
51126035
51137117
51148196
51159277
51170358
51181438
51192519
51203600
51214680
51225761
51236841
51247922
51259002
51270083
51281164
51292244
51303325
51314406
51325486
51336567
51347648
51358728
51369809
51380889
51391970
51403051
51414131
51425212
51436292
51447373
51458454
51469534
51480615
51491695
51502777
51513857
51524937
51536019
51547099
51558179
51569260
51580341
51591421
51602502
51613583
51624663
51635744
51646825
51657905
51668986
51680066
51691147
51702229
51713309
51724389
51735470
51746551
51757631
51768712
51779793
51790872
51801953
51813034
51824114
51835195
51846276
51857357
51868437
51879518
51890598
51901679
51912760
51923840
51934921
51946001
51957082
51968163
51979243
51990324
52001405
52012485
52023566
52034647
52045727
52056808
52067891
52078969
52090049
52101131
52112211
52123292
52134372
52145453
52156533
52167615
52178695
52189775
52200857
52211937
52223017
52234098
52245179
52256259
52267340
52278420
52289501
52300582
52311662
52322743
52333824
52344904
52355985
52367066
52378146
52389229
52400307
52411388
52422470
52433549
52444630
52455711
52466791
52477872
52488953
52500033
52511114
52522195
52533275
52544356
52555437
52566517
52577598
52588678
52599759
52610840
52621920
52633001
52644081
52655162
52666243
52677324
52688404
52699486
52710567
52721646
52732727
52743807
52754888
52765968
52777049
52788130
52799210
52810291
52821371
52832452
52843533
52854613
52865694
52876775
52887856
52898936
52910016
52921097
52932178
52943258
52954339
52965420
52976500
52987581
52998663
53009742
53020823
53031905
53042984
53054065
53065145
53076226
53087307
53098388
53109469
53120549
53131629
53142710
53153790
53164871
53175952
53187033
53198114
53209194
53220274
53231355
53242436
53253516
53264597
53275677
53286758
53297839
53308919
53320002
53331081
53342161
53353243
53364323
53375403
53386484
53397565
53408645
53419726
53430806
53441887
53452968
53464048
53475129
53486210
53497290
53508371
53519452
53530532
53541612
53552693
53563774
53574854
53585935
53597016
53608096
53619177
53630258
53641338
53652419
53663500
53674580
53685661
53696742
53707822
53718903
53729983
53741064
53752145
53763225
53774306
53785387
53796467
53807548
53818629
53829709
53840790
53851870
53862951
53874031
53885112
53896193
53907274
53918354
53929435
53940516
53951596
53962678
53973757
53984838
53995918
54006999
54018080
54029161
54040241
54051322
54062403
54073483
54084564
54095644
54106725
54117806
54128886
54139967
54151047
54162128
54173209
54184289
54195370
54206451
54217532
54228612
54239693
54250774
54261854
54272935
54284016
54295096
54306176
54317257
54328337
54339418
54350499
54361580
54372660
54383741
54394821
54405902
54416983
54428063
54439144
54450224
54461305
54472386
54483466
54494547
54505628
54516708
54527790
54538870
54549950
54561031
54572113
54583192
54594273
54605354
54616434
54627515
54638595
54649676
54660756
54671837
54682918
54694001
54705079
54716160
54727240
54738321
54749402
54760482
54771563
54782644
54793724
54804805
54815885
54826966
54838047
54849127
54860208
54871289
54882369
54893450
54904531
54915611
54926691
54937772
54948853
54959933
54971014
54982095
54993175
55004256
55015337
55026417
55037498
55048579
55059659
55070740
55081820
55092902
55103982
55115062
55126143
55137224
55148304
55159385
55170466
55181547
55192628
55203707
55214789
55225868
55236949
55248030
55259111
55270191
55281272
55292353
55303433
55314514
55325594
55336675
55347756
55358837
55369917
55380997
55392078
55403159
55414239
55425320
55436401
55447482
55458562
55469643
55480723
55491804
55502886
55513965
55525046
55536127
55547207
55558287
55569368
55580449
55591529
55602610
55613691
55624771
55635852
55646933
55658014
55669094
55680174
55691257
55702336
55713416
55724497
55735578
55746658
55757739
55768820
55779900
55790981
55802062
55813142
55824224
55835303
55846384
55857465
55868546
55879626
55890707
55901787
55912868
55923949
55935029
55946110
55957190
55968271
55979352
55990432
56001513
56012594
56023674
56034755
56045835
56056916
56067997
56079077
56090158
56101239
56112319
56123400
56134481
56145562
56156642
56167723
56178803
56189884
56200964
56212045
56223126
56234206
56245287
56256367
56267448
56278529
56289610
56300690
56311770
56322851
56333932
56345012
56356093
56367174
56378254
56389335
56400416
56411496
56422577
56433659
56444738
56455819
56466900
56477980
56489061
56500141
56511222
56522303
56533383
56544464
56555544
56566625
56577706
56588787
56599867
56610948
56622028
56633109
56644189
56655271
56666351
56677431
56688514
56699593
56710673
56721754
56732835
56743915
56754998
56766076
56777158
56788238
56799318
56810399
56821480
56832561
56843641
56854722
56865802
56876883
56887964
56899044
56910125
56921205
56932286
56943367
56954447
56965528
56976609
56987689
56998770
57009851
57020932
57032012
57043093
57054173
57065254
57076336
57087415
57098496
57109576
57120657
57131737
57142818
57153899
57164979
57176060
57187141
57198221
57209302
57220382
57231463
57242544
57253625
57264705
57275786
57286866
57297947
57309028
57320108
57331189
57342270
57353350
57364430
57375511
57386592
57397673
57408753
57419834
57430914
57441995
57453076
57464156
57475237
57486318
57497398
57508479
57519560
57530640
57541721
57552802
57563882
57574963
57586043
57597124
57608205
57619285
57630366
57641446
57652528
57663607
57674689
57685772
57696850
57707930
57719012
57730091
57741172
57752253
57763333
57774414
57785495
57796575
57807656
57818736
57829817
57840898
57851979
57863059
57874140
57885221
57896301
57907382
57918462
57929543
57940624
57951704
57962785
57973866
57984946
57996026
58007109
58018189
58029268
58040349
58051430
58062510
58073591
58084672
58095752
58106833
58117914
58128994
58140075
58151155
58162236
58173317
58184398
58195478
58206559
58217640
58228720
58239801
58250881
58261962
58273043
58284123
58295205
58306285
58317366
58328447
58339526
58350607
58361687
58372768
58383849
58394930
58406010
58417091
58428172
58439252
58450333
58461413
58472494
58483575
58494655
58505736
58516817
58527897
58538978
58550058
58561139
58572220
58583300
58594381
58605462
58616542
58627623
58638703
58649785
58660865
58671945
58683028
58694107
58705187
58716268
58727349
58738429
58749510
58760590
58771671
58782752
58793832
58804913
58815993
58827074
58838155
58849236
58860316
58871396
58882477
58893558
58904639
58915719
58926800
58937882
58948961
58960042
58971123
58982203
58993284
59004364
59015445
59026526
59037606
59048686
59059767
59070848
59081929
59093009
59104090
59115170
59126251
59137332
59148412
59159493
59170574
59181655
59192735
59203816
59214896
59225977
59237058
59248138
59259220
59270299
59281380
59292461
59303541
59314622
59325703
59336783
59347864
59358945
59370025
59381106
59392186
59403267
59414348
59425428
59436509
59447590
59458670
59469751
59480831
59491912
59502993
59514073
59525154
59536234
59547315
59558396
59569476
59580557
59591638
59602719
59613799
59624880
59635960
59647041
59658122
59669202
59680285
59691363
59702444
59713525
59724605
59735686
59746766
59757847
59768928
59780009
59791089
59802169
59813250
59824331
59835411
59846493
59857574
59868655
59879734
59890815
59901896
59912976
59924057
59935137
59946218
59957299
59968379
59979460
