99727
110806
121887
132968
144048
155129
166209
177290
265935
277016
288096
299177
310257
321338
332419
343499
432144
443225
454305
465386
476467
487547
498628
509709
598354
609435
620515
631596
642676
653757
664837
675919
764563
775644
786725
797805
808886
819966
831047
842128
930773
941853
952934
964015
975095
986176
997257
1008337
1096982
1108063
1119144
1130224
1141305
1152386
1163466
1174547
1263192
1274273
1285353
1296434
1307514
1318595
1329676
1340756
1429401
1440482
1451563
1462643
1473724
1484804
1495885
1506967
1595611
1606691
1617772
1628853
1639933
1651014
1662095
1673176
1761820
1772901
1783982
1795062
1806143
1817224
1828304
1839385
1928030
1939110
1950191
1961272
1972352
1983433
1994514
2005594
2094239
2105320
2116401
2127481
2138562
2149642
2160723
2171804
2260449
2271530
2282612
2293691
2304771
2315852
2326932
2338013
2426658
2437739
2448820
2459900
2470981
2482061
2493142
2504223
2603950
2615029
2626110
2637190
2648271
2659352
2670433
2770158
2781239
2792319
2803400
2814480
2825561
2836642
2936367
2947448
2958529
2969609
2980690
2991771
3002852
3102578
3113658
3124739
3135820
3146900
3157981
3169062
3268787
3279868
3290948
3302029
3313110
3324190
3335271
3434997
3446077
3457158
3468239
3479320
3490400
3501481
3601206
3612287
3623367
3634448
3645528
3656609
3667691
3767416
3778496
3789577
3800658
3811738
3822819
3833900
3933625
3944705
3955786
3966868
3977948
3989028
4000109
4099835
4110915
4121996
4133077
4144159
4155238
4166319
4266044
4277125
4288205
4299286
4310366
4321447
4332529
4343608
4432254
4443334
4454415
4465497
4476576
4487656
4498738
4509818
4598463
4609544
4620624
4631705
4642785
4653866
4664949
4676027
4764673
4775753
4786836
4797914
4808995
4820076
4831157
4842237
4930882
4941962
4953043
4964124
4975204
4986285
4997366
5008446
5097091
5108172
5119253
5130333
5141414
5152495
5163576
5174656
5263301
5274381
5285462
5296543
5307624
5318704
5329785
5340865
5429511
5440591
5451672
5462753
5473833
5484914
5495995
5507075
5595720
5606801
5617881
5628962
5640043
5651123
5662205
5673286
5761929
5773010
5784091
5795171
5806252
5817333
5828414
5839494
5928139
5939220
5950300
5961381
5972462
5983542
5994623
6005703
6094348
6105429
6116509
6127590
6138671
6149752
6160832
6171913
6260558
6271639
6282719
6293800
6304881
6315961
6327042
6338122
6426767
6437848
6448928
6460009
6471090
6482170
6493251
6504332
6604058
6615138
6626219
6637300
6648381
6659461
6670542
6770267
6781347
6792428
6803509
6814589
6825670
6836751
6936476
6947557
6958638
6969720
6980799
6991880
7002961
7102686
7113766
7124847
7135928
7147009
7158089
7169170
7268896
7279976
7291058
7302137
7313218
7324299
7335379
7435105
7446185
7457266
7468348
7479427
7490508
7501589
7601315
7612396
7623476
7634556
7645637
7656719
7667799
7767524
7778604
7789685
7800765
7811846
7822931
7834008
7933734
7944814
7955895
7966975
7978056
7989137
8000217
8099943
8111023
8122104
8133185
8144265
8155346
8166426
8266152
8277233
8288314
8299394
8310475
8321556
8332636
8343716
8432362
8443442
8454523
8465604
8476685
8487766
8498846
8509927
8598571
8609652
8620733
8631813
8642894
8653975
8665055
8676135
8764781
8775861
8786942
8798023
8809103
8820184
8831264
8842345
8930990
8942071
8953152
8964232
8975313
8986394
8997474
9008555
9097200
9108280
9119361
9130441
9141522
9152606
9163683
9174764
9263409
9274490
9285570
9296651
9307732
9318813
9329893
9340974
9429619
9440700
9451780
9462860
9473943
9485022
9496102
9507183
9595828
9606909
9617989
9629070
9640151
9651233
9662312
9673393
9762039
9773118
9784199
9795280
9806360
9817442
9828522
9839602
9928247
9939328
9950408
9961489
9972570
9983651
9994731
10005811
10094457
10105537
10116618
10127699
10138779
10149860
10160940
10172021
10260666
10271747
10282827
10293908
10304988
10316069
10327150
10338231
10426876
10437956
10449037
10460118
10471198
10482279
10493360
10504440
10604166
10615246
10626327
10637408
10648489
10659569
10670649
10770375
10781456
10792537
10803617
10814698
10825778
10836859
10936585
10947666
10958746
10969827
10980907
10991988
11003068
11102794
11113875
11124956
11136036
11147117
11158197
11169278
11269004
11280084
11291165
11302246
11313326
11324407
11335489
11435213
11446294
11457375
11468455
11479536
11490617
11501697
11601422
11612503
11623585
11634664
11645747
11656827
11667906
11767632
11778713
11789794
11800874
11811955
11823035
11834116
11933841
11944924
11956003
11967083
11978166
11989245
12000325
12100051
12111132
12122212
12133293
12144374
12155454
12166535
12266260
12277341
12288422
12299502
12310584
12321664
12332744
12343825
12432470
12443551
12454632
12465712
12476793
12487873
12498954
12510034
12598680
12609760
12620841
12631921
12643003
12654084
12665163
12676244
12764889
12775970
12787050
12798131
12809212
12820292
12831373
12842454
12931098
12942179
12953260
12964341
12975421
12986502
12997582
13008663
13097308
13108389
13119469
13130550
13141631
13152711
13163792
13174873
13263518
13274598
13285678
13296759
13307840
13318920
13330001
13341082
13429727
13440808
13451889
13462969
13474050
13485130
13496211
13507291
13595936
13607017
13618098
13629178
13640259
13651339
13662420
13673501
13762146
13773227
13784307
13795388
13806470
13817549
13828630
13839712
13928356
13939436
13950517
13961597
13972678
13983758
13994839
14005920
14094565
14105646
14116726
14127808
14138888
14149968
14161050
14172129
14260774
14271855
14282935
14294016
14305097
14316178
14327258
14338339
14426984
14438065
14449147
14460226
14471307
14482388
14493468
14504548
14604274
14615355
14626435
14637517
14648597
14659677
14670758
14770483
14781564
14792645
14803726
14814806
14825887
14836968
14936693
14947774
14958854
14969935
14981016
14992096
15003177
15102902
15113983
15125064
15136145
15147225
15158306
15169386
15269112
15280193
15291273
15302354
15313435
15324515
15335596
15435322
15446402
15457483
15468564
15479644
15490725
15501805
15601531
15612611
15623692
15634773
15645854
15656934
15668015
15767741
15778821
15789902
15800983
15812063
15823143
15834224
15933950
15945030
15956111
15967192
15978273
15989353
16000434
16100159
16111240
16122321
16133402
16144482
16155562
16166643
16266369
16277450
16288530
16299611
16310693
16321772
16332853
16343934
16432579
16443659
16454740
16465821
16476901
16487983
16499062
16510143
16598788
16609869
16620949
16632033
16643111
16654191
16665272
16676352
16764998
16776078
16787158
16798241
16809320
16820400
16831481
16842562
16931207
16942287
16953368
16964449
16975529
16986610
16997691
17008771
17097416
17108497
17119577
17130659
17141739
17152819
17163900
17174981
17263626
17274708
17285787
17296868
17307948
17319029
17330110
17341190
17429835
17440916
17451997
17463078
17474158
17485238
17496319
17507400
17596046
17607125
17618206
17629288
17640368
17651448
17662529
17673609
17762254
17773335
17784415
17795496
17806577
17817658
17828739
17839819
17928464
17939544
17950625
17961706
17972786
17983867
17994948
18006028
18094673
18105754
18116834
18127916
18138996
18150076
18161157
18172238
18260883
18271963
18283044
18294125
18305205
18316286
18327366
18338448
18427092
18438173
18449253
18460334
18471414
18482495
18493577
18504656
18604382
18615463
18626544
18637624
18648705
18659785
18670866
18770592
18781672
18792753
18803834
18814915
18825995
18837076
18936801
18947882
18958963
18970044
18981124
18992204
19003285
19103011
19114091
19125172
19136255
19147333
19158415
19169495
19269220
19280301
19291382
19302462
19313543
19324623
19335704
19435430
19446510
19457591
19468672
19479752
19490833
19501914
19601639
19612720
19623801
19634882
19645962
19657042
19668123
19767849
19778930
19790010
19801091
19812171
19823252
19834333
19934058
19945139
19956219
19967300
19978381
19989461
20000542
20100269
20111348
20122429
20133510
20144590
20155671
20166752
20266477
20277558
20288639
20299719
20310800
20321881
20332961
20344041
20432687
20443768
20454848
20465929
20477009
20488090
20499171
20510251
20598896
20609977
20621059
20632138
20643219
20654300
20665380
20676460
20765106
20776186
20787267
20798348
20809428
20820509
20831590
20842670
20931315
20942396
20953477
20964557
20975638
20986718
20997801
21008880
21097525
21108605
21119686
21130767
21141847
21152928
21164008
21175089
21263734
21274815
21285896
21296976
21308056
21319139
21330218
21341299
21429944
21441024
21452105
21463186
21474266
21485347
21496427
21507508
21596153
21607234
21618316
21629395
21640477
21651556
21662637
21673718
21762362
21773443
21784524
21795604
21806685
21817766
21828847
21839927
21928573
21939653
21950734
21961815
21972894
21983975
21995056
22006136
22094781
22105862
22116943
22128023
22139104
22150185
22161265
22172346
22260991
22272072
22283154
22294233
22305314
22316394
22327475
22338555
22427200
22438281
22449362
22460442
22471523
22482604
22493684
22504765
22604491
22615573
22626652
22637733
22648813
22659894
22670974
22770700
22781781
22792861
22803942
22815023
22826103
22837184
22936910
22947990
22959071
22970151
22981232
22992313
23003393
23103119
23114200
23125280
23136361
23147442
23158523
23169603
23269329
23280410
23291490
23302570
23313651
23324732
23335813
23435538
23446619
23457700
23468782
23479860
23490941
23502023
23601747
23612829
23623909
23634989
23646070
23657151
23668231
23767957
23779038
23790120
23801199
23812280
23823362
23834441
23934166
23945247
23956328
23967408
23978489
23989570
24000650
24100376
24111457
24122537
24133618
24144698
24155779
24166860
24266586
24277666
24288747
24299827
24310908
24321989
24333069
24344150
24432797
24443876
24454956
24466038
24477117
24488198
24499279
24510359
24599005
24610087
24621166
24632246
24643327
24654408
24665488
24676569
24765214
24776295
24787375
24798456
24809538
24820618
24831698
24842779
24931423
24942504
24953585
24964665
24975746
24986827
24997907
25008989
25097633
25108714
25119794
25130875
25141956
25153036
25164117
25175197
25263843
25274923
25286004
25297084
25308165
25319246
25330326
25341407
25430053
25441133
25452213
25463294
25474375
25485455
25496536
25507616
25596261
25607344
25618423
25629503
25640584
25651665
25662745
25673826
25762471
25773552
25784632
25795713
25806794
25817875
25828955
25840035
25928680
25939762
25950842
25961922
25973003
25984084
25995164
26006246
26094890
26105971
26117051
26128132
26139213
26150293
26161374
26172454
26261099
26272180
26283261
26294342
26305422
26316502
26327584
26338664
26427309
26438390
26449470
26460551
26471632
26482712
26493793
26504874
26593518
26604601
26615680
26626760
26637841
26648922
26660002
26671083
26770809
26781889
26792970
26804050
26815131
26826212
26837292
26937020
26948098
26959179
26970260
26981340
26992421
27003502
27103228
27114308
27125389
27136469
27147550
27158631
27169711
27269438
27280518
27291598
27302679
27313759
27324840
27335921
27435647
27446727
27457808
27468889
27479969
27491050
27502130
27601857
27612937
27624017
27635098
27646179
27657259
27668340
27768065
27779146
27790227
27801308
27812388
27823469
27834549
27934276
27945356
27956436
27967517
27978598
27989678
28000759
28100485
28111565
28122646
28133726
28144807
28155888
28166968
28266694
28277775
28288855
28299936
28311016
28322097
28333177
28344259
28432903
28443984
28455064
28466145
28477227
28488306
28499387
28510469
28599114
28610194
28621274
28632355
28643436
28654516
28665597
28676677
28765322
28776403
28787484
28798564
28809645
28820725
28831806
28842887
28931532
28942612
28953693
28964774
28975855
28986935
28998016
29009097
29097742
29108822
29119904
29130983
29142064
29153145
29164226
29175306
29263951
29275031
29286112
29297193
29308273
29319354
29330435
29341515
29430161
29441243
29452321
29463402
29474483
29485563
29496644
29507725
29596372
29607451
29618531
29629612
29640692
29651773
29662854
29673934
29762581
29773660
29784740
29795822
29806902
29817983
29829063
29840144
29928790
29939870
29950950
29962031
29973111
29984192
29995273
30006354
30094999
30106079
30117159
30128240
30139321
30150401
30161482
30172563
30261208
30272288
30283369
30294450
30305530
30316611
30327692
30338772
30427418
30438498
30449578
30460659
30471740
30482820
30493901
30504982
30593628
30604709
30615788
30626869
30637949
30649030
30660111
30671191
30770917
30781997
30793078
30804159
30815240
30826320
30837401
30937126
30948207
30959288
30970368
30981451
30992530
31003611
31103336
31114416
31125497
31136578
31147658
31158739
31169819
31269545
31280626
31291707
31302787
31313868
31324948
31336029
31435755
31446836
31457916
31468997
31480077
31491158
31502238
31601964
31613045
31624127
31635206
31646287
31657367
31668448
31768174
31779255
31790335
31801416
31812496
31823577
31834657
31934383
31945465
31956544
31967625
31978706
31989787
32000867
32100593
32111673
32122754
32133835
32144915
32155996
32167077
32266803
32277883
32288964
32300044
32311125
32322205
32333286
32433012
32444092
32455173
32466254
32477334
32488415
32499496
32510576
32599222
32610302
32621382
32632463
32643544
32654624
32665705
32676786
32765431
32776511
32787592
32798673
32809753
32820834
32831914
32842996
32931640
32942721
32953801
32964882
32975963
32987043
32998124
33009204
33097850
33108930
33120011
33131092
33142172
33153253
33164335
33175414
33264059
33275140
33286220
33297301
33308382
33319463
33330543
33341623
33430269
33441349
33452430
33463511
33474591
33485674
33496752
33507833
33596478
33607559
33618639
33629720
33640801
33651881
33662962
33674042
33762688
33773768
33784850
33795930
33807012
33818091
33829172
33840252
33928897
33939978
33951059
33962139
33973220
33984300
33995381
34006461
34095107
34106187
34117268
34128350
34139429
34150510
34161591
34172671
34261316
34272397
34283477
34294558
34305638
34316719
34327800
34338881
34427526
34438606
34449688
34460767
34471848
34482929
34494009
34505090
34593736
34604816
34615897
34626977
34638058
34649139
34660219
34671299
34771025
34782106
34793187
34804267
34815348
34826429
34837509
34937235
34948315
34959396
34970477
34981557
34992638
35003718
35103444
35114525
35125605
35136686
35147767
35158847
35169928
35269654
35280734
35291815
35302896
35313976
35325057
35336137
35435863
35446944
35458024
35469105
35480186
35491266
35502347
35602073
35613153
35624234
35635315
35646395
35657476
35668558
35768282
35779363
35790444
35801524
35812605
35823685
35834766
35934492
35945572
35956653
35967734
35978814
35989895
36000975
36100701
36111782
36122862
36133943
36145024
36156104
36167185
36266911
36277993
36289072
36300152
36311234
36322314
36333394
36433120
36444201
36455281
36466362
36477443
36488523
36499604
36510684
36599332
36610410
36621491
36632572
36643652
36654733
36665813
36676894
36765539
36776620
36787701
36798781
36809862
36820942
36832023
36843103
36931748
36942829
36953910
36964991
36976071
36987152
36998232
37009313
37097958
37109039
37120119
37131200
37142281
37153361
37164442
37175523
37264167
37275250
37286329
37297409
37308490
37319571
37330651
37341732
37430377
37441457
37452538
37463619
37474700
37485780
37496861
37507941
37596586
37607667
37618748
37629828
37640909
37651990
37663070
37674151
37762796
37773877
37784958
37796038
37807118
37818199
37829280
37840360
37929006
37940086
37951167
37962247
37973328
37984409
37995489
38006570
38095215
38106296
38117377
38128457
38139540
38150618
38161699
38172781
38261424
38272505
38283586
38294667
38305747
38316828
38327908
38338989
38427634
38438715
38449795
38460876
38471957
38483037
38494118
38505198
38593843
38604924
38616005
38627085
38638166
38649247
38660327
38671408
38771134
38782216
38793295
38804376
38815457
38826537
38837618
38937343
38948424
38959504
38970585
38981666
38992746
39003827
39103554
39114634
39125714
39136795
39147875
39158956
39170037
39269763
39280842
39291923
39303004
39314084
39325165
39336246
39435972
39447052
39458133
39469213
39480294
39491375
39502455
39602181
39613262
39624342
39635423
39646503
39657584
39668665
39768391
39779472
39790552
39801633
39812713
39823794
39834875
39934600
39945680
39956761
39967842
39978923
39990003
40001084
40100810
40111890
40122971
40134051
40145132
40156213
40167294
40267019
40278100
40289180
40300261
40311341
40322422
40333503
40433228
40444309
40455390
40466470
40477551
40488632
40499713
40510793
40599438
40610518
40621599
40632680
40643760
40654841
40665922
40677002
40765648
40776728
40787809
40798889
40809970
40821051
40832131
40843212
40931857
40942938
40954018
40965101
40976180
40987260
40998342
41009422
41098067
41109147
41120228
41131308
41142389
41153470
41164550
41175631
41264276
41275356
41286439
41297518
41308599
41319679
41330760
41341840
41430485
41441566
41452647
41463728
41474808
41485888
41496969
41508050
41596695
41607777
41618856
41629937
41641018
41652098
41663179
41674259
41762905
41773985
41785066
41796146
41807227
41818308
41829388
41840469
41929114
41940195
41951275
41962356
41973437
41984517
41995597
42006678
42095323
42106404
42117485
42128565
42139646
42150727
42161807
42172888
42261533
42272614
42283694
42294775
42305855
42316936
42328017
42339098
42427742
42438823
42449904
42460984
42472065
42483145
42494226
42505308
42593952
42605033
42616113
42627194
42638275
42649355
42660436
42671517
42771243
42782322
42793403
42804484
42815564
42826647
42837726
42937452
42948532
42959613
42970694
42981774
42992855
43003935
43103661
43114741
43125822
43136903
43147983
43159064
43170145
43269871
43280951
43292032
43303113
43314193
43325274
43336354
43436080
43447160
43458241
43469324
43480403
43491483
43502564
43602290
43613370
43624451
43635531
43646612
43657693
43668773
43768499
43779580
43790662
43801741
43812822
43823902
43834982
43934708
43945789
43956870
43967951
43979031
43990112
44001192
44100918
44111999
44123079
44134160
44145241
44156321
44167402
44267127
44278208
44289289
44300370
44311450
44322531
44333611
44433337
44444418
44455498
44466578
44477659
44488740
44499821
44510901
44599546
44610627
44621708
44632788
44643869
44654950
44666030
44677111
44765756
44776837
44787917
44798998
44810079
44821159
44832240
44843320
44931965
44943046
44954127
44965207
44976288
44987369
44998449
45009530
45098175
45109255
45120336
45131417
45142497
45153578
45164659
45175739
45264384
45275465
45286546
45297626
45308707
45319787
45330870
45341949
45430594
45441675
45452755
45463836
45474916
45485997
45497078
45508158
45596803
45607884
45618964
45630045
45641126
45652208
45663287
45674368
45763013
45774093
45785174
45796255
45807335
45818416
45829497
45840577
45929222
45940304
45951384
45962465
45973546
45984625
45995706
46006787
46095432
46106513
46117593
46128674
46139755
46150836
46161916
46172996
46261642
46272722
46283802
46294884
46305964
46317044
46328125
46339206
46427851
46438931
46450012
46461093
46472173
46483254
46494335
46505415
46594060
46605141
46616221
46627302
46638383
46649463
46660544
46671625
46771351
46782431
46793512
46804592
46815673
46826754
46837834
46937560
46948641
46959722
46970802
46981883
46992963
47004044
47103769
47114850
47125931
47137011
47148093
47159173
47170253
47269979
47281060
47292140
47303221
47314302
47325382
47336463
47436188
47447269
47458350
47469430
47480511
47491592
47502672
47602398
47613479
47624559
47635640
47646721
47657801
47668882
47768607
47779688
47790769
47801849
47812930
47824010
47835091
47934817
47945898
47956978
47968059
47979140
47990220
48001300
48101026
48112107
48123188
48134268
48145350
48156431
48167510
48267236
48278316
48289397
48300478
48311559
48322639
48333719
48433445
48444528
48455606
48466687
48477769
48488849
48499930
48511010
48599655
48610736
48621816
48632897
48643978
48655058
48666138
48677219
48765866
48776945
48788025
48799107
48810187
48821267
48832348
48843429
48932074
48943155
48954235
48965316
48976397
48987477
48998558
49009639
49098283
49109364
49120446
49131525
49142606
49153686
49164767
49175848
49264493
49275573
49286654
49297735
49308815
49319896
49330976
49342057
49430702
49441783
49452863
49463944
49475025
49486105
49497186
49508267
49596912
49607992
49619073
49630154
49641234
49652315
49663396
49674476
49763121
49774202
49785283
49796363
49807444
49818525
49829605
49840686
49929331
49940412
49951492
49962573
49973653
49984734
49995814
50006895
50095540
50106621
50117702
50128782
50139863
50150944
50162024
50173105
50261750
50272830
50283911
50294992
50306072
50317153
50328234
50339314
50427959
50439040
50450121
50461201
50472282
50483362
50494443
50505524
50594169
50605249
50616330
50627412
50638491
50649572
50660653
50671733
50771459
50782540
50793620
50804701
50815781
50826862
50837942
50937668
50948751
50959830
50970910
50981992
50993071
51004152
51103878
51114959
51126039
51137120
51148201
51159281
51170362
51270089
51281168
51292249
51303329
51314410
51325490
51336571
51436297
51447378
51458458
51469539
51480620
51491700
51502781
51602506
51613587
51624667
51635748
51646829
51657909
51668990
51768716
51779797
51790877
51801958
51813038
51824119
51835200
51934926
51946006
51957087
51968167
51979248
51990328
52001409
52101135
52112216
52123296
52134377
52145458
52156538
52167619
52267344
52278425
52289505
52300586
52311667
52322747
52333828
52433554
52444634
52455715
52466796
52477876
52488957
52500038
52511118
52599764
52610844
52621924
52633005
52644086
52655166
52666247
52677328
52765973
52777053
52788134
52799215
52810296
52821376
52832457
52843538
52932182
52943263
52954343
52965424
52976505
52987585
52998666
53009747
53098392
53109472
53120553
53131635
53142715
53153795
53164876
53175956
53264601
53275682
53286762
53297843
53308924
53320004
53331085
53342166
53430811
53441891
53452973
53464053
53475133
53486214
53497295
53508375
53597020
53608101
53619181
53630263
53641343
53652423
53663504
53674585
53763230
53774310
53785391
53796472
53807552
53818633
53829713
53840794
53929439
53940520
53951600
53962681
53973761
53984843
53995923
54007003
54095649
54106729
54117810
54128891
54139971
54151052
54162132
54173213
54261858
54272939
54284019
54295100
54306181
54317261
54328342
54339423
54428068
54439148
54450229
54461310
54472390
54483471
54494551
54505632
54594277
54605358
54616438
54627519
54638600
54649680
54660761
54671842
54760487
54771568
54782648
54793728
54804809
54815890
54826970
54838051
54937777
54948857
54959938
54971019
54982099
54993180
55004260
55103986
55115067
55126148
55137229
55148309
55159389
55170470
55270196
55281276
55292357
55303438
55314520
55325599
55336680
55436405
55447486
55458566
55469647
55480728
55491808
55502889
55602616
55613695
55624776
55635858
55646937
55658018
55669099
55768824
55779905
55790985
55802066
55813146
55824228
55835308
55935034
55946114
55957196
55968276
55979356
55990437
56001518
56101243
56112324
56123405
56134485
56145566
56156647
56167727
56267453
56278533
56289614
56300695
56311775
56322856
56333937
56433662
56444743
56455824
56466904
56477985
56489065
56500146
56511227
56599872
56610952
56622033
56633113
56644194
56655275
56666355
56677436
56766081
56777162
56788242
56799323
56810404
56821485
56832565
56843645
56932291
56943371
56954452
56965532
56976613
56987694
56998774
57009855
57098500
57109581
57120662
57131742
57142823
57153903
57164984
57176066
57264709
57275790
57286871
57297951
57309032
57320114
57331194
57342274
57430919
57442000
57453080
57464161
57475242
57486322
57497404
57508484
57597128
57608209
57619290
57630370
57641451
57652532
57663612
57674693
57763338
57774419
57785500
57796580
57807661
57818743
57829822
57840902
57929548
57940628
57951709
57962789
57973870
57984951
57996031
58007112
58095757
58106838
58117919
58128999
58140081
58151160
58162241
58173321
58261966
58273047
58284128
58295208
58306289
58317370
58328450
58339531
58428176
58439257
58450338
58461418
58472498
58483579
58494660
58505740
58594385
58605466
58616547
58627628
58638708
58649789
58660870
58671950
58760595
58771676
58782757
58793837
58804918
58815998
58827079
58838159
58937885
58948966
58960047
58971127
58982208
58993289
59004369
59104095
59115175
59126256
59137337
59148417
59159498
59170578
59270304
59281385
59292466
59303546
59314627
59325708
59336788
59436514
59447594
59458675
59469756
59480836
59491917
59502997
59602723
59613804
59624885
59635965
59647045
59658126
59669207
59768933
59780013
59791094
59802175
59813255
59824336
59835416
59935143
59946223
59957303
59968384
59979464
