11080
22161
33241
44322
55403
66483
77564
166209
177289
188370
199451
210531
221612
232692
243773
332419
343499
354580
365660
376741
387822
398902
409983
498628
509710
520789
531870
542951
554032
565111
576192
664837
675918
686998
698079
709160
720241
731321
742402
831047
842128
853208
864289
875371
886450
897530
908612
997256
1008337
1019417
1030498
1041579
1052660
1063740
1074821
1163466
1174547
1185627
1196707
1207788
1218869
1229949
1241030
1329675
1340756
1351836
1362917
1373998
1385078
1396159
1407240
1495885
1506967
1518048
1529127
1540207
1551288
1562368
1573449
1662094
1673175
1684255
1695336
1706417
1717498
1728578
1739659
1828304
1839386
1850465
1861545
1872627
1883707
1894787
1905868
1994513
2005594
2016674
2027755
2038836
2049916
2060997
2072078
2160723
2171804
2182884
2193965
2205045
2216126
2227206
2238287
2338013
2349093
2360174
2371255
2382335
2393416
2404497
2504224
2515303
2526383
2537464
2548545
2559625
2570706
2670432
2681512
2692593
2703674
2714754
2725835
2736916
2836641
2847722
2858803
2869883
2880963
2892045
2903126
3002851
3013931
3025012
3036092
3047173
3058254
3069334
3169060
3180141
3191221
3202302
3213383
3224463
3235544
3335270
3346350
3357431
3368511
3379594
3390673
3401753
3501480
3512561
3523640
3534721
3545802
3556882
3567963
3667691
3678769
3689850
3700931
3712012
3723092
3734172
3833898
3844979
3856059
3867140
3878221
3889301
3900382
3911462
4000108
4011188
4022270
4033349
4044430
4055511
4066591
4077672
4166317
4177398
4188479
4199559
4210640
4221720
4232801
4243882
4332527
4343608
4354688
4365768
4376849
4387930
4399010
4410091
4498737
4509817
4520897
4531978
4543059
4554139
4565220
4576301
4664946
4676026
4687107
4698188
4709269
4720349
4731429
4742510
4831155
4842236
4853316
4864397
4875478
4886558
4897639
4908720
4997365
5008445
5019526
5030607
5041687
5052767
5063848
5074929
5163574
5174654
5185735
5196816
5207896
5218977
5230058
5241139
5329784
5340864
5351945
5363026
5374106
5385187
5396267
5407348
5495994
5507074
5518154
5529235
5540315
5551396
5562479
5573557
5662203
5673283
5684363
5695444
5706526
5717605
5728686
5739767
5828412
5839492
5850573
5861654
5872734
5883815
5894896
5905977
5994622
6005702
6016782
6027863
6038944
6050024
6061105
6072186
6160831
6171911
6182992
6194073
6205155
6216234
6227315
6238395
6338121
6349202
6360282
6371363
6382444
6393524
6404605
6504331
6515411
6526493
6537573
6548653
6559734
6570814
6670540
6681620
6692702
6703782
6714862
6725943
6737024
6836749
6847831
6858911
6869991
6881072
6892153
6903234
7002959
7014040
7025120
7036201
7047281
7058362
7069442
7169168
7180249
7191329
7202410
7213491
7224571
7235652
7335378
7346458
7357539
7368620
7379701
7390781
7401861
7501587
7512668
7523749
7534829
7545910
7556990
7568071
7667797
7678877
7689958
7701039
7712119
7723200
7734281
7834006
7845087
7856167
7867248
7878329
7889410
7900490
7911571
8000216
8011296
8022377
8033458
8044538
8055619
8066701
8077780
8166425
8177506
8188586
8199667
8210748
8221828
8232910
8243989
8332635
8343715
8354796
8365877
8376957
8388038
8399119
8410199
8498845
8509925
8521005
8532086
8543167
8554247
8565329
8576409
8665054
8676135
8687215
8698296
8709377
8720457
8731537
8742618
8831263
8842344
8853424
8864505
8875586
8886666
8897747
8908827
8997474
9008553
9019634
9030715
9041795
9052876
9063957
9075037
9163682
9174763
9185843
9196924
9208005
9219085
9230166
9241246
9329892
9340972
9352053
9363134
9374214
9385295
9396376
9407456
9496101
9507182
9518262
9529343
9540423
9551504
9562585
9573665
9662311
9673391
9684472
9695553
9706633
9717714
9728794
9739875
9828520
9839601
9850681
9861762
9872843
9883924
9895004
9906084
9994730
10005810
10016891
10027972
10039052
10050133
10061213
10072294
10160939
10172020
10183101
10194181
10205261
10216342
10227423
10238503
10338229
10349310
10360390
10371471
10382552
10393632
10404713
10504439
10515519
10526600
10537680
10548761
10559842
10570923
10670648
10681729
10692810
10703890
10714971
10726051
10737132
10836858
10847938
10859019
10870099
10881180
10892262
10903341
11003067
11014148
11025228
11036309
11047390
11058470
11069551
11169276
11180358
11191438
11202518
11213600
11224680
11235760
11335486
11346567
11357647
11368728
11379809
11390889
11401970
11501697
11512777
11523856
11534938
11546018
11557099
11568179
11667905
11678986
11690066
11701147
11712227
11723308
11734389
11834114
11845195
11856276
11867356
11878438
11889517
11900598
12000324
12011404
12022485
12033566
12044646
12055727
12066808
12077889
12166534
12177614
12188695
12199775
12210856
12221936
12233017
12244098
12332743
12343823
12354904
12365985
12377065
12388146
12399227
12410307
12498952
12510033
12521114
12532194
12543275
12554356
12565436
12576517
12665162
12676243
12687324
12698404
12709484
12720565
12731645
12742726
12831371
12842452
12853533
12864613
12875694
12886775
12897855
12908936
12997581
13008661
13019742
13030823
13041903
13052984
13064065
13075145
13163790
13174871
13185952
13197032
13208113
13219194
13230274
13241355
13330000
13341080
13352161
13363243
13374322
13385403
13396484
13407564
13496209
13507290
13518371
13529451
13540532
13551612
13562693
13573774
13662419
13673500
13684582
13695661
13706741
13717823
13728902
13739983
13828628
13839709
13850790
13861870
13872951
13884032
13895112
13906193
13994838
14005920
14016999
14028080
14039161
14050241
14061321
14072402
14161047
14172128
14183209
14194289
14205370
14216451
14227531
14238612
14338338
14349418
14360498
14371579
14382660
14393740
14404821
14504547
14515628
14526708
14537789
14548869
14559950
14571031
14670756
14681837
14692918
14703998
14715079
14726159
14737240
14836966
14848046
14859127
14870208
14881289
14892369
14903452
15003176
15014256
15025336
15036417
15047498
15058578
15069659
15169385
15180465
15191546
15202627
15213707
15224789
15235869
15335594
15346675
15357756
15368836
15379917
15390997
15402078
15501804
15512885
15523965
15535046
15546126
15557207
15568288
15668013
15679094
15690174
15701255
15712335
15723416
15734497
15834223
15845303
15856384
15867466
15878545
15889626
15900707
16000432
16011513
16022594
16033674
16044755
16055835
16066916
16077997
16166641
16177722
16188804
16199883
16210964
16222045
16233126
16244206
16332851
16343932
16355012
16366093
16377173
16388254
16399335
16410415
16499061
16510143
16521222
16532302
16543383
16554464
16565544
16576625
16665270
16676351
16687431
16698512
16709593
16720673
16731754
16742835
16831480
16842560
16853641
16864722
16875802
16886883
16897963
16909044
16997689
17008770
17019850
17030931
17042012
17053092
17064173
17075254
17163899
17174979
17186060
17197140
17208221
17219302
17230382
17241463
17330108
17341189
17352270
17363350
17374431
17385511
17396592
17407673
17496317
17507398
17518479
17529559
17540640
17551721
17562801
17573882
17662527
17673608
17684688
17695769
17706849
17717930
17729011
17740091
17828736
17839817
17850898
17861978
17873059
17884140
17895220
17906301
17994946
18006027
18017107
18028188
18039268
18050351
18061430
18072511
18161156
18172236
18183317
18194397
18205478
18216559
18227639
18238720
18338446
18349526
18360607
18371689
18382768
18393850
18404930
18504655
18515736
18526817
18537897
18548978
18560058
18571139
18670864
18681945
18693027
18704106
18715187
18726268
18737348
18837074
18848154
18859236
18870316
18881396
18892477
18903558
19003283
19014364
19025445
19036525
19047606
19058687
19069768
19169493
19180574
19191654
19202735
19213815
19224896
19235977
19335703
19346783
19357864
19368944
19380025
19391106
19402186
19501912
19512993
19524074
19535154
19546234
19557315
19568396
19668121
19679202
19690283
19701363
19712444
19723525
19734605
19834331
19845412
19856492
19867573
19878653
19889734
19900814
20000540
20011621
20022702
20033782
20044863
20055944
20067025
20078105
20166750
20177830
20188911
20199992
20211072
20222153
20233233
20244315
20332959
20344040
20355121
20366201
20377282
20388363
20399443
20410524
20499169
20510249
20521330
20532410
20543492
20554574
20565653
20576733
20665378
20676459
20687539
20698620
20709701
20720781
20731862
20742943
20831587
20842669
20853749
20864830
20875912
20886991
20898071
20909152
20997797
21008878
21019959
21031039
21042120
21053201
21064281
21075362
21164009
21175087
21186168
21197250
21208329
21219410
21230490
21241571
21330216
21341297
21352377
21363458
21374539
21385619
21396700
21407781
21496426
21507506
21518587
21529668
21540748
21551829
21562910
21573990
21662635
21673716
21684797
21695877
21706958
21718038
21729119
21740200
21828845
21839926
21851006
21862087
21873167
21884248
21895329
21906409
21995054
22006135
22017215
22028296
22039377
22050458
22061538
22072619
22161264
22172344
22183425
22194506
22205586
22216667
22227748
22238828
22338554
22349634
22360715
22371796
22382876
22393957
22405038
22504763
22515844
22526925
22538005
22549086
22560167
22571247
22670973
22682054
22693134
22704215
22715296
22726376
22737458
22837182
22848263
22859344
22870424
22881505
22892586
22903666
23003392
23014472
23025553
23036634
23047714
23058797
23069875
23169601
23180682
23191762
23202843
23213924
23225005
23236085
23335811
23346893
23357972
23369052
23380134
23391214
23402294
23502020
23513101
23524182
23535262
23546343
23557423
23568504
23668230
23679311
23690391
23701471
23712552
23723633
23734713
23834439
23845520
23856601
23867681
23878762
23889842
23900923
24000649
24011729
24022810
24033890
24044971
24056052
24067133
24078213
24166858
24177939
24189019
24200100
24211181
24222261
24233342
24244423
24333068
24344148
24355229
24366309
24377390
24388471
24399551
24410632
24499277
24510358
24521438
24532519
24543600
24554680
24565761
24576842
24665487
24676567
24687648
24698728
24709809
24720890
24731970
24743051
24831696
24842777
24853857
24864938
24876019
24887099
24898180
24909261
24997906
25008986
25020067
25031147
25042228
25053309
25064390
25075470
25164115
25175196
25186276
25197357
25208437
25219518
25230599
25241681
25330325
25341405
25352485
25363566
25374647
25385728
25396808
25407889
25496534
25507615
25518695
25529776
25540857
25551937
25563019
25574098
25662744
25673824
25684905
25695985
25707066
25718147
25729227
25740308
25828953
25840034
25851116
25862195
25873276
25884357
25895437
25906517
25995163
26006243
26017324
26028404
26039485
26050566
26061646
26072727
26161372
26172452
26183533
26194614
26205695
26216775
26227856
26238937
26338662
26349743
26360824
26371904
26382985
26394065
26405146
26504871
26515953
26527033
26538113
26549194
26560275
26571355
26671081
26682162
26693242
26704323
26715404
26726484
26737565
26837291
26848371
26859452
26870532
26881613
26892694
26903774
27003500
27014581
27025661
27036742
27047823
27058903
27069984
27169710
27180790
27191871
27202952
27214032
27225113
27236194
27335919
27347000
27358080
27369161
27380241
27391322
27402403
27502129
27513209
27524290
27535371
27546451
27557531
27568612
27668338
27679419
27690499
27701580
27712662
27723741
27734822
27834548
27845629
27856709
27867789
27878870
27889950
27901032
28000757
28011837
28022918
28034001
28045080
28056160
28067242
28078321
28166967
28178047
28189127
28200208
28211289
28222370
28233450
28244531
28333176
28344256
28355339
28366418
28377498
28388579
28399660
28410740
28499386
28510466
28521547
28532627
28543708
28554788
28565869
28576950
28665596
28676677
28687756
28698837
28709917
28720998
28732079
28743159
28831805
28842885
28853966
28865046
28876127
28887207
28898288
28909369
28998015
29009094
29020175
29031256
29042336
29053417
29064498
29075578
29164223
29175304
29186385
29197465
29208546
29219626
29230707
29241788
29330433
29341513
29352594
29363675
29374755
29385836
29396917
29407997
29496642
29507723
29518803
29529884
29540965
29552046
29563126
29574206
29662852
29673932
29685013
29696094
29707174
29718255
29729335
29740416
29829061
29840142
29851223
29862303
29873384
29884464
29895547
29906626
29995271
30006352
30017432
30028513
30039594
30050674
30061755
30072835
30161480
30172561
30183642
30194722
30205803
30216885
30227964
30239045
30327690
30338771
30349851
30360932
30372012
30383093
30394173
30405255
30504980
30516061
30527141
30538224
30549302
30560383
30571464
30671190
30682270
30693351
30704431
30715512
30726592
30737673
30837399
30848479
30859560
30870641
30881721
30892802
30903883
31003608
31014689
31025770
31036851
31047931
31059011
31070092
31169818
31180900
31191979
31203060
31214140
31225221
31236302
31336027
31347108
31358189
31369269
31380350
31391431
31402511
31502238
31513318
31524398
31535479
31546559
31557640
31568721
31668446
31679527
31690608
31701688
31712769
31723850
31734930
31834656
31845737
31856817
31867898
31878978
31890059
31901140
32000866
32011946
32023027
32034108
32045188
32056268
32067349
32078430
32167075
32178155
32189236
32200317
32211397
32222478
32233559
32244639
32333284
32344365
32355446
32366526
32377607
32388687
32399769
32410848
32499494
32510574
32521655
32532735
32543816
32554897
32565978
32577058
32665703
32676784
32687865
32698945
32710026
32721109
32732187
32743268
32831913
32842993
32854074
32865155
32876235
32887316
32898396
32909477
32998122
33009204
33020284
33031364
33042446
33053526
33064606
33075687
33164332
33175412
33186493
33197573
33208654
33219735
33230816
33241896
33330541
33341622
33352703
33363783
33374864
33385944
33397025
33408105
33496751
33507831
33518912
33529992
33541073
33552154
33563234
33574315
33662960
33674041
33685122
33696202
33707283
33718363
33729444
33740524
33829170
33840250
33851331
33862411
33873492
33884573
33895653
33906734
33995379
34006460
34017541
34028621
34039702
34050782
34061863
34072944
34161588
34172669
34183750
34194830
34205911
34216993
34228072
34239153
34327798
34338879
34349959
34361040
34372121
34383201
34394282
34405363
34505088
34516169
34527250
34538330
34549411
34560491
34571572
34671297
34682378
34693459
34704540
34715620
34726701
34737782
34837507
34848588
34859669
34870749
34881830
34892910
34903993
35003717
35014797
35025878
35036959
35048039
35059120
35070200
35169926
35181007
35192088
35203168
35214249
35225331
35236410
35336135
35347216
35358297
35369377
35380458
35391539
35402619
35502345
35513426
35524507
35535587
35546667
35557749
35568829
35668554
35679635
35690716
35701796
35712877
35723958
35735038
35834766
35845845
35856926
35868007
35879087
35890167
35901248
36000973
36012054
36023135
36034216
36045296
36056377
36067458
36078538
36167183
36178264
36189345
36200425
36211506
36222587
36233667
36244748
36333392
36344473
36355554
36366634
36377716
36388796
36399876
36410959
36499602
36510683
36521763
36532844
36543925
36555005
36566086
36577167
36665811
36676892
36687973
36699053
36710134
36721215
36732295
36743376
36832021
36843102
36854182
36865263
36876344
36887424
36898505
36909586
36998230
37009311
37020392
37031472
37042553
37053633
37064714
37075795
37164440
37175521
37186601
37197682
37208763
37219843
37230924
37242005
37330649
37341730
37352811
37363891
37374973
37386052
37397133
37408216
37496859
37507940
37519020
37530101
37541182
37552262
37563343
37574424
37663068
37674149
37685230
37696312
37707391
37718472
37729553
37740633
37829278
37840359
37851439
37862520
37873601
37884681
37895762
37906843
37995487
38006568
38017649
38028729
38039810
38050890
38061971
38073052
38161697
38172778
38183858
38194939
38206020
38217100
38228181
38239263
38327906
38338989
38350067
38361149
38372229
38383309
38394390
38405472
38505196
38516277
38527358
38538438
38549519
38560600
38571681
38671406
38682486
38693567
38704648
38715729
38726809
38737890
38837615
38848697
38859777
38870857
38881938
38893019
38904100
39003825
39014906
39025987
39037067
39048148
39059228
39070309
39170035
39181115
39192196
39203277
39214357
39225438
39236519
39336244
39347325
39358405
39369486
39380567
39391647
39402729
39502453
39513534
39524615
39535695
39546776
39557857
39568937
39668663
39679744
39690824
39701905
39712985
39724066
39735147
39834872
39845953
39857034
39868114
39879197
39890276
39901356
40001082
40012163
40023243
40034324
40045405
40056485
40067566
40167291
40178372
40189453
40200535
40211614
40222695
40233776
40244856
40333501
40344582
40355662
40366743
40377823
40388904
40399987
40411066
40499711
40510791
40521873
40532953
40544033
40555114
40566194
40577275
40665920
40677001
40688081
40699162
40710243
40721323
40732404
40743484
40832130
40843212
40854291
40865371
40876452
40887532
40898614
40909694
40998339
41009420
41020500
41031581
41042662
41053742
41064823
41075903
41164549
41175629
41186709
41197790
41208871
41219952
41231032
41242113
41330758
41341838
41352919
41364000
41375080
41386161
41397243
41408323
41496967
41508048
41519128
41530209
41541290
41552370
41563452
41574532
41663177
41674257
41685338
41696419
41707499
41718580
41729661
41740741
41829386
41840467
41851547
41862628
41873709
41884790
41895870
41906951
41995596
42006677
42017757
42028838
42039918
42050999
42062081
42073160
42161806
42172886
42183967
42195047
42206128
42217209
42228290
42239370
42328015
42339095
42350176
42361257
42372337
42383420
42394500
42405580
42505305
42516385
42527466
42538547
42549627
42560710
42571788
42671514
42682595
42693676
42704756
42715837
42726918
42737998
42837724
42848804
42859885
42870966
42882047
42893127
42904207
43003933
43015014
43026096
43037175
43048256
43059337
43070417
43170143
43181224
43192304
43203385
43214466
43225547
43236627
43336353
43347434
43358514
43369594
43380675
43391757
43402836
43502562
43513642
43524723
43535804
43546885
43557966
43569046
43668772
43679852
43690933
43702013
43713094
43724175
43735255
43834981
43846061
43857142
43868223
43879303
43890384
43901465
44001191
44012271
44023351
44034432
44045513
44056594
44067674
44167400
44178480
44189561
44200642
44211722
44222803
44233883
44244965
44333609
44344690
44355770
44366851
44377932
44389013
44400093
44411173
44499819
44510899
44521980
44533061
44544141
44555222
44566304
44577383
44666028
44677109
44688190
44699270
44710351
44721432
44732512
44743593
44832238
44843318
44854399
44865480
44876560
44887643
44898722
44909802
44998447
45009528
45020608
45031689
45042770
45053851
45064931
45076012
45164657
45175737
45186818
45197899
45208979
45220060
45231141
45242221
45330866
45341947
45353028
45364108
45375189
45386270
45397350
45408430
45497078
45508156
45519237
45530319
45541398
45552480
45563559
45574640
45663285
45674366
45685446
45696527
45707608
45718689
45729769
45740849
45829495
45840575
45851657
45862736
45873817
45884898
45895979
45907059
45995705
46006785
46017865
46028946
46040026
46051108
46062188
46073268
46161914
46172994
46184075
46195156
46206236
46217318
46228397
46239478
46328123
46339204
46350285
46361365
46372446
46383528
46394607
46405687
46505413
46516494
46527574
46538655
46549736
46560816
46571897
46671623
46682704
46693784
46704865
46715946
46727026
46738107
46837832
46848913
46859993
46871074
46882156
46893235
46904316
47004042
47015122
47026203
47037284
47048365
47059445
47070527
47170251
47181332
47192412
47203493
47214574
47225654
47236735
47336461
47347541
47358622
47369703
47380784
47391864
47402945
47502670
47513751
47524831
47535912
47546993
47558073
47569154
47668880
47679962
47691041
47702122
47713204
47724283
47735363
47835089
47846170
47857250
47868331
47879412
47890492
47901573
48001300
48012379
48023460
48034541
48045622
48056702
48067782
48167508
48178589
48189670
48200750
48211831
48222912
48233992
48245073
48333718
48344798
48355879
48366959
48378041
48389122
48400201
48411282
48499927
48511008
48522089
48533169
48544250
48555330
48566411
48577492
48666136
48677217
48688298
48699378
48710459
48721540
48732621
48743701
48832346
48843427
48854508
48865588
48876669
48887749
48898830
48909910
48998556
49009636
49020717
49031797
49042878
49053959
49065039
49076120
49164765
49175846
49186927
49198007
49209088
49220168
49231249
49242330
49330974
49342055
49353136
49364216
49375298
49386378
49397458
49408539
49497184
49508265
49519345
49530426
49541507
49552587
49563668
49574750
49663394
49674474
49685555
49696635
49707716
49718797
49729877
49740958
49829603
49840684
49851764
49862845
49873926
49885006
49896087
49907168
49995812
50006893
50017974
50029054
50040136
50051216
50062296
50073378
50162022
50173103
50184186
50195264
50206345
50217426
50228506
50239586
50328231
50339312
50350392
50361473
50372556
50383635
50394715
50405796
50505523
50516602
50527683
50538764
50549844
50560924
50572006
50671731
50682812
50693892
50704973
50716054
50727134
50738215
50837941
50849021
50860102
50871183
50882263
50893344
50904425
51004150
51015231
51026311
51037392
51048473
51059553
51070634
51170360
51181440
51192521
51203603
51214682
51225763
51236843
51336569
51347650
51358730
51369813
51380892
51391972
51403053
51502779
51513859
51524940
51536021
51547101
51558182
51569263
51668988
51680068
51691149
51702230
51713311
51724392
51735472
51835197
51846278
51857359
51868440
51879520
51890600
51901681
52001407
52012487
52023568
52034649
52045732
52056810
52067891
52167617
52178697
52189778
52200859
52211939
52223020
52234100
52245181
52333826
52344907
52355987
52367071
52378149
52389229
52400311
52411390
52500035
52511116
52522196
52533278
52544358
52555439
52566519
52577600
52666245
52677326
52688408
52699487
52710568
52721648
52732729
52743810
52832454
52843535
52854616
52865697
52876777
52887857
52898938
52910019
52998664
53009746
53020825
53031906
53042986
53054067
53065148
53076229
53164873
53175954
53187035
53198115
53209196
53220277
53231357
53242438
53331083
53342164
53353244
53364326
53375406
53386486
53397566
53408647
53497292
53508373
53519454
53530535
53541615
53552696
53563777
53574857
53663503
53674583
53685663
53696744
53707825
53718905
53729986
53741066
53829711
53840792
53851873
53862954
53874034
53885115
53896195
53907277
53995921
54007002
54018082
54029163
54040244
54051324
54062405
54073486
54162131
54173211
54184291
54195373
54206453
54217533
54228616
54239695
54328340
54339421
54350501
54361583
54372663
54383743
54394824
54405904
54505630
54516711
54527792
54538872
54549952
54561033
54572114
54671839
54682920
54694002
54705081
54716162
54727243
54738323
54838049
54849130
54860211
54871293
54882371
54893453
54904533
55004258
55015339
55026420
55037500
55048581
55059662
55070742
55170468
55181549
55192631
55203710
55214790
55225871
55236952
55336677
55347758
55358840
55369920
55381000
55392081
55403162
55502887
55513968
55525049
55536129
55547209
55558290
55569371
55669096
55680177
55691258
55702338
55713419
55724500
55735580
55835306
55846386
55857467
55868548
55879628
55890709
55901789
56001515
56012596
56023679
56034757
56045838
56056918
56067999
56167725
56178806
56189886
56200967
56212047
56223128
56234208
56245289
56333934
56345015
56356096
56367176
56378257
56389337
56400418
56411500
56500144
56511224
56522305
56533386
56544466
56555547
56566628
56577708
56666353
56677434
56688515
56699595
56710676
56721757
56732838
56743918
56832563
56843644
56854725
56865805
56876885
56887966
56899047
56910127
56998772
57009853
57020934
57032014
57043095
57054176
57065256
57076337
57164982
57176062
57187143
57198224
57209304
57220385
57231466
57242546
57331191
57342273
57353353
57364434
57375515
57386594
57397675
57408756
57497401
57508482
57519562
57530643
57541723
57552804
57563885
57574965
57663612
57674691
57685772
57696853
57707933
57719014
57730094
57741174
57829820
57840900
57851981
57863062
57874143
57885223
57896304
57907384
57996029
58007110
58018191
58029271
58040352
58051433
58062513
58073594
58162239
58173320
58184401
58195481
58206561
58217642
58228723
58239803
58328448
58339529
58350611
58361690
58372771
58383852
58394932
58406013
58494658
58505738
58516819
58527900
58538980
58550061
58561142
58572222
58671948
58683029
58694109
58705190
58716271
58727351
58738432
58838157
58849239
58860319
58871399
58882480
58893561
58904641
59004367
59015448
59026528
59037609
59048689
59059770
59070850
59170576
59181657
59192737
59203818
59214899
59225979
59237060
59336786
59347868
59358947
59370028
59381108
59392189
59403270
59502995
59514076
59525157
59536237
59547318
59558401
59569479
59669205
59680286
59691366
59702446
59713527
59724608
59735689
59835414
59846496
59857575
59868656
59879738
59890817
59901898
