77564
88646
99725
110806
121887
132967
144048
155129
243774
254854
265935
277016
288096
299177
310258
321338
409985
421064
432144
443225
454306
465386
476467
487548
576193
587274
598354
609435
620515
631596
642677
653757
742402
753483
764563
775644
786725
797807
808886
819967
908612
919692
930773
941854
952934
964015
975096
986176
1074821
1085902
1096983
1108063
1119144
1130224
1141305
1152386
1241031
1252111
1263192
1274272
1285353
1296434
1307514
1318595
1407240
1418321
1429402
1440482
1451563
1462643
1473724
1484804
1573450
1584530
1595611
1606691
1617772
1628853
1639933
1651014
1739659
1750740
1761820
1772901
1783982
1795062
1806143
1817223
1916949
1928030
1939111
1950191
1961272
1972352
1983433
2083159
2094240
2105320
2116401
2127481
2138562
2149642
2249368
2260449
2271531
2282610
2293691
2304772
2315852
2415578
2426658
2437739
2448820
2459900
2470981
2482061
2581787
2592869
2603948
2615029
2626110
2637190
2648271
2747997
2759077
2770158
2781239
2792319
2803400
2814481
2914208
2925287
2936367
2947448
2958529
2969610
2980690
3080416
3091496
3102577
3113658
3124738
3135820
3146900
3246626
3257707
3268787
3279868
3290949
3302029
3313110
3412835
3423916
3434997
3446077
3457158
3468238
3479319
3579045
3590125
3601206
3612287
3623367
3634448
3645529
3656609
3745254
3756335
3767416
3778497
3789577
3800657
3811738
3822819
3911464
3922544
3933625
3944706
3955787
3966867
3977948
3989028
4077673
4088754
4099835
4110915
4121996
4133077
4144157
4155238
4243883
4254963
4266044
4277125
4288205
4299286
4310367
4321447
4410092
4421173
4432253
4443334
4454416
4465495
4476576
4487657
4576302
4587382
4598463
4609544
4620624
4631705
4642786
4653866
4742511
4753592
4764673
4775755
4786834
4797914
4808995
4820075
4908721
4919801
4930882
4941963
4953043
4964124
4975205
4986285
5074930
5086011
5097093
5108172
5119253
5130333
5141414
5152494
5241139
5252220
5263301
5274381
5285462
5296543
5307623
5318704
5407349
5418430
5429510
5440591
5451671
5462752
5473833
5484913
5573559
5584639
5595720
5606800
5617881
5628962
5640043
5651123
5739769
5750849
5761930
5773010
5784091
5795171
5806252
5817333
5905978
5917058
5928139
5939219
5950300
5961381
5972461
5983542
6083268
6094348
6105429
6116510
6127590
6138671
6149751
6249477
6260558
6271638
6282719
6293800
6304880
6315963
6415687
6426768
6437848
6448928
6460009
6471090
6482170
6581896
6592977
6604057
6615138
6626218
6637299
6648380
6748106
6759186
6770267
6781348
6792428
6803508
6814589
6914315
6925395
6936476
6947557
6958639
6969718
6980799
7080524
7091605
7102686
7113767
7124847
7135928
7147008
7246735
7257815
7268895
7279977
7291056
7302137
7313218
7412943
7424024
7435105
7446185
7457266
7468347
7479427
7579153
7590233
7601316
7612395
7623475
7634556
7645637
7656718
7745363
7756443
7767524
7778604
7789685
7800765
7811847
7822927
7911572
7922652
7933733
7944814
7955894
7966975
7978056
7989136
8077781
8088862
8099943
8111023
8122104
8133184
8144265
8155346
8243991
8255071
8266152
8277233
8288313
8299394
8310474
8321555
8410200
8421281
8432362
8443442
8454523
8465604
8476684
8487765
8576410
8587490
8598571
8609651
8620732
8631813
8642893
8653975
8742619
8753700
8764781
8775861
8786942
8798023
8809103
8820185
8908828
8919909
8930990
8942070
8953152
8964232
8975312
8986394
9075038
9086119
9097200
9108280
9119361
9130441
9141522
9152604
9241247
9252328
9263409
9274489
9285570
9296651
9307731
9318812
9407457
9418538
9429619
9440699
9451779
9462862
9473941
9485022
9573667
9584747
9595828
9606909
9617989
9629070
9640150
9651231
9739876
9750957
9762037
9773118
9784200
9795279
9806360
9817442
9906085
9917166
9928247
9939327
9950408
9961489
9972569
9983650
10083375
10094456
10105538
10116618
10127698
10138779
10149861
10249585
10260666
10271747
10282827
10293907
10304989
10316069
10415794
10426876
10437956
10449036
10460117
10471198
10482279
10582004
10593085
10604166
10615246
10626327
10637407
10648488
10748214
10759294
10770375
10781456
10792536
10803617
10814698
10914423
10925503
10936585
10947665
10958746
10969826
10980907
11080632
11091713
11102794
11113874
11124955
11136036
11147118
11246842
11257922
11269003
11280084
11291164
11302245
11313326
11413051
11424134
11435213
11446293
11457374
11468455
11479536
11579261
11590342
11601422
11612503
11623584
11634664
11645747
11656826
11745471
11756551
11767632
11778713
11789793
11800874
11811955
11823035
11911680
11922761
11933842
11944922
11956003
11967085
11978164
11989244
12077889
12088970
12100051
12111131
12122212
12133293
12144374
12155454
12244099
12255180
12266260
12277341
12288423
12299502
12310583
12321663
12410308
12421389
12432470
12443550
12454631
12465711
12476792
12487873
12576518
12587599
12598679
12609760
12620841
12631921
12643008
12654082
12742728
12753808
12764889
12775969
12787050
12798130
12809211
12820292
12908937
12920018
12931098
12942179
12953259
12964340
12975421
12986501
13075146
13086227
13097308
13108388
13119469
13130549
13141632
13152711
13241356
13252436
13263517
13274597
13285678
13296759
13307840
13318920
13407565
13418646
13429726
13440807
13451888
13462968
13474049
13485130
13573775
13584855
13595936
13607016
13618097
13629178
13640259
13651339
13739985
13751065
13762146
13773226
13784307
13795387
13806468
13817549
13906193
13917274
13928355
13939436
13950516
13961596
13972678
13983758
14083484
14094564
14105645
14116726
14127806
14138888
14149969
14249693
14260774
14271855
14282935
14294016
14305097
14316177
14415903
14426983
14438064
14449144
14460225
14471307
14482386
14582112
14593193
14604273
14615354
14626435
14637516
14648596
14748322
14759404
14770483
14781563
14792645
14803725
14814805
14914531
14925612
14936693
14947773
14958854
14969935
14981015
15080740
15091821
15102902
15113982
15125063
15136145
15147225
15246950
15258031
15269111
15280192
15291272
15302354
15313434
15413159
15424240
15435321
15446401
15457482
15468563
15479643
15579369
15590450
15601530
15612611
15623692
15634773
15645853
15745578
15756659
15767740
15778820
15789901
15800982
15812062
15823143
15911788
15922869
15933949
15945030
15956111
15967192
15978272
15989353
16077998
16089078
16100159
16111240
16122320
16133402
16144481
16155562
16244207
16255288
16266368
16277449
16288530
16299611
16310691
16321772
16410416
16421497
16432578
16443658
16454739
16465820
16476900
16487981
16576626
16587708
16598787
16609868
16620949
16632029
16643110
16654192
16742836
16753916
16764996
16776077
16787158
16798240
16809319
16820400
16909045
16920125
16931206
16942289
16953367
16964448
16975530
16986609
17075254
17086335
17097415
17108496
17119577
17130658
17141738
17152819
17241464
17252544
17263625
17274706
17285786
17296867
17307948
17319028
17407674
17418754
17429835
17440915
17451995
17463077
17474157
17485238
17573883
17584965
17596044
17607125
17618206
17629286
17640367
17651447
17740092
17751173
17762253
17773334
17784415
17795496
17806576
17817657
17906303
17917382
17928464
17939544
17950624
17961705
17972786
17983866
18083592
18094672
18105753
18116834
18127916
18138996
18150075
18249801
18260882
18271963
18283043
18294124
18305204
18316285
18416011
18427091
18438172
18449252
18460334
18471414
18482494
18582220
18593301
18604381
18615462
18626543
18637623
18648704
18748430
18759510
18770591
18781671
18792753
18803833
18814913
18914639
18925720
18936801
18947882
18958964
18970042
18981123
19080849
19091930
19103010
19114091
19125174
19136252
19147333
19247058
19258139
19269219
19280300
19291381
19302461
19313542
19413268
19424348
19435429
19446511
19457590
19468671
19479753
19579477
19590558
19601638
19612719
19623801
19634880
19645961
19745687
19756767
19767848
19778929
19790009
19801089
19812170
19823251
19911896
19922977
19934058
19945138
19956219
19967299
19978380
19989460
20078106
20089188
20100267
20111348
20122430
20133509
20144590
20155670
20244315
20255396
20266476
20277557
20288638
20299718
20310799
20321880
20410525
20421605
20432686
20443767
20454847
20465928
20477008
20488089
20576734
20587815
20598896
20609976
20621057
20632137
20643218
20654299
20742944
20754024
20765105
20776185
20787266
20798347
20809427
20820508
20909153
20920234
20931315
20942395
20953476
20964556
20975637
20986717
21075363
21086443
21097524
21108605
21119686
21130766
21141846
21152927
21241572
21252653
21263733
21274814
21285895
21296975
21308056
21319137
21407781
21418862
21429943
21441023
21452104
21463185
21474265
21485346
21573992
21585071
21596152
21607233
21618313
21629396
21640475
21651555
21740200
21751281
21762362
21773442
21784523
21795604
21806684
21817765
21906410
21917491
21928572
21939652
21950735
21961813
21972894
21983975
22083700
22094781
22105861
22116944
22128023
22139104
22150184
22249909
22260990
22272072
22283152
22294232
22305313
22316393
22416119
22427200
22438280
22449361
22460441
22471522
22482603
22582328
22593410
22604490
22615571
22626651
22637731
22648812
22748538
22759619
22770699
22781780
22792860
22803941
22815022
22914748
22925828
22936908
22947990
22959070
22970150
22981231
23080957
23092037
23103118
23114199
23125280
23136360
23147441
23247166
23258247
23269331
23280409
23291489
23302570
23313650
23413376
23424456
23435537
23446618
23457698
23468779
23479860
23579586
23590666
23601746
23612827
23623908
23634989
23646069
23745795
23756875
23767956
23779037
23790117
23801198
23812280
23823359
23912005
23923085
23934166
23945246
23956327
23967408
23978488
23989569
24078214
24089295
24100375
24111457
24122536
24133619
24144698
24155778
24244423
24255504
24266585
24277665
24288746
24299827
24310907
24321987
24410632
24421713
24432794
24443875
24454955
24466036
24477116
24488204
24576842
24587923
24599004
24610085
24621164
24632245
24643326
24654407
24743053
24754132
24765213
24776295
24787374
24798455
24809536
24820616
24909261
24920342
24931422
24942503
24953584
24964665
24975745
24986826
25075470
25086551
25097633
25108715
25119794
25130874
25141954
25153035
25241680
25252761
25263841
25274922
25286003
25297083
25308164
25319245
25407890
25418971
25430051
25441132
25452212
25463293
25474373
25485454
25574099
25585180
25596260
25607341
25618422
25629503
25640583
25651664
25740308
25751389
25762470
25773551
25784631
25795712
25806792
25817873
25906518
25917599
25928679
25939760
25950841
25961921
25973002
25984082
26083808
26094889
26105970
26117050
26128131
26139211
26150292
26250018
26261098
26272179
26283259
26294340
26305421
26316504
26416227
26427308
26438389
26449470
26460549
26471630
26482711
26582437
26593517
26604599
26615678
26626759
26637841
26648920
26748646
26759727
26770807
26781888
26792968
26804049
26815130
26914856
26925936
26937017
26948097
26959178
26970259
26981340
27081065
27092145
27103228
27114307
27125387
27136468
27147549
27247275
27258355
27269437
27280517
27291597
27302678
27313758
27413484
27424564
27435645
27446726
27457806
27468887
27479968
27579694
27590774
27601856
27612935
27624016
27635097
27646177
27745903
27756984
27768064
27779145
27790225
27801306
27812387
27823468
27912113
27923193
27934274
27945354
27956435
27967515
27978596
27989677
28078322
28089403
28100485
28111564
28122645
28133725
28144806
28155886
28244531
28255612
28266693
28277773
28288854
28299936
28311016
28322096
28410741
28421821
28432902
28443983
28455063
28466144
28477224
28488305
28576950
28588031
28599112
28610192
28621273
28632354
28643434
28654515
28743160
28754241
28765321
28776401
28787483
28798563
28809643
28820726
28909369
28920450
28931531
28942611
28953692
28964772
28975853
28986934
29075579
29086659
29097741
29108821
29119902
29130982
29142063
29153144
29241788
29252869
29263950
29275030
29286111
29297192
29308272
29319353
29407998
29419078
29430162
29441240
29452321
29463402
29474482
29485562
29574207
29585288
29596369
29607449
29618530
29629611
29640691
29651772
29740417
29751499
29762578
29773659
29784740
29795820
29806900
29817981
29906626
29917707
29928788
29939868
29950949
29962029
29973110
29984191
30083916
30094998
30106078
30117158
30128239
30139320
30150400
30250126
30261206
30272287
30283368
30294448
30305529
30316610
30416335
30427416
30438496
30449578
30460658
30471739
30482819
30582545
30593625
30604706
30615787
30626867
30637948
30649028
30748754
30759836
30770915
30781996
30793077
30804158
30815238
30914964
30926045
30937125
30948206
30959286
30970367
30981447
31081173
31092256
31103335
31114415
31125496
31136576
31147657
31247382
31258464
31269544
31280624
31291706
31302786
31313866
31413592
31424673
31435753
31446834
31457915
31468995
31480076
31579802
31590883
31601963
31613043
31624124
31635205
31646285
31746011
31757092
31768172
31779253
31790334
31801414
31812495
31823575
31912220
31923302
31934383
31945462
31956543
31967624
31978704
31989785
32078430
32089512
32100591
32111672
32122753
32133833
32144914
32155994
32244640
32255722
32266801
32277882
32288962
32300043
32311123
32322204
32410849
32421930
32433010
32444091
32455172
32466252
32477333
32488414
32577060
32588140
32599220
32610301
32621381
32632462
32643542
32654623
32743268
32754349
32765429
32776510
32787590
32798671
32809752
32820832
32909478
32920559
32931638
32942719
32953800
32964880
32975961
32987042
33075687
33086769
33097848
33108929
33120010
33131090
33142171
33153251
33241897
33252978
33264058
33275139
33286219
33297299
33308380
33319461
33408106
33419187
33430267
33441348
33452428
33463509
33474591
33485671
33574316
33585397
33596477
33607557
33618638
33629719
33640799
33651880
33740525
33751606
33762686
33773767
33784847
33795930
33807009
33818089
33906734
33917815
33928896
33939977
33951057
33962138
33973218
33984299
34072944
34084026
34095105
34106186
34117267
34128347
34139427
34150509
34250235
34261315
34272395
34283476
34294557
34305637
34316718
34416444
34427524
34438606
34449685
34460766
34471847
34482927
34582653
34593733
34604814
34615895
34626976
34638056
34649136
34748862
34759945
34771023
34782104
34793185
34804265
34815346
34915072
34926152
34937233
34948314
34959394
34970475
34981555
35081282
35092363
35103443
35114527
35125604
35136684
35147765
35247491
35258572
35269652
35280734
35291814
35302894
35313974
35413701
35424781
35435861
35446942
35458023
35469103
35480184
35579910
35590991
35602071
35613152
35624232
35635313
35646393
35746120
35757200
35768280
35779361
35790442
35801522
35812603
35823684
35912329
35923409
35934490
35945571
35956651
35967732
35978813
35989893
36078540
36089620
36100699
36111780
36122861
36133941
36145022
36156103
36244748
36255828
36266909
36277990
36289071
36300151
36311231
36322312
36410958
36422038
36433118
36444199
36455280
36466360
36477441
36488522
36577167
36588247
36599328
36610409
36621491
36632570
36643650
36654731
36743376
36754457
36765538
36776618
36787698
36798779
36809860
36820940
36909587
36920666
36931747
36942829
36953908
36964989
36976069
36987150
37075796
37086876
37097957
37109037
37120118
37131199
37142279
37153359
37242005
37253085
37264167
37275247
37286327
37297408
37308488
37319569
37408214
37419295
37430375
37441456
37452536
37463617
37474698
37485778
37574424
37585504
37596585
37607665
37618746
37629827
37640908
37651988
37740634
37751713
37762794
37773875
37784955
37796036
37807116
37818197
37906843
37917923
37929004
37940084
37951165
37962246
37973326
37984407
38073053
38084133
38095214
38106294
38117375
38128455
38139536
38150616
38250342
38261423
38272504
38283584
38294665
38305745
38316826
38416552
38427632
38438713
38449793
38460875
38471955
38483037
38582761
38593842
38604922
38616003
38627084
38638164
38649245
38748970
38760051
38771132
38782213
38793293
38804374
38815454
38915180
38926261
38937341
38948422
38959502
38970583
38981664
39081390
39092471
39103551
39114632
39125713
39136792
39147873
39247599
39258679
39269760
39280841
39291921
39303002
39314083
39413809
39424889
39435970
39447052
39458131
39469212
39480292
39580018
39591099
39602179
39613260
39624341
39635421
39646502
39746227
39757308
39768389
39779469
39790554
39801630
39812711
39823792
39912437
39923517
39934598
39945679
39956759
39967840
39978921
39990001
40078647
40089727
40100808
40111888
40122969
40134049
40145130
40156211
40244856
40255937
40267017
40278098
40289178
40300259
40311340
40322420
40411066
40422146
40433227
40444307
40455388
40466469
40477550
40488630
40577275
40588355
40599436
40610517
40621597
40632678
40643758
40654839
40743484
40754565
40765645
40776726
40787807
40798887
40809968
40821049
40909694
40920775
40931855
40942935
40954016
40965097
40976177
40987258
41075904
41086984
41098065
41109145
41120226
41131306
41142387
41153468
41242113
41253194
41264275
41275356
41286435
41297516
41308598
41319677
41408322
41419403
41430484
41441564
41452645
41463726
41474806
41485887
41574532
41585613
41596694
41607773
41618854
41629936
41641016
41652096
41740741
41751822
41762902
41773983
41785064
41796144
41807225
41818306
41906951
41918033
41929112
41940192
41951274
41962354
41973434
41984515
42073160
42084241
42095321
42106402
42117483
42128563
42139644
42150725
42250451
42261531
42272612
42283692
42294773
42305853
42316934
42416660
42427740
42438821
42449902
42460983
42472063
42483143
42582869
42593950
42605031
42616111
42627192
42638272
42649353
42749079
42760159
42771240
42782321
42793401
42804482
42815563
42915288
42926369
42937450
42948530
42959611
42970692
42981772
43081498
43092578
43103659
43114740
43125820
43136901
43147982
43247707
43258788
43269869
43280950
43292030
43303111
43314191
43413917
43424997
43436078
43447159
43458239
43469320
43480401
43580126
43591207
43602288
43613368
43624449
43635529
43646610
43746336
43757416
43768497
43779577
43790658
43801739
43812821
43912545
43923625
43934707
43945787
43956867
43967948
43979029
43990109
44078755
44089835
44100918
44111996
44123077
44134159
44145238
44156319
44244964
44256045
44267126
44278206
44289286
44300367
44311448
44322529
44411174
44422256
44433335
44444415
44455497
44466577
44477657
44488738
44577383
44588464
44599544
44610625
44621705
44632786
44643867
44654948
44743592
44754673
44765754
44776834
44787915
44798996
44810076
44821157
44909802
44920883
44931963
44943043
44954124
44965205
44976286
44987366
45076011
45087092
45098173
45109253
45120334
45131415
45142495
45153576
45242221
45253302
45264382
45275463
45286543
45297624
45308705
45319785
45408430
45419511
45430592
45441672
45452753
45463834
45474914
45485995
45574640
45585720
45596801
45607882
45618962
45630043
45641124
45652205
45740850
45751930
45763011
45774091
45785172
45796252
45807333
45818414
45907059
45918140
45929220
45940301
45951381
45962462
45973543
45984623
46073269
46084349
46095430
46106511
46117591
46128671
46139752
46150833
46250559
46261639
46272720
46283802
46294881
46305962
46317043
46416768
46427848
46438929
46450010
46461091
46472171
46483252
46582977
46594058
46605140
46616219
46627300
46638381
46649461
46749187
46760267
46771348
46782429
46793509
46804590
46815671
46915396
46926477
46937558
46948638
46959719
46970800
46981880
47081606
47092687
47103767
47114848
47125929
47137009
47148090
47247817
47258896
47269977
47281057
47292138
47303219
47314299
47414025
47425105
47436186
47447267
47458348
47469428
47480509
47580234
47591315
47602396
47613476
47624557
47635638
47646718
47746444
47757525
47768605
47779685
47790767
47801847
47812927
47912653
47923734
47934815
47945895
47956976
47968056
47979137
47990218
48078863
48089944
48101024
48112105
48123185
48134266
48145346
48156427
48245072
48256153
48267234
48278314
48289395
48300475
48311556
48322637
48411282
48422362
48433443
48444524
48455605
48466685
48477766
48488846
48577491
48588572
48599652
48610733
48621814
48632894
48643975
48655056
48743701
48754781
48765862
48776942
48788025
48799104
48810185
48821266
48909910
48920991
48932071
48943152
48954233
48965313
48976394
48987475
49076120
49087200
49098281
49109363
49120442
49131523
49142604
49153684
49242329
49253410
49264490
49275571
49286652
49297732
49308813
49319894
49408539
49419619
49430700
49441781
49452861
49463942
49475022
49486103
49574748
49585829
49596909
49607990
49619070
49630151
49641233
49652313
49740958
49752039
49763119
49774199
49785280
49796361
49807441
49818522
49907167
49918248
49929328
49940409
49951489
49962570
49973651
49984731
50073377
50084457
50095538
50106618
50117699
50128780
50139860
50150941
50250667
50261747
50272828
50283908
50294989
50306070
50317150
50416876
50427957
50439038
50450119
50461199
50472279
50483360
50583085
50594166
50605247
50616328
50627408
50638489
50649569
50749295
50760376
50771457
50782537
50793618
50804698
50815779
50915505
50926586
50937666
50948746
50959827
50970909
50981988
51081714
51092795
51103875
51114956
51126037
51137117
51148198
51247924
51259004
51270085
51281165
51292248
51303327
51314407
51414133
51425214
51436294
51447375
51458456
51469536
51480617
51580343
51591424
51602504
51613586
51624665
51635746
51646827
51746552
51757633
51768713
51779794
51790874
51801955
51813036
51912762
51923842
51934923
51946003
51957084
51968165
51979245
51990326
52078971
52090051
52101132
52112213
52123294
52134374
52145455
52156536
52245181
52256262
52267341
52278422
52289503
52300584
52311664
52322745
52411390
52422470
52433551
52444632
52455712
52466793
52477874
52488954
52577600
52588680
52599760
52610841
52621922
52633003
52644083
52655164
52743809
52754889
52765970
52777051
52788131
52799212
52810293
52821373
52910018
52921099
52932180
52943260
52954341
52965421
52976502
52987583
53076228
53087308
53098389
53109470
53120550
53131631
53142712
53153793
53242438
53253518
53264599
53275679
53286760
53297840
53308921
53320001
53408647
53419727
53430808
53441889
53452969
53464050
53475132
53486211
53574856
53585937
53597017
53608098
53619178
53630260
53641340
53652420
53741066
53752146
53763227
53774308
53785388
53796470
53807550
53818630
53907275
53918356
53929436
53940517
53951598
53962679
53973759
53984840
54073484
54084565
54095646
54106727
54117807
54128888
54139968
54151049
54250775
54261856
54272936
54284017
54295097
54306178
54317258
54416985
54428065
54439147
54450226
54461307
54472387
54483468
54583194
54594274
54605355
54616436
54627517
54638597
54649677
54749403
54760484
54771565
54782645
54793726
54804806
54815887
54915613
54926693
54937774
54948855
54959935
54971016
54982097
55081822
55092903
55103983
55115064
55126145
55137225
55148306
55248032
55259112
55270193
55281274
55292354
55303435
55314516
55414241
55425322
55436402
55447483
55458564
55469644
55480725
55580451
55591532
55602612
55613693
55624773
55635854
55646935
55746661
55757741
55768821
55779902
55790983
55802063
55813144
55912870
55923950
55935031
55946112
55957192
55968273
55979355
55990434
56079079
56090160
56101241
56112321
56123402
56134482
56145563
56156644
56245289
56256369
56267450
56278531
56289611
56300693
56311773
56322853
56411498
56422579
56433660
56444740
56455820
56466902
56477982
56489063
56577708
56588788
56599869
56610949
56622031
56633111
56644192
56655272
56743917
56754998
56766079
56777159
56788239
56799320
56810401
56821481
56910128
56921207
56932288
56943369
56954449
56965530
56976610
56987691
57076336
57087416
57098497
57109578
57120658
57131739
57142820
57153900
57242545
57253626
57264707
57275787
57286868
57297949
57309029
57320110
57408755
57419836
57430917
57441997
57453077
57464158
57475239
57486319
57574964
57586045
57597126
57608206
57619287
57630368
57641448
57652529
57741174
57752254
57763335
57774416
57785496
57796578
57807658
57818739
57907383
57918464
57929545
57940625
57951706
57962787
57973867
57984948
58073593
58084674
58095754
58106835
58117915
58128996
58140076
58151157
58250883
58261964
58273044
58284125
58295206
58306286
58317367
58417093
58428173
58439253
58450335
58461415
58472495
58483578
58583302
58594382
58605463
58616544
58627625
58638705
58649786
58749511
58760592
58771673
58782753
58793834
58804915
58815995
58915721
58926801
58937882
58948963
58960044
58971125
58982205
59081931
59093013
59104092
59115172
59126254
59137334
59148414
59248140
59259220
59270301
59281382
59292462
59303543
59314624
59414351
59425430
59436511
59447591
59458672
59469752
59480833
59580559
59591639
59602720
59613801
59624881
59635962
59647043
59746768
59757849
59768930
59780010
59791091
59802172
59813252
59912978
59924058
59935139
59946220
59957300
59968381
