11080
22160
33241
44321
55402
66482
77563
88644
177289
188369
199450
210531
221611
232692
243773
254853
343498
354579
365659
376740
387821
398901
409982
421063
509708
520788
531869
542949
554030
565111
576192
587272
675917
686998
698078
709159
720240
731320
742401
753482
842127
853207
864289
875368
886449
897531
908610
919691
1008336
1019417
1030497
1041578
1052659
1063739
1074820
1085900
1174546
1185628
1196707
1207787
1218868
1229949
1241029
1252110
1340755
1351836
1362916
1373997
1385078
1396158
1407239
1418320
1506965
1518045
1529126
1540206
1551287
1562368
1573448
1584529
1684255
1695335
1706416
1717497
1728577
1739658
1750739
1850464
1861545
1872625
1883706
1894787
1905867
1916948
2016674
2027754
2038835
2049915
2060996
2072077
2083157
2182883
2193964
2205044
2216125
2227206
2238287
2249367
2349093
2360173
2371254
2382335
2393415
2404496
2415576
2515302
2526382
2537463
2548544
2559624
2570705
2581786
2681511
2692592
2703673
2714753
2725834
2736915
2747995
2847722
2858801
2869882
2880963
2892043
2903124
2914205
3013930
3025011
3036092
3047173
3058253
3069334
3080415
3180140
3191221
3202301
3213382
3224462
3235545
3246625
3346350
3357431
3368513
3379592
3390673
3401754
3412834
3423915
3512560
3523641
3534721
3545802
3556882
3567963
3579043
3590124
3678769
3689851
3700930
3712011
3723092
3734172
3745253
3756334
3844979
3856059
3867141
3878220
3889301
3900382
3911462
3922543
4011188
4022269
4033350
4044430
4055511
4066591
4077672
4088753
4177398
4188478
4199559
4210639
4221720
4232801
4243881
4254962
4343607
4354688
4365768
4376849
4387930
4399010
4410091
4421172
4509816
4520897
4531978
4543058
4554139
4565220
4576300
4587381
4676026
4687107
4698187
4709268
4720349
4731429
4742510
4753591
4842235
4853316
4864397
4875477
4886558
4897639
4908720
4919800
5008445
5019526
5030606
5041687
5052768
5063848
5074929
5086010
5174654
5185735
5196816
5207897
5218977
5230059
5241139
5252219
5340864
5351945
5363025
5374106
5385187
5396267
5407348
5418429
5507074
5518154
5529235
5540315
5551398
5562477
5573557
5584639
5684364
5695444
5706525
5717606
5728686
5739767
5750847
5850573
5861654
5872736
5883815
5894895
5905976
5917057
6016782
6027863
6038944
6050024
6061105
6072186
6083266
6182992
6194072
6205153
6216234
6227315
6238396
6249476
6349201
6360282
6371363
6382444
6393524
6404604
6415685
6515412
6526491
6537572
6548653
6559733
6570814
6581895
6681620
6692701
6703782
6714862
6725943
6737024
6748104
6847830
6858911
6869991
6881071
6892152
6903233
6914313
7014039
7025120
7036201
7047281
7058362
7069443
7080523
7180249
7191329
7202410
7213490
7224571
7235652
7246732
7346458
7357539
7368620
7379700
7390781
7401861
7412942
7424023
7512668
7523749
7534829
7545910
7556990
7568071
7579151
7590232
7678877
7689958
7701038
7712119
7723200
7734281
7745361
7756441
7845087
7856167
7867248
7878329
7889409
7900490
7911571
7922651
8011296
8022377
8033458
8044538
8055621
8066699
8077780
8088861
8177506
8188587
8199667
8210748
8221828
8232909
8243990
8255070
8343716
8354796
8365876
8376959
8388038
8399118
8410199
8421280
8509925
8521005
8532086
8543166
8554247
8565327
8576408
8587489
8676134
8687215
8698295
8709376
8720457
8731537
8742618
8753698
8842344
8853424
8864505
8875585
8886666
8897747
8908827
8919908
9008553
9019635
9030714
9041795
9052875
9063956
9075037
9086117
9174763
9185843
9196924
9208004
9219085
9230165
9241246
9252327
9340972
9352053
9363133
9374214
9385295
9396375
9407456
9418537
9507182
9518262
9529343
9540423
9551504
9562585
9573665
9584746
9673391
9684471
9695552
9706633
9717713
9728794
9739875
9750955
9850681
9861762
9872843
9883923
9895003
9906084
9917165
10016891
10027971
10039052
10050132
10061213
10072294
10083374
10183100
10194181
10205261
10216342
10227423
10238505
10249584
10349309
10360390
10371470
10382551
10393632
10404713
10415793
10515519
10526600
10537680
10548761
10559843
10570922
10582003
10681728
10692809
10703890
10714970
10726051
10737132
10748212
10847938
10859019
10870099
10881181
10892261
10903341
10914422
11014148
11025228
11036309
11047390
11058470
11069550
11080631
11180357
11191438
11202519
11213599
11224680
11235760
11246841
11346566
11357647
11368727
11379808
11390889
11401969
11413050
11424131
11512776
11523857
11534937
11546017
11557099
11568179
11579260
11590340
11678985
11690066
11701146
11712227
11723308
11734388
11745469
11756550
11845195
11856275
11867356
11878437
11889517
11900598
11911679
11922759
12011404
12022485
12033565
12044646
12055727
12066808
12077888
12088969
12177614
12188694
12199775
12210856
12221936
12233017
12244097
12255178
12343823
12354904
12365985
12377065
12388146
12399226
12410307
12421389
12510033
12521113
12532194
12543275
12554355
12565436
12576516
12587597
12676242
12687323
12698404
12709484
12720564
12731645
12742727
12753806
12842452
12853532
12864613
12875693
12886774
12897855
12908935
12920016
13008661
13019741
13030823
13041903
13052984
13064066
13075145
13086225
13174870
13185951
13197032
13208113
13219193
13230274
13241355
13252435
13341080
13352161
13363241
13374322
13385402
13396483
13407565
13418644
13507290
13518370
13529451
13540531
13551612
13562693
13573773
13584854
13673500
13684579
13695660
13706741
13717821
13728902
13739983
13751063
13850789
13861870
13872950
13884031
13895112
13906192
13917273
14016999
14028079
14039160
14050240
14061321
14072402
14083482
14183208
14194289
14205370
14216450
14227531
14238611
14249692
14349418
14360498
14371579
14382660
14393740
14404821
14415902
14515627
14526708
14537788
14548869
14559949
14571030
14582111
14681837
14692917
14703998
14715078
14726159
14737240
14748320
14848046
14859126
14870207
14881288
14892368
14903449
14914530
15014255
15025336
15036417
15047497
15058578
15069658
15080739
15180465
15191545
15202626
15213708
15224787
15235868
15246951
15346675
15357755
15368836
15379916
15390997
15402078
15413158
15424239
15512884
15523964
15535045
15546126
15557206
15568288
15579368
15590448
15679093
15690174
15701255
15712335
15723416
15734496
15745577
15756658
15845303
15856383
15867464
15878545
15889625
15900706
15911787
15922867
16011512
16022593
16033674
16044754
16055835
16066915
16077996
16089077
16177724
16188802
16199883
16210964
16222044
16233125
16244205
16255286
16343931
16355012
16366092
16377173
16388254
16399335
16410415
16421495
16510141
16521221
16532302
16543382
16554463
16565544
16576625
16587705
16676350
16687431
16698512
16709592
16720673
16731753
16742834
16753915
16842560
16853640
16864721
16875801
16886882
16897963
16909043
16920124
17008769
17019850
17030930
17042011
17053092
17064172
17075253
17086334
17174978
17186059
17197141
17208221
17219301
17230382
17241462
17252543
17341188
17352269
17363350
17374430
17385511
17396592
17407672
17418753
17507398
17518478
17529559
17540639
17551720
17562801
17573881
17584962
17673607
17684688
17695768
17706849
17717931
17729010
17740091
17751173
17850897
17861978
17873058
17884139
17895220
17906300
17917381
18017107
18028187
18039268
18050349
18061429
18072510
18083591
18183316
18194397
18205477
18216558
18227638
18238719
18249800
18349525
18360608
18371687
18382767
18393849
18404929
18416009
18515735
18526816
18537896
18548977
18560058
18571138
18582219
18681946
18693025
18704106
18715187
18726267
18737348
18748428
18848154
18859235
18870315
18881396
18892476
18903557
18914638
19014364
19025444
19036525
19047606
19058686
19069767
19080847
19180573
19191654
19202734
19213815
19224895
19235976
19247057
19346783
19357863
19368944
19380024
19391105
19402186
19413266
19512992
19524072
19535153
19546234
19557314
19568395
19579475
19590556
19679201
19690282
19701363
19712443
19723524
19734605
19745685
19756766
19845411
19856492
19867572
19878653
19889733
19900815
19911895
19922975
20011620
20022701
20033782
20044862
20055943
20067024
20078104
20089185
20177830
20188911
20199991
20211072
20222154
20233233
20244314
20255395
20344039
20355120
20366201
20377281
20388362
20399443
20410523
20421604
20510248
20521329
20532410
20543491
20554571
20565652
20576733
20587813
20676458
20687539
20698620
20709700
20720781
20731862
20742942
20754023
20842667
20853748
20864830
20875909
20886991
20898071
20909151
20920232
21008877
21019958
21031038
21042119
21053200
21064280
21075361
21086442
21175087
21186169
21197248
21208329
21219409
21230490
21241571
21252651
21341296
21352377
21363457
21374538
21385619
21396700
21407780
21418860
21507506
21518586
21529667
21540747
21551828
21562909
21573989
21585070
21673715
21684796
21695876
21706957
21718037
21729118
21740199
21751280
21851005
21862086
21873166
21884247
21895327
21906409
21917489
22017215
22028295
22039376
22050456
22061537
22072618
22083698
22183424
22194505
22205586
22216666
22227747
22238827
22249908
22349634
22360714
22371795
22382876
22393956
22405038
22416118
22515843
22526924
22538005
22549085
22560165
22571247
22582327
22682053
22693133
22704214
22715294
22726377
22737456
22748536
22848262
22859343
22870423
22881504
22892585
22903665
22914746
23014471
23025552
23036633
23047715
23058794
23069875
23080956
23180681
23191762
23202842
23213923
23225004
23236084
23247165
23346891
23357971
23369053
23380133
23391213
23402294
23413374
23513100
23524181
23535261
23546342
23557423
23568503
23579584
23590665
23679309
23690391
23701471
23712551
23723632
23734713
23745793
23756874
23845519
23856600
23867680
23878761
23889842
23900922
23912003
23923084
24011728
24022809
24033890
24044970
24056051
24067132
24078212
24089293
24177938
24189019
24200099
24211180
24222261
24233341
24244422
24255502
24344147
24355228
24366308
24377390
24388471
24399550
24410631
24421712
24510357
24521438
24532518
24543599
24554680
24565760
24576841
24587924
24676567
24687647
24698727
24709808
24720889
24731970
24743050
24754131
24842776
24853856
24864937
24876018
24887099
24898179
24909261
24920340
25008985
25020066
25031146
25042227
25053308
25064388
25075469
25086550
25175195
25186276
25197356
25208437
25219517
25230598
25241679
25252759
25341405
25352485
25363565
25374646
25385727
25396808
25407888
25418969
25507614
25518695
25529775
25540856
25551938
25563017
25574098
25585178
25673823
25684904
25695985
25707066
25718146
25729226
25740307
25751388
25851113
25862194
25873276
25884355
25895436
25906517
25917597
26017323
26028403
26039484
26050565
26061645
26072726
26083806
26183532
26194614
26205693
26216774
26227855
26238935
26250016
26349742
26360822
26371903
26382984
26394064
26405145
26416225
26515951
26527032
26538113
26549193
26560274
26571355
26582435
26682161
26693242
26704322
26715402
26726484
26737564
26748644
26848370
26859451
26870531
26881612
26892693
26903773
26914854
27014579
27025661
27036741
27047821
27058903
27069983
27081063
27180789
27191870
27202951
27214031
27225112
27236192
27247273
27346999
27358079
27369160
27380241
27391321
27402402
27413484
27513208
27524289
27535369
27546450
27557531
27568612
27579692
27590773
27679418
27690498
27701579
27712659
27723740
27734821
27745901
27756982
27845627
27856708
27867788
27878869
27889950
27901030
27912111
27923191
28011837
28022918
28033998
28045079
28056160
28067240
28078321
28089401
28178047
28189127
28200207
28211288
28222368
28233449
28244530
28255611
28344257
28355336
28366417
28377498
28388578
28399659
28410739
28421820
28510465
28521545
28532626
28543707
28554787
28565868
28576949
28588030
28676675
28687755
28698836
28709916
28720997
28732078
28743158
28754239
28842884
28853964
28865045
28876126
28887206
28898287
28909368
28920448
29009093
29020174
29031255
29042336
29053416
29064497
29075577
29086658
29175303
29186384
29197464
29208545
29219625
29230706
29241787
29252867
29341513
29352593
29363674
29374755
29385835
29396916
29407996
29419077
29507722
29518802
29529883
29540964
29552044
29563125
29574206
29585286
29673931
29685012
29696092
29707173
29718254
29729335
29740415
29751495
29851221
29862303
29873383
29884463
29895544
29906625
29917705
30017431
30028512
30039592
30050672
30061754
30072834
30083915
30183641
30194721
30205802
30216883
30227963
30239045
30250124
30349850
30360931
30372011
30383092
30394172
30405253
30416334
30516060
30527142
30538220
30549301
30560383
30571463
30582543
30682269
30693350
30704430
30715511
30726591
30737672
30748753
30848480
30859559
30870639
30881721
30892801
30903881
30914962
31014688
31025768
31036849
31047930
31059011
31070091
31081172
31180897
31191978
31203058
31214139
31225220
31236300
31247381
31347107
31358188
31369268
31380349
31391429
31402510
31413591
31513316
31524397
31535477
31546559
31557640
31568720
31579800
31590881
31679526
31690606
31701687
31712768
31723848
31734929
31746010
31757091
31845735
31856816
31867897
31878977
31890058
31901139
31912219
31923300
32011945
32023025
32034106
32045187
32056267
32067348
32078429
32089509
32178154
32189235
32200315
32211396
32222477
32233557
32244638
32255719
32344364
32355444
32366525
32377606
32388686
32399767
32410847
32421928
32510573
32521654
32532735
32543815
32554896
32565977
32577057
32588138
32676783
32687863
32698944
32710025
32721105
32732186
32743267
32754347
32842992
32854073
32865153
32876234
32887315
32898395
32909476
32920556
33009201
33020282
33031365
33042443
33053524
33064605
33075685
33086767
33175411
33186492
33197573
33208653
33219734
33230814
33241895
33252976
33341620
33352703
33363782
33374862
33385943
33397024
33408104
33419185
33507830
33518911
33529991
33541072
33552153
33563233
33574314
33585395
33674039
33685120
33696201
33707281
33718362
33729443
33740523
33751606
33851330
33862410
33873491
33884571
33895652
33906733
33917815
34017539
34028620
34039700
34050781
34061861
34072942
34084023
34183749
34194829
34205909
34216991
34228071
34239152
34250233
34349958
34361039
34372119
34383200
34394280
34405361
34416442
34516168
34527248
34538329
34549410
34560490
34571571
34582652
34682377
34693457
34704538
34715619
34726700
34737780
34748863
34848586
34859667
34870748
34881828
34892909
34903990
34915071
35014796
35025876
35036958
35048038
35059118
35070199
35081280
35181005
35192086
35203167
35214249
35225328
35236409
35247491
35347216
35358295
35369376
35380457
35391537
35402618
35413699
35513424
35524505
35535588
35546667
35557747
35568828
35579909
35590989
35679634
35690714
35701795
35712876
35723956
35735037
35746119
35757199
35845843
35856924
35868005
35879085
35890166
35901246
35912327
35923408
36012053
36023133
36034214
36045295
36056375
36067456
36078537
36089617
36178263
36189343
36200424
36211504
36222585
36233665
36244747
36255827
36344473
36355553
36366633
36377714
36388794
36399875
36410956
36422036
36510681
36521762
36532842
36543923
36555004
36566085
36577167
36588246
36676891
36687971
36699052
36710133
36721213
36732294
36743376
36754456
36843100
36854181
36865262
36876342
36887423
36898504
36909584
36920665
37009310
37020390
37031471
37042551
37053632
37064713
37075794
37086875
37175519
37186600
37197680
37208763
37219842
37230922
37242004
37253084
37341729
37352810
37363890
37374970
37386051
37397134
37408212
37419293
37507938
37519019
37530099
37541180
37552261
37563341
37574422
37585503
37674148
37685228
37696309
37707390
37718472
37729551
37740633
37751713
37840357
37851438
37862518
37873599
37884680
37895760
37906842
37917922
38017647
38028728
38039810
38050889
38061969
38073051
38084131
38183857
38194937
38206018
38217099
38228179
38239260
38250341
38350066
38361146
38372228
38383308
38394389
38405470
38416550
38516276
38527357
38538437
38549518
38560598
38571679
38582759
38682486
38693565
38704646
38715727
38726808
38737890
38748970
38848695
38859775
38870856
38881936
38893017
38904098
38915178
39014904
39025985
39037066
39048146
39059227
39070308
39081388
39181113
39192195
39203275
39214355
39225436
39236517
39247597
39347323
39358404
39369484
39380565
39391646
39402727
39413807
39513533
39524613
39535694
39546775
39557855
39568936
39580016
39591097
39679742
39690823
39701903
39712984
39724064
39735146
39746226
39757307
39845951
39857033
39868113
39879193
39890274
39901357
39912435
39923516
40012161
40023242
40034322
40045403
40056484
40067565
40078645
40089725
40178370
40189451
40200532
40211612
40222694
40233774
40244854
40255935
40344580
40355661
40366741
40377822
40388903
40399983
40411063
40422145
40510791
40521870
40532951
40544033
40555112
40566193
40577273
40588354
40676999
40688080
40699160
40710241
40721321
40732404
40743484
40754563
40843209
40854289
40865370
40876450
40887531
40898612
40909692
40920773
41009418
41020498
41031579
41042660
41053740
41064821
41075902
41086983
41175627
41186708
41197788
41208869
41219950
41231031
41242111
41253192
41341837
41352917
41363998
41375079
41386159
41397241
41408321
41419401
41508046
41519127
41530207
41541289
41552369
41563449
41574530
41585611
41674256
41685336
41696417
41707498
41718578
41729660
41740740
41751820
41840465
41851546
41862626
41873707
41884788
41895868
41906949
41918030
42017755
42028836
42039917
42050997
42062079
42073158
42084241
42183965
42195045
42206126
42217207
42228288
42239368
42250448
42350174
42361255
42372336
42383416
42394497
42405579
42416658
42516384
42527465
42538545
42549625
42560707
42571787
42582867
42682593
42693674
42704755
42715835
42726918
42737997
42749077
42848802
42859883
42870964
42882044
42893125
42904206
42915286
43015012
43026093
43037174
43048254
43059335
43070415
43081496
43181221
43192302
43203383
43214463
43225545
43236625
43247705
43347431
43358512
43369593
43380673
43391754
43402834
43413915
43513641
43524721
43535802
43546883
43557964
43569044
43580124
43591205
43679850
43690931
43702012
43713092
43724174
43735253
43746334
43757415
43846060
43857140
43868221
43879301
43890383
43901463
43912543
43923624
44012269
44023350
44034430
44045511
44056592
44067672
44078753
44089834
44178479
44189559
44200640
44211721
44222801
44233881
44244963
44256043
44344688
44355769
44366849
44377930
44389011
44400091
44411172
44422252
44510898
44521978
44533059
44544139
44555220
44566300
44577382
44588463
44677107
44688187
44699268
44710349
44721431
44732510
44743591
44754672
44843316
44854397
44865477
44876559
44887640
44898720
44909802
44920881
45009526
45020607
45031687
45042768
45053849
45064929
45076010
45087091
45175736
45186816
45197899
45208978
45220058
45231139
45242220
45253300
45341945
45353025
45364106
45375187
45386268
45397348
45408429
45419509
45508155
45519235
45530316
45541396
45552477
45563557
45574638
45585719
45674364
45685444
45696525
45707606
45718687
45729767
45740848
45751928
45840575
45851654
45862735
45873815
45884896
45895977
45907057
45918138
46017863
46028944
46040025
46051106
46062187
46073266
46084347
46184073
46195154
46206234
46217316
46228396
46239476
46250556
46350282
46361363
46372443
46383525
46394605
46405685
46416766
46516492
46527573
46538653
46549734
46560815
46571895
46582976
46682701
46693782
46704863
46715944
46727024
46738104
46749185
46848911
46859992
46871072
46882153
46893233
46904314
46915395
47015120
47026201
47037282
47048362
47059444
47070523
47081604
47181330
47192411
47203491
47214572
47225652
47236733
47247813
47347539
47358620
47369700
47380783
47391862
47402942
47414024
47513750
47524830
47535910
47546991
47558072
47569152
47580232
47679958
47691039
47702119
47713202
47724281
47735361
47746442
47757523
47846168
47857248
47868329
47879410
47890490
47901571
47912653
47923732
48012377
48023459
48034539
48045619
48056700
48067780
48078861
48089942
48178587
48189667
48200748
48211829
48222909
48233990
48245071
48256151
48344798
48355877
48366958
48378039
48389119
48400200
48411280
48422361
48511006
48522087
48533167
48544248
48555328
48566409
48577490
48588570
48677215
48688296
48699377
48710459
48721538
48732618
48743699
48754779
48843425
48854505
48865586
48876667
48887747
48898828
48909909
48920989
49009634
49020715
49031796
49042876
49053959
49065037
49076118
49087199
49175844
49186924
49198005
49209086
49220166
49231247
49242327
49253408
49342053
49353134
49364214
49375295
49386376
49397457
49408537
49419617
49508263
49519343
49530424
49541505
49552586
49563666
49574746
49585827
49674472
49685553
49696633
49707715
49718795
49729875
49740956
49752037
49840681
49851762
49862843
49873924
49885006
49896085
49907166
49918247
50017972
50029052
50040133
50051213
50062294
50073375
50084456
50184181
50195262
50206343
50217424
50228504
50239584
50250665
50350391
50361471
50372552
50383633
50394713
50405794
50416874
50516600
50527682
50538762
50549842
50560922
50572003
50583084
50682810
50693890
50704971
50716052
50727132
50738212
50749293
50849020
50860099
50871181
50882261
50893341
50904423
50915503
51015229
51026309
51037390
51048471
51059551
51070631
51081712
51181438
51192519
51203600
51214680
51225761
51236841
51247922
51347648
51358728
51369809
51380889
51391970
51403051
51414131
51513857
51524937
51536019
51547099
51558179
51569260
51580341
51680066
51691147
51702229
51713309
51724389
51735470
51746551
51757631
51846276
51857357
51868437
51879518
51890598
51901679
51912760
51923840
52012485
52023566
52034647
52045727
52056808
52067891
52078969
52090049
52178695
52189775
52200857
52211937
52223017
52234098
52245179
52256259
52344904
52355985
52367066
52378146
52389229
52400307
52411388
52422470
52511114
52522195
52533275
52544356
52555437
52566517
52577598
52588678
52677324
52688404
52699486
52710567
52721646
52732727
52743807
52754888
52843533
52854613
52865694
52876775
52887856
52898936
52910016
52921097
53009742
53020823
53031905
53042984
53054065
53065145
53076226
53087307
53175952
53187033
53198114
53209194
53220274
53231355
53242436
53253516
53342161
53353243
53364323
53375403
53386484
53397565
53408645
53419726
53508371
53519452
53530532
53541612
53552693
53563774
53574854
53585935
53674580
53685661
53696742
53707822
53718903
53729983
53741064
53752145
53840790
53851870
53862951
53874031
53885112
53896193
53907274
53918354
54018080
54029161
54040241
54051322
54062403
54073483
54084564
54184289
54195370
54206451
54217532
54228612
54239693
54250774
54350499
54361580
54372660
54383741
54394821
54405902
54416983
54516708
54527790
54538870
54549950
54561031
54572113
54583192
54682918
54694001
54705079
54716160
54727240
54738321
54749402
54849127
54860208
54871289
54882369
54893450
54904531
54915611
55015337
55026417
55037498
55048579
55059659
55070740
55081820
55181547
55192628
55203707
55214789
55225868
55236949
55248030
55347756
55358837
55369917
55380997
55392078
55403159
55414239
55513965
55525046
55536127
55547207
55558287
55569368
55580449
55680174
55691257
55702336
55713416
55724497
55735578
55746658
55757739
55846384
55857465
55868546
55879626
55890707
55901787
55912868
55923949
56012594
56023674
56034755
56045835
56056916
56067997
56079077
56090158
56178803
56189884
56200964
56212045
56223126
56234206
56245287
56256367
56345012
56356093
56367174
56378254
56389335
56400416
56411496
56422577
56511222
56522303
56533383
56544464
56555544
56566625
56577706
56588787
56677431
56688514
56699593
56710673
56721754
56732835
56743915
56754998
56843641
56854722
56865802
56876883
56887964
56899044
56910125
56921205
57009851
57020932
57032012
57043093
57054173
57065254
57076336
57087415
57176060
57187141
57198221
57209302
57220382
57231463
57242544
57253625
57342270
57353350
57364430
57375511
57386592
57397673
57408753
57419834
57508479
57519560
57530640
57541721
57552802
57563882
57574963
57586043
57674689
57685772
57696850
57707930
57719012
57730091
57741172
57752253
57840898
57851979
57863059
57874140
57885221
57896301
57907382
57918462
58018189
58029268
58040349
58051430
58062510
58073591
58084672
58184398
58195478
58206559
58217640
58228720
58239801
58250881
58350607
58361687
58372768
58383849
58394930
58406010
58417091
58516817
58527897
58538978
58550058
58561139
58572220
58583300
58683028
58694107
58705187
58716268
58727349
58738429
58749510
58849236
58860316
58871396
58882477
58893558
58904639
58915719
59015445
59026526
59037606
59048686
59059767
59070848
59081929
59181655
59192735
59203816
59214896
59225977
59237058
59248138
59347864
59358945
59370025
59381106
59392186
59403267
59414348
59514073
59525154
59536234
59547315
59558396
59569476
59580557
59680285
59691363
59702444
59713525
59724605
59735686
59746766
59757847
59846493
59857574
59868655
59879734
59890815
59901896
59912976
59924057
