99727
265935
432144
598354
764563
930773
1096982
1263192
1429401
1595611
1761820
1928030
2094239
2260449
2426658
2603950
2770158
2936367
3102578
3268787
3434997
3601206
3767416
3933625
4099835
4266044
4432254
4598463
4764673
4930882
5097091
5263301
5429511
5595720
5761929
5928139
6094348
6260558
6426767
6604058
6770267
6936476
7102686
7268896
7435105
7601315
7767524
7933734
8099943
8266152
8432362
8598571
8764781
8930990
9097200
9263409
9429619
9595828
9762039
9928247
10094457
10260666
10426876
10604166
10770375
10936585
11102794
11269004
11435213
11601422
11767632
11933841
12100051
12266260
12432470
12598680
12764889
12931098
13097308
13263518
13429727
13595936
13762146
13928356
14094565
14260774
14426984
14604274
14770483
14936693
15102902
15269112
15435322
15601531
15767741
15933950
16100159
16266369
16432579
16598788
16764998
16931207
17097416
17263626
17429835
17596046
17762254
17928464
18094673
18260883
18427092
18604382
18770592
18936801
19103011
19269220
19435430
19601639
19767849
19934058
20100269
20266477
20432687
20598896
20765106
20931315
21097525
21263734
21429944
21596153
21762362
21928573
22094781
22260991
22427200
22604491
22770700
22936910
23103119
23269329
23435538
23601747
23767957
23934166
24100376
24266586
24432797
24599005
24765214
24931423
25097633
25263843
25430053
25596261
25762471
25928680
26094890
26261099
26427309
26593518
26770809
26937020
27103228
27269438
27435647
27601857
27768065
27934276
28100485
28266694
28432903
28599114
28765322
28931532
29097742
29263951
29430161
29596372
29762581
29928790
30094999
30261208
30427418
30593628
30770917
30937126
31103336
31269545
31435755
31601964
31768174
31934383
32100593
32266803
32433012
32599222
32765431
32931640
33097850
33264059
33430269
33596478
33762688
33928897
34095107
34261316
34427526
34593736
34771025
34937235
35103444
35269654
35435863
35602073
35768282
35934492
36100701
36266911
36433120
36599332
36765539
36931748
37097958
37264167
37430377
37596586
37762796
37929006
38095215
38261424
38427634
38593843
38771134
38937343
39103554
39269763
39435972
39602181
39768391
39934600
40100810
40267019
40433228
40599438
40765648
40931857
41098067
41264276
41430485
41596695
41762905
41929114
42095323
42261533
42427742
42593952
42771243
42937452
43103661
43269871
43436080
43602290
43768499
43934708
44100918
44267127
44433337
44599546
44765756
44931965
45098175
45264384
45430594
45596803
45763013
45929222
46095432
46261642
46427851
46594060
46771351
46937560
47103769
47269979
47436188
47602398
47768607
47934817
48101026
48267236
48433445
48599655
48765866
48932074
49098283
49264493
49430702
49596912
49763121
49929331
50095540
50261750
50427959
50594169
50771459
50937668
51103878
51270089
51436297
51602506
51768716
51934926
52101135
52267344
52433554
52599764
52765973
52932182
53098392
53264601
53430811
53597020
53763230
53929439
54095649
54261858
54428068
54594277
54760487
54937777
55103986
55270196
55436405
55602616
55768824
55935034
56101243
56267453
56433662
56599872
56766081
56932291
57098500
57264709
57430919
57597128
57763338
57929548
58095757
58261966
58428176
58594385
58760595
58937885
59104095
59270304
59436514
59602723
59768933
59935143
