177289
343498
509708
675917
842127
1008336
1174546
1340755
1506965
1684255
1850464
2016674
2182883
2349093
2515302
2681511
2847722
3013930
3180140
3346350
3512560
3678769
3844979
4011188
4177398
4343607
4509816
4676026
4842235
5008445
5174654
5340864
5507074
5684364
5850573
6016782
6182992
6349201
6515412
6681620
6847830
7014039
7180249
7346458
7512668
7678877
7845087
8011296
8177506
8343716
8509925
8676134
8842344
9008553
9174763
9340972
9507182
9673391
9850681
10016891
10183100
10349309
10515519
10681728
10847938
11014148
11180357
11346566
11512776
11678985
11845195
12011404
12177614
12343823
12510033
12676242
12842452
13008661
13174870
13341080
13507290
13673500
13850789
14016999
14183208
14349418
14515627
14681837
14848046
15014255
15180465
15346675
15512884
15679093
15845303
16011512
16177724
16343931
16510141
16676350
16842560
17008769
17174978
17341188
17507398
17673607
17850897
18017107
18183316
18349525
18515735
18681946
18848154
19014364
19180573
19346783
19512992
19679201
19845411
20011620
20177830
20344039
20510248
20676458
20842667
21008877
21175087
21341296
21507506
21673715
21851005
22017215
22183424
22349634
22515843
22682053
22848262
23014471
23180681
23346891
23513100
23679309
23845519
24011728
24177938
24344147
24510357
24676567
24842776
25008985
25175195
25341405
25507614
25673823
25851113
26017323
26183532
26349742
26515951
26682161
26848370
27014579
27180789
27346999
27513208
27679418
27845627
28011837
28178047
28344257
28510465
28676675
28842884
29009093
29175303
29341513
29507722
29673931
29851221
30017431
30183641
30349850
30516060
30682269
30848480
31014688
31180897
31347107
31513316
31679526
31845735
32011945
32178154
32344364
32510573
32676783
32842992
33009201
33175411
33341620
33507830
33674039
33851330
34017539
34183749
34349958
34516168
34682377
34848586
35014796
35181005
35347216
35513424
35679634
35845843
36012053
36178263
36344473
36510681
36676891
36843100
37009310
37175519
37341729
37507938
37674148
37840357
38017647
38183857
38350066
38516276
38682486
38848695
39014904
39181113
39347323
39513533
39679742
39845951
40012161
40178370
40344580
40510791
40676999
40843209
41009418
41175627
41341837
41508046
41674256
41840465
42017755
42183965
42350174
42516384
42682593
42848802
43015012
43181221
43347431
43513641
43679850
43846060
44012269
44178479
44344688
44510898
44677107
44843316
45009526
45175736
45341945
45508155
45674364
45840575
46017863
46184073
46350282
46516492
46682701
46848911
47015120
47181330
47347539
47513750
47679958
47846168
48012377
48178587
48344798
48511006
48677215
48843425
49009634
49175844
49342053
49508263
49674472
49840681
50017972
50184181
50350391
50516600
50682810
50849020
51015229
51181438
51347648
51513857
51680066
51846276
52012485
52178695
52344904
52511114
52677324
52843533
53009742
53175952
53342161
53508371
53674580
53840790
54018080
54184289
54350499
54516708
54682918
54849127
55015337
55181547
55347756
55513965
55680174
55846384
56012594
56178803
56345012
56511222
56677431
56843641
57009851
57176060
57342270
57508479
57674689
57840898
58018189
58184398
58350607
58516817
58683028
58849236
59015445
59181655
59347864
59514073
59680285
59846493
