177289
343499
509708
675918
842127
1008337
1174546
1340756
1506965
1673175
1839385
2005594
2171803
2338013
2504222
2670433
2847722
3013933
3180142
3346353
3512560
3678770
3844979
4011189
4177398
4343608
4509818
4676027
4842236
5008446
5174655
5340865
5507074
5673284
5839493
6005703
6171913
6338122
6504331
6670541
6847831
7014040
7180250
7346459
7512669
7678879
7845088
8011297
8177507
8343716
8509926
8676135
8842345
9008554
9174764
9340973
9507183
9673392
9839602
10005811
10172020
10338230
10504441
10670649
10847939
11014149
11180360
11346568
11512777
11678986
11845196
12011406
12177615
12343824
12510034
12676244
12842453
13008664
13174872
13341081
13507291
13673500
13839710
14005919
14172129
14338338
14504548
14670757
14848047
15014257
15180467
15346676
15512885
15679095
15845304
16011514
16177723
16343933
16510143
16676352
16842561
17008771
17174980
17341190
17507399
17673609
17839818
18006028
18172237
18338447
18504656
18670866
18848156
19014365
19180575
19346784
19512994
19679203
19845413
20011622
20177832
20344041
20510251
20676460
20842670
21008879
21175088
21341298
21507508
21673717
21839927
22006136
22172346
22338555
22504764
22670974
22837183
23014474
23180684
23346892
23513102
23679311
23845521
24011730
24177940
24344150
24510360
24676568
24842778
25008987
25175197
25341406
25507616
25673825
25840035
26006244
26172454
26338663
26504873
26671082
26837292
27014582
27180791
27347001
27513210
27679420
27845629
28011839
28178048
28344258
28510468
28676677
28842886
29009096
29175305
29341515
29507724
29673934
29840143
30006353
30172562
30338772
30504981
30671191
30837400
31014690
31180900
31347109
31513319
31679528
31845738
32011947
32178157
32344366
32510576
32676785
32842995
33009204
33175414
33341623
33507833
33674042
33840252
34006461
34172670
34338880
34505090
34671299
34837509
35014799
35181008
35347217
35513427
35679637
35845846
36012055
36178265
36344475
36510685
36676893
36843103
37009312
37175522
37341731
37507941
37674151
37840360
38006569
38172779
38338988
38505198
38671407
38837617
39014907
39181117
39347326
39513536
39679745
39845955
40012164
40178374
40344583
40510793
40677002
40843212
41009421
41175631
41341840
41508049
41674259
41840469
42006678
42172887
42339097
42505306
42671516
42837725
43015016
43181225
43347435
43513644
43679854
43846063
44012273
44178482
44344692
44510901
44677110
44843320
45009529
45175739
45341948
45508158
45674367
45840577
46006786
46172996
46339205
46505415
46671624
46837834
47015124
47181333
47347543
47513752
47679962
47846171
48012381
48178590
48344800
48511009
48677219
48843428
49009638
49175849
49342057
49508266
49674476
49840686
50006895
50173104
50339314
50505523
50671733
50837942
51004152
51181442
51347651
51513861
51680071
51846280
52012489
52178699
52344908
52511118
52677327
52843537
53009746
53175956
53342165
53508375
53674584
53840794
54007003
54173213
54339422
54505632
54671842
54838051
55004260
55181550
55347760
55513969
55680179
55846388
56012598
56178807
56345017
56511227
56677436
56843645
57009855
57176064
57342274
57508483
57674693
57840902
58007112
58173321
58339531
58505740
58671950
58838159
59004369
59181659
59347869
59514078
59680288
59846498
