77564
243774
409985
576193
742402
908612
1074821
1241031
1407240
1573450
1739659
1916949
2083159
2249368
2415578
2581787
2747997
2914208
3080416
3246626
3412835
3579045
3745254
3911464
4077673
4243883
4410092
4576302
4742511
4908721
5074930
5241139
5407349
5573559
5739769
5905978
6083268
6249477
6415687
6581896
6748106
6914315
7080524
7246735
7412943
7579153
7745363
7911572
8077781
8243991
8410200
8576410
8742619
8908828
9075038
9241247
9407457
9573667
9739876
9906085
10083375
10249585
10415794
10582004
10748214
10914423
11080632
11246842
11413051
11579261
11745471
11911680
12077889
12244099
12410308
12576518
12742728
12908937
13075146
13241356
13407565
13573775
13739985
13906193
14083484
14249693
14415903
14582112
14748322
14914531
15080740
15246950
15413159
15579369
15745578
15911788
16077998
16244207
16410416
16576626
16742836
16909045
17075254
17241464
17407674
17573883
17740092
17906303
18083592
18249801
18416011
18582220
18748430
18914639
19080849
19247058
19413268
19579477
19745687
19911896
20078106
20244315
20410525
20576734
20742944
20909153
21075363
21241572
21407781
21573992
21740200
21906410
22083700
22249909
22416119
22582328
22748538
22914748
23080957
23247166
23413376
23579586
23745795
23912005
24078214
24244423
24410632
24576842
24743053
24909261
25075470
25241680
25407890
25574099
25740308
25906518
26083808
26250018
26416227
26582437
26748646
26914856
27081065
27247275
27413484
27579694
27745903
27912113
28078322
28244531
28410741
28576950
28743160
28909369
29075579
29241788
29407998
29574207
29740417
29906626
30083916
30250126
30416335
30582545
30748754
30914964
31081173
31247382
31413592
31579802
31746011
31912220
32078430
32244640
32410849
32577060
32743268
32909478
33075687
33241897
33408106
33574316
33740525
33906734
34072944
34250235
34416444
34582653
34748862
34915072
35081282
35247491
35413701
35579910
35746120
35912329
36078540
36244748
36410958
36577167
36743376
36909587
37075796
37242005
37408214
37574424
37740634
37906843
38073053
38250342
38416552
38582761
38748970
38915180
39081390
39247599
39413809
39580018
39746227
39912437
40078647
40244856
40411066
40577275
40743484
40909694
41075904
41242113
41408322
41574532
41740741
41906951
42073160
42250451
42416660
42582869
42749079
42915288
43081498
43247707
43413917
43580126
43746336
43912545
44078755
44244964
44411174
44577383
44743592
44909802
45076011
45242221
45408430
45574640
45740850
45907059
46073269
46250559
46416768
46582977
46749187
46915396
47081606
47247817
47414025
47580234
47746444
47912653
48078863
48245072
48411282
48577491
48743701
48909910
49076120
49242329
49408539
49574748
49740958
49907167
50073377
50250667
50416876
50583085
50749295
50915505
51081714
51247924
51414133
51580343
51746552
51912762
52078971
52245181
52411390
52577600
52743809
52910018
53076228
53242438
53408647
53574856
53741066
53907275
54073484
54250775
54416985
54583194
54749403
54915613
55081822
55248032
55414241
55580451
55746661
55912870
56079079
56245289
56411498
56577708
56743917
56910128
57076336
57242545
57408755
57574964
57741174
57907383
58073593
58250883
58417093
58583302
58749511
58915721
59081931
59248140
59414351
59580559
59746768
59912978
