166209
332419
498628
664837
831047
997256
1163466
1329675
1495885
1662094
1828304
1994513
2160723
2338013
2504224
2670432
2836641
3002851
3169060
3335270
3501480
3667691
3833898
4000108
4166317
4332527
4498737
4664946
4831155
4997365
5163574
5329784
5495994
5662203
5828412
5994622
6160831
6338121
6504331
6670540
6836749
7002959
7169168
7335378
7501587
7667797
7834006
8000216
8166425
8332635
8498845
8665054
8831263
8997474
9163682
9329892
9496101
9662311
9828520
9994730
10160939
10338229
10504439
10670648
10836858
11003067
11169276
11335486
11501697
11667905
11834114
12000324
12166534
12332743
12498952
12665162
12831371
12997581
13163790
13330000
13496209
13662419
13828628
13994838
14161047
14338338
14504547
14670756
14836966
15003176
15169385
15335594
15501804
15668013
15834223
16000432
16166641
16332851
16499061
16665270
16831480
16997689
17163899
17330108
17496317
17662527
17828736
17994946
18161156
18338446
18504655
18670864
18837074
19003283
19169493
19335703
19501912
19668121
19834331
20000540
20166750
20332959
20499169
20665378
20831587
20997797
21164009
21330216
21496426
21662635
21828845
21995054
22161264
22338554
22504763
22670973
22837182
23003392
23169601
23335811
23502020
23668230
23834439
24000649
24166858
24333068
24499277
24665487
24831696
24997906
25164115
25330325
25496534
25662744
25828953
25995163
26161372
26338662
26504871
26671081
26837291
27003500
27169710
27335919
27502129
27668338
27834548
28000757
28166967
28333176
28499386
28665596
28831805
28998015
29164223
29330433
29496642
29662852
29829061
29995271
30161480
30327690
30504980
30671190
30837399
31003608
31169818
31336027
31502238
31668446
31834656
32000866
32167075
32333284
32499494
32665703
32831913
32998122
33164332
33330541
33496751
33662960
33829170
33995379
34161588
34327798
34505088
34671297
34837507
35003717
35169926
35336135
35502345
35668554
35834766
36000973
36167183
36333392
36499602
36665811
36832021
36998230
37164440
37330649
37496859
37663068
37829278
37995487
38161697
38327906
38505196
38671406
38837615
39003825
39170035
39336244
39502453
39668663
39834872
40001082
40167291
40333501
40499711
40665920
40832130
40998339
41164549
41330758
41496967
41663177
41829386
41995596
42161806
42328015
42505305
42671514
42837724
43003933
43170143
43336353
43502562
43668772
43834981
44001191
44167400
44333609
44499819
44666028
44832238
44998447
45164657
45330866
45497078
45663285
45829495
45995705
46161914
46328123
46505413
46671623
46837832
47004042
47170251
47336461
47502670
47668880
47835089
48001300
48167508
48333718
48499927
48666136
48832346
48998556
49164765
49330974
49497184
49663394
49829603
49995812
50162022
50328231
50505523
50671731
50837941
51004150
51170360
51336569
51502779
51668988
51835197
52001407
52167617
52333826
52500035
52666245
52832454
52998664
53164873
53331083
53497292
53663503
53829711
53995921
54162131
54328340
54505630
54671839
54838049
55004258
55170468
55336677
55502887
55669096
55835306
56001515
56167725
56333934
56500144
56666353
56832563
56998772
57164982
57331191
57497401
57663612
57829820
57996029
58162239
58328448
58494658
58671948
58838157
59004367
59170576
59336786
59502995
59669205
59835414
