22161
188370
354580
520790
686999
853208
1019418
1185627
1351837
1518047
1684256
1850466
2016675
2182885
2349094
2515304
2681513
2847723
3013933
3180142
3346352
3512562
3678771
3856061
4022271
4188480
4354690
4520899
4687109
4853318
5019529
5185738
5351948
5518157
5684367
5850576
6016786
6182996
6349205
6515414
6681624
6847834
7014043
7180253
7346462
7512672
7678882
7856172
8022381
8188591
8354800
8521010
8687220
8853429
9019638
9185848
9352058
9518267
9684477
9850686
10016896
10183105
10349315
10515524
10681734
10847943
11014153
11180362
11346572
11512782
11678991
11856281
12022491
12188700
12354910
12521119
12687329
12853538
13019748
13185957
13352167
13518376
13684587
13850795
14017005
14183215
14349424
14515634
14681843
14848053
15014262
15180472
15346681
15512891
15679101
15856391
16022601
16188810
16355020
16521229
16687439
16853648
17019858
17186067
17352277
17518487
17684696
17850906
18017115
18183326
18349534
18515744
18681953
18848163
19014372
19180582
19346791
19513001
19679211
19856501
20022710
20188920
20355129
20521339
20687548
20853759
21019968
21186177
21352387
21518596
21684806
21851015
22017225
22183435
22349644
22515853
22682063
22848273
23014482
23180692
23346901
23513111
23679320
23845530
24022820
24189029
24355239
24521449
24687658
24853868
25020077
25186287
25352496
25518706
25684915
25851125
26017334
26183544
26349754
26515963
26682173
26848382
27014592
27180801
27347011
27513220
27679430
27845639
28022930
28189139
28355349
28521558
28687768
28853977
29020187
29186397
29352606
29518816
29685025
29851235
30017444
30183654
30349863
30516073
30682282
30848492
31014702
31180911
31347121
31513330
31679540
31845749
32023040
32189249
32355459
32521668
32687878
32854088
33020297
33186506
33352716
33518926
33685135
33851345
34017554
34183764
34349974
34516183
34682392
34848602
35014812
35181021
35347231
35513440
35679650
35845859
36023150
36189359
36355568
36521778
36687987
36854197
37020407
37186616
37352826
37519035
37685245
37851455
38017664
38183874
38350083
38516293
38682502
38848712
39014922
39181131
39347340
39513550
39679760
39845969
40023260
40189469
40355679
40521888
40688097
40854307
41020517
41186726
41352936
41519145
41685355
41851565
42017774
42183983
42350193
42516402
42682612
42848822
43015032
43181241
43347450
43513660
43679870
43846079
44023369
44189579
44355789
44521998
44688207
44854417
45020627
45186836
45353046
45519255
45685465
45851674
46017884
46184093
46350303
46516512
46682722
46848932
47015141
47181351
47347560
47513770
47679979
47846189
48012399
48189689
48355898
48522108
48688317
48854527
49020736
49186946
49353155
49519365
49685574
49851784
50017994
50184203
50350413
50516622
50682832
50849041
51015251
51181461
51347670
51513879
51680089
51846299
52012508
52189799
52356008
52522217
52688427
52854637
53020846
53187056
53353265
53519475
53685684
53851894
54018104
54184313
54350523
54516732
54682942
54849151
55015361
55181570
55347780
55513989
55680199
55846408
56012618
56189909
56356120
56522328
56688537
56854747
57020957
57187166
57353376
57519585
57685796
57852004
58018214
58184423
58350634
58516842
58683052
58849261
59015471
59181681
59347892
59514100
59680309
59846519
60012728
60190018
60356228
60522437
60688647
60854856
61021066
61187275
61353485
61519694
61685904
61852114
62018323
62184533
62350742
62516952
62683161
62849371
63015581
63181790
63348000
63514209
63680419
63846628
64012837
64190128
64356338
64522547
64688757
64854966
65021176
65187385
65353595
65519804
65686014
65852223
66018433
66184642
66350852
66517062
66683271
66849481
67015691
67181900
67348109
67514319
67680528
67846738
68012948
68190238
68356448
68522657
68688866
68855075
69021285
69187494
69353704
69519914
69686123
69852332
70018543
70184752
70350962
70517172
70683381
70849591
71015800
71182010
71348219
71514429
71680638
71846848
72013058
72190348
72356557
72522767
72688976
72855186
73021395
73187605
73353814
73520024
73686233
73852443
74018652
74184862
74351072
74517282
74683491
74849700
75015910
75182119
75348329
75514539
75680748
75846958
76013167
76179377
76356667
76522877
76689086
76855296
77021505
77187715
77353924
77520134
77686343
77852553
78018762
78184972
78351181
78517391
78683601
78849810
79016020
79182229
79348439
79514648
79680858
79847067
80013277
80179487
80356777
80522986
80689197
80855405
81021615
81187825
81354034
81520244
81686453
81852663
82018873
82185082
82351291
82517501
82683711
82849920
83016130
83182339
83348549
83514758
83680968
83847177
84013387
84179596
84356886
84523096
84689306
84855515
85021725
85187934
85354144
85520353
85686563
85852772
86018982
86185191
86351401
86517610
86683820
86850030
87016239
87182449
87348658
87514868
87681078
87847287
88013496
88179706
88356996
88523206
88689416
88855625
89021835
89188044
89354254
89520463
89686673
89852882
90019093
90185301
90351511
90517721
90683930
90850139
91016349
91182559
91348768
91514978
91681187
91847397
92013606
92179816
92357106
92523316
92689525
92855735
93021944
93188154
93354364
93520573
93686783
93852992
94019202
94185411
94351621
94517830
94684040
94850250
95016459
95182669
95348878
95515088
95681297
95847507
96013716
96179926
96357216
96523425
96689635
96855845
97022054
97188264
97354473
97520683
97686892
97853102
98019311
98185521
98351731
98517940
98684150
98850359
99016569
99182779
99348988
99515197
99681407
99847617
100013826
100180036
100357326
100523536
100689745
100855955
101022164
101188374
101354583
101520793
101687002
101853212
102019421
102185631
102351840
102518050
102684260
102850469
103016679
103182888
103349098
103515308
103681517
103847727
104013936
104180146
104346355
104523645
104689855
104856065
105022274
105188484
105354693
105520903
105687112
105853322
106019531
106185741
106351950
106518160
106684369
106850579
107016789
107182998
107349208
107515417
107681627
107847837
108014046
108180256
108346465
108523755
108689964
108856174
109022384
109188594
109354803
109521012
109687222
109853432
110019641
110185850
110352060
110518270
110684479
110850689
111016898
111183108
111349318
111515527
111681737
111847946
112014156
112180365
112346575
112523865
112690075
112856284
113022494
113188703
113354913
113521122
113687332
113853542
114019751
114185961
114352170
114518380
114684589
114850799
115017008
115183218
115349428
115515637
115681847
115848056
116014266
116180475
116346685
116523975
116690185
116856394
117022604
117188814
117355023
117521233
117687442
117853652
118019861
118186072
118352280
118518490
118684699
118850909
119017118
119183329
119349537
119515747
119681957
119848166
120014377
120180587
120346795
120524085
120690294
120856504
121022713
121188924
121355132
121521342
121687552
121853761
122019971
122186180
122352390
122518599
122684809
122851018
123017228
123183438
123349647
123515856
123682066
123848275
124014485
124180695
124346904
124524195
124690404
124856614
125022823
125189033
125355242
125521452
125687661
125853871
126020080
126186290
126352500
126518709
126684919
126851128
127017338
127183547
127349757
127515967
127682176
127848386
128014595
128180805
128347014
128524305
128690514
128856723
129022933
129189143
129355352
129521562
129687771
129853981
130020191
130186400
130352610
130518819
130685028
130851238
131017448
131183657
131349867
131516076
131682286
131848496
132014705
132180915
132347124
132513334
132690624
132856833
133023043
133189253
133355462
133521671
133687881
133854091
134020300
134186510
134352720
134518929
134685138
134851348
135017558
135183767
135349977
135516186
135682396
135848605
136014815
136181024
136347234
136513443
136690734
136856943
137023153
137189362
137355572
137521782
137687991
137854200
138020410
138186620
138352829
138519039
138685248
138851458
139017667
139183877
139350087
139516296
139682506
139848715
140014925
140181134
140347344
140513553
140690844
140857053
141023262
141189472
141355682
141521891
141688101
141854310
142020520
142186729
142352939
142519149
142685358
142851568
143017777
143183987
143350196
143516406
143682615
143848825
144015034
144181244
144347454
144513663
144690953
144857163
145023372
145189582
145355792
145522001
145688211
145854420
146020630
146186839
146353049
146519258
146685468
146851677
147017887
147184096
147350306
147516516
147682725
147848934
148015144
148181354
148347563
148513773
148691063
148857273
149023483
149189692
149355901
149522111
149688321
149854530
150020739
150186949
150353159
150519368
150685578
150851787
151017997
151184206
151350416
151516625
151682835
151849045
152015254
152181464
152347673
152513883
152691173
152857383
153023592
153189802
153356011
153522221
153688430
153854640
154020849
154187059
154353268
154519478
154685688
154851897
155018107
155184316
155350526
155516735
155682945
155849155
156015364
156181574
156347783
156513993
156691283
156857492
157023702
157189911
157356121
157522330
157688540
157854749
158020959
158187169
158353378
158519588
158685798
158852007
159018216
159184426
159350635
159516845
159683055
159849264
160015474
160181683
160347893
160514102
160680312
160857602
161023812
161190021
161356231
161522440
161688650
161854859
162021069
162187279
162353488
162519698
162685907
162852117
163018326
163184536
163350745
163516955
163683164
163849374
164015584
164181793
164348003
164514212
164680422
164857712
165023922
165190131
165356341
165522550
165688760
165854970
166021179
166187388
166353598
166519808
166686017
166852227
167018436
167184646
167350855
167517065
167683274
167849484
168015693
168181903
168348113
168514322
168680532
168857822
169024031
169190241
169356450
169522660
169688869
169855079
170021288
170187498
170353707
170519917
170686127
170852336
171018546
171184755
171350965
171517175
171683384
171849594
172015803
172182013
172348222
172514432
172680641
172857931
173024140
173190350
173356559
173522769
173688978
173855188
174021398
174187607
174353817
174520026
174686236
174852445
175018656
175184865
175351075
175517284
175683494
175849704
176015913
176182122
176348332
176514542
176680752
176858042
177024252
177190461
177356670
177522880
177689089
177855299
178021510
178187718
178353928
178520137
178686347
178852556
179018767
179184975
179351185
179517396
179683604
179849813
180016024
180182234
180348442
180514652
180680861
180858151
181024361
181190570
181356780
181522990
181689199
181855408
182021618
182187827
182354037
182520246
182686456
182852665
183018876
183185085
183351294
183517504
183683713
183849923
184016133
184182342
184348551
184514761
184680970
184858261
185024470
185190680
185356890
185523099
185689309
185855518
186021728
186187937
186354147
186520357
186686566
186852776
187018985
187185195
187351404
187517614
187683823
187850033
188016242
188182452
188348661
188514871
188681081
188847290
189024580
189190790
189356999
189523209
189689418
189855628
190021838
190188047
190354257
190520467
190686676
190852885
191019095
191185304
191351514
191517723
191683933
191850143
192016352
192182562
192348771
192514981
192681190
192847400
193024690
193190900
193357109
193523318
193689528
193855738
194021947
194188157
194354366
194520576
194686785
194852995
195019204
195185414
195351624
195517833
195684043
195850252
196016462
196182672
196348881
196515090
196681300
196847509
197024800
197191009
197357219
197523429
197689638
197855848
198022057
198188267
198354476
198520686
198686895
198853105
199019315
199185524
199351734
199517943
199684153
199850362
200016572
200182781
200348991
200515201
200681410
200847619
201024910
201191119
201357329
201523538
201689748
201855958
202022167
202188377
202354587
202520796
202687005
202853215
203019425
203185634
203351844
203518053
203684263
203850472
204016682
204182891
204349101
204515310
204681520
204847729
205025019
205191229
205357439
205523648
205689858
205856067
206022277
206188486
206354696
206520905
206687115
206853325
207019534
207185744
207351953
207518163
207684372
207850582
208016791
208183001
208349211
208515420
208681630
208847839
209025130
209191339
209357549
209523758
209689968
209856177
210022387
210188596
210354806
210521015
210687225
210853434
211019644
211185854
211352063
211518273
211684482
211850692
212016901
212183111
212349320
212515530
212681740
212847949
213014159
213191449
213357659
213523868
213690077
213856287
214022497
214188706
214354916
214521125
214687335
214853545
215019754
215185963
215352173
215518384
215684592
215850802
216017011
216183221
216349430
216515640
216681850
216848059
217014269
217191559
217357768
217523978
217690187
217856397
218022606
218188816
218355025
218521235
218687444
218853654
219019864
219186073
219352283
219518492
219684702
219850912
220017121
220183331
220349540
220515750
220681959
220848169
221014378
221191669
221357878
221524088
221690298
221856507
222022716
222188926
222355135
222521345
222687555
222853764
223019974
223186183
223352393
223518602
223684812
223851022
224017231
224183440
224349650
224515860
224682069
224848279
225014488
225191778
225357988
225524198
225690407
225856617
226022826
226189036
226355245
226521455
226687665
226853874
227020084
227186293
227352503
227518712
227684922
227851131
228017341
228183551
228349760
228515970
228682179
228848388
229014599
229191888
229358098
229524307
229690517
229856726
230022936
230189146
230355355
230521564
230687774
230853984
231020193
231186403
231352612
231518822
231685032
231851241
232017451
232183660
232349870
232516079
232682289
232848498
233014708
233191998
233358208
233524417
233690627
233856836
234023046
234189256
234355465
234521675
234687884
234854094
235020303
235186513
235352722
235518932
235685142
235851351
236017561
236183770
236349980
236516189
236682399
236848608
237014818
237192109
237358318
237524527
237690737
237856948
238023156
238189366
238355575
238521785
238687994
238854206
239020413
239186623
239352833
239519042
239685252
239851463
240017671
240183880
240350090
240516299
240682509
240848720
241014928
241181138
241358427
241524637
241690846
241857057
242023266
242189475
242355685
242521894
242688104
242854314
243020523
243186732
243352942
243519152
243685361
243851571
244017780
244183990
244350199
244516409
244682619
244848828
245015038
245181247
245358538
245524747
245690957
245857166
246023376
246189586
246355795
246522004
246688214
246854424
247020633
247186843
247353052
247519262
247685471
247851681
248017890
248184100
248350310
248516519
248682729
248848938
249015148
249181357
249358648
249524857
249691067
249857276
250023486
250189695
250355905
250522114
250688324
250854533
251020744
251186952
251353162
251519372
251685581
251851791
252018001
252184210
252350419
252516629
252682839
252849048
253015258
253181467
253358757
253524967
253691176
253857386
254023596
254189805
254356014
254522224
254688434
254854643
255020853
255187062
255353272
255519481
255685691
255851900
256018110
256184320
256350529
256516739
256682948
256849158
257015368
257181577
257358867
257525077
257691286
257857496
258023706
258189915
258356124
258522334
258688544
258854753
259020963
259187172
259353382
259519591
259685801
259852011
260018220
260184430
260350639
260516849
260683058
260849268
261015477
261181687
261358977
261525187
261691396
261857606
262023815
262190025
262356234
262522444
262688654
262854863
263021073
263187282
263353492
263519701
263685911
263852120
264018330
264184540
264350750
264516959
264683168
264849378
265015587
265181797
265359087
265525297
265691506
265857716
266023925
266190135
266356344
266522554
266688763
266854973
267021182
267187392
267353601
267519811
267686021
267852230
268018440
268184649
268350859
268517068
268683278
268849488
269015697
269181907
269348116
269525406
269691616
269857826
270024035
270190244
270356454
270522664
270688873
270855083
271021292
271187502
271353711
271519921
271686131
271852340
272018550
272184759
272350969
272517179
272683388
272849598
273015807
273182017
273348226
273525516
273691726
273857935
274024145
274190355
274356564
274522774
274688983
274855193
275021403
275187612
275353822
275520031
275686241
275852450
276018660
276184869
276351079
276517288
276683498
276849707
277015917
277182127
277348336
277525626
277691836
277858045
278024255
278190464
278356674
278522883
278689093
278855303
279021512
279187722
279353932
279520141
279686351
279852560
280018769
280184979
280351189
280517398
280683608
280849817
281016027
281182236
281348446
281525736
281691946
281858155
282024365
282190575
282356784
282522994
282689203
282855413
283021622
283187832
283354041
283520251
283686461
283852670
284018880
284185089
284351299
284517508
284683718
284849927
285016137
285182347
285348556
285525846
285692056
285858265
286024475
286190684
286356894
286523104
286689313
286855523
287021732
287187942
287354151
287520361
287686570
287852780
288018989
288185199
288351409
288517618
288683828
288850037
289016247
289182456
289348666
289525956
289692166
289858375
290024585
290190794
290357004
290523214
290689423
290855632
291021842
291188051
291354261
291520471
291686680
291852890
292019099
292185309
292351518
292517728
292683938
292850147
293016357
293182566
293348776
293526066
293692275
293858486
294024695
294190904
294357114
294523323
294689533
294855743
295021952
295188161
295354371
295520581
295686790
295853000
296019209
296185419
296351628
296517838
296684048
296850257
297016467
297182676
297348886
297515095
297692387
297858595
298024805
298191015
298357224
298523434
298689645
298855853
299022062
299188272
299354481
299520691
299686901
299853110
300019320
300185529
300351739
300517948
300684159
300850367
301016577
301182787
301348996
301515206
301692496
301858705
302024914
302191124
302357334
302523543
302689753
302855962
303022172
303188381
303354591
303520801
303687010
303853219
304019429
304185639
304351848
304518058
304684268
304850477
305016686
305182896
305349105
305515315
305692605
305858815
306025024
306191234
306357443
306523653
306689863
306856072
307022282
307188491
307354701
307520911
307687120
307853330
308019539
308185749
308351958
308518168
308684377
308850587
309016796
309183006
309349216
309515425
309692715
309858925
310025135
310191344
310357553
310523763
310689973
310856183
311022392
311188601
311354811
311521021
311687230
311853440
312019649
312185859
312352068
312518278
312684487
312850697
313016906
313183116
313349326
313515535
313692825
313859035
314025244
314191454
314357663
314523873
314690082
314856292
315022502
315188711
315354920
315521130
315687340
315853550
316019759
316185969
316352177
316518387
316684596
316850806
317017015
317183225
317349434
317515644
317692934
317859144
318025354
318191563
318357772
318523982
318690192
318856401
319022611
319188820
319355030
319521239
319687449
319853658
320019869
320186078
320352288
320518497
320684707
320850917
321017126
321183336
321349545
321515755
321693045
321859255
322025464
322191674
322357883
322524093
322690302
322856512
323022721
323188931
323355141
323521350
323687560
323853769
324019979
324186188
324352398
324518607
324684817
324851027
325017236
325183446
325349655
325515865
325682074
325859364
326025574
326191783
326357993
326524202
326690412
326856621
327022831
327189040
327355250
327521460
327687669
327853879
328020088
328186298
328352507
328518717
328684926
328851136
329017346
329183555
329349765
329515974
329682184
329859474
330025684
330191893
330358103
330524312
330690522
330856732
331022941
331189151
331355360
331521570
331687779
331853989
332020198
332186408
332352617
332518827
332685036
332851246
333017456
333183665
333349875
333516084
333682294
333859584
334025794
334192003
334358213
334524422
334690632
334856841
335023051
335189261
335355470
335521679
335687889
335854099
336020308
336186518
336352727
336518937
336685146
336851356
337017565
337183775
337349985
337516194
337682404
337859694
338025903
338192113
338358322
338524532
338690741
338856951
339023161
339189371
339355580
339521789
339687999
339854209
340020418
340186628
340352837
340519047
340685256
340851466
341017675
341183885
341350094
341516304
341682514
341859804
342026013
342192223
342358432
342524642
342690851
342857061
343023270
343189481
343355690
343521899
343688109
343854318
344020528
344186737
344352947
344519157
344685366
344851576
345017785
345183995
345350204
345516414
345682623
345859914
346026123
346192333
346358542
346524752
346690962
346857171
347023381
347189590
347355800
347522009
347688219
347854428
348020638
348186847
348353057
348519267
348685476
348851686
349017895
349184105
349350314
349516524
349682733
349848943
350026233
350192442
350358652
350524862
350691071
350857281
351023490
351189700
351355910
351522119
351688328
351854538
352020747
352186957
352353167
352519376
352685586
352851795
353018005
353184214
353350424
353516633
353682843
353849053
354026343
354192553
354358762
354524971
354691181
354857391
355023600
355189810
355356019
355522229
355688438
355854648
356020857
356187067
356353277
356519486
356685696
356851905
357018115
357184324
357350534
357516743
357682953
357849162
358026453
358192663
358358872
358525083
358691291
358857501
359023710
359189920
359356129
359522340
359688549
359854758
360020968
360187178
360353387
360519598
360685806
360852016
361018225
361184434
361350644
361516855
361683063
361849273
362026562
362192772
362358982
362525191
362691401
362857610
363023820
363190029
363356239
363522450
363688658
363854868
364021077
364187287
364353496
364519706
364685915
364852125
365018334
365184544
365350754
365516963
365683173
365849382
366026673
366192882
366359092
366525301
366691511
366857721
367023930
367190140
367356349
367522559
367688768
367854977
368021186
368187396
368353606
368519815
368686025
368852234
369018444
369184653
369350863
369517072
369683282
369849492
370026783
370192992
370359202
370525411
370691621
370857830
371024040
371190250
371356459
371522669
371688878
371855088
372021297
372187507
372353716
372519926
372686136
372852345
373018554
373184764
373350973
373517183
373683393
373849602
374026892
374193102
374359311
374525521
374691731
374857940
375024150
375190359
375356569
375522778
375688988
375855197
376021407
376187616
376353826
376520036
376686245
376852455
377018664
377184874
377351083
377517293
377683503
377849712
378015922
378193212
378359421
378525631
378691841
378858050
379024260
379190469
379356679
379522888
379689098
379855307
380021517
380187727
380353936
380520145
380686355
380852565
381018774
381184984
381351193
381517403
381683612
381849822
382016032
382193322
382359531
382525741
382691951
382858160
383024370
383190579
383356788
383522998
383689208
383855417
384021627
384187836
384354046
384520256
384686465
384852675
385018884
385185094
385351303
385517513
385683722
385849932
386016142
386193432
386359641
386525851
386692060
386858270
387024479
387190689
387356898
387523108
387689318
387855527
388021737
388187946
388354156
388520365
388686575
388852784
389018994
389185204
389351413
389517623
389683832
389850042
390016251
390193542
390359751
390525960
390692171
390858380
391024589
391190799
391357008
391523218
391689427
391855637
392021847
392188056
392354266
392520475
392686685
392852894
393019104
393185313
393351523
393517733
393683942
393850152
394016361
394193652
394359861
394526071
394692280
394858490
395024699
395190909
395357118
395523328
395689538
395855747
396021957
396188166
396354376
396520585
396686795
396853005
397019214
397185424
397351633
397517843
397684052
397850262
398016471
398193761
398359971
398526181
398692390
398858600
399024809
399191018
399357228
399523438
399689647
399855857
400022067
400188276
400354486
400520695
400686905
400853114
401019324
401185533
401351743
401517953
401684162
401850372
402016581
402193871
402360081
402526291
402692500
402858710
403024919
403191129
403357338
403523548
403689757
403855967
404022177
404188386
404354596
404520805
404687015
404853225
405019434
405185643
405351853
405518062
405684272
405850482
406016691
406182901
406360191
406526400
406692610
406858820
407025029
407191239
407357448
407523658
407689868
407856077
408022286
408188496
408354706
408520915
408687125
408853335
409019544
409185753
409351963
409518173
409684382
409850592
410016801
410183011
410360301
410526510
410692720
410858929
411025139
411191349
411357558
411523768
411689977
411856187
412022396
412188606
412354815
412521025
412687234
412853444
413019654
413185863
413352073
413518282
413684492
413850701
414016911
414183121
414360411
414526620
414692830
414859040
415025249
415191458
415357668
415523878
415690087
415856297
416022506
416188716
416354925
416521135
416687345
416853554
417019764
417185974
417352183
417518392
417684602
417850812
418017021
418183231
418360522
418526731
418692940
418859150
419025359
419191569
419357779
419523988
419690197
419856407
420022617
420188826
420355037
420521245
420687456
420853664
421019874
421186083
421352294
421518503
421684712
421850922
422017131
422183341
422360631
422526840
422693050
422859259
423025469
423191678
423357889
423524098
423690307
423856517
424022726
424188936
424355146
424521355
424687564
424853774
425019984
425186193
425352403
425518612
425684822
425851031
426017241
426183450
426360742
426526950
426693160
426859369
427025579
427191789
427357998
427524208
427690417
427856627
428022836
428189046
428355255
428521465
428687674
428853884
429020094
429186303
429352513
429518722
429684932
429851141
430017351
430183560
430360851
430527060
430693270
430859479
431025689
431191898
431358108
431524318
431690527
431856737
432022946
432189156
432355365
432521575
432687785
432853994
433020204
433186413
433352623
433518832
433685042
433851251
434017461
434183671
434349880
434527170
434693380
434859589
435025799
435192008
435358218
435524428
435690637
435856847
436023056
436189266
436355475
436521685
436687894
436854104
437020313
437186523
437352733
437518942
437685152
437851361
438017571
438183780
438349990
438527280
438693490
438859699
439025909
439192118
439358328
439524538
439690747
439856957
440023166
440189376
440355585
440521795
440688004
440854214
441020424
441186633
441352843
441519052
441685262
441851471
442017681
442183890
442350100
442527390
442693600
442859809
443026019
443192228
443358438
443524648
443690857
443857066
444023276
444189486
444355695
444521905
444688114
444854324
445020534
445186743
445352953
445519162
445685372
445851581
446017791
446184000
446350210
446527500
446693710
446859919
447026129
447192338
447358548
447524757
447690967
447857176
448023386
448189595
448355805
448522015
448688224
448854434
449020643
449186853
449353062
449519272
449685482
449851691
450017901
450184110
450350320
450527610
450693820
450860029
451026239
451192448
451358658
451524867
451691077
451857286
452023496
452189706
452355915
452522125
452688334
452854544
453020754
453186963
453353172
453519382
453685591
453851802
454018011
454184220
454350430
454527720
454693930
454860139
455026349
455192558
455358768
455524978
455691187
455857397
456023606
456189816
456356025
456522235
456688444
456854654
457020864
457187073
457353283
457519492
457685702
457851911
458018121
458184330
458350540
458527830
458694039
458860249
459026459
459192668
459358878
459525087
459691297
459857507
460023716
460189926
460356135
460522345
460688554
460854764
461020973
461187183
461353392
461519602
461685812
461852022
462018231
462184440
462350650
462516859
462694150
462860359
463026569
463192778
463358988
463525198
463691407
463857617
464023826
464190036
464356245
464522455
464688664
464854874
465021084
465187293
465353503
465519712
465685922
465852132
466018341
466184550
466350760
466516969
466694260
466860469
467026679
467192888
467359098
467525308
467691517
467857727
468023936
468190146
468356355
468522565
468688774
468854984
469021194
469187404
469353613
469519822
469686032
469852241
470018451
470184660
470350870
470517079
470694370
470860579
471026789
471192998
471359208
471525417
471691627
471857836
472024047
472190256
472356465
472522675
472688884
472855094
473021304
473187513
473353722
473519932
473686142
473852351
474018561
474184770
474350980
474517189
474694480
474860689
475026899
475193108
475359318
475525528
475691737
475857947
476024156
476190366
476356575
476522785
476688995
476855204
477021413
477187623
477353833
477520042
477686252
477852461
478018671
478184881
478351090
478517299
478694590
478860800
479027009
479193220
479359428
479525638
479691847
479858057
480024266
480190478
480356686
480522895
480689105
480855314
481021524
481187735
481353943
481520154
481686362
481852572
482018781
482184991
482351200
482517410
482694700
482860909
483027119
483193329
483359538
483525747
483691957
483858166
484024376
484190586
484356795
484523005
484689214
484855424
485021633
485187843
485354052
485520262
485686472
485852681
486018891
486185101
486351310
486517519
486694810
486861019
487027229
487193438
487359648
487525857
487692067
487858277
488024486
488190696
488356905
488523115
488689325
488855534
489021744
489187953
489354162
489520372
489686582
489852791
490019001
490185210
490351420
490517630
490683839
490861129
491027339
491193549
491359758
491525968
491692177
491858387
492024596
492190806
492357017
492523225
492689434
492855644
493021854
493188063
493354273
493520482
493686692
493852901
494019111
494185321
494351530
494517740
494683949
494861239
495027449
495193658
495359868
495526077
495692287
495858497
496024706
496190916
496357125
496523335
496689544
496855754
497021964
497188173
497354383
497520592
497686802
497853011
498019221
498185430
498351640
498517849
498684059
498861350
499027559
499193769
499359978
499526188
499692397
499858607
500024816
500191026
500357235
500523445
500689654
500855864
501022074
501188283
501354493
501520702
501686912
501853121
502019331
502185540
502351750
502517960
502684169
502861459
503027669
503193879
503360088
503526298
503692507
503858717
504024926
504191136
504357345
504523555
504689764
504855974
505022184
505188393
505354603
505520812
505687022
505853231
506019441
506185650
506351860
506518070
506684279
506861569
507027779
507193988
507360198
507526408
507692617
507858826
508025036
508191246
508357455
508523665
508689874
508856084
509022294
509188503
509354713
509520922
509687132
509853341
510019551
510185761
510351970
510518180
510684389
510861679
511027889
511194098
511360308
511526518
511692727
511858937
512025146
512191356
512357565
512523775
512689984
512856194
513022404
513188613
513354823
513521032
513687242
513853451
514019661
514185870
514352080
514518290
514684499
514850709
515027999
515194209
515360418
515526628
515692837
515859047
516025256
516191466
516357675
516523885
516690095
516856304
517022514
517188723
517354933
517521142
517687352
517853562
518019771
518185980
518352190
518518399
518684609
518850819
519028109
519194318
519360528
519526738
519692947
519859157
520025366
520191576
520357785
520523995
520690204
520856414
521022623
521188833
521355042
521521252
521687462
521853671
522019881
522186090
522352300
522518509
522684720
522850929
523028219
523194429
523360638
523526847
523693057
523859267
524025476
524191686
524357895
524524105
524690314
524856524
525022734
525188943
525355153
525521362
525687572
525853782
526019991
526186200
526352410
526518620
526684829
526851039
527028329
527194538
527360748
527526958
527693167
527859377
528025586
528191796
528358005
528524215
528690425
528856634
529022844
529189053
529355263
529521472
529687682
529853892
530020101
530186310
530352520
530518729
530684939
530851149
531028439
531194648
531360858
531527067
531693277
531859487
532025696
532191906
532358115
532524325
532690534
532856744
533022953
533189163
533355373
533521582
533687792
533854002
534020211
534186421
534352630
534518840
534685049
534851259
535028549
535194759
535360968
535527177
535693387
535859597
536025806
536192016
536358225
536524435
536690644
536856854
537023064
537189273
537355483
537521692
537687902
537854112
538020321
538186530
538352740
538518950
538685159
538851369
539028660
539194869
539361078
539527288
539693497
539859707
540025918
540192126
540358335
540524546
540690755
540856964
541023175
541189383
541355593
541521802
541688012
541854222
542020431
542186641
542352850
542519060
542685271
542851479
543017689
543194978
543361188
543527397
543693607
543859817
544026027
544192236
544358445
544524655
544690864
544857074
545023284
545189493
545355702
545521912
545688122
545854331
546020542
546186750
546352960
546519169
546685379
546851589
547017799
547195089
547361298
547527507
547693717
547859927
548026136
548192346
548358555
548524765
548690975
548857184
549023394
549189603
549355813
549522022
549688232
549854441
550020651
550186861
550353070
550519280
550685489
550851699
551017908
551195199
551361408
551527618
551693827
551860037
552026246
552192457
552358665
552524875
552691085
552857295
553023504
553189713
553355923
553522132
553688342
553854551
554020761
554186971
554353180
554519390
554685599
554851809
555018018
555195309
555361518
555527727
555693937
555860147
556026356
556192566
556358775
556524985
556691194
556857404
557023614
557189823
557356033
557522242
557688452
557854661
558020871
558187081
558353290
558519500
558685709
558851919
559018128
559195419
559361628
559527838
559694047
559860257
560026466
560192676
560358886
560525095
560691305
560857514
561023724
561189933
561356143
561522352
561688562
561854771
562020981
562187191
562353400
562519610
562685819
562852029
563018238
563195529
563361738
563527948
563694157
563860367
564026576
564192786
564358996
564525205
564691415
564857624
565023834
565190043
565356253
565522462
565688672
565854881
566021091
566187301
566353510
566519720
566685929
566852139
567018348
567195638
567361848
567528058
567694267
567860477
568026686
568192896
568359106
568525315
568691524
568857734
569023943
569190153
569356363
569522572
569688782
569854992
570021201
570187410
570353621
570519830
570686039
570852249
571018458
571184667
571361958
571528168
571694377
571860587
572026796
572193006
572359216
572525425
572691634
572857844
573024054
573190263
573356473
573522682
573688892
573855101
574021311
574187520
574353730
574519939
574686148
574852358
575018568
575184778
575362068
575528278
575694487
575860697
576026906
576193116
576359325
576525535
576691745
576857954
577024164
577190373
577356583
577522792
577689002
577855211
578021421
578187631
578353840
578520050
578686259
578852469
579018678
579184888
579362178
579528388
579694597
579860807
580027016
580193226
580359435
580525645
580691854
580858064
581024274
581190483
581356693
581522902
581689112
581855321
582021531
582187740
582353950
582520160
582686369
582852579
583018788
583184998
583362288
583528497
583694707
583860917
584027126
584193336
584359545
584525755
584691965
584858174
585024384
585190593
585356803
585523012
585689222
585855431
586021641
586187851
586354060
586520270
586686479
586852689
587018898
587185108
587362398
587528607
587694817
587861027
588027236
588193446
588359655
588525865
588692075
588858284
589024494
589190703
589356913
589523122
589689332
589855542
590021751
590187960
590354170
590520380
590686589
590852799
591019008
591185218
591362508
591528717
591694927
591861137
592027346
592193556
592359765
592525975
592692185
592858394
593024604
593190813
593357023
593523232
593689442
593855651
594021861
594188070
594354280
594520490
594686699
594852909
595019118
595185328
595362619
595528828
595695037
595861247
596027456
596193666
596359875
596526085
596692295
596858504
597024714
597190923
597357133
597523343
597689552
597855762
598021971
598188180
598354390
598520600
598686809
598853019
599019228
599185438
599351648
599528938
599695147
599861359
