11081
110806
277015
443225
609435
775644
941853
1108063
1274273
1440483
1606693
1772902
1939112
2116402
2282611
2448821
2615030
2781240
2947449
3113659
3279868
3446078
3612288
3778497
3944706
4110916
4277126
4443335
4609545
4775754
4941964
5108174
5274383
5440592
5606802
5773011
5939221
6116511
6282721
6448931
6615140
6781349
6947559
7113768
7279978
7446187
7612397
7778607
7944816
8111025
8277235
8443445
8609654
8775864
8942073
9108282
9274493
9440702
9606911
9773121
9939331
10116621
10282830
10449039
10615249
10781459
10947668
11113878
11280088
11446297
11612506
11778716
11944925
12111135
12277345
12443554
12609764
12775973
12942182
13108392
13274602
13440811
13607021
13773230
13939440
14105649
14282939
14449149
14615359
14781568
14947778
15113987
15280196
15446406
15612616
15778825
15945035
16111244
16277454
16443663
16609873
16776083
16942292
17108501
17274711
17440920
17607130
17773340
17939549
18105759
18283049
18449258
18615468
18781678
18947887
19114097
19280306
19446516
19612725
19778935
19945144
20111354
20277563
20443773
20609982
20776192
20942401
21108611
21274820
21441030
21607240
21773449
21939659
22105868
22283158
22449368
22615578
22781787
22947998
23114206
23280416
23446625
23612835
23779044
23945255
24111463
24277673
24443883
24610092
24776302
24942512
25108721
25274930
25441140
25607349
25773559
25939770
26105978
26283267
26449477
26615687
26781896
26948106
27114315
27280525
27446734
27612944
27779153
27945364
28111573
28277782
28443991
28610201
28776411
28942620
29108829
29275039
29441249
29607458
29773668
29939878
30106087
30283377
30449587
30615796
30782006
30948215
31114425
31280634
31446844
31613053
31779263
31945473
32111682
32277892
32444101
32610311
32776520
32942730
33108939
33275149
33441358
33607568
33773777
33939987
34106196
34283487
34449696
34615906
34782115
34948325
35114534
35280744
35446953
35613163
35779373
35945582
36111792
36278001
36444210
36610420
36776630
36942839
37109049
37275258
37441468
37607677
37773887
37940096
38106306
38272515
38449805
38616015
38782224
38948434
39114644
39280853
39447063
39613272
39779482
39945691
40111901
40278110
40444320
40610530
40776739
40942948
41109158
41275367
41441577
41607786
41773996
41940206
42106415
42272625
42449915
42616125
42782334
42948543
43114753
43280963
43447172
43613382
43779591
43945801
44112010
44278220
44444429
44610639
44776849
44943058
45109267
45275477
45441687
45607896
45774106
45940315
46106525
46272734
46450024
46616235
46782444
46948653
47114862
47281072
47447282
47613491
47779701
47945910
48112120
48278329
48444539
48610748
48776958
48943168
49109377
49275587
49441796
49608006
49774215
49940425
50106634
50272844
50450134
50616343
50782553
50948763
51114972
51281182
51447391
51613601
51779810
51946020
52112229
52278439
52444648
52610858
52777067
52943277
53109486
53275696
53441905
53608115
53774324
53940534
54106744
54272953
54450243
54616453
54782662
54948872
55115082
55281291
55447501
55613710
55779920
55946129
56112339
56278548
56444758
56610967
56777177
56943386
57109596
57275806
57442015
57608225
57774434
57940644
58106853
58273063
58450353
58616563
58782772
58948982
59115191
59281401
59447610
59613820
59780029
59946239
60112448
60278658
60444867
60611077
60777286
60943496
61109705
61275915
61442125
61608334
61774543
61940753
62106964
62273172
62450463
62616672
62782881
62949091
63115300
63281510
63447720
63613929
63780139
63946348
64112558
64278767
64444977
64611186
64777396
64943605
65109815
65276025
65442235
65608444
65774653
65940863
66107072
66273282
66439491
66616782
66782991
66949201
67115410
67281620
67447829
67614039
67780248
67946458
68112667
68278877
68445086
68611296
68777506
68943715
69109925
69276134
69442344
69608553
69774763
69940972
70107182
70273391
70439601
70616891
70783101
70949310
71115520
71281729
71447939
71614148
71780358
71946567
72112777
72278987
72445196
72611406
72777616
72943825
73110034
73276244
73442453
73608663
73774872
73941082
74107291
74273501
74439710
74617001
74783210
74949420
75115629
75281839
75448048
75614258
75780467
75946677
76112886
76279096
76445305
76611515
76777725
76943934
77110144
77276353
77442563
77608773
77774982
77941191
78107401
78273611
78439820
78617110
78783320
78949529
79115739
79281948
79448158
79614368
79780577
79946786
80112996
80279206
80445415
80611625
80777834
80944044
81110253
81276463
81442672
81608882
81775092
81941301
82107511
82273720
82439930
82617220
82783431
82949639
83115849
83282058
83448268
83614477
83780688
83946896
84113106
84279315
84445526
84611734
84777945
84944154
85110364
85276573
85442782
85608992
85775203
85941411
86107620
86273830
86440039
86617329
86783539
86949748
87115958
87282167
87448377
87614586
87780796
87947005
88113215
88279425
88445634
88611844
88778053
88944263
89110472
89276682
89442891
89609101
89775311
89941520
90107730
90273939
90440149
90617439
90783649
90949858
91116068
91282277
91448487
91614696
91780906
91947115
92113325
92279534
92445744
92611953
92778163
92944372
93110582
93276792
93443001
93609211
93775420
93941630
94107839
94274049
94440258
94606468
94783758
94949968
95116177
95282387
95448596
95614806
95781015
95947225
96113434
96279644
96445853
96612063
96778273
96944482
97110691
97276901
97443111
97609320
97775530
97941740
98107949
98274158
98440368
98606578
98783868
98950077
99116286
99282496
99448706
99614915
99781125
99947334
100113544
100279753
100445963
100612173
100778382
100944591
101110801
101277011
101443220
101609430
101775639
101941849
102108058
102274268
102440477
102606687
102783977
102950187
103116396
103282606
103448815
103615025
103781234
103947444
104113654
104279863
104446073
104612282
104778492
104944701
105110911
105277120
105443330
105609539
105775749
105941959
106108168
106274378
106440587
106606797
106784087
106950296
107116506
107282716
107448925
107615135
107781344
107947554
108113763
108279973
108446182
108612392
108778601
108944811
109111020
109277230
109443439
109609649
109775858
109942068
110108278
110274487
110440697
110606906
110784196
110950406
111116615
111282825
111449035
111615244
111781454
111947663
112113873
112280082
112446292
112612501
112778711
112944920
113111130
113277340
113443549
113609758
113775968
113942177
114108388
114274597
114440806
114607015
114784306
114950515
115116725
115282935
115449144
115615354
115781563
115947773
116113982
116280192
116446401
116612611
116778821
116945030
117111239
117277449
117443659
117609868
117776078
117942287
118108497
118274706
118440916
118607125
118784416
118950625
119116835
119283045
119449254
119615463
119781673
119947882
120114092
120280302
120446511
120612721
120778930
120945140
121111349
121277559
121443769
121609978
121776187
121942397
122108607
122274816
122441025
122607235
122773445
122950735
123116944
123283154
123449364
123615573
123781782
123947992
124114202
124280412
124446620
124612830
124779040
124945249
125111459
125277668
125443878
125610087
125776297
125942506
126108716
126274926
126441135
126607345
126773554
126950844
127117054
127283263
127449473
127615683
127781892
127948102
128114311
128280521
128446730
128612940
128779149
128945359
129111569
129277778
129443988
129610197
129776407
129942616
130108826
130275036
130441245
130607454
130773664
130950954
131117164
131283373
131449583
131615792
131782002
131948211
132114421
132280630
132446840
132613049
132779259
132945469
133111678
133277888
133444097
133610307
133776517
133942726
134108935
134275145
134441355
134607564
134773774
134951064
135117273
135283483
135449693
135615902
135782111
135948321
136114530
136280740
136446950
136613159
136779369
136945578
137111788
137277997
137444207
137610416
137776626
137942835
138109045
138275255
138441464
138607674
138773883
138951173
139117383
139283592
139449802
139616012
139782221
139948431
140114640
140280850
140447059
140613269
140779478
140945688
141111898
141278107
141444316
141610527
141776736
141942945
142109155
142275365
142441574
142607783
142773993
142951284
143117493
143283702
143449912
143616123
143782331
143948541
144114750
144280960
144447170
144613380
144779588
144945798
145112007
145278217
145444427
145610637
145776846
145943055
146109265
146275474
146441684
146607895
146774103
146951393
147117603
147283812
147450021
147616231
147782440
147948650
148114859
148281069
148447278
148613488
148779697
148945907
149112117
149278326
149444536
149610745
149776955
149943164
150109374
150275583
150441793
150608003
150774212
150940421
151117712
151283921
151450131
151616340
151782550
151948759
152114969
152281179
152447388
152613598
152779807
152946017
153112226
153278436
153444645
153610855
153777065
153943274
154109484
154275693
154441903
154608112
154774322
154940531
155117822
155284031
155450241
155616450
155782660
155948870
156115079
156281288
156447498
156613708
156779917
156946127
157112336
157278546
157444755
157610965
157777174
157943384
158109593
158275803
158442012
158608222
158774432
158940641
159117931
159284140
159450350
159616560
159782769
159948979
160115188
160281398
160447608
160613817
160780027
160946236
161112446
161278655
161444865
161611074
161777284
161943493
162109703
162275912
162442122
162608331
162774541
162940750
163118041
163284251
163450460
163616670
163782879
163949089
164115298
164281508
164447717
164613927
164780136
164946346
165112555
165278765
165444975
165611184
165777394
165943603
166109813
166276022
166442232
166608441
166774651
166940860
167118151
167284360
167450570
167616779
167782989
167949198
168115408
168281617
168447827
168614036
168780246
168946456
169112665
169278874
169445084
169611294
169777503
169943713
170109922
170276132
170442341
170608551
170774760
170940970
171118260
171284470
171450679
171616889
171783098
171949308
172115517
172281727
172447936
172614146
172780355
172946565
173112774
173278984
173445193
173611403
173777613
173943822
174110032
174276241
174442451
174608660
174774870
174941080
175118370
175284579
175450789
175616998
175783208
175949418
176115627
176281837
176448046
176614256
176780465
176946675
177112884
177279094
177445303
177611513
177777723
177943932
178110141
178276351
178442561
178608770
178774980
178941189
179107399
179284689
179450899
179617108
179783318
179949527
180115737
180281946
180448156
180614365
180780575
180946785
181112994
181279204
181445413
181611623
181777832
181944042
182110251
182276461
182442670
182608880
182775089
182941301
183107509
183284799
183451008
183617217
183783427
183949637
184115847
184282056
184448265
184614475
184780685
184946894
185113104
185279313
185445523
185611732
185777942
185944151
186110361
186276570
186442780
186608989
186775199
186941408
187107618
187284908
187451118
187617328
187783537
187949746
188115956
188282166
188448375
188614585
188780794
188947004
189113213
189279423
189445633
189611842
189778052
189944261
190110471
190276680
190442890
190609099
190775309
190941519
191107728
191285018
191451228
191617437
191783647
191949856
192116066
192282275
192448485
192614695
192780904
192947114
193113323
193279533
193445742
193611952
193778161
193944371
194110580
194276790
194442999
194609209
194775419
194941629
195107838
195285128
195451337
195617547
195783756
195949966
196116175
196282385
196448595
196614804
196781014
196947223
197113433
197279642
197445852
197612061
197778271
197944480
198110690
198276900
198443109
198609319
198775528
198941738
199107947
199285238
199451447
199617656
199783866
199950075
200116285
200282495
200448704
200614914
200781123
200947333
201113543
201279752
201445961
201612171
201778381
201944590
202110800
202277009
202443219
202609428
202775638
202941847
203108057
203274267
203451557
203617766
203783976
203950186
204116395
204282605
204448816
204615025
204781233
204947443
205113653
205279862
205446073
205612281
205778491
205944700
206110910
206277119
206443330
206609538
206775748
206941957
207108167
207274376
207451666
207617876
207784085
207950295
208116505
208282714
208448924
208615133
208781344
208947552
209113762
209279971
209446181
209612390
209778600
209944809
210111019
210277228
210443439
210609647
210775857
210942067
211108276
211274486
211451776
211617986
211784195
211950405
212116614
212282824
212449033
212615243
212781452
212947662
213113871
213280081
213446290
213612500
213778710
213944919
214111129
214277338
214443548
214609757
214775967
214942176
215108386
215274596
215451886
215618096
215784305
215950514
216116724
216282934
216449143
216615353
216781562
216947772
217113981
217280191
217446400
217612610
217778819
217945029
218111238
218277448
218443657
218609867
218776076
218942286
219108496
219274705
219451995
219618205
219784414
219950624
220116833
220283043
220449253
220615462
220781671
220947881
221114091
221280300
221446510
221612719
221778929
221945138
222111348
222277558
222443767
222609977
222776186
222942396
223108605
223274815
223452105
223618315
223784524
223950733
224116943
224283153
224449362
224615572
224781781
224947991
225114201
225280410
225446619
225612829
225779039
225945248
226111458
226277668
226443877
226610086
226776296
226942506
227108715
227274924
227452215
227618425
227784634
227950843
228117053
228283262
228449472
228615682
228781891
228948101
229114310
229280520
229446729
229612940
229779149
229945358
230111567
230277777
230443986
230610196
230776406
230942615
231108825
231275034
231441244
231618534
231784744
231950953
232117162
232283372
232449581
232615791
232782001
232948210
233114420
233280629
233446839
233613048
233779258
233945467
234111677
234277887
234444096
234610305
234776515
234942725
235108934
235275144
235441353
235618644
235784853
235951063
236117272
236283482
236449692
236615901
236782111
236948320
237114529
237280739
237446948
237613158
237779368
237945577
238111787
238277996
238444206
238610416
238776625
238942834
239109044
239275254
239441463
239618753
239784963
239951173
240117382
240283591
240449801
240616011
240782220
240948430
241114639
241280849
241447058
241613268
241779477
241945687
242111896
242278106
242444315
242610525
242776735
242942944
243109154
243275363
243441573
243618863
243785072
243951282
244117491
244283701
244449911
244616120
244782330
244948539
245114749
245280959
245447168
245613377
245779587
245945797
246112006
246278216
246444425
246610635
246776844
246943054
247109263
247275473
247441682
247618973
247785182
247951392
248117601
248283811
248450020
248616230
248782440
248948649
249114859
249281068
249447278
249613487
249779697
249945906
250112116
250278325
250444535
250610745
250776954
250943164
251109373
251275583
251441792
251619082
251785292
251951502
252117711
252283921
252450130
252616340
252782549
252948759
253114968
253281178
253447388
253613597
253779807
253946016
254112226
254278435
254444645
254610854
254777064
254943273
255109483
255275692
255441902
255619192
255785402
255951611
256117821
256284030
256450240
256616449
256782659
256948868
257115078
257281288
257447497
257613707
257779916
257946126
258112336
258278545
258444754
258610964
258777174
258943383
259109593
259275802
259442012
259608221
259785511
259951721
260117931
260284140
260450350
260616559
260782769
260948978
261115188
261281397
261447607
261613816
261780026
261946235
262112445
262278655
262444864
262611074
262777283
262943493
263109702
263275912
263442121
263608331
263785621
263951831
264118040
264284251
264450460
264616669
264782879
264949088
265115298
265281509
265447717
265613927
265780136
265946345
266112556
266278766
266444974
266611184
266777394
266943603
267109813
267276023
267442232
267608441
267785731
267951940
268118150
268284360
268450569
268616778
268782988
268949198
269115407
269281617
269447826
269614036
269780245
269946455
270112665
270278875
270445083
270611293
270777503
270943712
271109922
271276132
271442341
271608550
271785841
271952050
272118260
272284469
272450679
272616888
272783098
272949307
273115517
273281727
273447936
273614146
273780355
273946565
274112775
274278984
274445194
274611403
274777613
274943822
275110032
275276241
275442451
275608660
275785951
275952160
276118369
276284579
276450789
276616998
276783209
276949417
277115627
277281836
277448046
277614256
277780465
277946674
278112884
278279094
278445303
278611513
278777722
278943932
279110141
279276351
279442561
279608770
279786060
279952270
280118479
280284689
280450898
280617108
280783318
280949527
281115736
281281946
281448156
281614365
281780575
281946784
282112994
282279203
282445413
282611622
282777832
282944041
283110251
283276461
283442670
283608880
283786170
283952380
284118589
284284799
284451008
284617218
284783428
284949637
285115846
285282056
285448265
285614475
285780684
285946894
286113104
286279313
286445523
286611732
286777942
286944151
287110361
287276570
287442780
287608990
287775199
287952489
288118699
288284908
288451118
288617328
288783537
288949747
289115956
289282166
289448376
289614585
289780794
289947004
290113214
290279423
290445633
290611842
290778052
290944262
291110471
291276680
291442890
291609099
291775309
291952599
292118809
292285018
292451228
292617437
292783647
292949856
293116066
293282275
293448485
293614695
293780904
293947113
294113323
294279533
294445742
294611952
294778161
294944372
295110580
295276790
295442999
295609209
295775419
295952709
296118918
296285128
296451337
296617547
296783757
296949966
297116176
297282385
297448595
297614804
297781014
297947223
298113433
298279643
298445852
298612061
298778271
298944481
299110690
299276900
299443109
299609319
299775528
299952819
300119028
300285238
300451447
300617657
300783866
300950076
301116285
301282495
301448705
301614914
301781124
301947333
302113543
302279752
302445962
302612171
302778381
302944591
303110800
303277009
303443219
303609429
303775638
303952928
304119138
304285347
304451557
304617767
304783976
304950186
305116395
305282605
305448814
305615024
305781233
305947443
306113652
306279862
306446072
306612281
306778491
306944700
307110910
307277119
307443329
307609539
307775748
307953038
308119248
308285457
308451667
308617876
308784086
308950295
309116505
309282714
309448924
309615134
309781343
309947553
310113762
310279972
310446181
310612391
310778601
310944810
311111020
311277229
311443439
311609648
311775858
311953148
312119357
312285567
312451777
312617986
312784196
312950405
313116615
313282824
313449034
313615243
313781453
313947663
314113872
314280082
314446291
314612501
314778710
314944921
315111129
315277339
315443548
315609758
315775967
315942177
316119467
316285677
316451886
316618096
316784305
316950515
317116724
317282934
317449144
317615353
317781563
317947772
318113982
318280191
318446401
318612610
318778820
318945030
319111239
319277448
319443658
319609868
319776077
319942287
320119577
320285787
320451996
320618206
320784415
320950625
321116834
321283044
321449253
321615463
321781672
321947882
322114091
322280301
322446511
322612720
322778930
322945139
323111349
323277558
323443768
323609978
323776187
323942396
324119688
324285898
324452106
324618316
324784525
324950735
325116946
325283154
325449363
325615573
325781782
325947992
326114203
326280411
326446621
326612830
326779040
326945249
327111460
327277668
327443878
327610087
327776297
327942507
328119797
328286006
328452215
328618425
328784634
328950844
329117054
329283263
329449473
329615683
329781892
329948101
330114312
330280520
330446730
330612939
330779149
330945359
331111569
331277778
331443987
331610197
331776406
331942616
332119906
332286116
332452325
332618535
332784744
332950954
333117163
333283373
333449583
333615792
333782002
333948211
334114421
334280630
334446840
334613049
334779259
334945469
335111678
335277888
335444097
335610307
335776516
335942726
336120016
336286226
336452435
336618645
336784854
336951064
337117274
337283483
337449692
337615902
337782111
337948321
338114530
338280740
338446950
338613159
338779369
338945578
339111788
339277998
339444207
339610417
339776626
339942836
340109045
340286335
340452545
340618754
340784964
340951173
341117383
341283593
341449802
341616011
341782221
341948430
342114640
342280850
342447059
342613269
342779478
342945688
343111897
343278107
343444316
343610526
343776735
343942945
344109155
344286445
344452655
344618864
344785074
344951283
345117493
345283702
345449912
345616121
345782331
345948541
346114750
346280960
346447170
346613379
346779588
346945798
347112007
347278217
347444426
347610636
347776845
347943055
348109265
348286555
348452765
348618974
348785183
348951393
349117603
349283812
349450022
349616231
349782441
349948650
350114860
350281069
350447279
350613489
350779698
350945908
351112117
351278327
351444536
351610746
351776955
351943165
352109374
352286664
352452874
352619084
352785293
352951503
353117713
353283922
353450132
353616341
353782550
353948760
354114969
354281179
354447389
354613598
354779808
354946017
355112227
355278436
355444646
355610855
355777065
355943274
356109484
356286774
356452984
356619193
356785403
356951612
357117822
357284032
357450241
357616451
357782660
357948870
358115079
358281289
358447498
358613708
358779917
358946127
359112337
359278546
359444756
359610965
359777175
359943384
360109594
360286884
360453094
360619304
360785513
360951722
361117932
361284141
361450351
361616561
361782770
361948980
362115189
362281399
362447608
362613818
362780027
362946237
363112446
363278656
363444866
363611075
363777285
363943494
364109704
364286994
364453203
364619413
364785622
364951832
365118041
365284251
365450461
365616670
365782880
365949090
366115299
366281508
366447718
366613928
366780137
366946346
367112556
367278766
367444975
367611185
367777394
367943604
368109813
368276023
368453313
368619523
368785732
368951942
369118151
369284361
369450571
369616780
369782990
369949199
370115409
370281618
370447828
370614037
370780247
370946456
371112666
371278876
371445085
371611294
371777504
371943714
372109924
372276133
372453423
372619633
372785842
372952052
373118261
373284471
373450680
373616890
373783099
373949309
374115518
374281728
374447937
374614147
374780357
374946566
375112776
375278985
375445195
375611404
375777614
375943823
376110034
376276243
376453533
376619742
376785952
376952161
377118371
377284580
377450790
377616999
377783209
377949419
378115628
378281838
378448047
378614257
378780467
378946676
379112885
379279095
379445304
379611514
379777724
379943933
380110143
380276352
380453642
380619852
380786062
380952271
381118481
381284690
381450900
381617109
381783319
381949528
382115738
382281947
382448157
382614367
382780576
382946786
383112995
383279205
383445414
383611624
383777833
383944043
384110253
384276462
384453752
384619962
384786172
384952382
385118591
385284800
385451010
385617220
385783429
385949640
386115848
386282057
386448267
386614477
386780686
386946897
387113105
387279315
387445524
387611734
387777944
387944154
388110363
388276572
388453862
388620071
388786281
388952491
389118700
389284910
389451119
389617329
389783539
389949749
390115957
390282167
390448377
390614586
390780795
390947006
391113215
391279424
391445634
391611843
391778053
391944263
392110472
392276681
392453972
392620181
392786391
392952600
393118810
393285020
393451229
393617439
393783648
393949858
394116067
394282277
394448487
394614696
394780906
394947115
395113325
395279535
395445744
395611953
395778163
395944373
396110582
396276792
396443001
396620291
396786501
396952710
397118920
397285130
397451339
397617548
397783758
397949968
398116177
398282387
398448596
398614806
398781015
398947225
399113435
399279644
399445853
399612063
399778273
399944482
400110692
400276901
400443111
400620401
400786610
400952820
401119030
401285239
401451448
401617658
401783868
401950077
402116287
402282496
402448706
402614915
402781125
402947335
403113544
403279754
403445963
403612173
403778382
403944592
404110802
404277011
404443220
404620511
404786720
404952930
405119139
405285349
405451558
405617768
405783978
405950187
406116397
406282606
406448816
406615025
406781235
406947445
407113654
407279863
407446073
407612283
407778492
407944702
408110912
408277121
408443330
408620620
408786830
408953040
409119249
409285459
409451668
409617878
409784087
409950297
410116507
410282716
410448926
410615135
410781345
410947554
411113764
411279973
411446183
411612392
411778602
411944811
412111021
412277231
412443440
412620730
412786940
412953149
413119359
413285569
413451778
413617989
413784197
413950407
414116616
414282826
414449035
414615245
414781455
414947664
415113873
415280083
415446292
415612502
415778712
415944921
416111131
416277341
416443550
416620840
416787050
416953259
417119469
417285678
417451888
417618097
417784307
417950517
418116726
418282936
418449145
418615355
418781564
418947774
419113983
419280193
419446402
419612612
419778822
419945031
420111241
420277450
420443660
420620950
420787160
420953369
421119579
421285788
421451998
421618207
421784417
421950626
422116836
422283045
422449256
422615465
422781674
422947884
423114093
423280303
423446512
423612722
423778931
423945141
424111350
424277560
424443770
424609979
424787269
424953479
425119688
425285898
425452108
425618317
425784527
425950736
426116946
426283155
426449365
426615574
426781784
426947993
427114203
427280413
427446622
427612832
427779041
427945251
428111460
428277670
428443879
428610089
428787379
428953589
429119799
429286008
429452218
429618427
429784636
429950846
430117056
430283265
430449474
430615684
430781894
430948103
431114313
431280523
431446732
431612942
431779151
431945361
432111570
432277780
432443989
432610199
432787489
432953698
433119908
433286117
433452327
433618537
433784746
433950956
434117165
434283375
434449584
434615794
434782004
434948213
435114422
435280633
435446842
435613051
435779261
435945470
436111680
436277890
436444099
436610309
436787599
436953808
437120018
437286227
437452437
437618646
437784856
437951065
438117275
438283485
438449694
438615904
438782113
438948323
439114532
439280742
439446951
439613161
439779370
439945580
440111790
440277999
440444209
440610418
440787709
440953918
441120128
441286337
441452547
441618757
441784966
441951175
442117385
442283595
442449804
442616014
442782223
442948433
443114642
443280852
443447061
443613271
443779480
443945690
444111899
444278109
444444319
444610528
444787820
444954028
445120238
445286447
445452657
445618866
445785077
445951285
446117495
446283705
446449914
446616124
446782335
446948543
447114752
447280962
447447171
447613382
447779592
447945800
448112010
448278220
448444429
448610638
448787929
448954138
449120347
449286557
449452767
449618976
449785186
449951395
450117604
450283814
450450023
450616233
450782443
450948652
451114862
451281071
451447281
451613490
451779700
451945909
452112119
452278329
452444538
452610748
452776957
452954248
453120457
453286667
453452877
453619086
453785295
453951505
454117714
454283924
454450133
454616343
454782553
454948762
455114972
455281181
455447391
455613600
455779810
455946019
456112229
456278439
456444648
456610858
456777067
456954358
457120567
457286777
457452986
457619196
457785405
457951615
458117824
458284034
458450243
458616453
458782663
458948872
459115081
459281291
459447501
459613710
459779920
459946129
460112339
460278548
460444758
460610967
460777177
460954468
461120677
461286886
461453096
461619305
461785515
461951725
462117934
462284143
462450353
462616563
462782772
462948981
463115191
463281401
463447610
463613820
463780029
463946239
464112448
464278658
464444868
464611077
464777287
464954577
465120786
465286996
465453206
465619415
465785625
465951834
466118044
466284253
466450463
466616672
466782882
466949092
467115301
467281511
467447720
467613930
467780139
467946349
468112558
468278768
468444978
468611187
468777396
468954687
469120896
469287106
469453315
469619525
469785735
469951944
470118154
470284363
470450573
470616782
470782992
470949201
471115411
471281621
471447830
471614040
471780249
471946459
472112668
472278878
472445087
472611297
472777506
472954796
473121006
473287215
473453425
473619635
473785844
473952054
474118263
474284473
474450682
474616892
474783101
474949311
475115521
475281730
475447940
475614149
475780359
475946568
476112778
476278988
476445197
476611407
476777616
476954907
477121116
477287325
477453535
477619744
477785954
477952164
478118373
478284583
478450792
478617002
478783212
478949421
479115631
479281840
479448050
479614259
479780469
479946678
480112888
480279098
480445307
480611516
480777726
480943936
481121226
481287436
481453645
481619854
481786064
481952274
482118483
482284693
482450902
482617112
482783322
482949531
483115740
483281950
483448160
483614369
483780579
483946788
484112998
484279207
484445417
484611626
484777836
484944045
485121336
485287545
485453755
485619964
485786174
485952383
486118593
486284803
486451012
486617221
486783431
486949641
487115850
487282060
487448269
487614479
487780688
487946898
488113107
488279317
488445527
488611736
488777946
488944155
489121446
489287655
489453864
489620074
489786284
489952493
490118703
490284912
490451122
490617332
490783541
490949751
491115960
491282170
491448379
491614589
491780798
491947008
492113217
492279427
492445636
492611846
492778056
492944265
493121556
493287765
493453975
493620184
493786394
493952603
494118812
494285022
494451232
494617441
494783651
494949860
495116070
495282280
495448489
495614699
495780908
495947118
496113327
496279537
496445746
496611956
496778166
496944375
497121665
497287875
497454085
497620294
497786503
497952713
498118923
498285132
498451342
498617551
498783761
498949970
499116180
499282389
499448599
499614808
499781018
499947227
500113437
500279647
500445856
500612066
500778275
500944485
501121775
501287985
501454194
501620404
501786613
501952823
502119032
502285242
502451452
502617661
502783871
502950080
503116290
503282499
503448709
503614919
503781128
503947337
504113547
504279757
504445966
504612175
504778385
504944595
505110804
505288095
505454304
505620516
505786724
505952933
506119142
506285352
506451562
506617773
506783981
506950191
507116400
507282609
507448819
507615030
507781238
507947447
508113657
508279868
508446076
508612287
508778495
508944705
509110914
509288204
509454414
509620624
509786833
509953042
510119252
510285462
510451671
510617881
510784090
510950299
511116509
511282719
511448928
511615138
511781347
511947557
512113767
512279976
512446186
512612395
512778605
512944814
513111024
513288314
513454524
513620734
513786943
513953152
514119362
514285571
514451781
514617991
514784200
514950410
515116619
515282829
515449038
515615248
515781458
515947667
516113877
516280086
516446296
516612505
516778715
516944924
517111134
517288424
517454634
517620843
517787053
517953262
518119472
518285681
518451891
518618101
518784310
518950520
519116729
519282939
519449148
519615358
519781568
519947777
520113987
520280196
520446405
520612615
520778825
520945034
521111244
521288534
521454743
521620953
521787162
521953372
522119581
522285791
522452001
522618210
522784420
522950629
523116839
523283048
523449258
523615467
523781677
523947887
524114096
524280306
524446515
524612725
524778935
524945144
525111354
525288644
525454853
525621063
525787272
525953482
526119691
526285901
526452111
526618320
526784530
526950739
527116949
527283159
527449368
527615577
527781787
527947997
528114206
528280416
528446625
528612835
528779045
528945254
529111464
529288754
529454963
529621173
529787383
529953592
530119802
530286011
530452221
530618430
530784640
530950849
531117059
531283268
531449478
531615687
531781897
531948107
532114316
532280526
532446735
532612945
532779154
532945364
533111573
533277783
533455074
533621283
533787492
533953702
534119911
534286121
534452330
534618540
534784749
534950959
535117168
535283378
535449588
535615797
535782007
535948217
536114426
536280636
536446845
536613054
536779264
536945474
537111683
537277893
537455183
537621393
537787602
537953812
538120021
538286231
538452440
538618650
538784859
538951069
539117279
539283488
539449698
539615907
539782117
539948326
540114536
540280746
540446955
540613164
540779374
540945584
541111793
541278003
541455293
541621503
541787712
541953922
542120131
542286341
542452550
542618760
542784969
542951179
543117389
543283598
543449808
543616018
543782227
543948436
544114646
544280856
544447065
544613275
544779484
544945694
545111903
545278113
545455403
545621612
545787822
545954031
546120241
546286451
546452660
546618870
546785079
546951289
547117499
547283708
547449917
547616127
547782337
547948546
548114756
548280966
548447175
548613384
548779594
548945804
549112013
549278222
549455513
549621722
549787932
549954142
550120351
550286561
550452770
550618980
550785189
550951399
551117608
551283818
551450028
551616237
551782446
551948656
552114866
552281076
552447285
552613494
552779704
552945914
553112123
553278333
553455623
553621832
553788042
553954251
554120461
554286671
554452880
554619089
554785299
554951509
555117718
555283928
555450137
555616347
555782557
555948766
556114976
556281186
556447395
556613604
556779814
556946024
557112233
557278442
557455733
557621942
557788152
557954361
558120571
558286781
558452990
558619199
558785409
558951618
559117828
559284038
559450247
559616457
559782666
559948876
560115085
560281295
560447504
560613714
560779924
560946133
561112343
561278552
561444762
561622052
561788262
561954471
562120681
562286890
562453100
562619309
562785519
562951729
563117938
563284147
563450357
563616567
563782776
563948986
564115195
564281405
564447614
564613824
564780033
564946243
565112453
565278662
565444872
565622162
565788372
565954581
566120791
566287000
566453211
566619419
566785629
566951839
567118048
567284258
567450469
567616678
567782886
567949096
568115305
568281516
568447726
568613934
568780144
568946358
569112563
569278772
569444983
569622272
569788481
569954691
570120900
570287110
570453320
570619529
570785738
570951948
571118157
571284367
571450577
571616786
571782996
571949205
572115415
572281625
572447835
572614044
572780253
572946463
573112672
573278882
573445092
573622382
573788591
573954801
574121010
574287220
574453429
574619639
574785848
574952058
575118268
575284477
575450687
575616896
575783106
575949316
576115525
576281735
576447944
576614153
576780363
576946573
577112782
577278992
577445201
577622492
577788701
577954911
578121120
578287330
578453539
578619749
578785958
578952168
579118378
579284587
579450797
579617006
579783216
579949425
580115635
580281844
580448054
580614263
580780473
580946683
581112892
581279101
581445311
581622602
581788811
581955020
582121230
582287439
582453649
582619859
582786068
582952278
583118487
583284697
583450906
583617116
583783325
583949535
584115744
584281954
584448164
584614373
584780583
584946792
585113002
585279211
585445421
585622711
585788921
585955130
586121340
586287550
586453759
586619969
586786178
586952388
587118597
587284807
587451016
587617226
587783435
587949645
588115855
588282064
588448273
588614483
588780693
588946902
589113112
589279321
589445531
589611740
589789031
589955240
590121450
590287659
590453869
590620078
590786288
590952497
591118707
591284916
591451126
591617336
591783546
591949755
592115964
592282174
592448383
592614593
592780803
592947012
593113221
593279431
593445641
593611850
593789140
593955350
594121559
594287769
594453978
594620188
594786398
594952607
595118817
595285026
595451236
595617445
595783655
595949864
596116074
596282284
596448493
596614703
596780912
596947122
597113331
597279541
597445750
597611960
597789250
597955460
598121669
598287879
598454088
598620298
598786507
598952717
599118927
599285136
599451346
599617555
599783765
599949974
