56.0
9.0
5.0
5.0
7.0
9.0
390.0
940.0
3.0
6.0
6.0
4.0
5.0
17.0
1248.0
85.0
14.0
12.0
8.0
7.0
8.0
356.0
991.0
6.0
12.0
9.0
8.0
3.0
13.0
0.0
99.0
8.0
12.0
11.0
8.0
7.0
301.0
997.0
3.0
2.0
6.0
6.0
8.0
6.0
1163.0
123.0
6.0
4.0
9.0
15.0
10.0
259.0
1011.0
3.0
4.0
3.0
3.0
4.0
6.0
1118.0
149.0
4.0
8.0
14.0
7.0
10.0
221.0
1059.0
5.0
1.0
9.0
8.0
7.0
3.0
1109.0
189.0
12.0
9.0
10.0
6.0
7.0
191.0
1118.0
2.0
3.0
5.0
3.0
8.0
9.0
0.0
239.0
7.0
7.0
5.0
10.0
8.0
159.0
1166.0
7.0
7.0
4.0
6.0
8.0
7.0
1055.0
279.0
13.0
13.0
9.0
12.0
13.0
123.0
1216.0
8.0
8.0
5.0
7.0
4.0
5.0
1001.0
315.0
9.0
11.0
4.0
10.0
8.0
96.0
1166.0
39.0
6.0
6.0
6.0
8.0
8.0
939.0
340.0
3.0
3.0
6.0
4.0
8.0
73.0
1078.0
125.0
6.0
4.0
3.0
3.0
5.0
0.0
387.0
5.0
8.0
12.0
8.0
10.0
54.0
1017.0
213.0
4.0
5.0
7.0
8.0
4.0
861.0
432.0
9.0
9.0
7.0
11.0
8.0
43.0
981.0
283.0
7.0
5.0
6.0
7.0
7.0
810.0
503.0
5.0
10.0
8.0
8.0
10.0
34.0
952.0
347.0
4.0
4.0
5.0
5.0
4.0
767.0
570.0
13.0
14.0
8.0
14.0
15.0
28.0
928.0
401.0
6.0
5.0
8.0
8.0
5.0
0.0
608.0
9.0
9.0
8.0
10.0
11.0
18.0
838.0
447.0
3.0
6.0
7.0
8.0
4.0
644.0
635.0
8.0
6.0
11.0
7.0
13.0
15.0
779.0
485.0
7.0
8.0
5.0
4.0
3.0
582.0
683.0
3.0
8.0
10.0
10.0
11.0
7.0
729.0
540.0
6.0
7.0
6.0
6.0
3.0
515.0
759.0
4.0
5.0
9.0
6.0
9.0
6.0
691.0
594.0
5.0
5.0
6.0
4.0
3.0
0.0
843.0
9.0
9.0
8.0
12.0
8.0
8.0
655.0
652.0
4.0
5.0
3.0
8.0
5.0
360.0
947.0
14.0
12.0
8.0
12.0
14.0
9.0
616.0
705.0
6.0
11.0
8.0
4.0
6.0
241.0
1061.0
10.0
15.0
9.0
12.0
8.0
12.0
549.0
735.0
10.0
6.0
5.0
4.0
5.0
125.0
1135.0
16.0
12.0
13.0
7.0
5.0
10.0
509.0
760.0
5.0
5.0
3.0
3.0
3.0
0.0
1175.0
18.0
5.0
7.0
7.0
7.0
6.0
462.0
796.0
8.0
8.0
10.0
8.0
7.0
51.0
1182.0
29.0
7.0
5.0
6.0
7.0
7.0
419.0
840.0
8.0
8.0
5.0
7.0
6.0
31.0
1198.0
53.0
6.0
7.0
8.0
9.0
10.0
384.0
902.0
7.0
8.0
7.0
5.0
4.0
14.0
1206.0
69.0
10.0
14.0
9.0
6.0
11.0
341.0
957.0
3.0
4.0
2.0
4.0
5.0
0.0
1188.0
88.0
14.0
15.0
9.0
7.0
7.0
303.0
970.0
1.0
5.0
3.0
5.0
7.0
8.0
1145.0
112.0
12.0
6.0
7.0
6.0
7.0
266.0
989.0
5.0
5.0
6.0
4.0
8.0
5.0
1114.0
142.0
5.0
4.0
6.0
7.0
9.0
229.0
1026.0
7.0
5.0
6.0
8.0
5.0
6.0
1073.0
180.0
6.0
9.0
9.0
10.0
8.0
198.0
1063.0
7.0
10.0
7.0
8.0
4.0
0.0
1057.0
215.0
9.0
10.0
5.0
5.0
3.0
168.0
1123.0
7.0
2.0
6.0
2.0
5.0
6.0
1034.0
261.0
9.0
7.0
9.0
8.0
9.0
123.0
1177.0
4.0
1.0
3.0
4.0
6.0
3.0
990.0
301.0
8.0
7.0
8.0
8.0
9.0
101.0
1151.0
28.0
5.0
4.0
8.0
9.0
6.0
937.0
327.0
6.0
13.0
13.0
9.0
7.0
77.0
1077.0
104.0
8.0
4.0
4.0
4.0
0.0
881.0
377.0
7.0
10.0
12.0
6.0
7.0
60.0
1014.0
185.0
5.0
2.0
5.0
7.0
4.0
837.0
421.0
6.0
6.0
8.0
12.0
8.0
43.0
969.0
258.0
6.0
8.0
6.0
4.0
3.0
799.0
478.0
5.0
8.0
8.0
10.0
7.0
34.0
935.0
328.0
5.0
7.0
6.0
7.0
4.0
764.0
537.0
11.0
13.0
12.0
7.0
6.0
26.0
897.0
386.0
4.0
5.0
7.0
5.0
0.0
714.0
575.0
12.0
7.0
7.0
4.0
9.0
17.0
832.0
439.0
3.0
5.0
4.0
6.0
7.0
650.0
625.0
11.0
10.0
10.0
11.0
9.0
10.0
783.0
479.0
8.0
4.0
8.0
8.0
4.0
594.0
668.0
7.0
5.0
7.0
8.0
8.0
9.0
727.0
522.0
7.0
3.0
10.0
6.0
5.0
529.0
728.0
10.0
3.0
6.0
15.0
9.0
12.0
687.0
575.0
6.0
5.0
5.0
5.0
0.0
458.0
816.0
10.0
10.0
7.0
6.0
5.0
4.0
655.0
636.0
6.0
5.0
4.0
4.0
7.0
376.0
916.0
9.0
5.0
11.0
10.0
6.0
7.0
614.0
685.0
3.0
4.0
3.0
5.0
7.0
260.0
1033.0
11.0
9.0
12.0
9.0
8.0
8.0
560.0
731.0
6.0
10.0
11.0
6.0
2.0
139.0
1134.0
13.0
2.0
4.0
8.0
10.0
13.0
514.0
757.0
5.0
1.0
6.0
8.0
0.0
80.0
1169.0
16.0
5.0
7.0
6.0
5.0
5.0
470.0
791.0
10.0
8.0
4.0
4.0
8.0
61.0
1179.0
25.0
8.0
7.0
10.0
6.0
9.0
428.0
834.0
3.0
6.0
8.0
7.0
5.0
30.0
1207.0
43.0
9.0
11.0
6.0
6.0
4.0
386.0
898.0
6.0
6.0
3.0
6.0
5.0
18.0
1209.0
69.0
8.0
7.0
10.0
8.0
8.0
350.0
954.0
3.0
3.0
6.0
3.0
0.0
6.0
1199.0
87.0
10.0
10.0
9.0
11.0
8.0
308.0
976.0
8.0
3.0
6.0
2.0
3.0
6.0
1157.0
115.0
8.0
7.0
8.0
10.0
7.0
271.0
990.0
7.0
6.0
3.0
3.0
4.0
7.0
1124.0
140.0
5.0
6.0
4.0
5.0
5.0
234.0
1025.0
5.0
4.0
3.0
8.0
8.0
4.0
1090.0
164.0
11.0
11.0
9.0
10.0
9.0
200.0
1063.0
5.0
4.0
6.0
6.0
0.0
3.0
1059.0
211.0
7.0
7.0
9.0
4.0
8.0
161.0
1121.0
4.0
8.0
8.0
6.0
8.0
10.0
1038.0
254.0
8.0
10.0
10.0
8.0
9.0
128.0
1171.0
8.0
4.0
5.0
8.0
4.0
5.0
1001.0
301.0
8.0
11.0
12.0
12.0
10.0
103.0
1180.0
15.0
4.0
5.0
5.0
4.0
4.0
950.0
336.0
6.0
6.0
7.0
10.0
9.0
82.0
1104.0
90.0
5.0
7.0
6.0
0.0
7.0
902.0
368.0
10.0
11.0
8.0
8.0
6.0
59.0
1025.0
173.0
10.0
5.0
5.0
6.0
6.0
845.0
413.0
7.0
10.0
12.0
13.0
8.0
49.0
972.0
248.0
7.0
4.0
3.0
5.0
6.0
810.0
466.0
5.0
3.0
8.0
4.0
7.0
31.0
945.0
312.0
6.0
5.0
5.0
6.0
9.0
769.0
527.0
7.0
12.0
10.0
7.0
9.0
25.0
911.0
377.0
3.0
4.0
6.0
0.0
8.0
730.0
586.0
9.0
12.0
13.0
9.0
12.0
22.0
865.0
432.0
3.0
4.0
3.0
5.0
4.0
671.0
632.0
7.0
5.0
15.0
9.0
12.0
14.0
799.0
468.0
7.0
3.0
2.0
7.0
4.0
601.0
663.0
10.0
12.0
9.0
9.0
16.0
6.0
742.0
518.0
2.0
3.0
3.0
3.0
4.0
532.0
721.0
5.0
7.0
5.0
6.0
9.0
9.0
691.0
573.0
5.0
3.0
4.0
0.0
5.0
472.0
808.0
5.0
6.0
9.0
1.0
6.0
7.0
664.0
628.0
7.0
5.0
9.0
8.0
10.0
395.0
912.0
10.0
8.0
4.0
9.0
8.0
6.0
630.0
680.0
8.0
7.0
8.0
4.0
4.0
291.0
1029.0
8.0
5.0
9.0
9.0
5.0
5.0
594.0
739.0
6.0
7.0
6.0
5.0
7.0
154.0
1148.0
14.0
7.0
8.0
9.0
11.0
11.0
524.0
757.0
4.0
6.0
7.0
0.0
5.0
85.0
1167.0
22.0
7.0
8.0
6.0
10.0
10.0
472.0
789.0
4.0
7.0
5.0
5.0
3.0
59.0
1177.0
29.0
5.0
8.0
6.0
8.0
9.0
432.0
836.0
4.0
5.0
7.0
6.0
5.0
37.0
1209.0
43.0
5.0
2.0
5.0
7.0
13.0
395.0
893.0
5.0
4.0
3.0
3.0
7.0
23.0
1217.0
68.0
8.0
9.0
8.0
10.0
13.0
365.0
943.0
4.0
5.0
3.0
0.0
5.0
19.0
1222.0
95.0
11.0
7.0
3.0
8.0
8.0
330.0
991.0
3.0
5.0
3.0
5.0
7.0
10.0
1191.0
108.0
9.0
12.0
11.0
7.0
11.0
281.0
1000.0
4.0
4.0
4.0
6.0
5.0
6.0
1124.0
138.0
7.0
9.0
12.0
8.0
8.0
238.0
1017.0
1.0
4.0
4.0
2.0
6.0
2.0
1087.0
169.0
4.0
8.0
7.0
4.0
10.0
203.0
1059.0
3.0
4.0
6.0
0.0
2.0
6.0
1073.0
204.0
5.0
7.0
6.0
9.0
6.0
176.0
1103.0
2.0
6.0
7.0
3.0
6.0
5.0
1039.0
246.0
8.0
7.0
9.0
9.0
11.0
139.0
1158.0
6.0
6.0
6.0
5.0
6.0
7.0
1022.0
297.0
10.0
7.0
7.0
8.0
10.0
110.0
1203.0
13.0
5.0
4.0
3.0
1.0
5.0
969.0
327.0
8.0
5.0
11.0
9.0
11.0
90.0
1115.0
78.0
5.0
4.0
0.0
4.0
3.0
903.0
365.0
6.0
8.0
11.0
11.0
7.0
65.0
1037.0
164.0
4.0
2.0
3.0
4.0
5.0
852.0
404.0
5.0
6.0
4.0
5.0
6.0
50.0
983.0
235.0
4.0
5.0
3.0
7.0
4.0
827.0
444.0
6.0
6.0
7.0
10.0
11.0
36.0
942.0
308.0
3.0
3.0
5.0
2.0
3.0
777.0
508.0
3.0
4.0
3.0
6.0
11.0
25.0
914.0
366.0
4.0
10.0
0.0
8.0
8.0
734.0
576.0
12.0
11.0
13.0
10.0
12.0
22.0
879.0
422.0
1.0
5.0
6.0
6.0
4.0
683.0
615.0
13.0
16.0
16.0
8.0
12.0
10.0
809.0
458.0
5.0
8.0
2.0
3.0
4.0
620.0
645.0
9.0
8.0
8.0
7.0
9.0
10.0
750.0
506.0
2.0
2.0
2.0
2.0
1.0
548.0
708.0
7.0
5.0
5.0
6.0
5.0
6.0
701.0
558.0
3.0
4.0
0.0
2.0
2.0
477.0
788.0
7.0
3.0
5.0
5.0
6.0
3.0
658.0
613.0
2.0
3.0
4.0
5.0
5.0
406.0
878.0
4.0
3.0
8.0
6.0
5.0
5.0
631.0
666.0
10.0
4.0
5.0
7.0
9.0
304.0
993.0
9.0
8.0
12.0
9.0
12.0
13.0
587.0
726.0
8.0
4.0
8.0
10.0
6.0
185.0
1102.0
13.0
11.0
8.0
11.0
8.0
9.0
529.0
741.0
1.0
5.0
0.0
6.0
4.0
97.0
1156.0
19.0
8.0
8.0
8.0
7.0
12.0
480.0
778.0
3.0
5.0
4.0
4.0
3.0
63.0
1174.0
21.0
7.0
6.0
7.0
6.0
7.0
445.0
811.0
4.0
5.0
4.0
2.0
2.0
44.0
1180.0
33.0
10.0
9.0
9.0
12.0
8.0
400.0
857.0
2.0
5.0
5.0
4.0
4.0
28.0
1195.0
56.0
6.0
6.0
4.0
4.0
8.0
358.0
924.0
4.0
5.0
0.0
5.0
6.0
15.0
1201.0
86.0
11.0
10.0
6.0
6.0
7.0
321.0
986.0
6.0
5.0
12.0
9.0
8.0
12.0
1174.0
107.0
10.0
10.0
7.0
6.0
3.0
288.0
984.0
0.0
1.0
1.0
3.0
3.0
2.0
1127.0
134.0
11.0
7.0
9.0
13.0
10.0
241.0
1011.0
5.0
4.0
3.0
1.0
0.0
2.0
1097.0
161.0
4.0
8.0
5.0
9.0
5.0
212.0
1042.0
2.0
2.0
0.0
4.0
4.0
3.0
1061.0
190.0
8.0
8.0
4.0
6.0
8.0
184.0
1074.0
4.0
4.0
2.0
4.0
5.0
3.0
1034.0
236.0
5.0
4.0
8.0
5.0
9.0
140.0
1142.0
2.0
5.0
3.0
2.0
5.0
4.0
1013.0
276.0
6.0
8.0
8.0
12.0
12.0
114.0
1182.0
9.0
8.0
5.0
8.0
7.0
6.0
964.0
317.0
7.0
13.0
8.0
7.0
7.0
91.0
1119.0
62.0
7.0
0.0
6.0
3.0
2.0
912.0
349.0
6.0
5.0
5.0
10.0
9.0
68.0
1041.0
153.0
3.0
0.0
1.0
1.0
6.0
856.0
400.0
7.0
9.0
9.0
7.0
6.0
52.0
982.0
223.0
3.0
4.0
3.0
4.0
5.0
815.0
437.0
6.0
8.0
11.0
7.0
3.0
38.0
937.0
291.0
1.0
1.0
2.0
1.0
5.0
777.0
499.0
7.0
6.0
7.0
7.0
5.0
27.0
906.0
353.0
6.0
0.0
3.0
6.0
7.0
731.0
561.0
7.0
9.0
4.0
5.0
11.0
22.0
877.0
412.0
9.0
8.0
10.0
5.0
1.0
692.0
593.0
9.0
7.0
5.0
9.0
9.0
11.0
813.0
453.0
5.0
5.0
2.0
2.0
4.0
627.0
644.0
7.0
11.0
5.0
6.0
7.0
9.0
761.0
500.0
5.0
4.0
5.0
5.0
5.0
567.0
692.0
3.0
6.0
4.0
1.0
4.0
4.0
702.0
550.0
4.0
0.0
5.0
4.0
5.0
485.0
768.0
6.0
11.0
7.0
9.0
10.0
7.0
659.0
605.0
3.0
3.0
4.0
3.0
5.0
421.0
849.0
8.0
5.0
4.0
6.0
4.0
3.0
630.0
652.0
5.0
2.0
0.0
4.0
4.0
320.0
966.0
11.0
9.0
9.0
3.0
7.0
9.0
590.0
707.0
8.0
5.0
9.0
4.0
7.0
205.0
1081.0
11.0
3.0
8.0
9.0
8.0
10.0
535.0
744.0
3.0
0.0
4.0
5.0
5.0
101.0
1164.0
7.0
5.0
6.0
6.0
4.0
8.0
497.0
770.0
2.0
3.0
0.0
5.0
2.0
68.0
1168.0
26.0
6.0
6.0
7.0
3.0
4.0
448.0
809.0
6.0
5.0
6.0
6.0
3.0
45.0
1179.0
31.0
5.0
8.0
8.0
8.0
8.0
409.0
849.0
5.0
2.0
3.0
4.0
3.0
29.0
1194.0
59.0
9.0
6.0
9.0
7.0
3.0
366.0
918.0
1.0
0.0
5.0
4.0
4.0
13.0
1203.0
79.0
8.0
7.0
11.0
6.0
7.0
335.0
968.0
8.0
3.0
5.0
7.0
6.0
8.0
1183.0
103.0
8.0
6.0
7.0
8.0
6.0
288.0
997.0
4.0
3.0
4.0
4.0
6.0
7.0
1148.0
122.0
5.0
7.0
5.0
3.0
3.0
255.0
1007.0
2.0
3.0
2.0
3.0
2.0
3.0
1109.0
152.0
7.0
8.0
6.0
6.0
9.0
212.0
1044.0
3.0
0.0
7.0
3.0
4.0
4.0
1074.0
179.0
5.0
8.0
12.0
2.0
7.0
184.0
1076.0
4.0
3.0
2.0
2.0
4.0
3.0
1045.0
227.0
7.0
5.0
10.0
9.0
5.0
149.0
1133.0
4.0
5.0
3.0
1.0
4.0
5.0
1016.0
275.0
5.0
5.0
7.0
7.0
5.0
121.0
1177.0
6.0
7.0
8.0
7.0
5.0
10.0
983.0
320.0
11.0
11.0
9.0
11.0
6.0
96.0
1167.0
49.0
0.0
4.0
9.0
8.0
5.0
935.0
355.0
9.0
6.0
10.0
6.0
9.0
71.0
1067.0
131.0
1.0
2.0
3.0
3.0
2.0
870.0
386.0
8.0
4.0
5.0
6.0
7.0
56.0
995.0
215.0
3.0
1.0
2.0
4.0
2.0
827.0
432.0
5.0
7.0
8.0
3.0
8.0
39.0
950.0
283.0
1.0
3.0
2.0
4.0
4.0
789.0
488.0
6.0
6.0
6.0
3.0
11.0
31.0
920.0
343.0
0.0
1.0
3.0
4.0
5.0
744.0
556.0
6.0
4.0
5.0
6.0
8.0
24.0
893.0
402.0
6.0
4.0
4.0
4.0
7.0
702.0
614.0
6.0
9.0
11.0
10.0
9.0
12.0
854.0
453.0
9.0
5.0
4.0
6.0
5.0
646.0
661.0
15.0
12.0
7.0
9.0
6.0
16.0
769.0
494.0
3.0
3.0
3.0
1.0
4.0
574.0
686.0
4.0
6.0
4.0
3.0
7.0
5.0
716.0
540.0
0.0
5.0
4.0
6.0
6.0
500.0
756.0
4.0
6.0
6.0
5.0
8.0
7.0
665.0
596.0
4.0
3.0
2.0
1.0
2.0
437.0
838.0
9.0
4.0
6.0
3.0
6.0
4.0
640.0
648.0
5.0
2.0
4.0
3.0
5.0
350.0
948.0
4.0
7.0
11.0
8.0
10.0
11.0
610.0
705.0
7.0
7.0
6.0
7.0
7.0
229.0
1081.0
9.0
6.0
9.0
5.0
7.0
7.0
566.0
754.0
0.0
4.0
3.0
6.0
4.0
111.0
1180.0
11.0
9.0
10.0
10.0
9.0
7.0
509.0
766.0
1.0
2.0
4.0
3.0
2.0
70.0
1173.0
25.0
4.0
5.0
7.0
10.0
10.0
457.0
806.0
3.0
4.0
6.0
2.0
3.0
52.0
1178.0
32.0
4.0
8.0
6.0
7.0
5.0
415.0
850.0
2.0
3.0
3.0
1.0
2.0
29.0
1201.0
52.0
3.0
2.0
5.0
4.0
6.0
374.0
916.0
0.0
3.0
3.0
2.0
0.0
13.0
1213.0
73.0
8.0
6.0
5.0
3.0
7.0
343.0
962.0
6.0
5.0
8.0
6.0
3.0
10.0
1201.0
107.0
11.0
9.0
8.0
11.0
11.0
305.0
1008.0
8.0
5.0
7.0
6.0
3.0
5.0
1176.0
121.0
10.0
10.0
6.0
13.0
6.0
261.0
1014.0
6.0
2.0
3.0
5.0
5.0
2.0
1117.0
147.0
3.0
4.0
4.0
5.0
5.0
220.0
1042.0
0.0
3.0
4.0
3.0
6.0
3.0
1079.0
178.0
9.0
5.0
9.0
8.0
11.0
189.0
1071.0
4.0
4.0
2.0
1.0
1.0
3.0
1052.0
222.0
9.0
3.0
9.0
5.0
9.0
148.0
1127.0
6.0
6.0
5.0
4.0
5.0
7.0
1023.0
271.0
10.0
11.0
8.0
8.0
7.0
124.0
1180.0
2.0
7.0
9.0
6.0
5.0
4.0
997.0
315.0
10.0
7.0
9.0
7.0
5.0
102.0
1185.0
0.0
4.0
6.0
6.0
9.0
6.0
944.0
351.0
7.0
7.0
6.0
6.0
4.0
73.0
1084.0
119.0
0.0
3.0
1.0
3.0
2.0
875.0
386.0
8.0
5.0
7.0
8.0
6.0
57.0
1006.0
204.0
3.0
5.0
3.0
1.0
3.0
830.0
427.0
5.0
6.0
6.0
9.0
10.0
49.0
957.0
267.0
3.0
5.0
6.0
3.0
2.0
802.0
472.0
5.0
10.0
7.0
6.0
9.0
35.0
918.0
0.0
3.0
0.0
1.0
4.0
5.0
752.0
538.0
5.0
3.0
7.0
10.0
8.0
23.0
894.0
389.0
4.0
4.0
3.0
3.0
4.0
706.0
603.0
5.0
5.0
2.0
7.0
10.0
18.0
864.0
444.0
4.0
7.0
9.0
6.0
7.0
650.0
651.0
8.0
12.0
9.0
9.0
10.0
11.0
782.0
487.0
3.0
2.0
4.0
3.0
5.0
584.0
681.0
4.0
3.0
5.0
6.0
8.0
6.0
724.0
0.0
4.0
5.0
5.0
3.0
5.0
525.0
733.0
5.0
7.0
5.0
7.0
11.0
4.0
675.0
587.0
6.0
4.0
1.0
4.0
2.0
445.0
824.0
6.0
6.0
5.0
6.0
10.0
7.0
639.0
634.0
0.0
2.0
1.0
2.0
1.0
362.0
923.0
3.0
4.0
5.0
7.0
10.0
10.0
598.0
692.0
5.0
5.0
6.0
2.0
5.0
256.0
1048.0
8.0
11.0
8.0
7.0
4.0
11.0
573.0
0.0
7.0
7.0
7.0
5.0
7.0
129.0
1155.0
15.0
14.0
6.0
9.0
6.0
9.0
513.0
760.0
3.0
2.0
0.0
3.0
2.0
74.0
1174.0
19.0
4.0
4.0
2.0
7.0
8.0
458.0
804.0
2.0
4.0
3.0
5.0
4.0
55.0
1180.0
26.0
4.0
7.0
6.0
3.0
3.0
421.0
834.0
8.0
5.0
6.0
5.0
2.0
34.0
1184.0
44.0
10.0
9.0
8.0
9.0
10.0
381.0
0.0
5.0
6.0
6.0
5.0
5.0
22.0
1183.0
71.0
8.0
5.0
7.0
10.0
9.0
342.0
944.0
2.0
3.0
4.0
2.0
4.0
10.0
1189.0
99.0
7.0
7.0
8.0
10.0
7.0
310.0
990.0
7.0
8.0
6.0
5.0
8.0
7.0
1166.0
116.0
8.0
11.0
9.0
8.0
5.0
267.0
1003.0
1.0
2.0
2.0
3.0
5.0
9.0
1118.0
149.0
4.0
8.0
7.0
6.0
9.0
228.0
0.0
3.0
3.0
4.0
4.0
4.0
5.0
1077.0
179.0
6.0
2.0
4.0
9.0
11.0
198.0
1048.0
2.0
4.0
6.0
6.0
2.0
3.0
1043.0
206.0
5.0
8.0
7.0
8.0
10.0
165.0
1093.0
4.0
5.0
4.0
5.0
5.0
2.0
1013.0
258.0
7.0
6.0
2.0
3.0
7.0
135.0
1149.0
2.0
2.0
2.0
3.0
1.0
1.0
987.0
296.0
5.0
5.0
3.0
7.0
9.0
103.0
0.0
22.0
5.0
4.0
3.0
2.0
3.0
945.0
336.0
7.0
7.0
7.0
6.0
3.0
78.0
1094.0
103.0
4.0
4.0
4.0
3.0
5.0
886.0
380.0
8.0
7.0
6.0
9.0
7.0
63.0
1011.0
188.0
3.0
9.0
6.0
7.0
8.0
838.0
420.0
9.0
6.0
4.0
8.0
8.0
49.0
959.0
249.0
4.0
3.0
4.0
4.0
6.0
799.0
457.0
8.0
5.0
4.0
7.0
8.0
32.0
0.0
318.0
9.0
5.0
4.0
5.0
2.0
757.0
513.0
7.0
9.0
6.0
3.0
9.0
22.0
889.0
377.0
0.0
1.0
1.0
3.0
2.0
708.0
587.0
9.0
9.0
5.0
7.0
7.0
15.0
861.0
431.0
9.0
5.0
8.0
3.0
4.0
666.0
625.0
8.0
5.0
4.0
4.0
7.0
9.0
789.0
485.0
1.0
4.0
3.0
3.0
3.0
605.0
669.0
9.0
9.0
7.0
8.0
9.0
8.0
0.0
525.0
3.0
4.0
5.0
7.0
6.0
532.0
727.0
5.0
6.0
5.0
4.0
7.0
11.0
686.0
569.0
6.0
8.0
6.0
4.0
4.0
458.0
799.0
4.0
6.0
5.0
10.0
5.0
7.0
640.0
620.0
4.0
5.0
7.0
2.0
5.0
375.0
897.0
10.0
3.0
7.0
6.0
4.0
4.0
602.0
681.0
3.0
1.0
3.0
5.0
2.0
273.0
1016.0
8.0
8.0
11.0
6.0
10.0
7.0
0.0
731.0
4.0
5.0
5.0
1.0
4.0
146.0
1145.0
4.0
6.0
4.0
6.0
6.0
5.0
521.0
764.0
2.0
1.0
2.0
2.0
3.0
81.0
1180.0
14.0
8.0
7.0
6.0
8.0
7.0
465.0
802.0
3.0
1.0
5.0
5.0
2.0
60.0
1176.0
28.0
5.0
5.0
8.0
6.0
5.0
430.0
831.0
6.0
8.0
6.0
5.0
3.0
39.0
1180.0
39.0
3.0
11.0
10.0
7.0
13.0
0.0
879.0
5.0
5.0
2.0
2.0
5.0
23.0
1194.0
63.0
5.0
7.0
14.0
7.0
6.0
346.0
937.0
5.0
3.0
4.0
4.0
2.0
13.0
1193.0
93.0
12.0
9.0
5.0
6.0
9.0
316.0
985.0
1.0
5.0
5.0
4.0
5.0
10.0
1173.0
114.0
4.0
7.0
8.0
5.0
2.0
271.0
1012.0
2.0
1.0
3.0
2.0
3.0
4.0
1146.0
125.0
10.0
10.0
4.0
5.0
6.0
0.0
1038.0
3.0
4.0
1.0
1.0
6.0
5.0
1102.0
167.0
5.0
3.0
2.0
4.0
4.0
198.0
1058.0
3.0
6.0
2.0
4.0
6.0
6.0
1056.0
205.0
4.0
5.0
13.0
10.0
8.0
161.0
1101.0
5.0
4.0
5.0
6.0
4.0
4.0
1037.0
250.0
10.0
9.0
6.0
10.0
10.0
130.0
1172.0
5.0
5.0
4.0
2.0
3.0
4.0
1017.0
302.0
7.0
6.0
8.0
11.0
3.0
0.0
1209.0
16.0
2.0
4.0
2.0
7.0
6.0
979.0
351.0
7.0
7.0
6.0
5.0
8.0
83.0
1158.0
96.0
5.0
7.0
5.0
4.0
5.0
925.0
389.0
10.0
7.0
9.0
7.0
11.0
67.0
1046.0
186.0
2.0
3.0
4.0
1.0
2.0
865.0
411.0
6.0
12.0
5.0
5.0
7.0
50.0
973.0
253.0
5.0
4.0
7.0
6.0
5.0
816.0
449.0
3.0
6.0
8.0
9.0
10.0
0.0
923.0
315.0
2.0
3.0
4.0
4.0
2.0
776.0
521.0
9.0
10.0
5.0
5.0
8.0
20.0
917.0
378.0
2.0
4.0
4.0
3.0
3.0
731.0
595.0
6.0
8.0
4.0
7.0
5.0
15.0
887.0
430.0
7.0
4.0
8.0
6.0
5.0
680.0
662.0
13.0
11.0
3.0
6.0
5.0
13.0
852.0
482.0
11.0
10.0
5.0
4.0
2.0
623.0
704.0
7.0
8.0
9.0
10.0
6.0
0.0
769.0
525.0
2.0
2.0
1.0
1.0
2.0
549.0
728.0
13.0
7.0
6.0
10.0
4.0
6.0
701.0
572.0
5.0
6.0
1.0
4.0
5.0
479.0
791.0
7.0
9.0
10.0
14.0
12.0
5.0
658.0
620.0
5.0
4.0
4.0
4.0
3.0
399.0
902.0
8.0
5.0
4.0
6.0
6.0
9.0
625.0
685.0
3.0
4.0
2.0
5.0
2.0
295.0
1025.0
11.0
9.0
7.0
4.0
5.0
0.0
595.0
741.0
7.0
4.0
6.0
6.0
6.0
168.0
1166.0
12.0
8.0
6.0
5.0
5.0
6.0
560.0
785.0
7.0
7.0
5.0
6.0
7.0
89.0
1223.0
17.0
12.0
11.0
7.0
11.0
6.0
486.0
817.0
2.0
4.0
4.0
4.0
1.0
65.0
1190.0
23.0
8.0
7.0
8.0
8.0
8.0
436.0
836.0
4.0
7.0
6.0
4.0
3.0
41.0
1193.0
39.0
6.0
5.0
7.0
8.0
0.0
399.0
887.0
4.0
5.0
4.0
3.0
3.0
27.0
1214.0
71.0
3.0
9.0
7.0
8.0
9.0
366.0
953.0
3.0
5.0
4.0
1.0
3.0
13.0
1224.0
97.0
5.0
3.0
5.0
5.0
8.0
340.0
993.0
6.0
4.0
5.0
7.0
11.0
9.0
1217.0
126.0
6.0
7.0
6.0
3.0
4.0
298.0
1049.0
5.0
4.0
9.0
7.0
5.0
5.0
1174.0
137.0
10.0
11.0
6.0
7.0
0.0
246.0
1046.0
1.0
3.0
1.0
3.0
3.0
3.0
1114.0
162.0
6.0
10.0
9.0
9.0
8.0
207.0
1065.0
3.0
3.0
5.0
3.0
9.0
7.0
1072.0
195.0
9.0
5.0
5.0
8.0
9.0
176.0
1105.0
2.0
1.0
2.0
3.0
3.0
4.0
1050.0
240.0
8.0
4.0
4.0
6.0
6.0
140.0
1165.0
2.0
4.0
4.0
4.0
4.0
5.0
1025.0
293.0
9.0
6.0
7.0
12.0
0.0
118.0
1206.0
11.0
7.0
1.0
3.0
6.0
8.0
1001.0
340.0
10.0
8.0
6.0
6.0
4.0
91.0
1185.0
82.0
6.0
5.0
2.0
6.0
7.0
941.0
386.0
10.0
9.0
11.0
11.0
11.0
65.0
1073.0
171.0
5.0
3.0
3.0
5.0
4.0
871.0
406.0
4.0
6.0
8.0
11.0
8.0
52.0
984.0
241.0
4.0
6.0
5.0
4.0
6.0
821.0
444.0
4.0
7.0
8.0
9.0
0.0
39.0
939.0
310.0
7.0
3.0
7.0
4.0
1.0
789.0
504.0
12.0
10.0
6.0
7.0
10.0
26.0
915.0
364.0
3.0
4.0
3.0
1.0
4.0
740.0
577.0
13.0
6.0
9.0
6.0
6.0
22.0
896.0
419.0
5.0
6.0
3.0
3.0
3.0
694.0
638.0
4.0
4.0
8.0
9.0
9.0
17.0
864.0
476.0
9.0
9.0
7.0
6.0
4.0
635.0
684.0
10.0
9.0
11.0
6.0
0.0
15.0
774.0
518.0
1.0
4.0
2.0
2.0
2.0
562.0
716.0
9.0
11.0
8.0
3.0
4.0
9.0
707.0
560.0
3.0
6.0
7.0
9.0
6.0
492.0
774.0
8.0
4.0
9.0
6.0
6.0
7.0
662.0
610.0
4.0
4.0
4.0
5.0
7.0
417.0
864.0
5.0
3.0
5.0
10.0
13.0
4.0
623.0
665.0
6.0
2.0
5.0
4.0
5.0
319.0
989.0
10.0
6.0
8.0
6.0
0.0
9.0
591.0
731.0
3.0
6.0
6.0
5.0
6.0
190.0
1135.0
8.0
8.0
5.0
3.0
5.0
6.0
561.0
782.0
8.0
4.0
3.0
6.0
6.0
99.0
1210.0
19.0
10.0
10.0
10.0
9.0
9.0
496.0
800.0
1.0
2.0
3.0
6.0
3.0
65.0
1195.0
21.0
7.0
9.0
13.0
8.0
3.0
443.0
832.0
7.0
4.0
5.0
5.0
5.0
44.0
1188.0
40.0
6.0
9.0
5.0
0.0
7.0
401.0
858.0
5.0
6.0
5.0
5.0
5.0
27.0
1190.0
60.0
6.0
4.0
7.0
10.0
12.0
355.0
905.0
6.0
7.0
7.0
5.0
5.0
14.0
1194.0
81.0
6.0
7.0
5.0
8.0
7.0
331.0
976.0
7.0
8.0
3.0
2.0
6.0
11.0
1199.0
110.0
14.0
8.0
6.0
8.0
11.0
300.0
1023.0
3.0
3.0
2.0
3.0
4.0
4.0
1172.0
136.0
11.0
12.0
9.0
0.0
11.0
250.0
1034.0
3.0
1.0
2.0
3.0
7.0
5.0
1113.0
158.0
7.0
12.0
9.0
10.0
10.0
213.0
1056.0
5.0
4.0
2.0
5.0
5.0
2.0
1072.0
191.0
7.0
5.0
6.0
8.0
8.0
177.0
1081.0
6.0
6.0
4.0
3.0
6.0
4.0
1040.0
222.0
6.0
6.0
4.0
7.0
7.0
145.0
1119.0
8.0
6.0
6.0
10.0
3.0
2.0
1018.0
273.0
7.0
10.0
7.0
0.0
6.0
116.0
1191.0
9.0
3.0
3.0
3.0
2.0
3.0
992.0
321.0
9.0
6.0
6.0
8.0
6.0
87.0
1187.0
58.0
5.0
4.0
3.0
3.0
2.0
943.0
365.0
10.0
12.0
11.0
11.0
8.0
72.0
1069.0
152.0
5.0
5.0
4.0
3.0
4.0
880.0
395.0
10.0
10.0
7.0
11.0
8.0
55.0
995.0
230.0
7.0
8.0
8.0
3.0
4.0
827.0
440.0
8.0
7.0
8.0
0.0
8.0
39.0
939.0
290.0
6.0
4.0
7.0
7.0
9.0
785.0
479.0
3.0
7.0
5.0
11.0
7.0
29.0
899.0
348.0
6.0
7.0
5.0
4.0
3.0
747.0
547.0
5.0
7.0
5.0
7.0
4.0
19.0
886.0
409.0
5.0
2.0
2.0
5.0
5.0
698.0
618.0
2.0
8.0
8.0
9.0
8.0
12.0
858.0
462.0
5.0
2.0
6.0
3.0
4.0
643.0
670.0
11.0
9.0
10.0
0.0
9.0
6.0
795.0
510.0
0.0
2.0
7.0
7.0
3.0
581.0
709.0
14.0
15.0
14.0
9.0
9.0
5.0
722.0
552.0
3.0
5.0
5.0
6.0
4.0
506.0
760.0
8.0
4.0
6.0
7.0
5.0
5.0
664.0
598.0
6.0
7.0
8.0
5.0
2.0
421.0
840.0
8.0
5.0
9.0
9.0
10.0
9.0
616.0
649.0
6.0
9.0
7.0
8.0
8.0
343.0
951.0
10.0
9.0
10.0
0.0
5.0
6.0
599.0
714.0
2.0
4.0
6.0
3.0
3.0
213.0
1104.0
6.0
6.0
10.0
7.0
5.0
8.0
563.0
763.0
5.0
3.0
2.0
5.0
6.0
102.0
1201.0
17.0
4.0
9.0
8.0
8.0
7.0
509.0
798.0
8.0
7.0
2.0
1.0
3.0
67.0
1209.0
14.0
9.0
6.0
10.0
11.0
6.0
454.0
824.0
5.0
6.0
6.0
6.0
6.0
47.0
1196.0
36.0
8.0
8.0
0.0
7.0
8.0
408.0
860.0
3.0
2.0
3.0
6.0
7.0
37.0
1184.0
49.0
8.0
4.0
9.0
14.0
11.0
364.0
909.0
6.0
7.0
6.0
4.0
5.0
16.0
1206.0
79.0
10.0
10.0
6.0
6.0
6.0
336.0
974.0
2.0
3.0
3.0
5.0
6.0
10.0
1207.0
106.0
8.0
8.0
8.0
7.0
7.0
302.0
1028.0
4.0
3.0
4.0
5.0
2.0
3.0
1185.0
135.0
11.0
11.0
0.0
8.0
12.0
264.0
1051.0
4.0
3.0
5.0
5.0
4.0
4.0
1150.0
156.0
6.0
13.0
10.0
9.0
11.0
217.0
1067.0
5.0
1.0
0.0
1.0
4.0
5.0
1087.0
184.0
8.0
6.0
3.0
5.0
8.0
189.0
1080.0
9.0
6.0
5.0
3.0
4.0
8.0
1044.0
223.0
6.0
6.0
9.0
10.0
12.0
149.0
1123.0
8.0
6.0
4.0
3.0
4.0
4.0
1032.0
268.0
10.0
8.0
0.0
6.0
6.0
123.0
1185.0
4.0
3.0
4.0
2.0
3.0
2.0
1003.0
317.0
10.0
9.0
5.0
4.0
6.0
99.0
1198.0
37.0
1.0
3.0
5.0
4.0
5.0
958.0
380.0
7.0
6.0
7.0
8.0
9.0
75.0
1121.0
140.0
3.0
4.0
1.0
2.0
6.0
907.0
409.0
8.0
12.0
8.0
10.0
12.0
61.0
1025.0
218.0
1.0
3.0
7.0
5.0
5.0
845.0
431.0
10.0
10.0
0.0
5.0
6.0
40.0
958.0
283.0
5.0
1.0
4.0
7.0
7.0
794.0
472.0
3.0
6.0
11.0
9.0
13.0
30.0
916.0
339.0
6.0
5.0
3.0
4.0
5.0
759.0
542.0
8.0
7.0
6.0
9.0
7.0
16.0
899.0
405.0
3.0
4.0
4.0
4.0
4.0
707.0
616.0
7.0
8.0
3.0
5.0
9.0
17.0
867.0
455.0
4.0
10.0
8.0
6.0
5.0
658.0
686.0
12.0
7.0
0.0
10.0
11.0
9.0
829.0
514.0
4.0
5.0
4.0
3.0
4.0
598.0
728.0
10.0
10.0
12.0
10.0
11.0
14.0
745.0
554.0
1.0
1.0
0.0
2.0
4.0
519.0
758.0
9.0
12.0
12.0
9.0
7.0
8.0
679.0
592.0
5.0
4.0
6.0
7.0
6.0
438.0
827.0
9.0
8.0
7.0
6.0
9.0
9.0
636.0
643.0
3.0
6.0
3.0
4.0
3.0
358.0
944.0
8.0
5.0
0.0
6.0
8.0
9.0
608.0
707.0
1.0
2.0
1.0
5.0
4.0
241.0
1079.0
10.0
9.0
7.0
7.0
10.0
3.0
569.0
762.0
7.0
5.0
3.0
6.0
8.0
120.0
1217.0
20.0
9.0
7.0
9.0
10.0
8.0
534.0
806.0
8.0
8.0
6.0
4.0
6.0
72.0
1234.0
18.0
5.0
5.0
8.0
9.0
10.0
473.0
829.0
3.0
5.0
3.0
2.0
5.0
48.0
1199.0
32.0
9.0
0.0
10.0
12.0
11.0
410.0
858.0
4.0
6.0
3.0
4.0
7.0
30.0
1192.0
48.0
7.0
8.0
8.0
13.0
8.0
371.0
909.0
3.0
5.0
3.0
5.0
4.0
19.0
1215.0
76.0
6.0
8.0
6.0
6.0
8.0
348.0
966.0
2.0
4.0
4.0
5.0
1.0
8.0
1216.0
97.0
9.0
7.0
6.0
8.0
5.0
318.0
1014.0
8.0
6.0
8.0
4.0
3.0
5.0
1213.0
130.0
7.0
0.0
6.0
7.0
12.0
276.0
1067.0
4.0
7.0
8.0
6.0
6.0
6.0
1162.0
153.0
6.0
5.0
8.0
7.0
7.0
230.0
1065.0
4.0
5.0
5.0
2.0
2.0
4.0
1099.0
175.0
10.0
9.0
8.0
5.0
9.0
194.0
1080.0
5.0
6.0
8.0
8.0
9.0
6.0
1055.0
212.0
8.0
7.0
9.0
11.0
10.0
150.0
1119.0
4.0
1.0
3.0
3.0
5.0
2.0
1034.0
260.0
8.0
0.0
7.0
8.0
4.0
126.0
1177.0
3.0
3.0
2.0
4.0
3.0
2.0
1005.0
310.0
9.0
11.0
5.0
9.0
9.0
99.0
1203.0
28.0
7.0
3.0
7.0
6.0
6.0
976.0
363.0
9.0
10.0
11.0
11.0
7.0
75.0
1146.0
127.0
5.0
7.0
9.0
6.0
3.0
918.0
403.0
8.0
12.0
7.0
7.0
9.0
61.0
1040.0
206.0
2.0
3.0
4.0
2.0
3.0
849.0
422.0
6.0
0.0
7.0
5.0
5.0
44.0
961.0
270.0
4.0
4.0
6.0
7.0
5.0
801.0
465.0
3.0
5.0
6.0
10.0
8.0
33.0
922.0
330.0
5.0
8.0
6.0
5.0
6.0
769.0
523.0
7.0
11.0
7.0
8.0
11.0
22.0
896.0
388.0
1.0
0.0
0.0
3.0
5.0
715.0
597.0
9.0
7.0
4.0
3.0
6.0
19.0
866.0
442.0
4.0
5.0
3.0
3.0
3.0
662.0
675.0
4.0
0.0
15.0
9.0
9.0
13.0
837.0
500.0
8.0
7.0
7.0
7.0
2.0
611.0
712.0
10.0
10.0
13.0
8.0
7.0
9.0
762.0
537.0
2.0
4.0
5.0
4.0
1.0
532.0
745.0
10.0
6.0
6.0
4.0
4.0
10.0
682.0
587.0
7.0
8.0
7.0
8.0
7.0
456.0
810.0
3.0
5.0
11.0
8.0
11.0
7.0
642.0
633.0
5.0
7.0
6.0
4.0
5.0
374.0
908.0
8.0
0.0
11.0
11.0
14.0
9.0
598.0
689.0
3.0
4.0
2.0
2.0
4.0
263.0
1048.0
10.0
5.0
8.0
10.0
6.0
8.0
574.0
749.0
3.0
3.0
1.0
4.0
4.0
132.0
1190.0
13.0
5.0
10.0
9.0
8.0
8.0
541.0
800.0
4.0
4.0
4.0
4.0
5.0
79.0
1225.0
24.0
12.0
7.0
6.0
7.0
9.0
481.0
824.0
3.0
3.0
1.0
2.0
4.0
53.0
1200.0
32.0
0.0
9.0
8.0
3.0
6.0
422.0
847.0
7.0
9.0
2.0
3.0
6.0
37.0
1193.0
40.0
4.0
3.0
9.0
13.0
9.0
381.0
877.0
5.0
6.0
4.0
7.0
6.0
22.0
1178.0
57.0
4.0
4.0
10.0
12.0
8.0
337.0
924.0
9.0
8.0
6.0
6.0
6.0
7.0
1184.0
91.0
11.0
13.0
8.0
11.0
6.0
313.0
992.0
4.0
4.0
5.0
2.0
2.0
7.0
1185.0
128.0
0.0
7.0
8.0
5.0
5.0
285.0
1045.0
2.0
4.0
3.0
2.0
1.0
2.0
1161.0
145.0
10.0
11.0
8.0
11.0
7.0
232.0
1059.0
4.0
6.0
3.0
6.0
7.0
6.0
1099.0
175.0
4.0
9.0
7.0
12.0
9.0
198.0
1072.0
3.0
6.0
8.0
6.0
7.0
6.0
1055.0
206.0
11.0
8.0
7.0
8.0
11.0
165.0
1099.0
2.0
5.0
8.0
7.0
5.0
3.0
1017.0
247.0
0.0
8.0
2.0
5.0
10.0
132.0
1139.0
4.0
6.0
5.0
4.0
5.0
4.0
999.0
293.0
7.0
15.0
9.0
8.0
7.0
104.0
1192.0
19.0
3.0
1.0
1.0
2.0
3.0
974.0
342.0
9.0
9.0
9.0
11.0
12.0
82.0
1149.0
101.0
2.0
0.0
4.0
4.0
1.0
919.0
390.0
11.0
7.0
13.0
8.0
11.0
64.0
1038.0
194.0
2.0
1.0
2.0
2.0
3.0
858.0
419.0
0.0
1.0
7.0
9.0
12.0
44.0
967.0
258.0
6.0
3.0
6.0
6.0
5.0
808.0
451.0
6.0
4.0
5.0
8.0
8.0
28.0
922.0
317.0
7.0
6.0
4.0
5.0
6.0
764.0
499.0
6.0
5.0
9.0
10.0
11.0
25.0
872.0
376.0
6.0
4.0
4.0
5.0
5.0
715.0
574.0
10.0
11.0
8.0
5.0
6.0
12.0
870.0
432.0
2.0
4.0
3.0
6.0
6.0
677.0
646.0
0.0
8.0
5.0
7.0
4.0
14.0
837.0
486.0
8.0
4.0
2.0
1.0
2.0
614.0
703.0
9.0
8.0
10.0
10.0
10.0
10.0
773.0
537.0
3.0
4.0
2.0
0.0
2.0
551.0
741.0
5.0
5.0
11.0
13.0
10.0
9.0
693.0
583.0
4.0
3.0
6.0
6.0
3.0
469.0
802.0
8.0
7.0
7.0
7.0
5.0
6.0
644.0
620.0
7.0
5.0
6.0
7.0
4.0
388.0
880.0
0.0
5.0
8.0
9.0
10.0
10.0
597.0
673.0
4.0
5.0
5.0
2.0
5.0
278.0
1014.0
12.0
7.0
17.0
4.0
7.0
6.0
570.0
738.0
0.0
1.0
0.0
1.0
4.0
151.0
1160.0
9.0
8.0
8.0
13.0
8.0
8.0
548.0
784.0
4.0
4.0
5.0
4.0
5.0
86.0
1216.0
20.0
11.0
6.0
4.0
8.0
5.0
487.0
818.0
3.0
3.0
4.0
3.0
5.0
60.0
1207.0
0.0
12.0
11.0
10.0
6.0
4.0
433.0
845.0
7.0
4.0
4.0
3.0
4.0
37.0
1198.0
42.0
8.0
8.0
6.0
9.0
5.0
388.0
875.0
4.0
2.0
8.0
5.0
3.0
26.0
1188.0
58.0
7.0
9.0
10.0
11.0
7.0
346.0
922.0
5.0
4.0
3.0
4.0
5.0
13.0
1194.0
84.0
7.0
8.0
9.0
8.0
10.0
311.0
989.0
3.0
6.0
6.0
4.0
3.0
9.0
1200.0
0.0
10.0
9.0
11.0
4.0
9.0
290.0
1040.0
4.0
6.0
4.0
4.0
3.0
3.0
1170.0
144.0
8.0
12.0
16.0
11.0
3.0
247.0
1064.0
2.0
3.0
3.0
4.0
7.0
3.0
1128.0
170.0
12.0
6.0
7.0
12.0
9.0
197.0
1083.0
4.0
2.0
4.0
5.0
6.0
8.0
1073.0
205.0
6.0
9.0
8.0
6.0
8.0
161.0
1106.0
7.0
3.0
6.0
3.0
6.0
9.0
1029.0
0.0
7.0
6.0
8.0
6.0
4.0
137.0
1138.0
5.0
6.0
4.0
6.0
2.0
4.0
1005.0
287.0
10.0
4.0
8.0
9.0
2.0
106.0
1190.0
13.0
3.0
5.0
5.0
3.0
3.0
978.0
339.0
10.0
8.0
7.0
6.0
6.0
80.0
1164.0
85.0
7.0
6.0
3.0
1.0
8.0
938.0
400.0
8.0
6.0
4.0
10.0
6.0
65.0
1092.0
181.0
6.0
7.0
3.0
5.0
4.0
889.0
0.0
10.0
9.0
9.0
9.0
9.0
52.0
1000.0
251.0
1.0
3.0
2.0
4.0
5.0
823.0
453.0
4.0
5.0
3.0
7.0
8.0
38.0
932.0
310.0
7.0
6.0
6.0
6.0
9.0
779.0
492.0
8.0
7.0
12.0
8.0
10.0
28.0
888.0
372.0
4.0
6.0
5.0
2.0
2.0
731.0
569.0
9.0
7.0
8.0
11.0
6.0
16.0
872.0
426.0
3.0
3.0
5.0
4.0
4.0
687.0
0.0
6.0
6.0
9.0
5.0
5.0
10.0
848.0
478.0
6.0
4.0
4.0
6.0
