6.0
7.0
452.0
854.0
3.0
0.0
3.0
6.0
6.0
35.0
1218.0
39.0
11.0
7.0
12.0
13.0
5.0
399.0
877.0
3.0
5.0
5.0
5.0
7.0
28.0
1191.0
54.0
8.0
5.0
0.0
6.0
5.0
357.0
908.0
6.0
8.0
6.0
3.0
6.0
18.0
1169.0
81.0
4.0
9.0
9.0
10.0
8.0
317.0
954.0
7.0
6.0
5.0
4.0
6.0
7.0
1178.0
110.0
6.0
6.0
5.0
6.0
5.0
288.0
1019.0
2.0
2.0
3.0
2.0
4.0
3.0
1173.0
143.0
7.0
5.0
9.0
11.0
5.0
260.0
1069.0
3.0
3.0
4.0
2.0
3.0
3.0
1147.0
172.0
5.0
8.0
0.0
6.0
8.0
219.0
1099.0
5.0
4.0
3.0
2.0
3.0
2.0
1096.0
206.0
7.0
10.0
11.0
10.0
9.0
178.0
1103.0
3.0
3.0
3.0
1.0
3.0
4.0
1044.0
228.0
8.0
7.0
10.0
8.0
7.0
140.0
1122.0
5.0
3.0
7.0
7.0
6.0
6.0
997.0
266.0
8.0
6.0
10.0
8.0
10.0
108.0
1158.0
11.0
6.0
5.0
3.0
4.0
4.0
981.0
314.0
12.0
7.0
0.0
4.0
7.0
84.0
1162.0
69.0
2.0
3.0
2.0
2.0
3.0
943.0
372.0
8.0
6.0
9.0
3.0
4.0
70.0
1098.0
169.0
4.0
4.0
4.0
4.0
7.0
906.0
431.0
5.0
7.0
7.0
6.0
5.0
53.0
1043.0
243.0
6.0
4.0
2.0
2.0
6.0
851.0
471.0
7.0
8.0
8.0
12.0
10.0
37.0
961.0
302.0
2.0
3.0
3.0
2.0
3.0
792.0
483.0
8.0
9.0
0.0
6.0
10.0
24.0
905.0
352.0
4.0
6.0
5.0
7.0
9.0
737.0
531.0
7.0
4.0
4.0
5.0
5.0
22.0
853.0
416.0
2.0
4.0
4.0
4.0
4.0
689.0
610.0
5.0
6.0
2.0
4.0
9.0
7.0
841.0
467.0
2.0
2.0
4.0
2.0
1.0
638.0
685.0
8.0
8.0
8.0
7.0
7.0
12.0
807.0
522.0
6.0
3.0
4.0
8.0
6.0
572.0
767.0
13.0
11.0
0.0
6.0
8.0
10.0
765.0
576.0
4.0
3.0
6.0
3.0
3.0
507.0
816.0
9.0
11.0
10.0
8.0
7.0
10.0
679.0
617.0
1.0
4.0
4.0
1.0
3.0
423.0
854.0
8.0
7.0
6.0
7.0
9.0
12.0
611.0
656.0
6.0
7.0
7.0
6.0
7.0
320.0
941.0
6.0
3.0
7.0
8.0
9.0
11.0
571.0
708.0
5.0
8.0
5.0
6.0
4.0
204.0
1098.0
10.0
7.0
0.0
7.0
8.0
7.0
545.0
768.0
3.0
4.0
3.0
4.0
1.0
100.0
1212.0
18.0
6.0
7.0
5.0
7.0
13.0
519.0
817.0
2.0
2.0
5.0
5.0
7.0
68.0
1253.0
28.0
6.0
8.0
6.0
3.0
2.0
480.0
866.0
6.0
5.0
2.0
4.0
4.0
42.0
1251.0
37.0
7.0
9.0
11.0
12.0
9.0
418.0
883.0
3.0
2.0
5.0
4.0
5.0
30.0
1196.0
56.0
9.0
0.0
8.0
8.0
4.0
363.0
909.0
7.0
8.0
5.0
6.0
10.0
20.0
1177.0
74.0
7.0
8.0
9.0
8.0
9.0
317.0
957.0
4.0
5.0
6.0
4.0
4.0
8.0
1192.0
103.0
8.0
5.0
7.0
6.0
3.0
297.0
1019.0
0.0
2.0
2.0
5.0
5.0
4.0
1182.0
141.0
10.0
8.0
6.0
6.0
11.0
266.0
1064.0
3.0
3.0
3.0
4.0
7.0
6.0
1166.0
178.0
7.0
0.0
7.0
9.0
7.0
229.0
1110.0
3.0
4.0
5.0
4.0
4.0
4.0
1119.0
199.0
11.0
10.0
7.0
13.0
8.0
190.0
1110.0
3.0
2.0
2.0
2.0
2.0
5.0
1050.0
225.0
13.0
5.0
5.0
11.0
10.0
143.0
1123.0
8.0
7.0
8.0
6.0
5.0
4.0
999.0
260.0
5.0
8.0
5.0
10.0
8.0
114.0
1158.0
9.0
11.0
10.0
4.0
6.0
7.0
981.0
310.0
5.0
0.0
6.0
9.0
9.0
89.0
1168.0
52.0
1.0
2.0
2.0
4.0
6.0
954.0
362.0
6.0
12.0
6.0
6.0
8.0
76.0
1106.0
152.0
4.0
2.0
4.0
1.0
0.0
908.0
432.0
9.0
10.0
9.0
9.0
8.0
56.0
1056.0
237.0
2.0
3.0
2.0
1.0
6.0
860.0
460.0
11.0
6.0
11.0
7.0
5.0
41.0
971.0
294.0
4.0
2.0
5.0
6.0
6.0
796.0
482.0
8.0
0.0
12.0
10.0
8.0
28.0
903.0
344.0
6.0
4.0
9.0
9.0
2.0
739.0
530.0
8.0
8.0
8.0
8.0
6.0
20.0
863.0
404.0
7.0
8.0
7.0
8.0
5.0
697.0
595.0
6.0
9.0
8.0
6.0
10.0
14.0
837.0
459.0
5.0
4.0
2.0
5.0
5.0
646.0
673.0
7.0
4.0
4.0
3.0
6.0
10.0
805.0
514.0
2.0
3.0
3.0
3.0
2.0
587.0
743.0
7.0
0.0
9.0
7.0
6.0
6.0
776.0
565.0
2.0
3.0
2.0
5.0
6.0
520.0
805.0
10.0
11.0
14.0
9.0
8.0
11.0
686.0
607.0
3.0
6.0
5.0
2.0
4.0
437.0
839.0
8.0
5.0
5.0
11.0
10.0
5.0
625.0
643.0
6.0
6.0
6.0
8.0
5.0
339.0
926.0
5.0
4.0
7.0
3.0
3.0
4.0
579.0
689.0
5.0
6.0
4.0
5.0
5.0
221.0
1051.0
6.0
0.0
12.0
8.0
8.0
9.0
536.0
747.0
4.0
3.0
2.0
1.0
4.0
110.0
1183.0
18.0
5.0
6.0
7.0
6.0
11.0
518.0
806.0
5.0
3.0
6.0
3.0
3.0
74.0
1242.0
24.0
3.0
8.0
7.0
6.0
9.0
484.0
857.0
5.0
6.0
6.0
2.0
2.0
46.0
1246.0
33.0
11.0
9.0
12.0
7.0
11.0
418.0
879.0
4.0
5.0
4.0
3.0
0.0
28.0
1203.0
50.0
0.0
7.0
8.0
4.0
7.0
373.0
903.0
5.0
6.0
5.0
7.0
4.0
21.0
1178.0
69.0
5.0
6.0
7.0
7.0
10.0
328.0
927.0
3.0
3.0
1.0
3.0
5.0
12.0
1155.0
93.0
6.0
7.0
5.0
7.0
12.0
290.0
966.0
5.0
4.0
4.0
2.0
9.0
11.0
1158.0
123.0
13.0
8.0
11.0
11.0
11.0
259.0
1037.0
2.0
2.0
5.0
6.0
2.0
2.0
1158.0
155.0
0.0
13.0
9.0
8.0
10.0
226.0
1093.0
2.0
1.0
4.0
6.0
3.0
4.0
1114.0
187.0
7.0
11.0
10.0
5.0
8.0
191.0
1092.0
8.0
8.0
7.0
7.0
3.0
6.0
1053.0
218.0
7.0
11.0
9.0
14.0
5.0
146.0
1115.0
4.0
5.0
6.0
4.0
7.0
6.0
1003.0
256.0
8.0
7.0
5.0
6.0
5.0
117.0
1141.0
4.0
4.0
3.0
7.0
6.0
3.0
966.0
298.0
0.0
11.0
11.0
8.0
13.0
97.0
1144.0
36.0
9.0
5.0
5.0
8.0
8.0
942.0
350.0
5.0
10.0
5.0
3.0
2.0
72.0
1106.0
132.0
7.0
3.0
7.0
6.0
2.0
912.0
409.0
7.0
3.0
4.0
8.0
5.0
55.0
1056.0
222.0
1.0
2.0
2.0
5.0
5.0
870.0
445.0
10.0
7.0
9.0
10.0
9.0
43.0
984.0
282.0
5.0
5.0
3.0
6.0
5.0
806.0
479.0
0.0
8.0
6.0
8.0
9.0
26.0
917.0
342.0
5.0
7.0
5.0
5.0
4.0
753.0
521.0
6.0
6.0
2.0
4.0
5.0
18.0
858.0
388.0
4.0
7.0
5.0
3.0
1.0
691.0
569.0
7.0
7.0
10.0
12.0
7.0
14.0
819.0
442.0
6.0
6.0
6.0
5.0
6.0
652.0
640.0
7.0
8.0
5.0
7.0
6.0
5.0
806.0
499.0
3.0
4.0
5.0
3.0
3.0
603.0
715.0
0.0
6.0
8.0
4.0
4.0
7.0
771.0
557.0
5.0
1.0
4.0
3.0
3.0
528.0
789.0
9.0
7.0
7.0
10.0
10.0
8.0
704.0
602.0
3.0
3.0
4.0
4.0
2.0
452.0
838.0
7.0
9.0
7.0
10.0
7.0
9.0
633.0
636.0
5.0
5.0
1.0
5.0
4.0
361.0
912.0
7.0
6.0
7.0
7.0
9.0
8.0
584.0
680.0
3.0
4.0
4.0
3.0
3.0
240.0
1024.0
0.0
8.0
10.0
9.0
13.0
10.0
537.0
728.0
6.0
7.0
5.0
5.0
7.0
125.0
1160.0
13.0
6.0
8.0
7.0
4.0
6.0
513.0
794.0
2.0
4.0
4.0
4.0
7.0
72.0
1230.0
25.0
4.0
10.0
12.0
6.0
6.0
487.0
846.0
1.0
3.0
5.0
7.0
6.0
51.0
1239.0
32.0
8.0
12.0
9.0
8.0
9.0
437.0
877.0
3.0
5.0
5.0
4.0
4.0
32.0
1222.0
0.0
8.0
12.0
12.0
9.0
12.0
378.0
906.0
2.0
4.0
8.0
4.0
4.0
23.0
1190.0
68.0
8.0
9.0
5.0
8.0
7.0
342.0
926.0
4.0
4.0
8.0
6.0
8.0
12.0
1167.0
89.0
13.0
10.0
10.0
11.0
9.0
300.0
967.0
7.0
6.0
10.0
8.0
8.0
11.0
1164.0
121.0
7.0
9.0
10.0
5.0
5.0
274.0
1034.0
2.0
0.0
2.0
3.0
4.0
10.0
1159.0
0.0
10.0
8.0
5.0
7.0
9.0
243.0
1087.0
3.0
2.0
3.0
2.0
6.0
4.0
1129.0
190.0
7.0
7.0
9.0
9.0
4.0
203.0
1113.0
6.0
5.0
3.0
5.0
6.0
4.0
1087.0
220.0
9.0
10.0
11.0
8.0
10.0
160.0
1124.0
1.0
2.0
5.0
4.0
2.0
3.0
1021.0
253.0
8.0
9.0
7.0
6.0
10.0
129.0
1139.0
8.0
5.0
8.0
7.0
7.0
5.0
975.0
0.0
10.0
6.0
10.0
7.0
9.0
100.0
1150.0
27.0
6.0
8.0
10.0
7.0
6.0
960.0
343.0
6.0
5.0
7.0
10.0
8.0
70.0
1125.0
115.0
3.0
2.0
0.0
1.0
2.0
921.0
402.0
7.0
5.0
6.0
9.0
9.0
62.0
1067.0
207.0
3.0
4.0
5.0
6.0
6.0
882.0
455.0
8.0
7.0
7.0
5.0
8.0
44.0
1022.0
278.0
3.0
3.0
2.0
3.0
5.0
836.0
0.0
10.0
12.0
7.0
7.0
9.0
33.0
937.0
333.0
2.0
3.0
4.0
3.0
3.0
763.0
514.0
7.0
7.0
9.0
6.0
4.0
26.0
879.0
379.0
8.0
9.0
6.0
7.0
7.0
712.0
559.0
6.0
6.0
10.0
5.0
9.0
16.0
840.0
438.0
2.0
2.0
3.0
6.0
5.0
664.0
644.0
3.0
8.0
7.0
4.0
9.0
6.0
817.0
495.0
3.0
3.0
6.0
4.0
4.0
605.0
0.0
8.0
9.0
9.0
8.0
6.0
6.0
786.0
544.0
3.0
6.0
7.0
11.0
3.0
546.0
796.0
4.0
8.0
7.0
7.0
5.0
10.0
739.0
602.0
3.0
3.0
4.0
8.0
3.0
473.0
852.0
10.0
13.0
14.0
9.0
5.0
11.0
658.0
637.0
1.0
4.0
4.0
1.0
4.0
374.0
901.0
9.0
3.0
8.0
10.0
9.0
9.0
594.0
676.0
3.0
5.0
6.0
10.0
8.0
259.0
0.0
4.0
3.0
7.0
2.0
9.0
10.0
553.0
726.0
5.0
3.0
3.0
1.0
2.0
141.0
1156.0
7.0
7.0
7.0
5.0
6.0
3.0
529.0
784.0
5.0
3.0
4.0
2.0
5.0
81.0
1228.0
23.0
5.0
8.0
9.0
7.0
5.0
495.0
837.0
5.0
4.0
3.0
6.0
5.0
48.0
1269.0
35.0
7.0
6.0
8.0
7.0
4.0
454.0
890.0
2.0
4.0
4.0
3.0
3.0
34.0
0.0
52.0
10.0
7.0
12.0
11.0
12.0
401.0
903.0
3.0
3.0
6.0
5.0
3.0
23.0
1194.0
66.0
9.0
9.0
7.0
9.0
7.0
341.0
928.0
4.0
6.0
4.0
5.0
7.0
13.0
1171.0
83.0
5.0
8.0
5.0
9.0
9.0
299.0
973.0
3.0
7.0
5.0
3.0
4.0
7.0
1173.0
118.0
9.0
9.0
12.0
10.0
10.0
277.0
1030.0
2.0
3.0
3.0
3.0
3.0
4.0
0.0
153.0
14.0
10.0
9.0
4.0
10.0
246.0
1079.0
4.0
6.0
2.0
4.0
6.0
7.0
1149.0
187.0
8.0
11.0
9.0
10.0
6.0
210.0
1137.0
7.0
4.0
7.0
7.0
5.0
6.0
1100.0
217.0
7.0
9.0
8.0
12.0
10.0
166.0
1130.0
2.0
4.0
4.0
3.0
2.0
3.0
1030.0
249.0
7.0
10.0
7.0
4.0
9.0
136.0
1133.0
4.0
4.0
3.0
4.0
5.0
3.0
0.0
282.0
5.0
7.0
5.0
6.0
8.0
105.0
1162.0
18.0
5.0
6.0
4.0
4.0
7.0
959.0
329.0
11.0
9.0
7.0
15.0
12.0
75.0
1131.0
91.0
3.0
3.0
1.0
2.0
3.0
922.0
395.0
3.0
6.0
6.0
8.0
13.0
60.0
1077.0
194.0
4.0
2.0
5.0
2.0
3.0
891.0
442.0
5.0
8.0
7.0
4.0
6.0
50.0
1037.0
267.0
3.0
6.0
9.0
8.0
4.0
0.0
481.0
7.0
8.0
9.0
8.0
11.0
38.0
951.0
320.0
3.0
6.0
2.0
1.0
2.0
775.0
503.0
6.0
6.0
6.0
6.0
6.0
26.0
878.0
372.0
5.0
5.0
8.0
6.0
6.0
719.0
550.0
3.0
5.0
5.0
9.0
7.0
17.0
840.0
429.0
5.0
4.0
4.0
3.0
5.0
669.0
615.0
14.0
6.0
7.0
8.0
4.0
10.0
807.0
473.0
3.0
3.0
1.0
1.0
3.0
0.0
694.0
7.0
7.0
10.0
4.0
7.0
10.0
773.0
535.0
9.0
4.0
7.0
5.0
4.0
545.0
774.0
6.0
6.0
5.0
8.0
5.0
5.0
731.0
586.0
11.0
2.0
6.0
3.0
5.0
482.0
820.0
9.0
5.0
12.0
9.0
4.0
7.0
653.0
625.0
4.0
3.0
1.0
2.0
1.0
387.0
879.0
4.0
5.0
8.0
6.0
8.0
5.0
599.0
665.0
7.0
6.0
5.0
4.0
5.0
0.0
975.0
7.0
5.0
5.0
9.0
8.0
10.0
551.0
711.0
2.0
3.0
3.0
4.0
1.0
159.0
1102.0
10.0
7.0
5.0
4.0
5.0
5.0
511.0
754.0
5.0
1.0
5.0
4.0
4.0
90.0
1180.0
12.0
6.0
7.0
6.0
4.0
5.0
480.0
808.0
2.0
3.0
2.0
4.0
6.0
53.0
1225.0
31.0
7.0
9.0
9.0
7.0
11.0
453.0
863.0
4.0
4.0
6.0
5.0
9.0
0.0
1217.0
43.0
9.0
9.0
10.0
5.0
6.0
401.0
874.0
5.0
4.0
2.0
7.0
6.0
25.0
1184.0
61.0
6.0
6.0
6.0
5.0
4.0
354.0
912.0
4.0
4.0
5.0
5.0
2.0
14.0
1172.0
78.0
6.0
7.0
4.0
5.0
7.0
315.0
937.0
4.0
6.0
1.0
9.0
8.0
3.0
1146.0
103.0
9.0
11.0
13.0
12.0
7.0
277.0
978.0
6.0
2.0
4.0
2.0
3.0
0.0
1130.0
141.0
11.0
6.0
7.0
5.0
8.0
243.0
1041.0
3.0
1.0
2.0
6.0
4.0
5.0
1116.0
178.0
9.0
8.0
9.0
7.0
4.0
203.0
1097.0
6.0
7.0
8.0
3.0
3.0
4.0
1081.0
198.0
12.0
11.0
8.0
4.0
8.0
178.0
1086.0
4.0
2.0
2.0
4.0
6.0
2.0
1018.0
245.0
7.0
8.0
5.0
6.0
1.0
141.0
1119.0
6.0
6.0
4.0
1.0
1.0
0.0
986.0
275.0
7.0
6.0
9.0
10.0
4.0
110.0
1142.0
8.0
3.0
5.0
3.0
3.0
5.0
938.0
319.0
5.0
8.0
7.0
10.0
13.0
86.0
1115.0
70.0
3.0
8.0
8.0
2.0
1.0
913.0
359.0
7.0
5.0
6.0
5.0
9.0
64.0
1056.0
163.0
3.0
0.0
4.0
4.0
5.0
870.0
416.0
10.0
5.0
9.0
11.0
8.0
49.0
1014.0
250.0
6.0
7.0
7.0
6.0
0.0
830.0
456.0
6.0
9.0
4.0
4.0
5.0
35.0
941.0
306.0
6.0
6.0
6.0
6.0
5.0
773.0
494.0
6.0
5.0
7.0
7.0
11.0
24.0
891.0
356.0
2.0
4.0
6.0
4.0
2.0
717.0
542.0
8.0
5.0
7.0
6.0
7.0
13.0
834.0
412.0
5.0
6.0
6.0
4.0
4.0
664.0
592.0
5.0
5.0
5.0
9.0
6.0
10.0
790.0
464.0
3.0
1.0
3.0
3.0
0.0
614.0
656.0
9.0
5.0
4.0
8.0
10.0
10.0
764.0
520.0
4.0
2.0
4.0
1.0
0.0
557.0
738.0
11.0
14.0
7.0
10.0
10.0
8.0
732.0
570.0
9.0
7.0
4.0
5.0
9.0
490.0
802.0
6.0
5.0
7.0
8.0
8.0
6.0
667.0
612.0
4.0
4.0
3.0
3.0
1.0
407.0
864.0
6.0
6.0
3.0
7.0
7.0
3.0
614.0
650.0
3.0
4.0
4.0
3.0
0.0
303.0
957.0
8.0
8.0
7.0
6.0
7.0
7.0
562.0
695.0
2.0
3.0
4.0
5.0
3.0
184.0
1071.0
9.0
8.0
6.0
11.0
9.0
10.0
520.0
741.0
7.0
4.0
3.0
4.0
3.0
93.0
1173.0
16.0
10.0
6.0
7.0
7.0
5.0
491.0
796.0
3.0
3.0
2.0
4.0
3.0
60.0
1216.0
23.0
4.0
11.0
11.0
7.0
5.0
459.0
847.0
7.0
6.0
4.0
8.0
0.0
38.0
1221.0
44.0
6.0
12.0
8.0
8.0
6.0
405.0
881.0
4.0
5.0
3.0
5.0
2.0
28.0
1199.0
56.0
5.0
3.0
6.0
1.0
3.0
358.0
904.0
1.0
2.0
1.0
2.0
2.0
15.0
1168.0
81.0
8.0
7.0
8.0
6.0
6.0
321.0
939.0
2.0
3.0
2.0
4.0
3.0
9.0
1142.0
105.0
9.0
6.0
10.0
10.0
8.0
281.0
978.0
2.0
3.0
1.0
2.0
0.0
3.0
1135.0
136.0
6.0
9.0
7.0
4.0
5.0
247.0
1033.0
4.0
2.0
3.0
3.0
3.0
5.0
1131.0
169.0
5.0
9.0
10.0
4.0
10.0
213.0
1088.0
9.0
5.0
4.0
5.0
3.0
9.0
1091.0
202.0
2.0
7.0
11.0
9.0
6.0
184.0
1114.0
9.0
6.0
5.0
5.0
9.0
7.0
1045.0
240.0
8.0
7.0
5.0
9.0
5.0
145.0
1119.0
2.0
0.0
3.0
3.0
0.0
2.0
996.0
270.0
5.0
8.0
8.0
10.0
5.0
118.0
1142.0
5.0
3.0
2.0
5.0
4.0
6.0
952.0
303.0
3.0
9.0
12.0
9.0
14.0
89.0
1120.0
57.0
4.0
3.0
2.0
1.0
3.0
916.0
360.0
5.0
7.0
5.0
7.0
9.0
71.0
1076.0
149.0
6.0
6.0
5.0
8.0
4.0
884.0
410.0
12.0
9.0
9.0
11.0
11.0
55.0
1022.0
233.0
11.0
9.0
4.0
0.0
7.0
845.0
463.0
13.0
12.0
9.0
10.0
8.0
44.0
978.0
301.0
5.0
8.0
6.0
9.0
9.0
791.0
506.0
14.0
14.0
8.0
13.0
10.0
24.0
903.0
345.0
4.0
5.0
8.0
5.0
4.0
723.0
548.0
6.0
9.0
10.0
8.0
3.0
19.0
845.0
404.0
2.0
2.0
5.0
5.0
6.0
675.0
583.0
6.0
4.0
7.0
6.0
8.0
17.0
807.0
449.0
3.0
2.0
1.0
0.0
4.0
627.0
649.0
6.0
7.0
5.0
6.0
5.0
8.0
772.0
507.0
7.0
9.0
4.0
2.0
4.0
568.0
723.0
7.0
9.0
7.0
8.0
9.0
8.0
737.0
567.0
4.0
7.0
9.0
5.0
8.0
512.0
809.0
10.0
7.0
13.0
13.0
13.0
8.0
698.0
626.0
9.0
7.0
5.0
4.0
5.0
426.0
873.0
9.0
9.0
11.0
7.0
10.0
10.0
627.0
645.0
5.0
4.0
3.0
0.0
4.0
321.0
947.0
8.0
9.0
10.0
6.0
5.0
4.0
573.0
690.0
2.0
2.0
0.0
3.0
2.0
202.0
1056.0
8.0
6.0
6.0
8.0
6.0
5.0
534.0
734.0
3.0
2.0
5.0
6.0
6.0
102.0
1175.0
14.0
11.0
7.0
6.0
8.0
6.0
507.0
782.0
6.0
4.0
9.0
9.0
6.0
70.0
1216.0
26.0
9.0
7.0
9.0
7.0
9.0
463.0
853.0
4.0
9.0
8.0
0.0
4.0
40.0
1235.0
55.0
9.0
5.0
11.0
4.0
9.0
431.0
897.0
3.0
4.0
4.0
6.0
7.0
31.0
1228.0
58.0
10.0
11.0
6.0
5.0
11.0
376.0
905.0
6.0
5.0
4.0
5.0
5.0
20.0
1173.0
80.0
2.0
5.0
6.0
4.0
6.0
331.0
932.0
2.0
2.0
3.0
4.0
4.0
10.0
1154.0
96.0
4.0
5.0
8.0
11.0
6.0
291.0
975.0
4.0
2.0
3.0
0.0
4.0
5.0
1145.0
131.0
4.0
9.0
12.0
4.0
5.0
260.0
1026.0
4.0
5.0
5.0
7.0
6.0
6.0
1131.0
166.0
5.0
7.0
8.0
6.0
7.0
226.0
1083.0
5.0
5.0
8.0
6.0
7.0
6.0
1111.0
204.0
8.0
9.0
9.0
10.0
6.0
193.0
1129.0
6.0
7.0
6.0
9.0
8.0
8.0
1068.0
234.0
6.0
9.0
6.0
8.0
10.0
147.0
1130.0
8.0
6.0
4.0
0.0
3.0
4.0
999.0
262.0
8.0
7.0
9.0
7.0
6.0
122.0
1144.0
2.0
2.0
3.0
2.0
6.0
4.0
954.0
304.0
5.0
6.0
4.0
9.0
4.0
86.0
1141.0
38.0
3.0
4.0
5.0
5.0
2.0
928.0
342.0
6.0
6.0
3.0
10.0
7.0
71.0
1075.0
134.0
3.0
4.0
1.0
2.0
5.0
892.0
397.0
5.0
10.0
10.0
7.0
11.0
55.0
1026.0
228.0
4.0
4.0
0.0
4.0
7.0
855.0
457.0
3.0
7.0
8.0
8.0
7.0
39.0
995.0
291.0
7.0
5.0
5.0
4.0
7.0
801.0
500.0
11.0
13.0
13.0
10.0
9.0
31.0
912.0
341.0
6.0
5.0
3.0
4.0
3.0
739.0
527.0
8.0
4.0
8.0
3.0
7.0
16.0
864.0
389.0
2.0
3.0
4.0
4.0
0.0
686.0
576.0
4.0
1.0
4.0
6.0
6.0
12.0
813.0
444.0
3.0
3.0
0.0
2.0
3.0
643.0
630.0
6.0
6.0
8.0
5.0
4.0
10.0
780.0
494.0
1.0
2.0
2.0
3.0
1.0
582.0
707.0
6.0
8.0
7.0
7.0
9.0
6.0
744.0
554.0
6.0
7.0
8.0
6.0
6.0
516.0
790.0
8.0
9.0
16.0
11.0
10.0
10.0
710.0
605.0
4.0
9.0
7.0
7.0
6.0
439.0
851.0
11.0
9.0
16.0
9.0
11.0
11.0
634.0
635.0
3.0
2.0
0.0
2.0
3.0
341.0
922.0
6.0
6.0
8.0
9.0
8.0
8.0
580.0
684.0
3.0
3.0
4.0
7.0
3.0
223.0
1038.0
5.0
8.0
7.0
4.0
4.0
6.0
538.0
721.0
5.0
3.0
4.0
3.0
6.0
122.0
1131.0
11.0
7.0
8.0
3.0
7.0
8.0
494.0
769.0
2.0
1.0
4.0
4.0
1.0
69.0
1191.0
24.0
2.0
6.0
7.0
6.0
4.0
457.0
827.0
5.0
3.0
0.0
5.0
5.0
43.0
1220.0
35.0
8.0
8.0
7.0
5.0
5.0
424.0
875.0
9.0
7.0
9.0
6.0
6.0
36.0
1210.0
49.0
8.0
7.0
10.0
5.0
7.0
371.0
896.0
1.0
4.0
2.0
6.0
2.0
14.0
1176.0
72.0
6.0
6.0
9.0
8.0
11.0
339.0
921.0
5.0
6.0
1.0
4.0
4.0
13.0
1153.0
95.0
8.0
10.0
9.0
5.0
5.0
302.0
951.0
5.0
7.0
0.0
6.0
4.0
7.0
1131.0
121.0
8.0
11.0
5.0
5.0
14.0
257.0
1000.0
2.0
3.0
2.0
3.0
6.0
8.0
1121.0
152.0
7.0
6.0
4.0
7.0
4.0
224.0
1057.0
4.0
5.0
6.0
5.0
3.0
5.0
1104.0
189.0
6.0
9.0
7.0
8.0
10.0
186.0
1114.0
2.0
5.0
7.0
3.0
6.0
6.0
1062.0
221.0
7.0
7.0
6.0
6.0
6.0
154.0
1112.0
4.0
2.0
0.0
4.0
3.0
1.0
1004.0
260.0
8.0
6.0
4.0
10.0
7.0
132.0
1129.0
2.0
2.0
4.0
9.0
6.0
5.0
965.0
295.0
9.0
5.0
6.0
9.0
6.0
95.0
1137.0
31.0
7.0
7.0
5.0
5.0
4.0
920.0
332.0
6.0
5.0
3.0
5.0
9.0
76.0
1076.0
114.0
3.0
3.0
5.0
7.0
5.0
884.0
387.0
3.0
6.0
4.0
8.0
6.0
56.0
1030.0
202.0
4.0
0.0
6.0
4.0
5.0
857.0
433.0
10.0
9.0
7.0
8.0
8.0
41.0
989.0
281.0
7.0
3.0
8.0
7.0
4.0
810.0
480.0
5.0
6.0
8.0
5.0
4.0
35.0
912.0
330.0
1.0
0.0
3.0
4.0
5.0
744.0
526.0
3.0
6.0
5.0
8.0
5.0
18.0
863.0
387.0
6.0
6.0
3.0
5.0
0.0
695.0
563.0
6.0
3.0
7.0
7.0
10.0
16.0
821.0
429.0
1.0
0.0
3.0
7.0
7.0
643.0
615.0
6.0
6.0
8.0
9.0
9.0
11.0
775.0
488.0
1.0
4.0
4.0
3.0
4.0
593.0
686.0
7.0
7.0
6.0
5.0
8.0
9.0
746.0
538.0
6.0
7.0
6.0
6.0
6.0
524.0
765.0
2.0
6.0
6.0
10.0
8.0
8.0
705.0
595.0
7.0
7.0
10.0
7.0
9.0
455.0
835.0
11.0
7.0
5.0
5.0
9.0
6.0
649.0
636.0
5.0
0.0
5.0
3.0
4.0
360.0
915.0
3.0
8.0
7.0
7.0
9.0
9.0
589.0
676.0
3.0
5.0
3.0
2.0
1.0
244.0
1017.0
8.0
9.0
6.0
4.0
3.0
5.0
542.0
717.0
3.0
5.0
4.0
4.0
4.0
134.0
1120.0
11.0
5.0
5.0
9.0
8.0
5.0
506.0
757.0
1.0
3.0
5.0
2.0
3.0
70.0
1196.0
18.0
6.0
4.0
8.0
4.0
7.0
469.0
821.0
5.0
0.0
6.0
6.0
6.0
48.0
1212.0
34.0
9.0
9.0
13.0
10.0
12.0
433.0
873.0
3.0
4.0
8.0
7.0
5.0
37.0
1218.0
51.0
14.0
13.0
9.0
9.0
9.0
390.0
899.0
5.0
3.0
4.0
5.0
6.0
23.0
1187.0
71.0
6.0
5.0
5.0
5.0
5.0
347.0
919.0
2.0
4.0
5.0
5.0
1.0
11.0
1162.0
90.0
7.0
10.0
7.0
6.0
7.0
308.0
954.0
4.0
0.0
4.0
2.0
2.0
6.0
1138.0
115.0
5.0
6.0
10.0
8.0
7.0
264.0
994.0
2.0
4.0
4.0
4.0
4.0
5.0
1127.0
143.0
8.0
6.0
6.0
8.0
7.0
232.0
1048.0
2.0
7.0
4.0
2.0
6.0
7.0
1112.0
179.0
10.0
9.0
7.0
6.0
6.0
197.0
1104.0
5.0
6.0
6.0
6.0
7.0
5.0
1073.0
218.0
10.0
11.0
10.0
9.0
7.0
155.0
1135.0
6.0
0.0
8.0
8.0
8.0
10.0
1029.0
253.0
7.0
9.0
8.0
6.0
10.0
134.0
1131.0
2.0
4.0
5.0
4.0
3.0
4.0
976.0
286.0
6.0
8.0
10.0
12.0
10.0
107.0
1137.0
20.0
4.0
3.0
4.0
4.0
4.0
931.0
321.0
7.0
8.0
10.0
10.0
7.0
80.0
1094.0
99.0
4.0
3.0
3.0
3.0
2.0
897.0
378.0
8.0
4.0
8.0
5.0
5.0
56.0
1043.0
188.0
0.0
6.0
7.0
8.0
4.0
863.0
431.0
4.0
11.0
12.0
11.0
8.0
46.0
999.0
269.0
7.0
4.0
10.0
5.0
6.0
822.0
491.0
13.0
9.0
13.0
11.0
8.0
35.0
961.0
325.0
6.0
6.0
4.0
2.0
4.0
771.0
528.0
9.0
9.0
10.0
14.0
12.0
20.0
883.0
370.0
0.0
4.0
4.0
4.0
1.0
706.0
565.0
7.0
7.0
8.0
9.0
14.0
18.0
832.0
420.0
0.0
3.0
1.0
2.0
5.0
650.0
610.0
7.0
10.0
6.0
10.0
7.0
7.0
787.0
475.0
2.0
2.0
3.0
3.0
2.0
599.0
684.0
6.0
5.0
7.0
5.0
6.0
5.0
755.0
531.0
8.0
5.0
3.0
5.0
7.0
542.0
760.0
9.0
9.0
8.0
8.0
8.0
10.0
716.0
589.0
5.0
9.0
4.0
5.0
2.0
476.0
845.0
14.0
10.0
8.0
8.0
5.0
7.0
681.0
646.0
0.0
6.0
4.0
5.0
4.0
386.0
918.0
11.0
10.0
6.0
4.0
6.0
9.0
604.0
677.0
4.0
4.0
3.0
5.0
4.0
266.0
995.0
4.0
7.0
10.0
8.0
10.0
8.0
552.0
710.0
4.0
4.0
4.0
3.0
4.0
145.0
1110.0
8.0
3.0
8.0
8.0
9.0
10.0
515.0
752.0
5.0
4.0
3.0
5.0
2.0
78.0
1189.0
16.0
6.0
4.0
5.0
5.0
2.0
477.0
815.0
0.0
3.0
4.0
6.0
6.0
55.0
1225.0
31.0
10.0
10.0
11.0
11.0
11.0
445.0
868.0
11.0
9.0
5.0
8.0
7.0
40.0
1234.0
52.0
11.0
9.0
11.0
10.0
12.0
406.0
912.0
3.0
2.0
3.0
4.0
5.0
20.0
1220.0
67.0
16.0
16.0
14.0
12.0
11.0
350.0
929.0
5.0
8.0
7.0
5.0
7.0
13.0
1174.0
84.0
7.0
5.0
7.0
7.0
7.0
317.0
946.0
0.0
6.0
6.0
2.0
1.0
10.0
1145.0
108.0
2.0
3.0
5.0
8.0
4.0
280.0
989.0
4.0
3.0
3.0
3.0
4.0
2.0
1134.0
141.0
6.0
7.0
8.0
5.0
9.0
237.0
1042.0
4.0
6.0
4.0
5.0
7.0
5.0
1118.0
175.0
10.0
7.0
8.0
9.0
10.0
198.0
1105.0
6.0
6.0
5.0
1.0
3.0
6.0
1096.0
217.0
8.0
10.0
14.0
16.0
12.0
168.0
1148.0
0.0
2.0
2.0
3.0
5.0
6.0
1049.0
249.0
6.0
13.0
10.0
13.0
12.0
133.0
1143.0
8.0
1.0
5.0
6.0
7.0
5.0
982.0
286.0
9.0
7.0
8.0
8.0
5.0
109.0
1142.0
10.0
2.0
3.0
4.0
4.0
2.0
937.0
324.0
7.0
5.0
6.0
10.0
5.0
84.0
1106.0
78.0
3.0
2.0
4.0
3.0
3.0
903.0
365.0
5.0
4.0
6.0
7.0
7.0
64.0
1052.0
0.0
4.0
6.0
6.0
2.0
7.0
871.0
420.0
3.0
7.0
7.0
8.0
8.0
43.0
1004.0
254.0
4.0
6.0
3.0
3.0
3.0
834.0
476.0
13.0
12.0
13.0
10.0
9.0
38.0
973.0
319.0
5.0
3.0
6.0
7.0
5.0
778.0
521.0
9.0
11.0
10.0
6.0
9.0
24.0
888.0
368.0
5.0
3.0
5.0
2.0
3.0
711.0
549.0
9.0
6.0
11.0
9.0
7.0
21.0
831.0
0.0
5.0
3.0
4.0
1.0
7.0
661.0
597.0
5.0
5.0
10.0
8.0
2.0
7.0
792.0
464.0
4.0
4.0
3.0
3.0
3.0
603.0
664.0
3.0
8.0
9.0
4.0
12.0
8.0
751.0
516.0
6.0
6.0
6.0
5.0
4.0
546.0
737.0
9.0
10.0
7.0
9.0
9.0
11.0
721.0
575.0
4.0
4.0
6.0
4.0
7.0
485.0
828.0
12.0
10.0
17.0
8.0
10.0
12.0
687.0
0.0
3.0
5.0
6.0
3.0
1.0
406.0
897.0
7.0
9.0
9.0
12.0
11.0
5.0
612.0
664.0
7.0
6.0
7.0
6.0
4.0
292.0
976.0
11.0
7.0
5.0
6.0
9.0
7.0
566.0
696.0
5.0
7.0
7.0
5.0
6.0
167.0
1085.0
8.0
4.0
10.0
8.0
6.0
11.0
522.0
734.0
6.0
4.0
4.0
2.0
4.0
93.0
1154.0
12.0
8.0
9.0
7.0
6.0
3.0
474.0
0.0
6.0
5.0
2.0
4.0
3.0
58.0
1193.0
25.0
9.0
10.0
6.0
5.0
6.0
439.0
847.0
6.0
7.0
3.0
4.0
4.0
42.0
1218.0
45.0
9.0
8.0
7.0
8.0
10.0
402.0
902.0
4.0
5.0
6.0
8.0
10.0
25.0
1211.0
60.0
10.0
11.0
7.0
7.0
5.0
354.0
916.0
5.0
8.0
5.0
3.0
4.0
15.0
1175.0
81.0
10.0
10.0
9.0
6.0
8.0
313.0
0.0
4.0
3.0
3.0
5.0
8.0
7.0
1143.0
106.0
8.0
10.0
7.0
10.0
10.0
286.0
970.0
4.0
5.0
6.0
5.0
6.0
4.0
1124.0
126.0
8.0
7.0
4.0
6.0
10.0
248.0
1015.0
3.0
5.0
4.0
5.0
5.0
3.0
1107.0
166.0
4.0
6.0
11.0
6.0
7.0
201.0
1082.0
4.0
4.0
3.0
4.0
4.0
4.0
1085.0
200.0
12.0
11.0
9.0
9.0
7.0
171.0
0.0
6.0
3.0
6.0
6.0
3.0
4.0
1043.0
247.0
9.0
10.0
13.0
12.0
8.0
140.0
1131.0
4.0
3.0
6.0
3.0
6.0
7.0
987.0
280.0
7.0
8.0
10.0
14.0
13.0
112.0
1143.0
5.0
5.0
3.0
2.0
0.0
6.0
941.0
316.0
3.0
6.0
6.0
5.0
4.0
88.0
1099.0
67.0
4.0
3.0
4.0
5.0
5.0
900.0
352.0
8.0
5.0
7.0
10.0
13.0
71.0
0.0
156.0
4.0
5.0
6.0
7.0
7.0
864.0
406.0
6.0
3.0
12.0
5.0
7.0
47.0
1009.0
241.0
9.0
5.0
7.0
4.0
7.0
842.0
460.0
8.0
10.0
6.0
6.0
9.0
40.0
971.0
308.0
5.0
5.0
4.0
2.0
2.0
789.0
507.0
5.0
5.0
7.0
11.0
8.0
26.0
898.0
359.0
11.0
6.0
1.0
5.0
7.0
725.0
549.0
11.0
9.0
11.0
10.0
6.0
18.0
0.0
405.0
4.0
5.0
3.0
4.0
5.0
674.0
588.0
7.0
9.0
7.0
8.0
5.0
5.0
801.0
452.0
4.0
6.0
5.0
6.0
3.0
615.0
641.0
4.0
9.0
11.0
6.0
14.0
7.0
748.0
512.0
5.0
5.0
4.0
6.0
4.0
561.0
718.0
6.0
6.0
9.0
6.0
2.0
4.0
719.0
567.0
4.0
6.0
4.0
2.0
8.0
493.0
801.0
8.0
10.0
9.0
3.0
7.0
13.0
0.0
619.0
6.0
1.0
5.0
6.0
5.0
412.0
882.0
9.0
6.0
5.0
7.0
8.0
9.0
628.0
655.0
7.0
7.0
8.0
7.0
5.0
312.0
959.0
5.0
5.0
4.0
6.0
7.0
9.0
576.0
690.0
6.0
2.0
6.0
4.0
6.0
190.0
1070.0
9.0
7.0
6.0
5.0
5.0
4.0
529.0
731.0
8.0
4.0
9.0
5.0
2.0
99.0
1152.0
11.0
7.0
7.0
9.0
14.0
6.0
0.0
783.0
5.0
5.0
5.0
3.0
7.0
65.0
1198.0
24.0
7.0
6.0
4.0
6.0
8.0
453.0
842.0
2.0
8.0
8.0
8.0
6.0
39.0
1226.0
44.0
7.0
8.0
10.0
9.0
9.0
408.0
900.0
1.0
2.0
2.0
2.0
6.0
30.0
1221.0
61.0
7.0
9.0
6.0
10.0
9.0
370.0
926.0
7.0
5.0
6.0
6.0
4.0
13.0
1186.0
83.0
5.0
5.0
9.0
10.0
7.0
0.0
937.0
7.0
6.0
7.0
3.0
5.0
10.0
1151.0
103.0
7.0
4.0
7.0
5.0
11.0
290.0
966.0
7.0
8.0
4.0
2.0
4.0
6.0
1128.0
128.0
6.0
7.0
9.0
14.0
10.0
250.0
1017.0
4.0
0.0
4.0
6.0
4.0
9.0
1119.0
164.0
7.0
6.0
8.0
5.0
7.0
212.0
1085.0
7.0
8.0
7.0
7.0
6.0
3.0
1100.0
204.0
10.0
8.0
7.0
7.0
6.0
0.0
1133.0
3.0
3.0
5.0
6.0
7.0
7.0
1067.0
238.0
6.0
6.0
5.0
3.0
3.0
144.0
1161.0
3.0
6.0
3.0
5.0
3.0
5.0
1022.0
267.0
4.0
8.0
7.0
7.0
9.0
120.0
1154.0
7.0
2.0
3.0
4.0
4.0
6.0
962.0
311.0
9.0
5.0
5.0
7.0
4.0
89.0
1134.0
53.0
8.0
5.0
5.0
4.0
6.0
921.0
342.0
7.0
8.0
11.0
9.0
11.0
0.0
1064.0
147.0
6.0
7.0
6.0
5.0
6.0
889.0
403.0
5.0
8.0
8.0
10.0
5.0
51.0
1036.0
231.0
6.0
6.0
5.0
5.0
9.0
863.0
457.0
11.0
7.0
10.0
7.0
6.0
41.0
998.0
299.0
0.0
5.0
4.0
5.0
7.0
809.0
532.0
8.0
7.0
8.0
12.0
8.0
27.0
960.0
360.0
3.0
6.0
6.0
3.0
3.0
761.0
568.0
11.0
8.0
8.0
7.0
8.0
0.0
881.0
407.0
3.0
10.0
5.0
5.0
4.0
696.0
591.0
8.0
7.0
5.0
5.0
6.0
14.0
815.0
453.0
4.0
6.0
3.0
7.0
8.0
635.0
642.0
6.0
11.0
10.0
8.0
6.0
12.0
771.0
502.0
5.0
3.0
3.0
7.0
8.0
572.0
730.0
7.0
5.0
8.0
10.0
6.0
6.0
751.0
568.0
5.0
7.0
3.0
6.0
5.0
516.0
812.0
5.0
14.0
6.0
6.0
7.0
0.0
707.0
627.0
5.0
10.0
6.0
2.0
5.0
444.0
908.0
7.0
9.0
6.0
9.0
5.0
7.0
676.0
673.0
5.0
6.0
1.0
4.0
4.0
346.0
988.0
12.0
8.0
8.0
11.0
5.0
8.0
588.0
712.0
5.0
6.0
9.0
6.0
7.0
213.0
1066.0
7.0
8.0
3.0
4.0
4.0
12.0
535.0
741.0
4.0
3.0
3.0
5.0
5.0
108.0
1157.0
15.0
11.0
8.0
8.0
9.0
0.0
502.0
778.0
7.0
5.0
5.0
6.0
5.0
68.0
1213.0
27.0
9.0
10.0
6.0
8.0
4.0
464.0
850.0
5.0
5.0
4.0
5.0
4.0
45.0
1247.0
42.0
7.0
5.0
8.0
12.0
7.0
437.0
899.0
3.0
4.0
6.0
4.0
4.0
27.0
1270.0
62.0
4.0
5.0
3.0
9.0
4.0
399.0
956.0
7.0
6.0
4.0
6.0
6.0
19.0
1238.0
77.0
11.0
6.0
4.0
11.0
0.0
337.0
968.0
10.0
5.0
7.0
5.0
8.0
10.0
1177.0
97.0
6.0
3.0
7.0
8.0
6.0
289.0
985.0
6.0
5.0
1.0
6.0
8.0
8.0
1148.0
120.0
6.0
9.0
7.0
10.0
9.0
263.0
1019.0
7.0
4.0
6.0
3.0
6.0
4.0
1139.0
160.0
7.0
3.0
11.0
8.0
8.0
216.0
1089.0
4.0
6.0
8.0
7.0
5.0
3.0
1127.0
197.0
7.0
8.0
7.0
10.0
0.0
191.0
1142.0
4.0
4.0
5.0
4.0
3.0
6.0
1096.0
250.0
7.0
5.0
7.0
7.0
6.0
164.0
1178.0
7.0
9.0
8.0
6.0
4.0
7.0
1048.0
272.0
10.0
13.0
6.0
9.0
6.0
123.0
1177.0
10.0
6.0
6.0
7.0
6.0
2.0
975.0
303.0
7.0
5.0
5.0
4.0
6.0
93.0
1146.0
38.0
4.0
3.0
4.0
4.0
3.0
929.0
339.0
6.0
10.0
12.0
5.0
0.0
69.0
1085.0
129.0
5.0
3.0
8.0
6.0
11.0
893.0
397.0
9.0
6.0
4.0
8.0
7.0
57.0
1031.0
219.0
5.0
2.0
6.0
5.0
7.0
865.0
450.0
8.0
8.0
7.0
13.0
7.0
46.0
998.0
289.0
5.0
6.0
5.0
2.0
6.0
817.0
523.0
8.0
13.0
8.0
9.0
10.0
34.0
970.0
354.0
5.0
10.0
7.0
5.0
7.0
765.0
562.0
17.0
8.0
6.0
7.0
0.0
20.0
888.0
401.0
5.0
5.0
4.0
6.0
7.0
705.0
575.0
4.0
9.0
10.0
8.0
10.0
13.0
824.0
445.0
3.0
6.0
3.0
6.0
5.0
646.0
625.0
7.0
5.0
8.0
4.0
10.0
11.0
778.0
501.0
6.0
2.0
6.0
9.0
7.0
596.0
693.0
7.0
8.0
8.0
6.0
7.0
3.0
743.0
552.0
7.0
7.0
6.0
11.0
5.0
528.0
791.0
4.0
4.0
6.0
6.0
0.0
10.0
712.0
616.0
1.0
3.0
4.0
2.0
4.0
456.0
879.0
10.0
9.0
10.0
5.0
8.0
8.0
678.0
669.0
8.0
5.0
5.0
5.0
5.0
362.0
961.0
15.0
7.0
8.0
10.0
7.0
6.0
603.0
696.0
5.0
2.0
4.0
4.0
4.0
233.0
1048.0
6.0
7.0
6.0
4.0
6.0
7.0
541.0
733.0
4.0
3.0
2.0
7.0
7.0
128.0
1141.0
12.0
5.0
9.0
7.0
0.0
3.0
500.0
768.0
5.0
4.0
4.0
5.0
4.0
74.0
1184.0
16.0
9.0
4.0
6.0
6.0
15.0
463.0
818.0
4.0
7.0
3.0
8.0
5.0
43.0
1219.0
36.0
6.0
5.0
8.0
7.0
8.0
430.0
883.0
7.0
1.0
6.0
4.0
7.0
33.0
1245.0
55.0
8.0
8.0
5.0
9.0
11.0
401.0
935.0
8.0
5.0
3.0
3.0
5.0
20.0
1230.0
71.0
11.0
11.0
11.0
0.0
7.0
340.0
952.0
4.0
4.0
4.0
5.0
3.0
10.0
1186.0
89.0
5.0
8.0
9.0
8.0
8.0
303.0
974.0
4.0
5.0
3.0
5.0
3.0
6.0
1151.0
118.0
6.0
5.0
9.0
4.0
7.0
269.0
998.0
8.0
8.0
10.0
5.0
7.0
7.0
1123.0
146.0
8.0
9.0
6.0
11.0
10.0
224.0
1050.0
1.0
3.0
4.0
8.0
7.0
3.0
1106.0
183.0
11.0
6.0
7.0
0.0
11.0
192.0
1114.0
7.0
6.0
4.0
7.0
5.0
6.0
1095.0
228.0
11.0
6.0
10.0
7.0
12.0
165.0
1165.0
3.0
3.0
5.0
6.0
6.0
4.0
1050.0
260.0
8.0
3.0
10.0
8.0
8.0
126.0
1166.0
4.0
3.0
3.0
4.0
6.0
7.0
979.0
303.0
8.0
6.0
7.0
13.0
9.0
100.0
1152.0
30.0
6.0
4.0
3.0
5.0
5.0
939.0
331.0
5.0
10.0
4.0
0.0
6.0
83.0
1084.0
107.0
6.0
6.0
7.0
6.0
6.0
891.0
376.0
9.0
4.0
4.0
6.0
7.0
64.0
1017.0
200.0
7.0
6.0
3.0
4.0
6.0
864.0
429.0
8.0
10.0
9.0
11.0
9.0
45.0
992.0
281.0
6.0
4.0
6.0
2.0
5.0
825.0
495.0
9.0
10.0
14.0
10.0
10.0
38.0
965.0
337.0
5.0
8.0
5.0
2.0
4.0
777.0
543.0
6.0
7.0
5.0
0.0
6.0
24.0
897.0
390.0
2.0
2.0
4.0
6.0
3.0
716.0
576.0
5.0
7.0
