1008341.0
1019422.0
1030503.0
1041583.0
1052664.0
1063745.0
1074826.0
1085906.0
1096987.0
1108068.0
1119148.0
1130229.0
1141310.0
1152390.0
1163471.0
1174551.0
1185633.0
1196713.0
1207793.0
1218874.0
1229955.0
1241035.0
1252116.0
1263197.0
1274278.0
1285358.0
1296439.0
1307520.0
1318600.0
1329681.0
1340762.0
1351842.0
1362923.0
1374004.0
1385084.0
1396165.0
1407246.0
1418326.0
1429407.0
1440488.0
1451568.0
1462649.0
1473730.0
1484810.0
1495891.0
1506973.0
1518053.0
1529133.0
1540214.0
1551294.0
1562375.0
1573456.0
1584536.0
1595617.0
1606698.0
1617779.0
1628859.0
1639940.0
1651020.0
1662101.0
1673182.0
1684262.0
1695344.0
1706424.0
1717505.0
1728585.0
1739666.0
1750747.0
1761827.0
1772908.0
1783989.0
1795069.0
1806150.0
1817230.0
1828311.0
1839392.0
1850472.0
1861553.0
1872634.0
1883714.0
1894795.0
1905876.0
1916957.0
1928038.0
1939118.0
1950199.0
1961279.0
1972360.0
1983440.0
1994521.0
2005602.0
2016683.0
2027763.0
2038844.0
2049925.0
2061005.0
2072086.0
2083166.0
2094247.0
2105328.0
2116409.0
2127489.0
2138570.0
2149651.0
2160731.0
2171812.0
2182893.0
2193973.0
2205054.0
2216135.0
2227215.0
2238296.0
2249377.0
2260457.0
2271538.0
2282619.0
2293700.0
2304780.0
2315861.0
2326941.0
2338022.0
2349103.0
2360183.0
2371264.0
2382345.0
2393426.0
2404506.0
2415587.0
2426668.0
2437748.0
2448829.0
2459910.0
2470990.0
2482071.0
2493152.0
2504234.0
2515313.0
2526394.0
2537474.0
2548555.0
2559636.0
2570716.0
2581797.0
2592878.0
2603958.0
2615039.0
2626120.0
2637200.0
2648281.0
2659362.0
2670442.0
2681523.0
2692604.0
2703684.0
2714766.0
2725846.0
2736926.0
2748007.0
2759088.0
2770168.0
2781249.0
2792330.0
2803410.0
2814491.0
2825572.0
2836653.0
2847733.0
2858814.0
2869895.0
2880975.0
2892056.0
2903137.0
2914217.0
2925298.0
2936379.0
2947459.0
2958540.0
2969621.0
2980701.0
2991782.0
3002862.0
3013943.0
3025024.0
3036105.0
3047185.0
3058266.0
3069347.0
3080427.0
3091508.0
3102589.0
3113669.0
3124750.0
3135831.0
3146911.0
3157992.0
3169073.0
3180153.0
3191234.0
3202315.0
3213395.0
3224476.0
3235557.0
3246637.0
3257718.0
3268799.0
3279879.0
3290960.0
3302041.0
3313121.0
3324202.0
3335283.0
3346364.0
3357444.0
3368525.0
3379605.0
3390686.0
3401767.0
3412847.0
3423928.0
3435009.0
3446089.0
3457170.0
3468251.0
3479331.0
3490412.0
3501494.0
3512574.0
3523654.0
3534735.0
3545816.0
3556896.0
3567977.0
3579057.0
3590138.0
3601219.0
3612300.0
3623380.0
3634461.0
3645542.0
3656622.0
3667703.0
3678784.0
3689864.0
3700945.0
3712026.0
3723106.0
3734187.0
3745268.0
3756348.0
3767429.0
3778510.0
3789590.0
3800671.0
3811752.0
3822832.0
3833913.0
3844994.0
3856075.0
3867155.0
3878236.0
3889316.0
3900397.0
3911478.0
3922558.0
3933639.0
3944720.0
3955801.0
3966881.0
3977962.0
3989043.0
4000123.0
4011204.0
4022284.0
4033365.0
4044446.0
4055527.0
4066608.0
4077688.0
4088768.0
4099849.0
4110930.0
4122010.0
4133091.0
4144172.0
4155253.0
4166335.0
4177414.0
4188495.0
4199575.0
4210656.0
4221737.0
4232817.0
4243898.0
4254979.0
4266059.0
4277140.0
4288221.0
4299301.0
4310382.0
4321463.0
4332543.0
4343624.0
4354705.0
4365785.0
4376866.0
4387947.0
4399027.0
4410108.0
4421189.0
4432269.0
4443350.0
4454431.0
4465512.0
4476592.0
4487673.0
4498755.0
4509835.0
4520915.0
4531995.0
4543076.0
4554157.0
4565237.0
4576318.0
4587399.0
4598480.0
4609560.0
4620641.0
4631721.0
4642802.0
4653883.0
4664963.0
4676045.0
4687125.0
4698206.0
4709287.0
4720367.0
4731448.0
4742528.0
4753609.0
4764690.0
4775770.0
4786851.0
4797932.0
4809012.0
4820093.0
4831174.0
4842254.0
4853335.0
4864416.0
4875496.0
4886577.0
4897658.0
4908739.0
4919819.0
4930900.0
4941981.0
4953061.0
4964142.0
4975222.0
4986303.0
4997384.0
5008464.0
5019545.0
5030626.0
5041706.0
5052787.0
5063868.0
5074948.0
5086029.0
5097110.0
5108191.0
5119271.0
5130352.0
5141433.0
5152513.0
5163594.0
5174674.0
5185755.0
5196836.0
5207917.0
5218997.0
5230078.0
5241159.0
5252239.0
5263320.0
5274401.0
5285481.0
5296562.0
5307643.0
5318723.0
5329804.0
5340885.0
5351965.0
5363046.0
5374127.0
5385207.0
5396288.0
5407368.0
5418449.0
5429530.0
5440611.0
5451691.0
5462772.0
5473853.0
5484933.0
5496014.0
5507095.0
5518176.0
5529256.0
5540337.0
5551417.0
5562498.0
5573578.0
5584659.0
5595740.0
5606821.0
5617902.0
5628982.0
5640063.0
5651143.0
5662224.0
5673305.0
5684386.0
5695466.0
5706547.0
5717627.0
5728708.0
5739789.0
5750870.0
5761950.0
5773031.0
5784112.0
5795192.0
5806273.0
5817354.0
5828434.0
5839515.0
5850596.0
5861676.0
5872757.0
5883838.0
5894919.0
5906000.0
5917079.0
5928160.0
5939241.0
5950322.0
5961402.0
5972483.0
5983564.0
5994644.0
6005725.0
6016806.0
6027886.0
6038967.0
6050048.0
6061128.0
6072209.0
6083290.0
6094371.0
6105451.0
6116532.0
6127612.0
6138693.0
6149774.0
6160854.0
6171935.0
6183016.0
6194096.0
6205177.0
6216258.0
6227338.0
6238419.0
6249500.0
6260581.0
6271661.0
6282742.0
6293823.0
6304903.0
6315984.0
6327066.0
6338145.0
6349226.0
6360307.0
6371387.0
6382468.0
6393549.0
6404629.0
6415710.0
6426790.0
6437871.0
6448952.0
6460033.0
6471113.0
6482194.0
6493276.0
6504356.0
6515436.0
6526517.0
6537597.0
6548678.0
6559759.0
6570839.0
6581920.0
6593001.0
6604081.0
6615162.0
6626243.0
6637323.0
6648404.0
6659485.0
6670565.0
6681646.0
6692727.0
6703808.0
6714888.0
6725969.0
6737049.0
6748130.0
6759211.0
6770291.0
6781372.0
6792453.0
6803533.0
6814614.0
6825695.0
6836776.0
6847856.0
6858937.0
6870017.0
6881098.0
6892179.0
6903260.0
6914340.0
6925421.0
6936502.0
6947582.0
6958663.0
6969744.0
6980824.0
6991905.0
7002985.0
7014066.0
7025147.0
7036228.0
7047308.0
7058389.0
7069470.0
7080550.0
7091631.0
7102712.0
7113792.0
7124873.0
7135954.0
7147035.0
7158115.0
7169196.0
7180276.0
7191357.0
7202438.0
7213518.0
7224599.0
7235680.0
7246761.0
7257841.0
7268922.0
7280002.0
7291083.0
7302164.0
7313244.0
7324325.0
7335406.0
7346486.0
7357567.0
7368648.0
7379729.0
7390809.0
7401890.0
7412970.0
7424051.0
7435132.0
7446213.0
7457293.0
7468374.0
7479455.0
7490536.0
7501617.0
7512697.0
7523777.0
7534858.0
7545939.0
7557019.0
7568100.0
7579181.0
7590261.0
7601342.0
7612423.0
7623503.0
7634584.0
7645665.0
7656746.0
7667826.0
7678907.0
7689988.0
7701069.0
7712149.0
7723229.0
7734310.0
7745391.0
7756471.0
7767552.0
7778633.0
7789713.0
7800794.0
7811875.0
7822955.0
7834036.0
7845117.0
7856197.0
7867278.0
7878359.0
7889440.0
7900521.0
7911601.0
7922681.0
7933762.0
7944843.0
7955924.0
7967004.0
7978085.0
7989166.0
8000246.0
8011327.0
8022408.0
8033488.0
8044569.0
8055649.0
8066730.0
8077811.0
8088892.0
8099972.0
8111053.0
8122134.0
8133214.0
8144295.0
8155375.0
8166457.0
8177537.0
8188617.0
8199698.0
8210779.0
8221860.0
8232940.0
8244021.0
8255102.0
8266182.0
8277263.0
8288344.0
8299425.0
8310505.0
8321586.0
8332666.0
8343747.0
8354828.0
8365908.0
8376989.0
8388069.0
8399150.0
8410231.0
8421312.0
8432392.0
8443473.0
8454554.0
8465634.0
8476715.0
8487797.0
8498877.0
8509957.0
8521038.0
8532119.0
8543199.0
8554280.0
8565361.0
8576441.0
8587522.0
8598602.0
8609683.0
8620764.0
8631845.0
8642925.0
8654006.0
8665086.0
8676167.0
8687248.0
8698329.0
8709409.0
8720490.0
8731571.0
8742651.0
8753732.0
8764813.0
8775893.0
8786974.0
8798054.0
8809135.0
8820216.0
8831297.0
8842377.0
8853458.0
8864539.0
8875619.0
8886700.0
8897781.0
8908861.0
8919942.0
8931023.0
8942103.0
8953184.0
8964265.0
8975345.0
8986426.0
8997507.0
9008587.0
9019668.0
9030749.0
9041829.0
9052910.0
9063991.0
9075072.0
9086152.0
9097233.0
9108314.0
9119394.0
9130475.0
9141556.0
9152639.0
9163717.0
9174798.0
9185878.0
9196959.0
9208040.0
9219120.0
9230201.0
9241281.0
9252362.0
9263443.0
9274524.0
9285604.0
9296685.0
9307766.0
9318847.0
9329927.0
9341007.0
9352088.0
9363169.0
9374250.0
9385330.0
9396411.0
9407492.0
9418572.0
9429653.0
9440734.0
9451814.0
9462895.0
9473976.0
9485057.0
9496138.0
9507218.0
9518298.0
9529379.0
9540460.0
9551540.0
9562621.0
9573702.0
9584782.0
9595863.0
9606944.0
9618024.0
9629105.0
9640186.0
9651267.0
9662347.0
9673428.0
9684509.0
9695589.0
9706670.0
9717751.0
9728831.0
9739912.0
9750992.0
9762074.0
9773154.0
9784235.0
9795315.0
9806396.0
9817478.0
9828557.0
9839638.0
9850719.0
9861799.0
9872880.0
9883961.0
9895042.0
9906122.0
9917202.0
9928283.0
9939364.0
9950445.0
9961525.0
9972606.0
9983687.0
9994767.0
10005848.0
10016929.0
10028009.0
10039090.0
10050171.0
10061251.0
10072332.0
10083413.0
10094494.0
10105574.0
10116655.0
10127735.0
10138816.0
10149897.0
10160977.0
10172058.0
10183139.0
10194219.0
10205300.0
10216381.0
10227461.0
10238542.0
10249623.0
10260704.0
10271784.0
10282865.0
10293945.0
10305026.0
10316107.0
10327188.0
10338268.0
10349349.0
10360429.0
10371510.0
10382591.0
10393671.0
10404752.0
10415833.0
10426913.0
10437994.0
10449075.0
10460156.0
10471236.0
10482318.0
10493398.0
10504478.0
10515559.0
10526640.0
10537720.0
10548801.0
10559882.0
10570962.0
10582043.0
10593124.0
10604204.0
10615285.0
10626366.0
10637446.0
10648527.0
10659608.0
10670688.0
10681769.0
10692850.0
10703930.0
10715011.0
10726092.0
10737173.0
10748253.0
10759334.0
10770415.0
10781495.0
10792576.0
10803657.0
10814737.0
10825818.0
10836899.0
10847979.0
10859060.0
10870140.0
10881221.0
10892302.0
10903383.0
10914463.0
10925544.0
10936625.0
10947705.0
10958786.0
10969866.0
10980947.0
10992028.0
11003109.0
11014189.0
11025270.0
11036351.0
11047431.0
11058512.0
11069593.0
11080673.0
11091754.0
11102835.0
11113915.0
11124996.0
11136077.0
11147158.0
11158238.0
11169319.0
11180399.0
11191480.0
11202561.0
11213641.0
11224722.0
11235803.0
11246883.0
11257964.0
11269045.0
11280126.0
11291206.0
11302287.0
11313367.0
11324448.0
11335529.0
11346609.0
11357690.0
11368771.0
11379852.0
11390932.0
11402013.0
11413093.0
11424174.0
11435255.0
11446335.0
11457416.0
11468497.0
11479578.0
11490659.0
11501739.0
11512819.0
11523900.0
11534981.0
11546062.0
11557142.0
11568223.0
11579304.0
11590384.0
11601465.0
11612546.0
11623626.0
11634707.0
11645788.0
11656868.0
11667949.0
11679030.0
11690111.0
11701191.0
11712272.0
11723352.0
11734433.0
11745514.0
11756594.0
11767675.0
11778756.0
11789836.0
11800917.0
11811998.0
11823078.0
11834159.0
11845240.0
11856320.0
11867401.0
11878482.0
11889563.0
11900643.0
11911724.0
11922805.0
11933885.0
11944966.0
11956047.0
11967127.0
11978208.0
11989288.0
12000369.0
12011450.0
12022531.0
12033611.0
12044692.0
12055773.0
12066853.0
12077934.0
12089015.0
12100095.0
12111176.0
12122257.0
12133337.0
12144418.0
12155498.0
12166579.0
12177660.0
12188740.0
12199821.0
12210902.0
12221983.0
12233063.0
12244144.0
12255225.0
12266305.0
12277386.0
12288467.0
12299548.0
12310628.0
12321709.0
12332789.0
12343870.0
12354951.0
12366031.0
12377112.0
12388193.0
12399274.0
12410354.0
12421435.0
12432515.0
12443596.0
12454677.0
12465758.0
12476839.0
12487920.0
12499000.0
12510080.0
12521161.0
12532241.0
12543322.0
12554403.0
12565484.0
12576564.0
12587645.0
12598725.0
12609806.0
12620887.0
12631967.0
12643049.0
12654129.0
12665210.0
12676290.0
12687371.0
12698452.0
12709532.0
12720613.0
12731694.0
12742774.0
12753855.0
12764936.0
12776016.0
12787097.0
12798178.0
12809258.0
12820339.0
12831420.0
12842500.0
12853581.0
12864662.0
12875743.0
12886823.0
12897904.0
12908984.0
12920065.0
12931146.0
12942226.0
12953307.0
12964388.0
12975468.0
12986549.0
12997630.0
13008710.0
13019791.0
13030872.0
13041952.0
13053033.0
13064114.0
13075195.0
13086275.0
13097356.0
13108436.0
13119517.0
13130598.0
13141679.0
13152759.0
13163840.0
13174921.0
13186001.0
13197082.0
13208162.0
13219243.0
13230324.0
13241405.0
13252485.0
13263566.0
13274647.0
13285727.0
13296808.0
13307890.0
13318969.0
13330050.0
13341131.0
13352211.0
13363292.0
13374373.0
13385453.0
13396535.0
13407614.0
13418695.0
13429776.0
13440857.0
13451937.0
13463018.0
13474099.0
13485180.0
13496260.0
13507341.0
13518421.0
13529502.0
13540583.0
13551664.0
13562744.0
13573825.0
13584905.0
13595986.0
13607067.0
13618148.0
13629228.0
13640309.0
13651389.0
13662470.0
13673551.0
13684632.0
13695712.0
13706793.0
13717874.0
13728954.0
13740035.0
13751115.0
13762196.0
13773277.0
13784357.0
13795438.0
13806519.0
13817600.0
13828680.0
13839761.0
13850842.0
13861922.0
13873004.0
13884084.0
13895164.0
13906245.0
13917326.0
13928406.0
13939487.0
13950568.0
13961648.0
13972729.0
13983810.0
13994890.0
14005971.0
14017052.0
14028132.0
14039213.0
14050294.0
14061374.0
14072455.0
14083536.0
14094616.0
14105697.0
14116778.0
14127858.0
14138939.0
14150020.0
14161101.0
14172181.0
14183262.0
14194343.0
14205423.0
14216504.0
14227584.0
14238665.0
14249746.0
14260826.0
14271910.0
14282988.0
14294069.0
14305149.0
14316230.0
14327311.0
14338391.0
14349472.0
14360552.0
14371633.0
14382714.0
14393794.0
14404875.0
14415956.0
14427037.0
14438117.0
14449198.0
14460279.0
14471360.0
14482441.0
14493521.0
14504601.0
14515682.0
14526763.0
14537843.0
14548924.0
14560005.0
14571085.0
14582166.0
14593247.0
14604327.0
14615408.0
14626489.0
14637569.0
14648650.0
14659731.0
14670812.0
14681892.0
14692973.0
14704054.0
14715134.0
14726215.0
14737296.0
14748376.0
14759457.0
14770538.0
14781618.0
14792699.0
14803779.0
14814860.0
14825941.0
14837022.0
14848102.0
14859183.0
14870264.0
14881345.0
14892425.0
14903506.0
14914586.0
14925667.0
14936748.0
14947829.0
14958909.0
14969990.0
14981070.0
14992151.0
15003231.0
15014312.0
15025393.0
15036474.0
15047554.0
15058635.0
15069716.0
15080796.0
15091877.0
15102958.0
15114038.0
15125119.0
15136200.0
15147281.0
15158361.0
15169442.0
15180522.0
15191603.0
15202684.0
15213764.0
15224845.0
15235926.0
15247006.0
15258087.0
15269168.0
15280248.0
15291329.0
15302410.0
15313490.0
15324571.0
15335652.0
15346733.0
15357813.0
15368894.0
15379974.0
15391055.0
15402136.0
15413216.0
15424297.0
15435378.0
15446459.0
15457539.0
15468621.0
15479701.0
15490781.0
15501862.0
15512943.0
15524023.0
15535104.0
15546185.0
15557265.0
15568346.0
15579427.0
15590507.0
15601588.0
15612669.0
15623749.0
15634830.0
15645911.0
15656991.0
15668073.0
15679153.0
15690234.0
15701314.0
15712395.0
15723475.0
15734556.0
15745637.0
15756717.0
15767798.0
15778879.0
15789959.0
15801040.0
15812121.0
15823202.0
15834282.0
15845363.0
15856444.0
15867525.0
15878605.0
15889686.0
15900766.0
15911847.0
15922927.0
15934008.0
15945089.0
15956170.0
15967250.0
15978331.0
15989412.0
16000492.0
16011573.0
16022654.0
16033734.0
16044815.0
16055896.0
16066976.0
16078058.0
16089138.0
16100218.0
16111299.0
16122380.0
16133460.0
16144541.0
16155622.0
16166702.0
16177783.0
16188864.0
16199944.0
16211025.0
16222106.0
16233186.0
16244267.0
16255348.0
16266429.0
16277509.0
16288590.0
16299670.0
16310751.0
16321832.0
16332912.0
16343993.0
16355074.0
16366154.0
16377235.0
16388316.0
16399396.0
16410477.0
16421558.0
16432639.0
16443719.0
16454800.0
16465882.0
16476962.0
16488042.0
16499122.0
16510203.0
16521284.0
16532365.0
16543445.0
16554526.0
16565606.0
16576687.0
16587768.0
16598848.0
16609929.0
16621010.0
16632091.0
16643171.0
16654252.0
16665333.0
16676414.0
16687494.0
16698575.0
16709655.0
16720736.0
16731817.0
16742897.0
16753978.0
16765059.0
16776139.0
16787220.0
16798301.0
16809381.0
16820462.0
16831543.0
16842623.0
16853704.0
16864785.0
16875866.0
16886946.0
16898027.0
16909107.0
16920188.0
16931269.0
16942349.0
16953430.0
16964511.0
16975591.0
16986672.0
16997753.0
17008834.0
17019914.0
17030995.0
17042076.0
17053156.0
17064237.0
17075318.0
17086398.0
17097479.0
17108560.0
17119640.0
17130721.0
17141801.0
17152882.0
17163963.0
17175044.0
17186124.0
17197205.0
17208286.0
17219366.0
17230447.0
17241528.0
17252608.0
17263689.0
17274770.0
17285850.0
17296931.0
17308012.0
17319092.0
17330173.0
17341254.0
17352335.0
17363415.0
17374496.0
17385576.0
17396657.0
17407738.0
17418818.0
17429899.0
17440980.0
17452060.0
17463142.0
17474222.0
17485303.0
17496383.0
17507464.0
17518545.0
17529625.0
17540705.0
17551786.0
17562866.0
17573947.0
17585028.0
17596108.0
17607189.0
17618270.0
17629351.0
17640431.0
17651512.0
17662593.0
17673673.0
17684754.0
17695834.0
17706915.0
17717996.0
17729076.0
17740157.0
17751238.0
17762318.0
17773399.0
17784480.0
17795560.0
17806641.0
17817722.0
17828803.0
17839883.0
17850964.0
17862045.0
17873126.0
17884206.0
17895286.0
17906367.0
17917448.0
17928528.0
17939609.0
17950690.0
17961771.0
17972851.0
17983932.0
17995012.0
18006093.0
18017174.0
18028254.0
18039335.0
18050416.0
18061497.0
18072577.0
18083658.0
18094738.0
18105819.0
18116900.0
18127981.0
18139061.0
18150142.0
18161223.0
18172303.0
18183384.0
18194465.0
18205545.0
18216626.0
18227707.0
18238788.0
18249868.0
18260949.0
18272029.0
18283110.0
18294191.0
18305271.0
18316352.0
18327433.0
18338514.0
18349594.0
18360675.0
18371755.0
18382836.0
18393917.0
18404997.0
18416078.0
18427159.0
18438240.0
18449320.0
18460401.0
18471481.0
18482562.0
18493643.0
18504723.0
18515804.0
18526885.0
18537965.0
18549046.0
18560127.0
18571207.0
18582288.0
18593369.0
18604449.0
18615530.0
18626611.0
18637692.0
18648772.0
18659853.0
18670934.0
18682014.0
18693095.0
18704176.0
18715256.0
18726337.0
18737418.0
18748499.0
18759579.0
18770660.0
18781740.0
18792821.0
18803902.0
18814982.0
18826063.0
18837144.0
18848225.0
18859305.0
18870386.0
18881466.0
18892547.0
18903628.0
18914708.0
18925789.0
18936870.0
18947950.0
18959031.0
18970112.0
18981192.0
18992273.0
19003354.0
19014434.0
19025515.0
19036596.0
19047676.0
19058758.0
19069838.0
19080918.0
19091999.0
19103080.0
19114160.0
19125241.0
19136322.0
19147403.0
19158483.0
19169564.0
19180645.0
19191725.0
19202806.0
19213886.0
19224967.0
19236048.0
19247129.0
19258209.0
19269290.0
19280371.0
19291452.0
19302532.0
19313613.0
19324693.0
19335774.0
19346855.0
19357935.0
19369016.0
19380097.0
19391177.0
19402258.0
19413342.0
19424419.0
19435500.0
19446581.0
19457662.0
19468742.0
19479823.0
19490903.0
19501984.0
19513065.0
19524145.0
19535226.0
19546307.0
19557387.0
19568468.0
19579549.0
19590629.0
19601710.0
19612791.0
19623871.0
19634952.0
19646033.0
19657114.0
19668194.0
19679275.0
19690355.0
19701436.0
19712517.0
19723597.0
19734678.0
19745759.0
19756840.0
19767920.0
19779001.0
19790082.0
19801162.0
19812243.0
19823324.0
19834404.0
19845485.0
19856566.0
19867647.0
19878727.0
19889808.0
19900888.0
19911969.0
19923050.0
19934130.0
19945211.0
19956292.0
19967372.0
19978453.0
19989534.0
20000614.0
20011695.0
20022776.0
20033856.0
20044937.0
20056018.0
20067098.0
20078179.0
20089260.0
20100340.0
20111421.0
20122502.0
20133582.0
20144663.0
20155744.0
20166824.0
20177905.0
20188986.0
20200066.0
20211147.0
20222228.0
20233309.0
20244389.0
20255470.0
20266550.0
20277631.0
20288712.0
20299792.0
20310873.0
20321954.0
20333034.0
20344115.0
20355196.0
20366276.0
20377357.0
20388438.0
20399519.0
20410599.0
20421680.0
20432761.0
20443841.0
20454923.0
20466003.0
20477083.0
20488164.0
20499245.0
20510325.0
20521406.0
20532487.0
20543567.0
20554648.0
20565729.0
20576809.0
20587890.0
20598971.0
20610051.0
20621132.0
20632213.0
20643294.0
20654374.0
20665455.0
20676535.0
20687616.0
20698697.0
20709777.0
20720858.0
20731939.0
20743020.0
20754101.0
20765182.0
20776262.0
20787343.0
20798424.0
20809504.0
20820585.0
20831666.0
20842746.0
20853827.0
20864908.0
20875988.0
20887069.0
20898150.0
20909230.0
20920311.0
20931392.0
20942472.0
20953554.0
20964634.0
20975714.0
20986795.0
20997876.0
21008957.0
21020037.0
21031118.0
21042199.0
21053279.0
21064361.0
21075441.0
21086521.0
21097602.0
21108682.0
21119763.0
21130844.0
21141925.0
21153005.0
21164086.0
21175167.0
21186247.0
21197328.0
21208408.0
21219489.0
21230570.0
21241651.0
21252731.0
21263813.0
21274893.0
21285973.0
21297054.0
21308135.0
21319215.0
21330296.0
21341377.0
21352457.0
21363538.0
21374619.0
21385700.0
21396780.0
21407861.0
21418941.0
21430022.0
21441103.0
21452184.0
21463264.0
21474345.0
21485425.0
21496506.0
21507587.0
21518668.0
21529748.0
21540829.0
21551909.0
21562990.0
21574071.0
21585151.0
21596232.0
21607313.0
21618395.0
21629474.0
21640555.0
21651636.0
21662716.0
21673797.0
21684878.0
21695958.0
21707039.0
21718119.0
21729200.0
21740281.0
21751362.0
21762442.0
21773523.0
21784604.0
21795684.0
21806765.0
21817845.0
21828926.0
21840007.0
21851088.0
21862169.0
21873249.0
21884330.0
21895410.0
21906491.0
21917572.0
21928652.0
21939733.0
21950814.0
21961894.0
21972975.0
21984056.0
21995136.0
22006217.0
22017298.0
22028378.0
22039459.0
22050540.0
22061621.0
22072701.0
22083782.0
22094862.0
22105943.0
22117024.0
22128104.0
22139185.0
22150266.0
22161346.0
22172427.0
22183508.0
22194589.0
22205669.0
22216750.0
22227831.0
22238911.0
22249992.0
22261073.0
22272153.0
22283234.0
22294315.0
22305395.0
22316476.0
22327557.0
22338637.0
22349718.0
22360799.0
22371879.0
22382960.0
22394041.0
22405121.0
22416202.0
22427283.0
22438364.0
22449445.0
22460525.0
22471605.0
22482686.0
22493767.0
22504847.0
22515928.0
22527009.0
22538089.0
22549170.0
22560251.0
22571331.0
22582412.0
22593492.0
22604573.0
22615654.0
22626735.0
22637815.0
22648897.0
22659977.0
22671057.0
22682138.0
22693219.0
22704299.0
22715380.0
22726461.0
22737541.0
22748623.0
22759703.0
22770784.0
22781864.0
22792945.0
22804025.0
22815106.0
22826187.0
22837268.0
22848349.0
22859430.0
22870510.0
22881590.0
22892671.0
22903752.0
22914832.0
22925913.0
22936994.0
22948074.0
22959155.0
22970235.0
22981316.0
22992397.0
23003478.0
23014558.0
23025639.0
23036720.0
23047801.0
23058881.0
23069962.0
23081042.0
23092123.0
23103204.0
23114285.0
23125365.0
23136446.0
23147526.0
23158607.0
23169688.0
23180768.0
23191849.0
23202930.0
23214010.0
23225091.0
23236172.0
23247253.0
23258333.0
23269414.0
23280494.0
23291575.0
23302656.0
23313736.0
23324817.0
23335898.0
23346978.0
23358059.0
23369140.0
23380221.0
23391301.0
23402382.0
23413463.0
23424543.0
23435624.0
23446705.0
23457785.0
23468866.0
23479947.0
23491027.0
23502108.0
23513189.0
23524269.0
23535350.0
23546430.0
23557511.0
23568592.0
23579673.0
23590753.0
23601834.0
23612914.0
23623995.0
23635076.0
23646157.0
23657237.0
23668318.0
23679399.0
23690479.0
23701560.0
23712641.0
23723722.0
23734802.0
23745883.0
23756963.0
23768044.0
23779126.0
23790205.0
23801286.0
23812367.0
23823447.0
23834528.0
23845609.0
23856690.0
23867770.0
23878851.0
23889931.0
23901012.0
23912093.0
23923173.0
23934254.0
23945335.0
23956415.0
23967496.0
23978577.0
23989657.0
24000738.0
24011819.0
24022900.0
24033980.0
24045061.0
24056142.0
24067222.0
24078303.0
24089384.0
24100464.0
24111545.0
24122625.0
24133706.0
24144787.0
24155868.0
24166948.0
24178029.0
24189110.0
24200190.0
24211271.0
24222352.0
24233432.0
24244513.0
24255594.0
24266675.0
24277755.0
24288836.0
24299916.0
24310997.0
24322078.0
24333158.0
24344239.0
24355320.0
24366400.0
24377481.0
24388562.0
24399642.0
24410723.0
24421804.0
24432884.0
24443967.0
24455046.0
24466127.0
24477207.0
24488288.0
24499368.0
24510449.0
24521530.0
24532610.0
24543691.0
24554772.0
24565853.0
24576933.0
24588014.0
24599095.0
24610175.0
24621256.0
24632336.0
24643417.0
24654499.0
24665579.0
24676659.0
24687740.0
24698821.0
24709901.0
24720982.0
24732062.0
24743143.0
24754224.0
24765305.0
24776385.0
24787466.0
24798547.0
24809627.0
24820708.0
24831788.0
24842869.0
24853950.0
24865031.0
24876111.0
24887192.0
24898273.0
24909353.0
24920434.0
24931515.0
24942595.0
24953676.0
24964757.0
24975837.0
24986918.0
24997999.0
25009080.0
25020160.0
25031241.0
25042321.0
25053402.0
25064483.0
25075563.0
25086644.0
25097725.0
25108806.0
25119886.0
25130967.0
25142047.0
25153128.0
25164209.0
25175290.0
25186370.0
25197451.0
25208531.0
25219612.0
25230693.0
25241774.0
25252854.0
25263935.0
25275015.0
25286096.0
25297177.0
25308258.0
25319338.0
25330419.0
25341500.0
25352580.0
25363661.0
25374742.0
25385822.0
25396903.0
25407984.0
25419064.0
25430145.0
25441226.0
25452306.0
25463387.0
25474467.0
25485548.0
25496629.0
25507710.0
25518790.0
25529871.0
25540952.0
25552032.0
25563113.0
25574194.0
25585274.0
25596355.0
25607436.0
25618516.0
25629597.0
25640678.0
25651759.0
25662839.0
25673920.0
25685000.0
25696081.0
25707162.0
25718242.0
25729323.0
25740404.0
25751484.0
25762565.0
25773646.0
25784726.0
25795807.0
25806888.0
25817968.0
25829049.0
25840130.0
25851211.0
25862291.0
25873372.0
25884452.0
25895533.0
25906614.0
25917694.0
25928775.0
25939856.0
25950936.0
25962017.0
25973098.0
25984179.0
25995259.0
26006340.0
26017421.0
26028501.0
26039583.0
26050663.0
26061743.0
26072824.0
26083904.0
26094985.0
26106066.0
26117147.0
26128227.0
26139308.0
26150388.0
26161469.0
26172550.0
26183630.0
26194711.0
26205792.0
26216872.0
26227953.0
26239034.0
26250115.0
26261196.0
26272276.0
26283357.0
26294437.0
26305518.0
26316599.0
26327679.0
26338760.0
26349841.0
26360921.0
26372002.0
26383083.0
26394164.0
26405244.0
26416325.0
26427406.0
26438487.0
26449567.0
26460648.0
26471728.0
26482809.0
26493890.0
26504970.0
26516051.0
26527131.0
26538212.0
26549293.0
26560374.0
26571454.0
26582535.0
26593616.0
26604698.0
26615777.0
26626858.0
26637938.0
26649019.0
26660100.0
26671180.0
26682261.0
26693342.0
26704422.0
26715503.0
26726584.0
26737664.0
26748745.0
26759826.0
26770906.0
26781987.0
26793068.0
26804148.0
26815229.0
26826310.0
26837390.0
26848472.0
26859552.0
26870632.0
26881713.0
26892794.0
26903874.0
26914955.0
26926036.0
26937116.0
26948197.0
26959278.0
26970359.0
26981439.0
26992520.0
27003600.0
27014681.0
27025762.0
27036843.0
27047924.0
27059004.0
27070085.0
27081165.0
27092246.0
27103326.0
27114408.0
27125488.0
27136569.0
27147649.0
27158730.0
27169810.0
27180891.0
27191972.0
27203053.0
27214133.0
27225214.0
27236295.0
27247375.0
27258456.0
27269538.0
27280617.0
27291698.0
27302779.0
27313859.0
27324940.0
27336021.0
27347101.0
27358182.0
27369262.0
27380343.0
27391424.0
27402505.0
27413585.0
27424666.0
27435748.0
27446828.0
27457908.0
27468989.0
27480069.0
27491150.0
27502231.0
27513312.0
27524392.0
27535473.0
27546553.0
27557634.0
27568715.0
27579795.0
27590876.0
27601957.0
27613037.0
27624118.0
27635199.0
27646280.0
27657360.0
27668441.0
27679522.0
27690602.0
27701683.0
27712763.0
27723844.0
27734925.0
27746006.0
27757086.0
27768167.0
27779248.0
27790328.0
27801409.0
27812489.0
27823570.0
27834651.0
27845732.0
27856812.0
27867893.0
27878974.0
27890054.0
27901135.0
27912216.0
27923296.0
27934377.0
27945458.0
27956538.0
27967619.0
27978700.0
27989780.0
28000861.0
28011942.0
28023022.0
28034103.0
28045185.0
28056264.0
28067345.0
28078426.0
28089506.0
28100587.0
28111668.0
28122748.0
28133829.0
28144910.0
28155990.0
28167071.0
28178152.0
28189232.0
28200313.0
28211394.0
28222475.0
28233556.0
28244636.0
28255716.0
28266797.0
28277878.0
28288959.0
28300039.0
28311120.0
28322201.0
28333281.0
28344362.0
28355442.0
28366523.0
28377604.0
28388685.0
28399765.0
28410846.0
28421927.0
28433008.0
28444088.0
28455168.0
28466249.0
28477330.0
28488411.0
28499491.0
28510572.0
28521653.0
28532733.0
28543814.0
28554895.0
28565975.0
28577056.0
28588137.0
28599218.0
28610298.0
28621379.0
28632459.0
28643540.0
28654621.0
28665701.0
28676782.0
28687863.0
28698943.0
28710024.0
28721105.0
28732185.0
28743266.0
28754347.0
28765427.0
28776508.0
28787589.0
28798670.0
28809750.0
28820831.0
28831912.0
28842992.0
28854073.0
28865153.0
28876234.0
28887315.0
28898396.0
28909476.0
28920557.0
28931637.0
28942718.0
28953799.0
28964880.0
28975960.0
28987041.0
28998122.0
29009202.0
29020283.0
29031364.0
29042445.0
29053525.0
29064606.0
29075686.0
29086767.0
29097848.0
29108928.0
29120009.0
29131090.0
29142170.0
29153251.0
29164332.0
29175412.0
29186493.0
29197574.0
29208654.0
29219735.0
29230816.0
29241897.0
29252977.0
29264058.0
29275138.0
29286219.0
29297300.0
29308380.0
29319461.0
29330542.0
29341622.0
29352703.0
29363784.0
29374864.0
29385945.0
29397026.0
29408106.0
29419187.0
29430269.0
29441349.0
29452429.0
29463510.0
29474591.0
29485671.0
29496752.0
29507833.0
29518913.0
29529994.0
29541075.0
29552155.0
29563236.0
29574316.0
29585397.0
29596478.0
29607558.0
29618639.0
29629721.0
29640801.0
29651882.0
29662962.0
29674042.0
29685123.0
29696204.0
29707284.0
29718365.0
29729446.0
29740527.0
29751607.0
29762688.0
29773769.0
29784849.0
29795930.0
29807011.0
29818091.0
29829172.0
29840253.0
29851334.0
29862414.0
29873494.0
29884575.0
29895656.0
29906737.0
29917817.0
29928898.0
29939980.0
29951059.0
29962140.0
29973221.0
29984302.0
29995382.0
30006463.0
30017544.0
30028624.0
30039705.0
30050785.0
30061866.0
30072947.0
30084028.0
30095108.0
30106189.0
30117270.0
30128350.0
30139431.0
30150512.0
30161592.0
30172673.0
30183754.0
30194834.0
30205915.0
30216995.0
30228076.0
30239158.0
30250237.0
30261318.0
30272399.0
30283480.0
30294560.0
30305641.0
30316722.0
30327802.0
30338883.0
30349964.0
30361044.0
30372125.0
30383206.0
30394286.0
30405367.0
30416448.0
30427529.0
30438610.0
30449690.0
30460770.0
30471851.0
30482932.0
30494012.0
30505094.0
30516174.0
30527254.0
30538335.0
30549416.0
30560497.0
30571577.0
30582658.0
30593739.0
30604819.0
30615900.0
30626981.0
30638061.0
30649142.0
30660222.0
30671303.0
30682384.0
30693465.0
30704545.0
30715626.0
30726707.0
30737787.0
30748868.0
30759949.0
30771029.0
30782110.0
30793191.0
30804271.0
30815352.0
30826433.0
30837513.0
30848594.0
30859675.0
30870755.0
30881836.0
30892917.0
30903997.0
30915078.0
30926158.0
30937239.0
30948320.0
30959401.0
30970481.0
30981562.0
30992642.0
31003723.0
31014804.0
31025885.0
31036966.0
31048046.0
31059127.0
31070208.0
31081288.0
31092369.0
31103449.0
31114530.0
31125611.0
31136692.0
31147772.0
31158853.0
31169934.0
31181014.0
31192095.0
31203175.0
31214256.0
31225337.0
31236418.0
31247498.0
31258579.0
31269660.0
31280740.0
31291821.0
31302901.0
31313982.0
31325063.0
31336144.0
31347224.0
31358305.0
31369386.0
31380466.0
31391547.0
31402628.0
31413708.0
31424790.0
31435870.0
31446951.0
31458031.0
31469112.0
31480193.0
31491273.0
31502354.0
31513434.0
31524515.0
31535596.0
31546676.0
31557757.0
31568838.0
31579919.0
31591001.0
31602080.0
31613160.0
31624241.0
31635322.0
31646402.0
31657483.0
31668564.0
31679644.0
31690725.0
31701806.0
31712886.0
31723967.0
31735048.0
31746129.0
31757209.0
31768290.0
31779371.0
31790451.0
31801532.0
31812613.0
31823693.0
31834774.0
31845855.0
31856935.0
31868016.0
31879097.0
31890177.0
31901258.0
31912339.0
31923419.0
31934500.0
31945581.0
31956661.0
31967742.0
31978823.0
31989903.0
32000984.0
32012065.0
32023145.0
32034226.0
32045307.0
32056387.0
32067468.0
32078548.0
32089629.0
32100710.0
32111791.0
32122871.0
32133952.0
32145033.0
32156113.0
32167194.0
32178275.0
32189355.0
32200436.0
32211517.0
32222598.0
32233679.0
32244759.0
32255840.0
32266920.0
32278001.0
32289081.0
32300162.0
32311243.0
32322323.0
32333404.0
32344485.0
32355565.0
32366646.0
32377727.0
32388807.0
32399888.0
32410969.0
32422050.0
32433131.0
32444211.0
32455292.0
32466372.0
32477453.0
32488533.0
32499614.0
32510695.0
32521776.0
32532856.0
32543937.0
32555018.0
32566098.0
32577179.0
32588260.0
32599340.0
32610421.0
32621502.0
32632582.0
32643663.0
32654744.0
32665824.0
32676905.0
32687985.0
32699066.0
32710147.0
32721228.0
32732308.0
32743389.0
32754470.0
32765551.0
32776631.0
32787712.0
32798792.0
32809873.0
32820954.0
32832035.0
32843115.0
32854196.0
32865276.0
32876357.0
32887438.0
32898518.0
32909599.0
32920681.0
32931760.0
32942841.0
32953922.0
32965002.0
32976084.0
32987164.0
32998245.0
33009325.0
33020406.0
33031487.0
33042568.0
33053648.0
33064729.0
33075809.0
33086890.0
33097971.0
33109051.0
33120132.0
33131213.0
33142293.0
33153374.0
33164454.0
33175535.0
33186616.0
33197696.0
33208777.0
33219858.0
33230939.0
33242019.0
33253100.0
33264181.0
33275261.0
33286342.0
33297423.0
33308503.0
33319584.0
33330665.0
33341745.0
33352826.0
33363906.0
33374987.0
33386068.0
33397149.0
33408229.0
33419311.0
33430391.0
33441471.0
33452552.0
33463633.0
33474714.0
33485794.0
33496875.0
33507955.0
33519036.0
33530117.0
33541197.0
33552278.0
33563358.0
33574440.0
33585520.0
33596601.0
33607682.0
33618762.0
33629843.0
33640924.0
33652004.0
33663085.0
33674165.0
33685246.0
33696327.0
33707408.0
33718488.0
33729569.0
33740650.0
33751731.0
33762811.0
33773892.0
33784972.0
33796053.0
33807134.0
33818214.0
33829295.0
33840376.0
33851456.0
33862537.0
33873618.0
33884698.0
33895779.0
33906860.0
33917940.0
33929021.0
33940102.0
33951182.0
33962263.0
33973344.0
33984424.0
33995505.0
34006586.0
34017666.0
34028748.0
34039828.0
34050909.0
34061989.0
34073070.0
34084150.0
34095231.0
34106313.0
34117392.0
34128473.0
34139554.0
34150635.0
34161715.0
34172796.0
34183876.0
34194957.0
34206038.0
34217119.0
34228200.0
34239280.0
34250361.0
34261442.0
34272522.0
34283602.0
34294683.0
34305764.0
34316845.0
34327925.0
34339006.0
34350087.0
34361168.0
34372248.0
34383329.0
34394409.0
34405490.0
34416571.0
34427652.0
34438732.0
34449813.0
34460894.0
34471974.0
34483055.0
34494135.0
34505216.0
34516297.0
34527377.0
34538458.0
34549539.0
34560619.0
34571700.0
34582781.0
34593861.0
34604942.0
34616023.0
34627104.0
34638184.0
34649265.0
34660345.0
34671426.0
34682507.0
34693587.0
34704668.0
34715749.0
34726830.0
34737910.0
34748991.0
34760071.0
34771152.0
34782233.0
34793313.0
34804394.0
34815475.0
34826556.0
34837636.0
34848717.0
34859797.0
34870878.0
34881960.0
34893040.0
34904120.0
34915201.0
34926281.0
34937362.0
34948443.0
34959524.0
34970604.0
34981685.0
34992766.0
35003846.0
35014927.0
35026008.0
35037088.0
35048169.0
35059250.0
35070330.0
35081411.0
35092492.0
35103572.0
35114653.0
35125734.0
35136814.0
35147895.0
35158976.0
35170056.0
35181137.0
35192218.0
35203298.0
35214379.0
35225460.0
35236540.0
35247621.0
35258702.0
35269782.0
35280863.0
35291944.0
35303025.0
35314105.0
35325186.0
35336267.0
35347347.0
35358428.0
35369508.0
35380589.0
35391670.0
35402751.0
35413832.0
35424913.0
35435993.0
35447073.0
35458154.0
35469234.0
35480315.0
35491396.0
35502477.0
35513557.0
35524638.0
35535719.0
35546800.0
35557880.0
35568960.0
35580041.0
35591122.0
35602202.0
35613283.0
35624364.0
35635445.0
35646525.0
35657606.0
35668687.0
35679767.0
35690848.0
35701929.0
35713009.0
35724090.0
35735171.0
35746252.0
35757332.0
35768413.0
35779493.0
35790574.0
35801655.0
35812736.0
35823816.0
35834897.0
35845978.0
35857058.0
35868139.0
35879219.0
35890300.0
35901381.0
35912463.0
35923542.0
35934623.0
35945704.0
35956785.0
35967865.0
35978946.0
35990026.0
36001107.0
36012189.0
36023268.0
36034349.0
36045430.0
36056510.0
36067591.0
36078672.0
36089752.0
36100833.0
36111914.0
36122994.0
36134075.0
36145156.0
36156236.0
36167317.0
36178397.0
36189478.0
36200559.0
36211640.0
36222720.0
36233801.0
36244882.0
36255962.0
36267043.0
36278124.0
36289204.0
36300285.0
36311366.0
36322446.0
36333527.0
36344608.0
36355688.0
36366769.0
36377850.0
36388930.0
36400011.0
36411092.0
36422172.0
36433253.0
36444334.0
36455415.0
36466495.0
36477576.0
36488656.0
36499737.0
36510818.0
36521898.0
36532979.0
36544060.0
36555141.0
36566221.0
36577302.0
36588383.0
36599463.0
36610544.0
36621625.0
36632705.0
36643786.0
36654867.0
36665947.0
36677028.0
36688109.0
36699189.0
36710270.0
36721351.0
36732431.0
36743512.0
36754593.0
36765673.0
36776754.0
36787835.0
36798915.0
36809997.0
36821077.0
36832158.0
36843238.0
36854318.0
36865399.0
36876480.0
36887561.0
36898641.0
36909722.0
36920803.0
36931884.0
36942964.0
36954045.0
36965125.0
36976206.0
36987287.0
36998368.0
37009448.0
37020529.0
37031610.0
37042690.0
37053771.0
37064851.0
37075932.0
37087013.0
37098094.0
37109174.0
37120255.0
37131335.0
37142417.0
37153497.0
37164578.0
37175658.0
37186739.0
37197820.0
37208900.0
37219982.0
37231061.0
37242143.0
37253223.0
37264304.0
37275384.0
37286465.0
37297546.0
37308626.0
37319707.0
37330788.0
37341868.0
37352949.0
37364030.0
37375110.0
37386191.0
37397272.0
37408353.0
37419434.0
37430514.0
37441594.0
37452675.0
37463756.0
37474836.0
37485917.0
37496998.0
37508078.0
37519159.0
37530240.0
37541320.0
37552401.0
37563482.0
37574563.0
37585643.0
37596724.0
37607804.0
37618886.0
37629966.0
37641046.0
37652127.0
37663208.0
37674289.0
37685369.0
37696450.0
37707531.0
37718611.0
37729692.0
37740773.0
37751853.0
37762934.0
37774015.0
37785095.0
37796176.0
37807257.0
37818338.0
37829418.0
37840499.0
37851579.0
37862660.0
37873741.0
37884821.0
37895902.0
37906983.0
37918063.0
37929144.0
37940225.0
37951305.0
37962386.0
37973467.0
37984547.0
37995628.0
38006709.0
38017790.0
38028870.0
38039951.0
38051031.0
38062112.0
38073194.0
38084273.0
38095354.0
38106435.0
38117515.0
38128596.0
38139677.0
38150757.0
38161838.0
38172919.0
38183999.0
38195080.0
38206161.0
38217242.0
38228322.0
38239403.0
38250483.0
38261564.0
38272645.0
38283726.0
38294806.0
38305887.0
38316967.0
38328048.0
38339129.0
38350209.0
38361290.0
38372371.0
38383452.0
38394532.0
38405614.0
38416695.0
38427775.0
38438855.0
38449936.0
38461016.0
38472097.0
38483178.0
38494258.0
38505339.0
38516420.0
38527500.0
38538581.0
38549661.0
38560742.0
38571823.0
38582904.0
38593984.0
38605065.0
38616146.0
38627226.0
38638307.0
38649388.0
38660468.0
38671549.0
38682630.0
38693711.0
38704791.0
38715872.0
38726952.0
38738033.0
38749114.0
38760194.0
38771275.0
38782356.0
38793437.0
38804517.0
38815598.0
38826678.0
38837759.0
38848840.0
38859921.0
38871001.0
38882082.0
38893163.0
38904243.0
38915324.0
38926405.0
38937485.0
38948566.0
38959647.0
38970727.0
38981808.0
38992889.0
39003969.0
39015051.0
39026131.0
39037211.0
39048292.0
39059373.0
39070453.0
39081534.0
39092615.0
39103695.0
39114776.0
39125857.0
39136937.0
39148018.0
39159099.0
39170180.0
39181260.0
39192341.0
39203422.0
39214503.0
39225583.0
39236663.0
39247744.0
39258825.0
39269905.0
39280986.0
39292067.0
39303148.0
39314228.0
39325309.0
39336390.0
39347470.0
39358551.0
39369632.0
39380712.0
39391793.0
39402874.0
39413954.0
39425035.0
39436116.0
39447196.0
39458277.0
39469357.0
39480438.0
39491519.0
39502600.0
39513680.0
39524761.0
39535842.0
39546922.0
39558003.0
39569083.0
39580164.0
39591245.0
39602326.0
39613406.0
39624487.0
39635568.0
39646648.0
39657729.0
39668810.0
39679890.0
39690971.0
39702052.0
39713132.0
39724213.0
39735294.0
39746374.0
39757455.0
39768536.0
39779616.0
39790697.0
39801778.0
39812858.0
39823939.0
39835020.0
39846100.0
39857181.0
39868262.0
39879342.0
39890423.0
39901504.0
39912584.0
39923665.0
39934746.0
39945826.0
39956907.0
39967988.0
39979069.0
39990149.0
40001230.0
40012311.0
40023391.0
40034472.0
40045552.0
40056633.0
40067714.0
40078795.0
40089875.0
40100956.0
40112037.0
40123117.0
40134198.0
40145278.0
40156359.0
40167440.0
40178521.0
40189601.0
40200682.0
40211763.0
40222843.0
40233925.0
40245005.0
40256085.0
40267166.0
40278247.0
40289327.0
40300408.0
40311488.0
40322569.0
40333651.0
40344730.0
40355811.0
40366892.0
40377973.0
40389053.0
40400135.0
40411215.0
40422295.0
40433376.0
40444457.0
40455538.0
40466618.0
40477699.0
40488779.0
40499860.0
40510941.0
40522022.0
40533102.0
40544183.0
40555264.0
40566344.0
40577425.0
40588505.0
40599586.0
40610667.0
40621748.0
40632828.0
40643909.0
40654990.0
40666070.0
40677151.0
40688231.0
40699312.0
40710393.0
40721474.0
40732554.0
40743635.0
40754716.0
40765796.0
40776877.0
40787958.0
40799040.0
40810119.0
40821200.0
40832280.0
40843361.0
40854442.0
40865522.0
40876603.0
40887684.0
40898764.0
40909845.0
40920926.0
40932006.0
40943087.0
40954168.0
40965248.0
40976329.0
40987410.0
40998490.0
41009572.0
41020652.0
41031733.0
41042813.0
41053894.0
41064974.0
41076055.0
41087136.0
41098216.0
41109297.0
41120378.0
41131459.0
41142539.0
41153620.0
41164700.0
41175781.0
41186862.0
41197943.0
41209023.0
41220104.0
41231185.0
41242265.0
41253346.0
41264427.0
41275507.0
41286588.0
41297669.0
41308749.0
41319830.0
41330911.0
41341991.0
41353072.0
41364153.0
41375233.0
41386314.0
41397395.0
41408476.0
41419556.0
41430637.0
41441717.0
41452798.0
41463879.0
41474959.0
41486040.0
41497121.0
41508201.0
41519282.0
41530363.0
41541443.0
41552524.0
41563606.0
41574685.0
41585766.0
41596847.0
41607927.0
41619008.0
41630089.0
41641169.0
41652250.0
41663331.0
41674412.0
41685492.0
41696573.0
41707654.0
41718734.0
41729815.0
41740896.0
41751976.0
41763057.0
41774138.0
41785218.0
41796299.0
41807380.0
41818460.0
41829541.0
41840621.0
41851702.0
41862783.0
41873864.0
41884944.0
41896025.0
41907106.0
41918186.0
41929267.0
41940347.0
41951428.0
41962509.0
41973590.0
41984670.0
41995751.0
42006832.0
42017912.0
42028993.0
42040074.0
42051154.0
42062235.0
42073316.0
42084396.0
42095477.0
42106558.0
42117638.0
42128719.0
42139800.0
42150880.0
42161961.0
42173042.0
42184123.0
42195203.0
42206284.0
42217365.0
42228445.0
42239526.0
42250606.0
42261687.0
42272768.0
42283849.0
42294929.0
42306010.0
42317090.0
42328171.0
42339252.0
42350333.0
42361413.0
42372494.0
42383575.0
42394656.0
42405736.0
42416817.0
42427897.0
42438978.0
42450059.0
42461139.0
42472220.0
42483301.0
42494381.0
42505462.0
42516543.0
42527623.0
42538704.0
42549785.0
42560865.0
42571946.0
42583027.0
42594108.0
42605188.0
42616269.0
42627349.0
42638430.0
42649511.0
42660591.0
42671672.0
42682753.0
42693833.0
42704914.0
42715995.0
42727075.0
42738156.0
42749237.0
42760317.0
42771398.0
42782479.0
42793560.0
42804640.0
42815721.0
42826802.0
42837882.0
42848963.0
42860043.0
42871124.0
42882205.0
42893285.0
42904366.0
42915447.0
42926527.0
42937608.0
42948689.0
42959770.0
42970850.0
42981931.0
42993012.0
43004092.0
43015173.0
43026254.0
43037334.0
43048415.0
43059497.0
43070576.0
43081657.0
43092738.0
43103818.0
43114899.0
43125980.0
43137060.0
43148141.0
43159222.0
43170302.0
43181383.0
43192464.0
43203545.0
43214625.0
43225706.0
43236786.0
43247867.0
43258948.0
43270028.0
43281109.0
43292190.0
43303270.0
43314352.0
43325432.0
43336512.0
43347593.0
43358674.0
43369754.0
43380835.0
43391917.0
43402997.0
43414077.0
43425158.0
43436238.0
43447319.0
43458400.0
43469480.0
43480561.0
43491642.0
43502722.0
43513803.0
43524884.0
43535965.0
43547045.0
43558126.0
43569208.0
43580287.0
43591368.0
43602449.0
43613529.0
43624610.0
43635691.0
43646771.0
43657852.0
43668933.0
43680013.0
43691094.0
43702175.0
43713255.0
43724337.0
43735417.0
43746497.0
43757578.0
43768659.0
43779740.0
43790820.0
43801901.0
43812981.0
43824062.0
43835143.0
43846223.0
43857304.0
43868385.0
43879466.0
43890546.0
43901627.0
43912707.0
43923788.0
43934869.0
43945950.0
43957030.0
43968111.0
43979192.0
43990272.0
44001353.0
44012434.0
44023514.0
44034595.0
44045676.0
44056756.0
44067837.0
44078917.0
44089998.0
44101079.0
44112160.0
44123240.0
44134321.0
44145402.0
44156482.0
44167563.0
44178644.0
44189724.0
44200806.0
44211886.0
44222966.0
44234047.0
44245128.0
44256208.0
44267289.0
44278370.0
44289450.0
44300531.0
44311612.0
44322692.0
44333773.0
44344854.0
44355934.0
44367015.0
44378096.0
44389177.0
44400257.0
44411338.0
44422418.0
44433499.0
44444580.0
44455660.0
44466741.0
44477822.0
44488902.0
44499983.0
44511064.0
44522145.0
44533225.0
44544306.0
44555386.0
44566467.0
44577548.0
44588629.0
44599709.0
44610790.0
44621871.0
44632951.0
44644032.0
44655113.0
44666193.0
44677274.0
44688355.0
44699436.0
44710516.0
44721596.0
44732677.0
44743758.0
44754838.0
44765919.0
44777000.0
44788081.0
44799161.0
44810242.0
44821323.0
44832403.0
44843484.0
44854565.0
44865645.0
44876726.0
44887806.0
44898888.0
44909968.0
44921049.0
44932129.0
44943210.0
44954291.0
44965371.0
44976452.0
44987533.0
44998614.0
45009694.0
45020775.0
45031855.0
45042936.0
45054017.0
45065098.0
45076178.0
45087259.0
45098340.0
45109420.0
45120501.0
45131581.0
45142662.0
45153743.0
45164824.0
45175904.0
45186985.0
45198066.0
45209146.0
45220228.0
45231307.0
45242388.0
45253469.0
45264550.0
45275630.0
45286711.0
45297792.0
45308872.0
45319953.0
45331034.0
45342114.0
45353195.0
45364275.0
45375356.0
45386438.0
45397518.0
45408598.0
45419679.0
45430760.0
45441840.0
45452921.0
45464001.0
45475083.0
45486163.0
45497244.0
45508324.0
45519405.0
45530486.0
45541566.0
45552647.0
45563728.0
45574808.0
45585890.0
45596970.0
45608050.0
45619131.0
45630212.0
45641292.0
45652373.0
45663454.0
45674534.0
45685615.0
45696696.0
45707777.0
45718857.0
45729938.0
45741018.0
45752099.0
45763180.0
45774261.0
45785341.0
45796422.0
45807503.0
45818583.0
45829664.0
45840744.0
45851825.0
45862906.0
45873987.0
45885067.0
45896148.0
45907228.0
45918309.0
45929390.0
45940471.0
45951551.0
45962632.0
45973713.0
45984793.0
45995874.0
46006955.0
46018035.0
46029116.0
46040197.0
46051277.0
46062358.0
46073439.0
46084519.0
46095600.0
46106681.0
46117761.0
46128842.0
46139923.0
46151004.0
46162084.0
46173165.0
46184246.0
46195326.0
46206407.0
46217487.0
46228568.0
46239649.0
46250730.0
46261810.0
46272891.0
46283972.0
46295052.0
46306133.0
46317214.0
46328294.0
46339375.0
46350456.0
46361536.0
46372617.0
46383699.0
46394779.0
46405859.0
46416940.0
46428020.0
46439101.0
46450182.0
46461262.0
46472343.0
46483424.0
46494504.0
46505585.0
46516666.0
46527746.0
46538827.0
46549908.0
46560988.0
46572069.0
46583150.0
46594230.0
46605311.0
46616392.0
46627472.0
46638553.0
46649634.0
46660715.0
46671795.0
46682876.0
46693956.0
46705037.0
46716119.0
46727198.0
46738279.0
46749360.0
46760441.0
46771521.0
46782602.0
46793682.0
46804763.0
46815844.0
46826925.0
46838005.0
46849086.0
46860166.0
46871247.0
46882328.0
46893409.0
46904489.0
46915570.0
46926651.0
46937731.0
46948812.0
46959892.0
46970974.0
46982054.0
46993135.0
47004215.0
47015296.0
47026377.0
47037457.0
47048538.0
47059619.0
47070699.0
47081780.0
47092861.0
47103941.0
47115022.0
47126103.0
47137183.0
47148264.0
47159345.0
47170425.0
47181506.0
47192587.0
47203667.0
47214748.0
47225829.0
47236909.0
47247990.0
47259071.0
47270151.0
47281232.0
47292313.0
47303394.0
47314474.0
47325555.0
47336636.0
47347716.0
47358797.0
47369878.0
47380959.0
47392039.0
47403120.0
47414200.0
47425281.0
47436361.0
47447442.0
47458523.0
47469603.0
47480684.0
47491765.0
47502846.0
47513926.0
47525007.0
47536088.0
47547168.0
47558249.0
47569330.0
47580410.0
47591491.0
47602572.0
47613652.0
47624733.0
47635814.0
47646894.0
47657975.0
47669056.0
47680136.0
47691217.0
47702298.0
47713378.0
47724459.0
47735540.0
47746620.0
47757701.0
47768782.0
47779863.0
47790943.0
47802024.0
47813104.0
47824185.0
47835266.0
47846347.0
47857427.0
47868508.0
47879589.0
47890669.0
47901750.0
47912830.0
47923911.0
47934992.0
47946072.0
47957153.0
47968234.0
47979315.0
47990395.0
48001476.0
48012556.0
48023637.0
48034718.0
48045799.0
48056879.0
48067960.0
48079041.0
48090121.0
48101202.0
48112283.0
48123363.0
48134444.0
48145525.0
48156605.0
48167686.0
48178767.0
48189848.0
48200928.0
48212009.0
48223089.0
48234170.0
48245251.0
48256331.0
48267412.0
48278493.0
48289573.0
48300654.0
48311735.0
48322815.0
48333896.0
48344977.0
48356057.0
48367138.0
48378220.0
48389300.0
48400380.0
48411461.0
48422542.0
48433622.0
48444703.0
48455783.0
48466864.0
48477945.0
48489026.0
48500106.0
48511187.0
48522268.0
48533348.0
48544429.0
48555510.0
48566590.0
48577671.0
48588752.0
48599832.0
48610913.0
48621994.0
48633074.0
48644155.0
48655235.0
48666316.0
48677397.0
48688478.0
48699558.0
48710639.0
48721720.0
48732800.0
48743881.0
48754962.0
48766042.0
48777127.0
48788204.0
48799284.0
48810365.0
48821446.0
48832526.0
48843607.0
48854687.0
48865768.0
48876850.0
48887930.0
48899010.0
48910091.0
48921173.0
48932252.0
48943333.0
48954414.0
48965494.0
48976576.0
48987656.0
48998737.0
49009817.0
49020898.0
49031978.0
49043059.0
49054140.0
49065221.0
49076301.0
49087382.0
49098462.0
49109543.0
49120624.0
49131705.0
49142785.0
49153866.0
49164947.0
49176027.0
49187108.0
49198188.0
49209269.0
49220350.0
49231431.0
49242511.0
49253592.0
49264673.0
49275753.0
49286834.0
49297914.0
49308995.0
49320076.0
49331157.0
49342237.0
49353318.0
49364399.0
49375481.0
49386560.0
49397641.0
49408721.0
49419802.0
49430883.0
49441963.0
49453044.0
49464125.0
49475205.0
49486286.0
49497367.0
49508447.0
49519528.0
49530609.0
49541690.0
49552770.0
49563851.0
49574932.0
49586012.0
49597093.0
49608173.0
49619254.0
49630335.0
49641416.0
49652496.0
49663577.0
49674658.0
49685738.0
49696819.0
49707900.0
49718980.0
49730061.0
49741142.0
49752222.0
49763303.0
49774384.0
49785464.0
49796545.0
49807626.0
49818706.0
49829787.0
49840868.0
49851948.0
49863029.0
49874110.0
49885190.0
49896271.0
49907352.0
49918432.0
49929513.0
49940594.0
49951674.0
49962755.0
49973836.0
49984916.0
49995997.0
50007078.0
50018158.0
50029239.0
50040320.0
50051401.0
50062481.0
50073562.0
50084642.0
50095723.0
50106804.0
50117884.0
50128965.0
50140046.0
50151126.0
50162207.0
50173288.0
50184369.0
50195449.0
50206531.0
50217611.0
50228691.0
50239772.0
50250852.0
50261933.0
50273014.0
50284094.0
50295175.0
50306256.0
50317337.0
50328417.0
50339498.0
50350578.0
50361659.0
50372741.0
50383821.0
50394901.0
50405982.0
50417062.0
50428143.0
50439224.0
50450304.0
50461385.0
50472466.0
50483547.0
50494627.0
50505708.0
50516790.0
50527869.0
50538950.0
50550031.0
50561111.0
50572192.0
50583273.0
50594353.0
50605434.0
50616515.0
50627595.0
50638676.0
50649757.0
50660838.0
50671918.0
50682999.0
50694079.0
50705160.0
50716241.0
50727321.0
50738402.0
50749483.0
50760564.0
50771644.0
50782725.0
50793805.0
50804886.0
50815967.0
50827048.0
50838128.0
50849209.0
50860290.0
50871370.0
50882451.0
50893531.0
50904612.0
50915693.0
50926774.0
50937854.0
50948935.0
50960016.0
50971096.0
50982177.0
50993258.0
51004338.0
51015419.0
51026500.0
51037582.0
51048661.0
51059742.0
51070822.0
51081903.0
51092984.0
51104064.0
51115145.0
51126226.0
51137306.0
51148387.0
51159468.0
51170549.0
51181630.0
51192710.0
51203791.0
51214871.0
51225952.0
51237033.0
51248113.0
51259194.0
51270274.0
51281355.0
51292436.0
51303516.0
51314597.0
51325678.0
51336759.0
51347839.0
51358920.0
51370002.0
51381082.0
51392162.0
51403243.0
51414323.0
51425404.0
51436485.0
51447565.0
51458646.0
51469727.0
51480807.0
51491888.0
51502969.0
51514049.0
51525130.0
51536210.0
51547291.0
51558372.0
51569453.0
51580534.0
51591614.0
51602695.0
51613775.0
51624856.0
51635937.0
51647017.0
51658098.0
51669179.0
51680259.0
51691340.0
51702422.0
51713501.0
51724582.0
51735663.0
51746743.0
51757824.0
51768905.0
51779985.0
51791066.0
51802147.0
51813228.0
51824308.0
51835389.0
51846469.0
51857550.0
51868631.0
51879711.0
51890792.0
51901873.0
51912954.0
51924034.0
51935115.0
51946195.0
51957276.0
51968357.0
51979438.0
51990518.0
52001599.0
52012680.0
52023760.0
52034841.0
52045921.0
52057002.0
52068083.0
52079164.0
52090244.0
52101325.0
52112405.0
52123486.0
52134567.0
52145648.0
52156728.0
52167815.0
52178890.0
52189970.0
52201051.0
52212132.0
52223212.0
52234293.0
52245374.0
52256454.0
52267541.0
52278616.0
52289696.0
52300777.0
52311858.0
52322938.0
52334019.0
52345100.0
52356180.0
52367261.0
52378342.0
52389423.0
52400503.0
52411584.0
52422665.0
52433745.0
52444826.0
52455907.0
52466987.0
52478068.0
52489148.0
52500229.0
52511310.0
52522391.0
52533471.0
52544552.0
52555633.0
52566713.0
52577794.0
52588874.0
52599955.0
52611036.0
52622117.0
52633197.0
52644278.0
52655359.0
52666439.0
52677520.0
52688601.0
52699681.0
52710762.0
52721843.0
52732923.0
52744004.0
52755085.0
52766165.0
52777246.0
52788327.0
52799407.0
52810488.0
52821569.0
52832650.0
52843730.0
52854811.0
52865891.0
52876972.0
52888053.0
52899133.0
52910214.0
52921295.0
52932375.0
52943456.0
52954537.0
52965618.0
52976698.0
52987779.0
52998860.0
53009940.0
53021021.0
53032101.0
53043182.0
53054263.0
53065343.0
53076424.0
53087505.0
53098586.0
53109666.0
53120747.0
53131828.0
53142908.0
53153989.0
53165070.0
53176151.0
53187231.0
53198312.0
53209392.0
53220473.0
53231554.0
53242635.0
53253715.0
53264796.0
53275876.0
53286957.0
53298038.0
53309118.0
53320199.0
53331280.0
53342360.0
53353441.0
53364523.0
53375603.0
53386683.0
53397764.0
53408844.0
53419925.0
53431006.0
53442086.0
53453167.0
53464248.0
53475328.0
53486409.0
53497490.0
53508570.0
53519651.0
53530732.0
53541812.0
53552893.0
53563975.0
53575055.0
53586135.0
53597216.0
53608297.0
53619377.0
53630458.0
53641538.0
53652619.0
53663700.0
53674780.0
53685861.0
53696942.0
53708023.0
53719103.0
53730184.0
53741264.0
53752345.0
53763426.0
53774507.0
53785587.0
53796668.0
53807749.0
53818829.0
53829910.0
53840991.0
53852071.0
53863152.0
53874233.0
53885313.0
53896394.0
53907475.0
53918555.0
53929636.0
53940717.0
53951797.0
53962878.0
53973959.0
53985039.0
53996120.0
54007201.0
54018281.0
54029362.0
54040443.0
54051523.0
54062604.0
54073685.0
54084765.0
54095846.0
54106927.0
54118008.0
54129088.0
54140169.0
54151250.0
54162330.0
54173411.0
54184491.0
54195572.0
54206653.0
54217734.0
54228815.0
54239895.0
54250976.0
54262056.0
54273137.0
54284218.0
54295298.0
54306379.0
54317460.0
54328540.0
54339621.0
54350702.0
54361784.0
54372864.0
54383944.0
54395024.0
54406105.0
54417186.0
54428267.0
54439347.0
54450428.0
54461508.0
54472589.0
54483670.0
54494750.0
54505831.0
54516912.0
54527992.0
54539073.0
54550154.0
54561235.0
54572316.0
54583396.0
54594476.0
54605557.0
54616638.0
54627718.0
54638799.0
54649880.0
54660961.0
54672041.0
54683122.0
54694202.0
54705283.0
54716364.0
54727444.0
54738525.0
54749606.0
54760687.0
54771767.0
54782848.0
54793928.0
54805009.0
54816090.0
54827170.0
54838251.0
54849332.0
54860413.0
54871493.0
54882574.0
54893655.0
54904735.0
54915816.0
54926897.0
54937977.0
54949058.0
54960139.0
54971219.0
54982300.0
54993381.0
55004461.0
55015542.0
55026623.0
55037703.0
55048784.0
55059865.0
55070945.0
55082026.0
55093107.0
55104187.0
55115268.0
55126349.0
55137429.0
55148510.0
55159591.0
55170672.0
55181752.0
55192833.0
55203913.0
55214994.0
55226075.0
55237155.0
55248236.0
55259317.0
55270397.0
55281478.0
55292559.0
55303640.0
55314720.0
55325801.0
55336881.0
55347962.0
55359043.0
55370124.0
55381204.0
55392285.0
55403365.0
55414446.0
55425527.0
55436608.0
55447688.0
55458769.0
55469849.0
55480930.0
55492011.0
55503092.0
55514172.0
55525253.0
55536334.0
55547414.0
55558495.0
55569576.0
55580656.0
55591737.0
55602818.0
55613898.0
55624979.0
55636060.0
55647140.0
55658221.0
55669302.0
55680382.0
55691463.0
55702544.0
55713624.0
55724705.0
55735786.0
55746866.0
55757947.0
55769028.0
55780108.0
55791189.0
55802270.0
55813351.0
55824431.0
55835512.0
55846593.0
55857673.0
55868754.0
55879835.0
55890915.0
55901996.0
55913077.0
55924157.0
55935238.0
55946319.0
55957399.0
55968480.0
55979561.0
55990641.0
56001722.0
56012802.0
56023883.0
56034964.0
56046045.0
56057125.0
56068206.0
56079287.0
56090367.0
56101448.0
56112529.0
56123609.0
56134690.0
56145771.0
56156851.0
56167932.0
56179013.0
56190093.0
56201174.0
56212255.0
56223335.0
56234416.0
56245497.0
56256577.0
56267658.0
56278739.0
56289819.0
56300900.0
56311981.0
56323062.0
56334142.0
56345223.0
56356304.0
56367384.0
56378465.0
56389546.0
56400626.0
56411707.0
56422788.0
56433868.0
56444949.0
56456030.0
56467110.0
56478191.0
56489272.0
56500352.0
56511433.0
56522513.0
56533594.0
56544675.0
56555756.0
56566837.0
56577917.0
56588998.0
56600078.0
56611159.0
56622240.0
56633320.0
56644401.0
56655482.0
56666562.0
56677643.0
56688724.0
56699804.0
56710885.0
56721966.0
56733046.0
56744127.0
56755208.0
56766289.0
56777369.0
56788450.0
56799530.0
56810611.0
56821692.0
56832772.0
56843853.0
56854934.0
56866014.0
56877095.0
56888176.0
56899257.0
56910337.0
56921418.0
56932499.0
56943579.0
56954660.0
56965741.0
56976821.0
56987902.0
56998983.0
57010063.0
57021144.0
57032224.0
57043305.0
57054386.0
57065467.0
57076547.0
57087628.0
57098709.0
57109789.0
57120870.0
57131951.0
57143031.0
57154112.0
57165193.0
57176273.0
57187354.0
57198435.0
57209515.0
57220596.0
57231677.0
57242757.0
57253838.0
57264918.0
57275999.0
57287080.0
57298161.0
57309242.0
57320322.0
57331403.0
57342483.0
57353565.0
57364645.0
57375725.0
57386806.0
57397887.0
57408967.0
57420049.0
57431129.0
57442209.0
57453290.0
57464371.0
57475452.0
57486532.0
57497613.0
57508694.0
57519774.0
57530855.0
57541936.0
57553016.0
57564097.0
57575178.0
57586258.0
57597339.0
57608419.0
57619500.0
57630581.0
57641661.0
57652742.0
57663823.0
57674904.0
57685984.0
57697065.0
57708146.0
57719226.0
57730307.0
57741388.0
57752468.0
57763549.0
57774630.0
57785710.0
57796791.0
57807872.0
57818952.0
57830033.0
57841114.0
57852194.0
57863275.0
57874356.0
57885436.0
57896517.0
57907598.0
57918678.0
57929759.0
57940840.0
57951920.0
57963001.0
57974082.0
57985162.0
57996243.0
58007324.0
58018404.0
58029485.0
58040566.0
58051647.0
58062727.0
58073808.0
58084889.0
58095969.0
58107050.0
58118130.0
58129211.0
58140292.0
58151373.0
58162453.0
58173534.0
58184614.0
58195695.0
58206776.0
58217856.0
58228937.0
58240018.0
58251099.0
58262179.0
58273260.0
58284341.0
58295421.0
58306502.0
58317583.0
58328663.0
58339744.0
58350827.0
58361906.0
58372986.0
58384067.0
58395147.0
58406228.0
58417309.0
58428389.0
58439470.0
58450551.0
58461631.0
58472712.0
58483793.0
58494873.0
58505954.0
58517035.0
58528116.0
58539196.0
58550278.0
58561358.0
58572438.0
58583519.0
58594599.0
58605680.0
58616761.0
58627842.0
58638922.0
58650003.0
58661083.0
58672164.0
58683245.0
58694325.0
58705406.0
58716487.0
58727568.0
58738648.0
58749729.0
58760810.0
58771890.0
58782971.0
58794051.0
58805132.0
58816213.0
58827294.0
58838374.0
58849455.0
58860536.0
58871616.0
58882697.0
58893777.0
58904858.0
58915939.0
58927020.0
58938100.0
58949181.0
58960262.0
58971342.0
58982423.0
58993503.0
59004584.0
59015667.0
59026746.0
59037826.0
59048907.0
59059988.0
59071068.0
59082149.0
59093230.0
59104310.0
59115391.0
59126472.0
59137552.0
59148633.0
59159714.0
59170795.0
59181875.0
59192956.0
59204037.0
59215117.0
59226198.0
59237279.0
59248359.0
59259440.0
59270521.0
59281601.0
59292682.0
59303762.0
59314843.0
59325924.0
59337005.0
59348086.0
59359167.0
59370247.0
59381327.0
59392408.0
59403488.0
59414569.0
59425650.0
59436731.0
59447811.0
59458892.0
59469973.0
59481053.0
59492134.0
59503215.0
59514295.0
59525376.0
59536457.0
59547537.0
59558619.0
59569699.0
59580780.0
59591860.0
59602941.0
59614021.0
59625102.0
59636183.0
59647263.0
59658344.0
59669425.0
59680507.0
59691586.0
59702667.0
59713747.0
59724828.0
59735909.0
59746990.0
59758070.0
59769151.0
59780231.0
59791312.0
59802393.0
59813473.0
59824554.0
59835635.0
59846715.0
59857796.0
59868877.0
59879957.0
59891038.0
59902119.0
59913200.0
59924280.0
59935361.0
59946442.0
59957522.0
59968603.0
