6.0
5.0
214.0
1065.0
11.0
5.0
3.0
6.0
9.0
11.0
541.0
745.0
8.0
8.0
7.0
11.0
9.0
117.0
1170.0
11.0
8.0
10.0
6.0
10.0
6.0
489.0
806.0
5.0
4.0
0.0
4.0
4.0
69.0
1225.0
23.0
4.0
9.0
13.0
7.0
6.0
467.0
856.0
2.0
3.0
3.0
4.0
3.0
51.0
1215.0
37.0
14.0
5.0
11.0
8.0
10.0
413.0
873.0
9.0
6.0
6.0
4.0
8.0
31.0
1197.0
56.0
10.0
8.0
12.0
12.0
8.0
380.0
894.0
4.0
2.0
9.0
9.0
10.0
20.0
1191.0
72.0
6.0
8.0
4.0
8.0
10.0
348.0
929.0
6.0
8.0
0.0
2.0
6.0
10.0
1168.0
101.0
9.0
5.0
4.0
13.0
9.0
302.0
975.0
2.0
7.0
5.0
9.0
8.0
14.0
1154.0
131.0
9.0
8.0
12.0
9.0
4.0
253.0
1047.0
1.0
7.0
8.0
6.0
9.0
8.0
1144.0
157.0
6.0
8.0
10.0
6.0
7.0
226.0
1088.0
5.0
6.0
2.0
4.0
6.0
7.0
1109.0
186.0
7.0
9.0
9.0
7.0
8.0
185.0
1091.0
5.0
8.0
0.0
8.0
9.0
6.0
1052.0
228.0
7.0
9.0
12.0
9.0
8.0
164.0
1114.0
5.0
8.0
8.0
5.0
4.0
1.0
1012.0
263.0
7.0
4.0
9.0
6.0
7.0
129.0
1144.0
6.0
9.0
5.0
4.0
7.0
7.0
971.0
303.0
7.0
8.0
11.0
7.0
10.0
104.0
1142.0
40.0
8.0
10.0
8.0
4.0
13.0
944.0
348.0
10.0
10.0
15.0
11.0
9.0
69.0
1095.0
137.0
7.0
0.0
7.0
9.0
5.0
912.0
391.0
4.0
11.0
10.0
3.0
7.0
50.0
1049.0
221.0
4.0
4.0
3.0
4.0
4.0
855.0
442.0
8.0
8.0
7.0
8.0
6.0
35.0
975.0
283.0
7.0
1.0
6.0
10.0
5.0
802.0
477.0
10.0
12.0
10.0
11.0
8.0
30.0
913.0
337.0
3.0
4.0
5.0
3.0
3.0
748.0
529.0
7.0
11.0
6.0
11.0
6.0
22.0
874.0
389.0
6.0
0.0
5.0
7.0
7.0
701.0
580.0
7.0
10.0
10.0
8.0
5.0
21.0
824.0
449.0
8.0
7.0
7.0
8.0
9.0
648.0
640.0
10.0
6.0
10.0
6.0
4.0
12.0
792.0
502.0
7.0
6.0
11.0
9.0
7.0
597.0
716.0
7.0
6.0
4.0
7.0
7.0
3.0
762.0
559.0
5.0
5.0
6.0
4.0
5.0
534.0
773.0
13.0
7.0
12.0
7.0
7.0
9.0
688.0
603.0
4.0
0.0
10.0
7.0
7.0
451.0
833.0
8.0
10.0
11.0
8.0
4.0
8.0
634.0
637.0
7.0
7.0
6.0
6.0
2.0
353.0
926.0
9.0
11.0
10.0
7.0
6.0
7.0
597.0
678.0
2.0
6.0
8.0
7.0
8.0
232.0
1043.0
8.0
7.0
7.0
11.0
8.0
11.0
548.0
732.0
8.0
7.0
6.0
7.0
9.0
130.0
1151.0
15.0
6.0
13.0
11.0
5.0
7.0
506.0
789.0
8.0
0.0
7.0
7.0
3.0
78.0
1211.0
20.0
8.0
3.0
6.0
9.0
7.0
470.0
843.0
7.0
7.0
7.0
9.0
5.0
58.0
1221.0
34.0
6.0
7.0
7.0
6.0
6.0
424.0
877.0
8.0
9.0
6.0
4.0
4.0
39.0
1212.0
44.0
11.0
8.0
12.0
4.0
5.0
386.0
892.0
5.0
7.0
4.0
1.0
2.0
21.0
1195.0
65.0
11.0
10.0
10.0
9.0
8.0
353.0
922.0
5.0
0.0
4.0
5.0
4.0
13.0
1176.0
97.0
5.0
6.0
7.0
11.0
14.0
315.0
972.0
5.0
4.0
6.0
8.0
7.0
9.0
1154.0
129.0
8.0
9.0
10.0
7.0
9.0
255.0
1049.0
7.0
11.0
8.0
6.0
7.0
9.0
1149.0
156.0
6.0
6.0
2.0
4.0
5.0
229.0
1084.0
2.0
5.0
4.0
3.0
4.0
7.0
1116.0
190.0
8.0
9.0
7.0
6.0
8.0
193.0
1117.0
1.0
0.0
2.0
6.0
6.0
3.0
1075.0
219.0
11.0
10.0
10.0
10.0
9.0
163.0
1114.0
6.0
11.0
8.0
3.0
6.0
4.0
1025.0
248.0
11.0
12.0
8.0
8.0
7.0
129.0
1146.0
8.0
7.0
6.0
4.0
5.0
3.0
981.0
297.0
10.0
11.0
14.0
8.0
13.0
105.0
1151.0
28.0
3.0
7.0
5.0
5.0
5.0
948.0
341.0
18.0
14.0
6.0
10.0
9.0
74.0
1120.0
117.0
0.0
6.0
6.0
3.0
5.0
922.0
387.0
6.0
2.0
6.0
7.0
9.0
59.0
1066.0
203.0
2.0
6.0
4.0
6.0
5.0
871.0
452.0
9.0
4.0
6.0
7.0
8.0
40.0
1011.0
275.0
1.0
6.0
6.0
5.0
4.0
832.0
472.0
6.0
10.0
12.0
10.0
11.0
32.0
932.0
335.0
7.0
7.0
5.0
9.0
8.0
754.0
522.0
12.0
11.0
8.0
11.0
13.0
24.0
871.0
387.0
0.0
10.0
8.0
5.0
6.0
706.0
570.0
7.0
6.0
7.0
13.0
13.0
17.0
832.0
437.0
2.0
6.0
4.0
8.0
6.0
654.0
638.0
9.0
9.0
8.0
8.0
4.0
11.0
803.0
498.0
7.0
6.0
7.0
4.0
6.0
603.0
710.0
7.0
6.0
8.0
5.0
2.0
4.0
767.0
551.0
4.0
3.0
4.0
5.0
7.0
548.0
784.0
5.0
7.0
8.0
9.0
9.0
6.0
726.0
605.0
0.0
4.0
5.0
5.0
1.0
472.0
849.0
9.0
7.0
8.0
9.0
8.0
10.0
645.0
645.0
5.0
9.0
9.0
7.0
2.0
370.0
909.0
6.0
9.0
8.0
10.0
9.0
8.0
596.0
681.0
6.0
5.0
5.0
3.0
6.0
260.0
1017.0
9.0
10.0
15.0
9.0
14.0
10.0
556.0
725.0
5.0
7.0
5.0
9.0
5.0
145.0
1148.0
12.0
11.0
7.0
8.0
5.0
8.0
513.0
789.0
0.0
5.0
6.0
3.0
2.0
83.0
1217.0
17.0
7.0
5.0
8.0
8.0
6.0
481.0
841.0
4.0
3.0
4.0
6.0
4.0
59.0
1248.0
34.0
8.0
7.0
9.0
3.0
7.0
448.0
883.0
4.0
2.0
3.0
5.0
6.0
38.0
1235.0
50.0
10.0
5.0
9.0
8.0
10.0
385.0
902.0
8.0
10.0
7.0
9.0
8.0
26.0
1198.0
64.0
11.0
9.0
10.0
12.0
9.0
356.0
922.0
0.0
5.0
6.0
8.0
2.0
16.0
1180.0
87.0
6.0
7.0
7.0
12.0
9.0
309.0
969.0
1.0
4.0
7.0
10.0
5.0
12.0
1169.0
116.0
8.0
8.0
7.0
7.0
10.0
273.0
1027.0
8.0
8.0
9.0
6.0
4.0
10.0
1148.0
151.0
5.0
2.0
6.0
5.0
6.0
232.0
1081.0
4.0
5.0
4.0
3.0
5.0
3.0
1139.0
188.0
4.0
3.0
7.0
7.0
9.0
206.0
1124.0
0.0
1.0
3.0
1.0
4.0
5.0
1096.0
222.0
9.0
2.0
7.0
7.0
10.0
162.0
1133.0
9.0
4.0
10.0
11.0
10.0
10.0
1029.0
246.0
5.0
6.0
6.0
10.0
10.0
130.0
1145.0
6.0
7.0
7.0
6.0
6.0
5.0
985.0
292.0
5.0
11.0
10.0
15.0
13.0
112.0
1159.0
20.0
6.0
10.0
6.0
8.0
5.0
960.0
329.0
9.0
5.0
3.0
8.0
10.0
71.0
1125.0
0.0
10.0
8.0
8.0
8.0
5.0
926.0
380.0
6.0
10.0
11.0
3.0
4.0
59.0
1072.0
192.0
2.0
6.0
6.0
2.0
3.0
882.0
438.0
4.0
7.0
7.0
2.0
5.0
41.0
1029.0
265.0
4.0
6.0
5.0
3.0
3.0
840.0
473.0
6.0
11.0
8.0
10.0
7.0
28.0
941.0
324.0
12.0
10.0
8.0
8.0
8.0
768.0
508.0
8.0
10.0
6.0
8.0
9.0
24.0
879.0
0.0
7.0
8.0
8.0
7.0
7.0
720.0
557.0
7.0
6.0
12.0
10.0
7.0
20.0
841.0
429.0
7.0
7.0
3.0
8.0
5.0
668.0
617.0
7.0
8.0
12.0
11.0
6.0
11.0
804.0
481.0
10.0
7.0
10.0
10.0
6.0
619.0
686.0
11.0
8.0
6.0
10.0
5.0
7.0
767.0
539.0
5.0
4.0
3.0
4.0
5.0
559.0
760.0
5.0
4.0
7.0
7.0
8.0
7.0
731.0
0.0
4.0
6.0
4.0
2.0
4.0
482.0
830.0
9.0
11.0
8.0
7.0
5.0
10.0
650.0
631.0
7.0
6.0
8.0
5.0
11.0
390.0
886.0
7.0
12.0
13.0
14.0
9.0
7.0
610.0
665.0
3.0
4.0
9.0
5.0
7.0
275.0
1002.0
10.0
8.0
11.0
7.0
8.0
5.0
566.0
710.0
6.0
5.0
8.0
9.0
8.0
165.0
1115.0
14.0
9.0
6.0
6.0
5.0
6.0
517.0
0.0
4.0
6.0
5.0
6.0
10.0
91.0
1187.0
21.0
9.0
6.0
6.0
6.0
10.0
483.0
818.0
6.0
7.0
7.0
6.0
9.0
58.0
1230.0
27.0
9.0
4.0
6.0
3.0
9.0
448.0
874.0
4.0
5.0
6.0
4.0
3.0
45.0
1221.0
42.0
7.0
8.0
12.0
10.0
10.0
398.0
890.0
6.0
3.0
5.0
4.0
5.0
23.0
1195.0
60.0
7.0
6.0
10.0
8.0
12.0
357.0
0.0
5.0
9.0
9.0
8.0
9.0
22.0
1181.0
82.0
8.0
5.0
2.0
9.0
7.0
332.0
943.0
11.0
7.0
11.0
7.0
6.0
9.0
1151.0
118.0
8.0
7.0
6.0
7.0
5.0
291.0
985.0
6.0
4.0
8.0
8.0
4.0
5.0
1134.0
145.0
10.0
12.0
6.0
8.0
7.0
238.0
1051.0
6.0
4.0
6.0
6.0
6.0
5.0
1132.0
170.0
6.0
3.0
4.0
3.0
2.0
206.0
0.0
5.0
4.0
8.0
8.0
8.0
7.0
1088.0
208.0
11.0
9.0
8.0
10.0
8.0
166.0
1111.0
3.0
8.0
4.0
8.0
7.0
6.0
1031.0
242.0
15.0
7.0
10.0
11.0
11.0
134.0
1133.0
9.0
9.0
9.0
11.0
8.0
11.0
992.0
284.0
9.0
4.0
5.0
7.0
7.0
111.0
1148.0
14.0
10.0
4.0
8.0
5.0
9.0
954.0
325.0
4.0
3.0
5.0
4.0
10.0
93.0
0.0
83.0
11.0
7.0
4.0
8.0
7.0
918.0
367.0
10.0
9.0
8.0
13.0
10.0
59.0
1073.0
176.0
7.0
6.0
6.0
9.0
8.0
891.0
413.0
4.0
5.0
6.0
3.0
8.0
42.0
1027.0
252.0
5.0
5.0
2.0
7.0
6.0
843.0
459.0
7.0
10.0
10.0
12.0
9.0
35.0
944.0
313.0
8.0
8.0
7.0
6.0
6.0
782.0
495.0
12.0
9.0
9.0
10.0
12.0
28.0
0.0
367.0
5.0
8.0
11.0
6.0
7.0
725.0
551.0
7.0
6.0
9.0
11.0
6.0
16.0
851.0
412.0
10.0
11.0
16.0
8.0
7.0
669.0
605.0
6.0
5.0
7.0
7.0
10.0
11.0
809.0
465.0
7.0
9.0
9.0
11.0
6.0
621.0
664.0
6.0
7.0
12.0
10.0
12.0
15.0
772.0
523.0
5.0
6.0
9.0
7.0
11.0
569.0
740.0
8.0
4.0
5.0
3.0
5.0
4.0
0.0
589.0
5.0
4.0
9.0
7.0
8.0
501.0
802.0
7.0
7.0
12.0
7.0
10.0
8.0
662.0
625.0
10.0
8.0
8.0
8.0
2.0
412.0
872.0
12.0
10.0
8.0
8.0
10.0
6.0
618.0
658.0
7.0
11.0
8.0
9.0
8.0
302.0
976.0
6.0
8.0
6.0
7.0
9.0
8.0
571.0
699.0
5.0
10.0
12.0
6.0
8.0
176.0
1093.0
5.0
2.0
5.0
11.0
10.0
6.0
0.0
750.0
8.0
11.0
12.0
11.0
7.0
95.0
1177.0
19.0
13.0
9.0
9.0
11.0
8.0
490.0
813.0
8.0
4.0
9.0
5.0
5.0
59.0
1227.0
24.0
6.0
6.0
6.0
6.0
8.0
455.0
866.0
11.0
5.0
7.0
5.0
10.0
49.0
1224.0
37.0
6.0
5.0
9.0
8.0
6.0
403.0
900.0
8.0
6.0
3.0
6.0
9.0
29.0
1211.0
59.0
6.0
8.0
8.0
8.0
7.0
0.0
915.0
6.0
4.0
9.0
11.0
11.0
20.0
1176.0
84.0
9.0
7.0
6.0
7.0
6.0
329.0
945.0
9.0
9.0
7.0
7.0
10.0
10.0
1160.0
107.0
3.0
3.0
4.0
7.0
7.0
288.0
990.0
4.0
11.0
11.0
5.0
10.0
10.0
1150.0
136.0
11.0
11.0
14.0
13.0
15.0
240.0
1058.0
5.0
2.0
6.0
9.0
10.0
7.0
1145.0
167.0
12.0
7.0
8.0
3.0
7.0
0.0
1105.0
5.0
4.0
6.0
4.0
6.0
4.0
1112.0
212.0
4.0
2.0
2.0
6.0
5.0
172.0
1151.0
3.0
4.0
1.0
4.0
3.0
3.0
1074.0
238.0
8.0
10.0
9.0
9.0
7.0
146.0
1140.0
6.0
7.0
9.0
8.0
9.0
5.0
1004.0
278.0
8.0
5.0
8.0
3.0
9.0
120.0
1157.0
9.0
9.0
6.0
7.0
7.0
7.0
956.0
318.0
8.0
6.0
11.0
14.0
14.0
0.0
1138.0
63.0
3.0
10.0
12.0
11.0
6.0
933.0
370.0
6.0
9.0
8.0
11.0
13.0
68.0
1100.0
167.0
8.0
6.0
6.0
8.0
7.0
912.0
419.0
12.0
13.0
12.0
11.0
7.0
51.0
1053.0
248.0
6.0
6.0
5.0
3.0
4.0
872.0
476.0
7.0
8.0
3.0
7.0
11.0
38.0
1010.0
314.0
1.0
4.0
3.0
4.0
2.0
823.0
515.0
6.0
6.0
8.0
10.0
15.0
0.0
929.0
367.0
11.0
11.0
10.0
8.0
6.0
748.0
544.0
3.0
10.0
10.0
13.0
13.0
16.0
863.0
410.0
4.0
8.0
12.0
15.0
9.0
689.0
595.0
10.0
10.0
11.0
5.0
8.0
10.0
823.0
465.0
8.0
6.0
7.0
10.0
8.0
645.0
671.0
9.0
12.0
10.0
8.0
10.0
14.0
801.0
523.0
11.0
8.0
12.0
11.0
8.0
585.0
751.0
11.0
8.0
11.0
6.0
3.0
0.0
751.0
590.0
4.0
4.0
4.0
5.0
2.0
528.0
833.0
9.0
11.0
4.0
9.0
13.0
11.0
718.0
639.0
3.0
1.0
3.0
5.0
5.0
435.0
901.0
12.0
13.0
10.0
7.0
13.0
12.0
640.0
673.0
12.0
10.0
5.0
8.0
5.0
333.0
965.0
12.0
7.0
8.0
7.0
6.0
7.0
580.0
702.0
7.0
6.0
7.0
11.0
8.0
205.0
1072.0
10.0
11.0
12.0
9.0
7.0
0.0
534.0
756.0
6.0
6.0
9.0
13.0
7.0
107.0
1195.0
18.0
7.0
13.0
16.0
11.0
13.0
504.0
821.0
9.0
7.0
8.0
10.0
5.0
68.0
1254.0
25.0
13.0
11.0
8.0
12.0
12.0
474.0
873.0
5.0
2.0
4.0
3.0
5.0
45.0
1268.0
42.0
7.0
3.0
4.0
10.0
7.0
437.0
913.0
2.0
2.0
4.0
2.0
2.0
34.0
1247.0
61.0
13.0
8.0
10.0
12.0
0.0
375.0
936.0
8.0
6.0
8.0
10.0
4.0
21.0
1203.0
73.0
12.0
6.0
4.0
4.0
7.0
328.0
954.0
9.0
7.0
7.0
7.0
8.0
11.0
1165.0
103.0
14.0
10.0
7.0
12.0
10.0
295.0
995.0
8.0
5.0
8.0
10.0
9.0
9.0
1177.0
134.0
9.0
8.0
11.0
7.0
8.0
260.0
1065.0
8.0
8.0
4.0
7.0
13.0
8.0
1168.0
168.0
12.0
15.0
9.0
10.0
0.0
233.0
1115.0
1.0
6.0
6.0
3.0
3.0
1.0
1147.0
209.0
8.0
6.0
11.0
10.0
6.0
190.0
1161.0
3.0
4.0
2.0
5.0
4.0
5.0
1096.0
239.0
14.0
18.0
10.0
14.0
12.0
150.0
1157.0
6.0
8.0
6.0
11.0
10.0
6.0
1021.0
269.0
11.0
7.0
6.0
6.0
5.0
120.0
1154.0
10.0
9.0
8.0
5.0
5.0
8.0
972.0
307.0
12.0
9.0
6.0
12.0
0.0
95.0
1152.0
54.0
9.0
9.0
8.0
9.0
7.0
945.0
357.0
6.0
7.0
11.0
11.0
12.0
71.0
1106.0
151.0
9.0
9.0
10.0
8.0
6.0
917.0
409.0
10.0
8.0
9.0
14.0
10.0
51.0
1057.0
236.0
5.0
8.0
10.0
7.0
9.0
882.0
466.0
8.0
7.0
6.0
3.0
4.0
32.0
1020.0
303.0
2.0
5.0
4.0
2.0
3.0
833.0
509.0
11.0
10.0
8.0
10.0
0.0
29.0
935.0
357.0
8.0
10.0
8.0
10.0
15.0
756.0
536.0
6.0
12.0
6.0
9.0
11.0
17.0
875.0
397.0
10.0
10.0
8.0
8.0
11.0
696.0
581.0
8.0
11.0
9.0
9.0
8.0
15.0
824.0
455.0
9.0
8.0
6.0
5.0
9.0
651.0
645.0
7.0
8.0
9.0
5.0
13.0
15.0
791.0
515.0
11.0
11.0
11.0
6.0
8.0
589.0
738.0
11.0
7.0
7.0
11.0
0.0
11.0
757.0
572.0
6.0
8.0
7.0
6.0
8.0
533.0
813.0
5.0
3.0
6.0
13.0
10.0
6.0
716.0
636.0
2.0
5.0
5.0
6.0
9.0
458.0
876.0
13.0
8.0
9.0
9.0
8.0
9.0
641.0
662.0
5.0
11.0
6.0
7.0
10.0
348.0
942.0
9.0
5.0
14.0
7.0
7.0
8.0
587.0
691.0
8.0
7.0
9.0
6.0
5.0
222.0
1055.0
6.0
6.0
3.0
6.0
0.0
8.0
542.0
734.0
5.0
7.0
8.0
8.0
5.0
113.0
1152.0
15.0
9.0
10.0
7.0
4.0
9.0
497.0
789.0
7.0
7.0
5.0
7.0
7.0
72.0
1216.0
24.0
8.0
8.0
8.0
11.0
7.0
475.0
854.0
8.0
7.0
7.0
9.0
6.0
56.0
1245.0
41.0
11.0
7.0
6.0
6.0
10.0
439.0
905.0
5.0
6.0
8.0
10.0
8.0
33.0
1245.0
55.0
9.0
13.0
14.0
0.0
10.0
380.0
920.0
7.0
5.0
4.0
9.0
5.0
22.0
1197.0
74.0
8.0
6.0
10.0
9.0
11.0
349.0
938.0
10.0
9.0
8.0
6.0
7.0
15.0
1168.0
99.0
5.0
8.0
5.0
6.0
6.0
300.0
967.0
4.0
4.0
4.0
7.0
4.0
5.0
1142.0
126.0
12.0
5.0
11.0
15.0
7.0
271.0
1006.0
3.0
8.0
7.0
12.0
9.0
8.0
1133.0
163.0
13.0
8.0
11.0
0.0
4.0
233.0
1085.0
8.0
8.0
12.0
6.0
7.0
5.0
1127.0
196.0
11.0
12.0
10.0
5.0
9.0
193.0
1144.0
10.0
8.0
7.0
9.0
9.0
8.0
1093.0
229.0
10.0
16.0
13.0
7.0
10.0
162.0
1132.0
8.0
12.0
13.0
13.0
4.0
5.0
1022.0
261.0
3.0
4.0
4.0
7.0
4.0
120.0
1150.0
5.0
8.0
6.0
5.0
5.0
6.0
971.0
295.0
14.0
10.0
6.0
0.0
9.0
98.0
1142.0
34.0
5.0
4.0
3.0
7.0
3.0
936.0
332.0
8.0
10.0
8.0
11.0
4.0
80.0
1090.0
125.0
9.0
7.0
5.0
4.0
8.0
902.0
395.0
9.0
9.0
8.0
8.0
9.0
57.0
1054.0
217.0
12.0
9.0
8.0
10.0
6.0
881.0
451.0
10.0
15.0
11.0
8.0
6.0
40.0
1021.0
286.0
9.0
5.0
6.0
11.0
6.0
830.0
495.0
13.0
7.0
7.0
0.0
9.0
29.0
944.0
342.0
11.0
8.0
7.0
3.0
8.0
762.0
528.0
9.0
7.0
7.0
4.0
8.0
18.0
875.0
386.0
9.0
10.0
6.0
7.0
6.0
710.0
569.0
11.0
8.0
10.0
11.0
8.0
17.0
830.0
439.0
5.0
5.0
3.0
1.0
4.0
647.0
625.0
3.0
6.0
5.0
9.0
6.0
11.0
778.0
499.0
7.0
6.0
9.0
9.0
7.0
597.0
705.0
12.0
5.0
8.0
0.0
9.0
8.0
770.0
555.0
10.0
5.0
7.0
7.0
9.0
535.0
794.0
7.0
8.0
7.0
13.0
11.0
8.0
729.0
616.0
7.0
7.0
13.0
10.0
11.0
468.0
862.0
10.0
13.0
12.0
2.0
7.0
11.0
664.0
652.0
9.0
8.0
9.0
9.0
6.0
371.0
934.0
14.0
15.0
11.0
10.0
7.0
8.0
601.0
687.0
7.0
5.0
7.0
11.0
8.0
247.0
1032.0
9.0
6.0
4.0
0.0
6.0
7.0
551.0
720.0
6.0
5.0
2.0
2.0
5.0
128.0
1143.0
9.0
5.0
8.0
10.0
5.0
11.0
511.0
770.0
6.0
6.0
8.0
7.0
4.0
82.0
1203.0
26.0
8.0
9.0
8.0
14.0
13.0
482.0
839.0
8.0
13.0
8.0
8.0
10.0
54.0
1242.0
40.0
14.0
13.0
12.0
10.0
13.0
450.0
893.0
8.0
4.0
4.0
7.0
7.0
33.0
1241.0
51.0
12.0
9.0
0.0
4.0
7.0
394.0
920.0
7.0
9.0
6.0
11.0
10.0
29.0
1220.0
71.0
6.0
10.0
12.0
5.0
9.0
350.0
936.0
8.0
8.0
9.0
10.0
7.0
16.0
1179.0
94.0
9.0
9.0
10.0
9.0
9.0
307.0
975.0
5.0
4.0
5.0
7.0
4.0
4.0
1154.0
120.0
9.0
5.0
9.0
11.0
7.0
268.0
1015.0
7.0
5.0
6.0
9.0
8.0
11.0
1142.0
156.0
5.0
11.0
0.0
11.0
5.0
237.0
1081.0
8.0
9.0
13.0
11.0
6.0
7.0
1137.0
196.0
13.0
13.0
14.0
12.0
8.0
208.0
1134.0
5.0
10.0
10.0
7.0
4.0
9.0
1104.0
232.0
6.0
11.0
11.0
12.0
10.0
163.0
1174.0
8.0
9.0
6.0
6.0
8.0
4.0
1063.0
262.0
11.0
6.0
5.0
13.0
8.0
126.0
1169.0
1.0
4.0
8.0
5.0
8.0
8.0
988.0
300.0
10.0
11.0
0.0
6.0
6.0
102.0
1152.0
24.0
9.0
6.0
2.0
4.0
3.0
946.0
331.0
2.0
6.0
11.0
11.0
9.0
83.0
1105.0
104.0
7.0
5.0
4.0
6.0
9.0
914.0
388.0
9.0
7.0
12.0
9.0
7.0
57.0
1068.0
201.0
7.0
7.0
4.0
6.0
7.0
891.0
444.0
8.0
12.0
11.0
8.0
5.0
47.0
1030.0
278.0
5.0
5.0
8.0
7.0
5.0
843.0
505.0
6.0
10.0
0.0
8.0
10.0
27.0
986.0
337.0
11.0
7.0
8.0
9.0
7.0
791.0
539.0
11.0
10.0
10.0
5.0
12.0
27.0
902.0
387.0
6.0
4.0
11.0
7.0
4.0
720.0
573.0
7.0
8.0
6.0
8.0
8.0
12.0
835.0
435.0
8.0
5.0
4.0
4.0
3.0
660.0
615.0
9.0
11.0
11.0
8.0
7.0
14.0
795.0
488.0
8.0
8.0
4.0
4.0
9.0
612.0
693.0
8.0
6.0
0.0
12.0
12.0
6.0
773.0
544.0
7.0
11.0
11.0
12.0
9.0
550.0
787.0
18.0
12.0
10.0
13.0
20.0
12.0
735.0
605.0
2.0
5.0
5.0
7.0
6.0
482.0
873.0
6.0
9.0
9.0
13.0
7.0
6.0
695.0
665.0
7.0
5.0
6.0
7.0
7.0
400.0
941.0
11.0
9.0
11.0
10.0
7.0
11.0
616.0
690.0
7.0
5.0
7.0
8.0
12.0
275.0
1015.0
7.0
7.0
0.0
7.0
11.0
10.0
559.0
717.0
4.0
4.0
5.0
4.0
3.0
142.0
1127.0
15.0
7.0
13.0
11.0
7.0
12.0
520.0
769.0
4.0
6.0
4.0
8.0
5.0
86.0
1216.0
19.0
10.0
9.0
10.0
7.0
8.0
487.0
838.0
9.0
11.0
9.0
9.0
6.0
58.0
1246.0
36.0
13.0
12.0
10.0
13.0
12.0
455.0
888.0
9.0
8.0
8.0
4.0
2.0
39.0
1277.0
47.0
8.0
0.0
9.0
10.0
8.0
418.0
939.0
8.0
9.0
5.0
9.0
5.0
30.0
1239.0
73.0
12.0
10.0
12.0
15.0
10.0
356.0
949.0
5.0
8.0
8.0
9.0
7.0
17.0
1183.0
89.0
4.0
8.0
3.0
4.0
7.0
311.0
966.0
6.0
4.0
4.0
5.0
3.0
8.0
1160.0
115.0
9.0
8.0
7.0
8.0
9.0
277.0
1003.0
4.0
8.0
5.0
6.0
1.0
10.0
1153.0
149.0
7.0
0.0
13.0
7.0
8.0
240.0
1074.0
6.0
4.0
7.0
7.0
6.0
11.0
1150.0
186.0
11.0
12.0
16.0
15.0
7.0
213.0
1127.0
8.0
7.0
8.0
6.0
5.0
2.0
1124.0
230.0
11.0
7.0
10.0
9.0
7.0
175.0
1182.0
5.0
3.0
4.0
9.0
5.0
13.0
1070.0
255.0
14.0
16.0
8.0
14.0
8.0
137.0
1171.0
8.0
4.0
7.0
4.0
4.0
5.0
996.0
286.0
2.0
0.0
3.0
5.0
6.0
105.0
1161.0
12.0
2.0
3.0
5.0
4.0
7.0
948.0
322.0
9.0
7.0
12.0
6.0
10.0
81.0
1120.0
87.0
9.0
3.0
3.0
8.0
7.0
920.0
377.0
7.0
8.0
5.0
6.0
3.0
63.0
1065.0
183.0
5.0
6.0
7.0
5.0
10.0
893.0
422.0
8.0
12.0
9.0
9.0
16.0
44.0
1039.0
263.0
9.0
11.0
11.0
10.0
5.0
853.0
488.0
11.0
0.0
11.0
10.0
9.0
32.0
996.0
332.0
5.0
12.0
11.0
6.0
12.0
795.0
536.0
11.0
10.0
14.0
5.0
8.0
25.0
911.0
375.0
9.0
8.0
4.0
1.0
3.0
727.0
560.0
7.0
2.0
4.0
6.0
5.0
11.0
842.0
430.0
5.0
3.0
4.0
3.0
3.0
671.0
606.0
7.0
8.0
9.0
5.0
5.0
15.0
802.0
474.0
2.0
1.0
2.0
1.0
7.0
616.0
678.0
8.0
0.0
9.0
11.0
8.0
12.0
771.0
529.0
6.0
7.0
5.0
7.0
4.0
555.0
761.0
10.0
9.0
9.0
9.0
12.0
16.0
730.0
600.0
6.0
8.0
9.0
13.0
7.0
496.0
848.0
8.0
11.0
12.0
6.0
9.0
7.0
695.0
661.0
7.0
9.0
8.0
7.0
9.0
407.0
931.0
12.0
6.0
6.0
3.0
7.0
12.0
629.0
677.0
5.0
5.0
6.0
6.0
10.0
290.0
998.0
6.0
0.0
6.0
9.0
8.0
6.0
563.0
716.0
6.0
3.0
6.0
1.0
5.0
164.0
1108.0
10.0
8.0
10.0
6.0
11.0
10.0
523.0
760.0
4.0
8.0
3.0
2.0
5.0
84.0
1177.0
18.0
7.0
7.0
8.0
9.0
8.0
481.0
802.0
3.0
6.0
6.0
4.0
6.0
59.0
1222.0
26.0
5.0
7.0
8.0
6.0
9.0
452.0
871.0
6.0
6.0
11.0
14.0
6.0
42.0
1245.0
48.0
0.0
10.0
10.0
13.0
11.0
421.0
925.0
10.0
10.0
8.0
9.0
9.0
28.0
1238.0
68.0
11.0
6.0
12.0
10.0
7.0
363.0
933.0
8.0
8.0
6.0
5.0
5.0
17.0
1187.0
82.0
3.0
5.0
9.0
7.0
3.0
318.0
956.0
3.0
3.0
5.0
6.0
6.0
8.0
1165.0
106.0
7.0
4.0
9.0
5.0
6.0
286.0
982.0
3.0
3.0
5.0
5.0
5.0
4.0
1133.0
140.0
0.0
4.0
8.0
9.0
7.0
242.0
1034.0
3.0
2.0
5.0
4.0
7.0
5.0
1121.0
177.0
6.0
6.0
8.0
4.0
5.0
207.0
1106.0
12.0
5.0
11.0
7.0
10.0
7.0
1111.0
209.0
7.0
7.0
9.0
9.0
11.0
180.0
1150.0
9.0
11.0
6.0
9.0
8.0
10.0
1065.0
245.0
8.0
11.0
7.0
9.0
7.0
133.0
1161.0
3.0
7.0
7.0
4.0
4.0
2.0
999.0
282.0
0.0
8.0
4.0
8.0
9.0
110.0
1161.0
11.0
5.0
3.0
3.0
5.0
6.0
950.0
323.0
5.0
8.0
8.0
7.0
8.0
94.0
1113.0
74.0
5.0
3.0
3.0
6.0
5.0
913.0
355.0
9.0
8.0
9.0
9.0
9.0
73.0
1054.0
164.0
6.0
5.0
4.0
5.0
6.0
891.0
404.0
5.0
8.0
7.0
7.0
10.0
52.0
1020.0
248.0
7.0
5.0
5.0
5.0
6.0
852.0
469.0
0.0
11.0
8.0
10.0
6.0
34.0
993.0
316.0
7.0
8.0
9.0
10.0
10.0
799.0
517.0
9.0
8.0
10.0
8.0
8.0
27.0
919.0
361.0
6.0
8.0
9.0
6.0
2.0
743.0
547.0
3.0
6.0
9.0
3.0
4.0
17.0
854.0
419.0
4.0
3.0
1.0
6.0
6.0
678.0
601.0
7.0
6.0
11.0
10.0
9.0
12.0
804.0
462.0
7.0
4.0
4.0
7.0
6.0
612.0
652.0
0.0
10.0
7.0
5.0
5.0
6.0
755.0
520.0
5.0
7.0
5.0
5.0
4.0
559.0
742.0
5.0
10.0
7.0
9.0
6.0
9.0
731.0
579.0
7.0
5.0
8.0
10.0
10.0
507.0
815.0
12.0
12.0
15.0
12.0
9.0
14.0
693.0
633.0
9.0
14.0
12.0
6.0
7.0
419.0
904.0
13.0
7.0
7.0
6.0
13.0
4.0
638.0
672.0
10.0
6.0
9.0
6.0
7.0
314.0
981.0
0.0
3.0
7.0
6.0
4.0
7.0
573.0
710.0
3.0
3.0
2.0
4.0
4.0
192.0
1081.0
14.0
5.0
7.0
7.0
5.0
7.0
524.0
746.0
7.0
1.0
8.0
5.0
6.0
97.0
1167.0
13.0
10.0
9.0
9.0
11.0
7.0
491.0
790.0
4.0
3.0
1.0
3.0
3.0
64.0
1207.0
30.0
8.0
7.0
9.0
11.0
7.0
459.0
857.0
6.0
6.0
4.0
5.0
10.0
46.0
1241.0
0.0
6.0
11.0
7.0
8.0
7.0
422.0
913.0
11.0
10.0
14.0
13.0
12.0
35.0
1238.0
58.0
11.0
12.0
11.0
7.0
10.0
374.0
947.0
7.0
12.0
11.0
5.0
9.0
19.0
1211.0
80.0
6.0
9.0
7.0
12.0
5.0
328.0
963.0
4.0
2.0
3.0
5.0
6.0
13.0
1172.0
102.0
10.0
8.0
9.0
11.0
9.0
290.0
982.0
5.0
5.0
8.0
8.0
7.0
7.0
1141.0
0.0
7.0
8.0
10.0
9.0
10.0
254.0
1025.0
6.0
6.0
6.0
6.0
7.0
3.0
1129.0
168.0
5.0
7.0
8.0
9.0
6.0
223.0
1087.0
3.0
5.0
7.0
8.0
3.0
8.0
1110.0
203.0
13.0
8.0
14.0
8.0
5.0
182.0
1151.0
10.0
8.0
10.0
6.0
8.0
7.0
1083.0
248.0
6.0
5.0
12.0
10.0
8.0
154.0
1174.0
9.0
5.0
5.0
7.0
7.0
9.0
1032.0
0.0
10.0
9.0
7.0
9.0
7.0
121.0
1174.0
9.0
5.0
6.0
6.0
4.0
4.0
964.0
317.0
6.0
4.0
6.0
7.0
6.0
90.0
1131.0
60.0
2.0
1.0
5.0
5.0
5.0
925.0
350.0
7.0
10.0
7.0
10.0
8.0
72.0
1063.0
153.0
5.0
6.0
5.0
3.0
4.0
892.0
401.0
10.0
8.0
10.0
12.0
6.0
51.0
1031.0
234.0
8.0
6.0
3.0
7.0
5.0
856.0
0.0
8.0
8.0
9.0
8.0
9.0
41.0
1001.0
304.0
4.0
7.0
11.0
12.0
11.0
820.0
521.0
12.0
10.0
9.0
11.0
11.0
22.0
957.0
370.0
12.0
9.0
8.0
9.0
11.0
759.0
564.0
10.0
3.0
10.0
9.0
4.0
18.0
879.0
409.0
5.0
3.0
7.0
4.0
4.0
687.0
596.0
7.0
7.0
8.0
5.0
5.0
12.0
811.0
457.0
2.0
2.0
2.0
4.0
3.0
637.0
0.0
8.0
10.0
11.0
10.0
5.0
11.0
766.0
508.0
6.0
6.0
7.0
6.0
4.0
575.0
730.0
8.0
12.0
8.0
8.0
11.0
7.0
745.0
569.0
8.0
9.0
7.0
5.0
9.0
518.0
818.0
10.0
10.0
14.0
13.0
10.0
9.0
716.0
627.0
10.0
10.0
9.0
7.0
9.0
437.0
918.0
6.0
6.0
10.0
10.0
7.0
10.0
668.0
695.0
11.0
10.0
4.0
8.0
4.0
350.0
0.0
14.0
12.0
7.0
10.0
9.0
7.0
596.0
711.0
7.0
9.0
6.0
3.0
6.0
216.0
1075.0
7.0
6.0
7.0
5.0
3.0
3.0
533.0
744.0
3.0
5.0
4.0
9.0
5.0
109.0
1160.0
14.0
5.0
10.0
7.0
10.0
12.0
501.0
788.0
10.0
4.0
8.0
8.0
4.0
71.0
1219.0
24.0
11.0
6.0
6.0
1.0
10.0
468.0
851.0
11.0
6.0
9.0
6.0
7.0
48.0
0.0
41.0
14.0
16.0
6.0
9.0
9.0
439.0
907.0
7.0
4.0
9.0
7.0
11.0
41.0
1275.0
58.0
3.0
7.0
7.0
12.0
13.0
403.0
964.0
7.0
10.0
14.0
11.0
10.0
22.0
1236.0
85.0
16.0
11.0
10.0
11.0
9.0
341.0
968.0
9.0
6.0
9.0
7.0
7.0
12.0
1182.0
94.0
4.0
5.0
9.0
5.0
4.0
297.0
984.0
8.0
5.0
4.0
4.0
5.0
6.0
0.0
130.0
13.0
11.0
10.0
9.0
6.0
257.0
1024.0
6.0
2.0
5.0
3.0
2.0
5.0
1141.0
161.0
7.0
4.0
7.0
10.0
9.0
228.0
1086.0
10.0
7.0
9.0
5.0
8.0
9.0
1128.0
201.0
12.0
14.0
15.0
15.0
13.0
194.0
1140.0
7.0
11.0
10.0
11.0
10.0
12.0
1100.0
246.0
6.0
5.0
6.0
6.0
7.0
156.0
1197.0
7.0
8.0
9.0
10.0
5.0
7.0
0.0
275.0
14.0
10.0
10.0
8.0
6.0
123.0
1183.0
7.0
10.0
8.0
10.0
2.0
4.0
983.0
301.0
5.0
8.0
9.0
7.0
6.0
96.0
1151.0
40.0
3.0
2.0
3.0
7.0
4.0
926.0
353.0
9.0
8.0
11.0
10.0
8.0
70.0
1085.0
138.0
4.0
2.0
4.0
6.0
3.0
900.0
401.0
3.0
9.0
5.0
8.0
7.0
49.0
1042.0
220.0
4.0
3.0
7.0
6.0
4.0
0.0
456.0
8.0
10.0
13.0
10.0
16.0
43.0
1007.0
296.0
10.0
6.0
10.0
14.0
13.0
824.0
523.0
9.0
8.0
10.0
6.0
5.0
28.0
972.0
359.0
9.0
5.0
10.0
7.0
9.0
774.0
554.0
11.0
9.0
10.0
7.0
11.0
21.0
888.0
396.0
9.0
3.0
5.0
7.0
7.0
694.0
586.0
4.0
8.0
5.0
5.0
7.0
15.0
813.0
453.0
7.0
3.0
4.0
3.0
4.0
0.0
627.0
8.0
8.0
9.0
8.0
10.0
7.0
774.0
495.0
3.0
4.0
3.0
1.0
8.0
575.0
705.0
4.0
4.0
13.0
9.0
9.0
10.0
736.0
552.0
11.0
8.0
11.0
10.0
11.0
527.0
773.0
8.0
9.0
8.0
8.0
10.0
9.0
698.0
611.0
10.0
4.0
13.0
6.0
8.0
454.0
867.0
7.0
7.0
6.0
5.0
5.0
9.0
655.0
667.0
5.0
7.0
9.0
8.0
10.0
0.0
949.0
11.0
8.0
13.0
10.0
10.0
12.0
585.0
694.0
7.0
4.0
3.0
5.0
2.0
228.0
1042.0
12.0
11.0
5.0
11.0
7.0
10.0
545.0
728.0
3.0
3.0
3.0
4.0
6.0
118.0
1154.0
10.0
13.0
9.0
4.0
7.0
10.0
508.0
760.0
4.0
6.0
7.0
4.0
6.0
74.0
1177.0
20.0
5.0
4.0
7.0
9.0
8.0
460.0
812.0
3.0
5.0
5.0
5.0
4.0
0.0
1207.0
38.0
7.0
8.0
8.0
7.0
13.0
426.0
868.0
12.0
7.0
6.0
10.0
10.0
36.0
1219.0
52.0
10.0
10.0
9.0
6.0
8.0
386.0
927.0
7.0
9.0
13.0
8.0
10.0
24.0
1203.0
75.0
12.0
11.0
9.0
9.0
9.0
346.0
926.0
7.0
9.0
4.0
4.0
0.0
13.0
1169.0
97.0
9.0
6.0
11.0
12.0
9.0
307.0
963.0
3.0
5.0
5.0
8.0
4.0
0.0
1148.0
119.0
9.0
4.0
10.0
5.0
10.0
280.0
989.0
6.0
2.0
2.0
6.0
7.0
2.0
1109.0
154.0
6.0
7.0
8.0
5.0
9.0
236.0
1031.0
7.0
4.0
5.0
2.0
6.0
6.0
1081.0
188.0
13.0
11.0
11.0
10.0
13.0
191.0
1097.0
8.0
6.0
7.0
6.0
10.0
10.0
1071.0
223.0
9.0
13.0
15.0
14.0
11.0
167.0
1142.0
10.0
12.0
8.0
5.0
10.0
0.0
1033.0
261.0
10.0
12.0
14.0
11.0
7.0
126.0
1148.0
9.0
4.0
4.0
5.0
3.0
7.0
974.0
291.0
11.0
4.0
8.0
8.0
2.0
104.0
1140.0
25.0
3.0
3.0
8.0
4.0
6.0
927.0
338.0
6.0
8.0
6.0
11.0
8.0
74.0
1085.0
109.0
4.0
3.0
3.0
1.0
8.0
883.0
382.0
5.0
5.0
7.0
8.0
10.0
64.0
1015.0
195.0
3.0
5.0
3.0
3.0
0.0
851.0
427.0
9.0
9.0
13.0
13.0
12.0
45.0
986.0
269.0
8.0
9.0
7.0
7.0
9.0
819.0
479.0
6.0
7.0
10.0
10.0
10.0
32.0
949.0
338.0
6.0
5.0
5.0
4.0
8.0
769.0
528.0
11.0
17.0
14.0
10.0
11.0
19.0
887.0
386.0
8.0
9.0
5.0
6.0
7.0
701.0
570.0
11.0
8.0
15.0
11.0
6.0
14.0
822.0
438.0
3.0
1.0
4.0
6.0
0.0
644.0
621.0
4.0
6.0
5.0
7.0
7.0
11.0
774.0
487.0
6.0
7.0
5.0
5.0
6.0
583.0
687.0
6.0
6.0
8.0
5.0
6.0
11.0
737.0
531.0
5.0
2.0
4.0
2.0
3.0
519.0
762.0
10.0
15.0
13.0
11.0
8.0
8.0
698.0
591.0
8.0
10.0
7.0
7.0
9.0
460.0
843.0
12.0
13.0
10.0
6.0
14.0
10.0
661.0
649.0
10.0
6.0
5.0
7.0
0.0
370.0
931.0
11.0
6.0
11.0
9.0
7.0
13.0
599.0
689.0
9.0
14.0
12.0
8.0
5.0
254.0
1018.0
13.0
3.0
6.0
10.0
10.0
12.0
546.0
718.0
5.0
7.0
8.0
5.0
2.0
131.0
1133.0
8.0
8.0
6.0
7.0
6.0
8.0
511.0
754.0
3.0
5.0
6.0
5.0
4.0
79.0
1177.0
14.0
3.0
2.0
6.0
8.0
10.0
474.0
803.0
7.0
9.0
4.0
6.0
0.0
54.0
1198.0
32.0
6.0
14.0
12.0
12.0
15.0
432.0
868.0
8.0
12.0
9.0
7.0
12.0
38.0
1216.0
54.0
13.0
8.0
8.0
11.0
10.0
389.0
922.0
7.0
8.0
7.0
6.0
6.0
26.0
1215.0
71.0
12.0
9.0
7.0
10.0
11.0
356.0
944.0
13.0
10.0
8.0
9.0
9.0
17.0
1182.0
86.0
10.0
14.0
9.0
8.0
10.0
306.0
964.0
5.0
5.0
4.0
6.0
0.0
5.0
1148.0
116.0
4.0
11.0
11.0
5.0
3.0
280.0
984.0
5.0
5.0
1.0
5.0
3.0
7.0
1111.0
153.0
11.0
6.0
2.0
10.0
5.0
243.0
1029.0
2.0
4.0
4.0
5.0
5.0
6.0
1095.0
187.0
12.0
10.0
5.0
10.0
6.0
200.0
1094.0
7.0
11.0
8.0
10.0
11.0
10.0
1084.0
213.0
12.0
13.0
9.0
13.0
11.0
166.0
1148.0
9.0
13.0
10.0
13.0
0.0
8.0
1044.0
254.0
6.0
7.0
11.0
9.0
6.0
129.0
1179.0
3.0
13.0
9.0
8.0
9.0
12.0
1003.0
288.0
13.0
10.0
11.0
5.0
6.0
103.0
1155.0
25.0
6.0
3.0
2.0
7.0
8.0
937.0
331.0
7.0
8.0
6.0
7.0
7.0
80.0
1093.0
93.0
6.0
4.0
3.0
5.0
3.0
894.0
373.0
8.0
3.0
10.0
4.0
8.0
64.0
1030.0
180.0
4.0
9.0
10.0
0.0
5.0
868.0
419.0
11.0
7.0
15.0
10.0
10.0
42.0
1002.0
261.0
6.0
4.0
9.0
14.0
9.0
826.0
476.0
10.0
5.0
6.0
6.0
11.0
31.0
962.0
327.0
9.0
8.0
5.0
4.0
4.0
788.0
535.0
6.0
4.0
6.0
4.0
2.0
13.0
925.0
388.0
4.0
8.0
8.0
7.0
6.0
737.0
580.0
14.0
12.0
12.0
12.0
17.0
17.0
834.0
432.0
9.0
10.0
12.0
0.0
6.0
654.0
612.0
10.0
10.0
12.0
12.0
10.0
8.0
791.0
467.0
3.0
2.0
5.0
3.0
3.0
599.0
669.0
8.0
10.0
10.0
13.0
6.0
8.0
742.0
526.0
4.0
7.0
5.0
4.0
14.0
541.0
748.0
9.0
14.0
17.0
17.0
12.0
6.0
707.0
592.0
11.0
7.0
7.0
4.0
10.0
481.0
829.0
8.0
9.0
7.0
10.0
11.0
12.0
668.0
649.0
6.0
9.0
7.0
0.0
8.0
398.0
927.0
6.0
5.0
3.0
3.0
6.0
4.0
634.0
698.0
2.0
5.0
6.0
4.0
6.0
295.0
1019.0
4.0
13.0
7.0
8.0
14.0
9.0
562.0
721.0
7.0
7.0
11.0
9.0
9.0
147.0
1115.0
10.0
8.0
7.0
7.0
13.0
9.0
509.0
754.0
4.0
5.0
7.0
7.0
7.0
82.0
1176.0
14.0
7.0
5.0
6.0
11.0
10.0
482.0
797.0
10.0
9.0
8.0
0.0
9.0
59.0
1204.0
41.0
12.0
12.0
11.0
13.0
13.0
439.0
861.0
7.0
7.0
9.0
7.0
10.0
48.0
1219.0
55.0
9.0
13.0
9.0
7.0
7.0
404.0
917.0
3.0
3.0
6.0
8.0
9.0
26.0
1236.0
69.0
4.0
5.0
4.0
6.0
7.0
369.0
969.0
9.0
5.0
2.0
6.0
8.0
23.0
1209.0
96.0
9.0
13.0
9.0
12.0
13.0
322.0
966.0
6.0
9.0
4.0
0.0
8.0
9.0
1156.0
114.0
8.0
10.0
10.0
9.0
10.0
276.0
988.0
6.0
5.0
4.0
8.0
9.0
4.0
1125.0
146.0
3.0
6.0
6.0
11.0
10.0
245.0
1031.0
3.0
4.0
7.0
7.0
11.0
8.0
1108.0
172.0
8.0
11.0
15.0
12.0
15.0
203.0
1083.0
7.0
8.0
4.0
4.0
6.0
12.0
1086.0
216.0
11.0
12.0
12.0
9.0
8.0
169.0
1141.0
4.0
5.0
6.0
0.0
6.0
7.0
1065.0
257.0
9.0
10.0
8.0
3.0
7.0
139.0
1191.0
9.0
8.0
9.0
9.0
9.0
5.0
1026.0
287.0
12.0
16.0
17.0
14.0
7.0
112.0
1165.0
17.0
12.0
10.0
8.0
6.0
7.0
950.0
317.0
9.0
9.0
6.0
7.0
10.0
85.0
1103.0
76.0
4.0
6.0
4.0
5.0
4.0
903.0
359.0
10.0
4.0
9.0
6.0
8.0
65.0
1040.0
167.0
4.0
6.0
0.0
6.0
7.0
863.0
404.0
12.0
6.0
6.0
8.0
9.0
48.0
1002.0
250.0
10.0
