1008342.0
1019422.0
1030503.0
1041584.0
1052664.0
1063745.0
1074826.0
1085907.0
1096987.0
1108068.0
1119149.0
1130229.0
1141310.0
1152390.0
1163471.0
1174552.0
1185632.0
1196713.0
1207794.0
1218875.0
1229955.0
1241036.0
1252116.0
1263197.0
1274278.0
1285359.0
1296439.0
1307520.0
1318601.0
1329681.0
1340762.0
1351843.0
1362923.0
1374004.0
1385085.0
1396165.0
1407246.0
1418327.0
1429407.0
1440488.0
1451569.0
1462649.0
1473730.0
1484811.0
1495891.0
1506973.0
1518053.0
1529133.0
1540214.0
1551295.0
1562375.0
1573456.0
1584537.0
1595617.0
1606698.0
1617779.0
1628859.0
1639940.0
1651021.0
1662102.0
1673183.0
1684263.0
1695343.0
1706424.0
1717505.0
1728586.0
1739666.0
1750747.0
1761828.0
1772908.0
1783989.0
1795070.0
1806150.0
1817231.0
1828312.0
1839393.0
1850473.0
1861553.0
1872634.0
1883715.0
1894796.0
1905876.0
1916957.0
1928038.0
1939118.0
1950199.0
1961280.0
1972360.0
1983441.0
1994522.0
2005603.0
2016683.0
2027764.0
2038844.0
2049925.0
2061006.0
2072087.0
2083168.0
2094248.0
2105328.0
2116409.0
2127490.0
2138570.0
2149651.0
2160732.0
2171814.0
2182893.0
2193974.0
2205054.0
2216135.0
2227216.0
2238297.0
2249377.0
2260458.0
2271539.0
2282620.0
2293700.0
2304781.0
2315861.0
2326942.0
2338023.0
2349103.0
2360184.0
2371265.0
2382345.0
2393426.0
2404507.0
2415587.0
2426668.0
2437749.0
2448829.0
2459910.0
2470991.0
2482071.0
2493152.0
2504233.0
2515313.0
2526394.0
2537475.0
2548555.0
2559636.0
2570717.0
2581798.0
2592878.0
2603959.0
2615040.0
2626120.0
2637201.0
2648281.0
2659362.0
2670444.0
2681524.0
2692604.0
2703685.0
2714766.0
2725846.0
2736927.0
2748007.0
2759088.0
2770169.0
2781250.0
2792330.0
2803411.0
2814492.0
2825572.0
2836654.0
2847733.0
2858814.0
2869895.0
2880976.0
2892056.0
2903137.0
2914218.0
2925298.0
2936379.0
2947460.0
2958540.0
2969621.0
2980702.0
2991782.0
3002863.0
3013944.0
3025024.0
3036105.0
3047186.0
3058266.0
3069347.0
3080428.0
3091509.0
3102589.0
3113670.0
3124750.0
3135831.0
3146911.0
3157993.0
3169073.0
3180154.0
3191234.0
3202315.0
3213396.0
3224477.0
3235557.0
3246638.0
3257719.0
3268799.0
3279880.0
3290960.0
3302042.0
3313122.0
3324203.0
3335283.0
3346364.0
3357445.0
3368525.0
3379606.0
3390686.0
3401767.0
3412848.0
3423929.0
3435009.0
3446090.0
3457171.0
3468251.0
3479332.0
3490413.0
3501494.0
3512574.0
3523655.0
3534735.0
3545816.0
3556897.0
3567977.0
3579058.0
3590139.0
3601219.0
3612300.0
3623381.0
3634461.0
3645542.0
3656623.0
3667704.0
3678785.0
3689865.0
3700945.0
3712028.0
3723107.0
3734187.0
3745268.0
3756349.0
3767429.0
3778510.0
3789591.0
3800671.0
3811752.0
3822833.0
3833913.0
3844994.0
3856075.0
3867157.0
3878237.0
3889317.0
3900398.0
3911478.0
3922559.0
3933640.0
3944720.0
3955801.0
3966881.0
3977962.0
3989043.0
4000124.0
4011204.0
4022285.0
4033366.0
4044446.0
4055527.0
4066608.0
4077689.0
4088769.0
4099850.0
4110930.0
4122011.0
4133092.0
4144172.0
4155253.0
4166334.0
4177414.0
4188495.0
4199576.0
4210656.0
4221737.0
4232818.0
4243898.0
4254979.0
4266060.0
4277140.0
4288221.0
4299302.0
4310383.0
4321464.0
4332544.0
4343624.0
4354705.0
4365786.0
4376867.0
4387947.0
4399028.0
4410109.0
4421189.0
4432270.0
4443350.0
4454431.0
4465512.0
4476593.0
4487673.0
4498754.0
4509835.0
4520915.0
4531996.0
4543076.0
4554157.0
4565238.0
4576318.0
4587399.0
4598480.0
4609561.0
4620641.0
4631722.0
4642803.0
4653883.0
4664965.0
4676045.0
4687125.0
4698206.0
4709287.0
4720367.0
4731448.0
4742529.0
4753609.0
4764690.0
4775770.0
4786852.0
4797932.0
4809013.0
4820093.0
4831175.0
4842255.0
4853335.0
4864416.0
4875497.0
4886577.0
4897658.0
4908739.0
4919820.0
4930900.0
4941981.0
4953061.0
4964142.0
4975223.0
4986303.0
4997393.0
5008465.0
5019546.0
5030626.0
5041707.0
5052787.0
5063868.0
5074949.0
5086030.0
5097110.0
5108191.0
5119272.0
5130352.0
5141433.0
5152514.0
5163594.0
5174675.0
5185756.0
5196836.0
5207917.0
5218998.0
5230078.0
5241159.0
5252240.0
5263321.0
5274401.0
5285482.0
5296562.0
5307643.0
5318724.0
5329805.0
5340885.0
5351966.0
5363047.0
5374127.0
5385208.0
5396288.0
5407369.0
5418450.0
5429531.0
5440611.0
5451692.0
5462773.0
5473854.0
5484934.0
5496015.0
5507095.0
5518176.0
5529257.0
5540337.0
5551418.0
5562499.0
5573579.0
5584660.0
5595741.0
5606821.0
5617902.0
5628983.0
5640063.0
5651144.0
5662225.0
5673306.0
5684387.0
5695467.0
5706547.0
5717628.0
5728709.0
5739789.0
5750870.0
5761951.0
5773031.0
5784112.0
5795193.0
5806273.0
5817354.0
5828435.0
5839515.0
5850596.0
5861677.0
5872758.0
5883838.0
5894919.0
5905999.0
5917080.0
5928161.0
5939241.0
5950322.0
5961403.0
5972484.0
5983564.0
5994646.0
6005726.0
6016806.0
6027887.0
6038967.0
6050048.0
6061129.0
6072210.0
6083290.0
6094371.0
6105451.0
6116532.0
6127613.0
6138693.0
6149774.0
6160858.0
6171935.0
6183016.0
6194097.0
6205178.0
6216258.0
6227339.0
6238420.0
6249500.0
6260581.0
6271662.0
6282742.0
6293823.0
6304904.0
6315984.0
6327065.0
6338146.0
6349226.0
6360307.0
6371388.0
6382468.0
6393549.0
6404630.0
6415710.0
6426791.0
6437872.0
6448952.0
6460033.0
6471114.0
6482195.0
6493275.0
6504356.0
6515436.0
6526517.0
6537598.0
6548679.0
6559759.0
6570840.0
6581920.0
6593001.0
6604082.0
6615163.0
6626243.0
6637324.0
6648405.0
6659486.0
6670566.0
6681646.0
6692727.0
6703808.0
6714889.0
6725969.0
6737050.0
6748131.0
6759211.0
6770292.0
6781373.0
6792453.0
6803534.0
6814615.0
6825696.0
6836776.0
6847857.0
6858938.0
6870018.0
6881099.0
6892179.0
6903260.0
6914341.0
6925421.0
6936502.0
6947583.0
6958663.0
6969744.0
6980825.0
6991906.0
7002986.0
7014067.0
7025147.0
7036228.0
7047309.0
7058390.0
7069470.0
7080551.0
7091631.0
7102712.0
7113793.0
7124874.0
7135954.0
7147035.0
7158116.0
7169196.0
7180277.0
7191358.0
7202439.0
7213519.0
7224600.0
7235680.0
7246761.0
7257842.0
7268923.0
7280003.0
7291084.0
7302164.0
7313245.0
7324326.0
7335406.0
7346487.0
7357568.0
7368648.0
7379729.0
7390810.0
7401890.0
7412971.0
7424052.0
7435132.0
7446213.0
7457294.0
7468375.0
7479455.0
7490536.0
7501617.0
7512697.0
7523778.0
7534858.0
7545939.0
7557020.0
7568100.0
7579181.0
7590262.0
7601343.0
7612423.0
7623504.0
7634584.0
7645665.0
7656747.0
7667827.0
7678908.0
7689988.0
7701069.0
7712149.0
7723230.0
7734311.0
7745391.0
7756472.0
7767553.0
7778633.0
7789714.0
7800795.0
7811875.0
7822958.0
7834036.0
7845117.0
7856198.0
7867279.0
7878359.0
7889440.0
7900521.0
7911601.0
7922682.0
7933763.0
7944843.0
7955924.0
7967005.0
7978085.0
7989167.0
8000247.0
8011327.0
8022408.0
8033489.0
8044569.0
8055650.0
8066731.0
8077812.0
8088892.0
8099973.0
8111054.0
8122134.0
8133215.0
8144296.0
8155377.0
8166457.0
8177537.0
8188618.0
8199699.0
8210780.0
8221860.0
8232941.0
8244021.0
8255102.0
8266183.0
8277263.0
8288344.0
8299425.0
8310506.0
8321586.0
8332667.0
8343748.0
8354828.0
8365909.0
8376990.0
8388071.0
8399151.0
8410232.0
8421312.0
8432393.0
8443474.0
8454554.0
8465635.0
8476716.0
8487796.0
8498877.0
8509958.0
8521038.0
8532119.0
8543200.0
8554280.0
8565361.0
8576442.0
8587522.0
8598603.0
8609684.0
8620764.0
8631845.0
8642926.0
8654008.0
8665088.0
8676168.0
8687249.0
8698329.0
8709410.0
8720490.0
8731571.0
8742652.0
8753733.0
8764813.0
8775894.0
8786975.0
8798055.0
8809136.0
8820216.0
8831297.0
8842378.0
8853459.0
8864539.0
8875620.0
8886701.0
8897781.0
8908862.0
8919943.0
8931023.0
8942104.0
8953185.0
8964265.0
8975346.0
8986427.0
8997507.0
9008588.0
9019668.0
9030749.0
9041830.0
9052912.0
9063992.0
9075072.0
9086153.0
9097233.0
9108314.0
9119395.0
9130475.0
9141556.0
9152637.0
9163717.0
9174798.0
9185879.0
9196959.0
9208040.0
9219121.0
9230201.0
9241282.0
9252363.0
9263444.0
9274524.0
9285605.0
9296685.0
9307766.0
9318847.0
9329927.0
9341008.0
9352089.0
9363169.0
9374250.0
9385331.0
9396411.0
9407492.0
9418573.0
9429654.0
9440734.0
9451815.0
9462896.0
9473976.0
9485057.0
9496137.0
9507218.0
9518299.0
9529380.0
9540460.0
9551541.0
9562622.0
9573702.0
9584783.0
9595864.0
9606944.0
9618025.0
9629106.0
9640186.0
9651268.0
9662348.0
9673428.0
9684509.0
9695590.0
9706670.0
9717751.0
9728832.0
9739913.0
9750993.0
9762074.0
9773154.0
9784235.0
9795316.0
9806397.0
9817477.0
9828558.0
9839639.0
9850720.0
9861800.0
9872881.0
9883961.0
9895042.0
9906123.0
9917203.0
9928284.0
9939365.0
9950445.0
9961526.0
9972607.0
9983687.0
9994768.0
10005849.0
10016929.0
10028010.0
10039091.0
10050172.0
10061252.0
10072333.0
10083414.0
10094494.0
10105575.0
10116655.0
10127736.0
10138817.0
10149898.0
10160978.0
10172059.0
10183139.0
10194220.0
10205301.0
10216381.0
10227462.0
10238543.0
10249624.0
10260704.0
10271785.0
10282866.0
10293946.0
10305027.0
10316107.0
10327188.0
10338269.0
10349349.0
10360430.0
10371511.0
10382592.0
10393672.0
10404753.0
10415834.0
10426914.0
10437995.0
10449076.0
10460156.0
10471237.0
10482318.0
10493398.0
10504479.0
10515559.0
10526640.0
10537721.0
10548802.0
10559882.0
10570963.0
10582044.0
10593124.0
10604205.0
10615286.0
10626366.0
10637447.0
10648529.0
10659609.0
10670689.0
10681770.0
10692850.0
10703931.0
10715012.0
10726092.0
10737173.0
10748254.0
10759334.0
10770415.0
10781496.0
10792576.0
10803657.0
10814738.0
10825818.0
10836899.0
10847980.0
10859061.0
10870141.0
10881222.0
10892302.0
10903383.0
10914464.0
10925544.0
10936625.0
10947706.0
10958787.0
10969867.0
10980948.0
10992028.0
11003109.0
11014190.0
11025271.0
11036351.0
11047432.0
11058513.0
11069593.0
11080674.0
11091755.0
11102835.0
11113916.0
11124997.0
11136077.0
11147158.0
11158239.0
11169319.0
11180400.0
11191481.0
11202561.0
11213642.0
11224723.0
11235803.0
11246884.0
11257964.0
11269045.0
11280126.0
11291207.0
11302287.0
11313369.0
11324449.0
11335529.0
11346610.0
11357691.0
11368772.0
11379852.0
11390933.0
11402014.0
11413094.0
11424175.0
11435256.0
11446336.0
11457417.0
11468497.0
11479578.0
11490659.0
11501740.0
11512820.0
11523901.0
11534982.0
11546062.0
11557143.0
11568224.0
11579304.0
11590385.0
11601466.0
11612546.0
11623627.0
11634708.0
11645789.0
11656870.0
11667950.0
11679031.0
11690111.0
11701192.0
11712272.0
11723353.0
11734434.0
11745514.0
11756595.0
11767676.0
11778756.0
11789837.0
11800918.0
11811998.0
11823079.0
11834160.0
11845240.0
11856321.0
11867402.0
11878482.0
11889563.0
11900644.0
11911724.0
11922805.0
11933886.0
11944967.0
11956047.0
11967128.0
11978209.0
11989289.0
12000370.0
12011450.0
12022531.0
12033612.0
12044693.0
12055773.0
12066854.0
12077935.0
12089015.0
12100096.0
12111176.0
12122257.0
12133338.0
12144421.0
12155499.0
12166580.0
12177661.0
12188742.0
12199822.0
12210902.0
12221983.0
12233064.0
12244146.0
12255226.0
12266306.0
12277387.0
12288467.0
12299548.0
12310629.0
12321709.0
12332790.0
12343871.0
12354951.0
12366032.0
12377113.0
12388193.0
12399274.0
12410355.0
12421435.0
12432516.0
12443598.0
12454677.0
12465758.0
12476839.0
12487919.0
12499000.0
12510081.0
12521161.0
12532242.0
12543323.0
12554404.0
12565484.0
12576565.0
12587646.0
12598726.0
12609807.0
12620888.0
12631968.0
12643049.0
12654130.0
12665210.0
12676291.0
12687372.0
12698452.0
12709533.0
12720614.0
12731694.0
12742775.0
12753856.0
12764936.0
12776017.0
12787098.0
12798178.0
12809260.0
12820340.0
12831420.0
12842501.0
12853582.0
12864662.0
12875743.0
12886823.0
12897904.0
12908985.0
12920066.0
12931146.0
12942227.0
12953308.0
12964388.0
12975470.0
12986550.0
12997631.0
13008711.0
13019792.0
13030872.0
13041953.0
13053034.0
13064115.0
13075195.0
13086276.0
13097357.0
13108437.0
13119518.0
13130599.0
13141681.0
13152760.0
13163841.0
13174921.0
13186002.0
13197083.0
13208163.0
13219244.0
13230325.0
13241405.0
13252486.0
13263567.0
13274647.0
13285728.0
13296809.0
13307890.0
13318970.0
13330051.0
13341131.0
13352212.0
13363293.0
13374373.0
13385454.0
13396535.0
13407615.0
13418696.0
13429777.0
13440858.0
13451938.0
13463019.0
13474100.0
13485180.0
13496261.0
13507341.0
13518422.0
13529503.0
13540583.0
13551664.0
13562745.0
13573826.0
13584906.0
13595987.0
13607068.0
13618148.0
13629229.0
13640311.0
13651391.0
13662471.0
13673552.0
13684632.0
13695713.0
13706793.0
13717874.0
13728955.0
13740036.0
13751116.0
13762197.0
13773278.0
13784359.0
13795439.0
13806520.0
13817600.0
13828681.0
13839762.0
13850843.0
13861923.0
13873004.0
13884085.0
13895165.0
13906246.0
13917326.0
13928407.0
13939488.0
13950568.0
13961649.0
13972730.0
13983810.0
13994891.0
14005972.0
14017052.0
14028133.0
14039214.0
14050295.0
14061375.0
14072456.0
14083536.0
14094617.0
14105698.0
14116778.0
14127859.0
14138940.0
14150021.0
14161101.0
14172182.0
14183263.0
14194343.0
14205424.0
14216504.0
14227585.0
14238666.0
14249747.0
14260827.0
14271908.0
14282989.0
14294069.0
14305150.0
14316230.0
14327311.0
14338392.0
14349473.0
14360553.0
14371634.0
14382715.0
14393795.0
14404876.0
14415957.0
14427037.0
14438118.0
14449199.0
14460279.0
14471360.0
14482441.0
14493521.0
14504602.0
14515683.0
14526763.0
14537844.0
14548925.0
14560005.0
14571086.0
14582167.0
14593247.0
14604328.0
14615409.0
14626489.0
14637596.0
14648651.0
14659731.0
14670812.0
14681893.0
14692973.0
14704054.0
14715135.0
14726215.0
14737296.0
14748377.0
14759458.0
14770538.0
14781619.0
14792699.0
14803780.0
14814861.0
14825942.0
14837022.0
14848103.0
14859183.0
14870264.0
14881345.0
14892425.0
14903506.0
14914587.0
14925668.0
14936748.0
14947829.0
14958910.0
14969991.0
14981071.0
14992152.0
15003232.0
15014313.0
15025394.0
15036475.0
15047555.0
15058636.0
15069716.0
15080797.0
15091878.0
15102958.0
15114039.0
15125120.0
15136201.0
15147281.0
15158362.0
15169442.0
15180523.0
15191604.0
15202684.0
15213765.0
15224846.0
15235927.0
15247007.0
15258088.0
15269169.0
15280249.0
15291330.0
15302411.0
15313491.0
15324572.0
15335653.0
15346733.0
15357814.0
15368895.0
15379975.0
15391056.0
15402136.0
15413217.0
15424298.0
15435379.0
15446459.0
15457540.0
15468621.0
15479702.0
15490782.0
15501862.0
15512943.0
15524024.0
15535105.0
15546185.0
15557266.0
15568347.0
15579427.0
15590508.0
15601589.0
15612669.0
15623750.0
15634831.0
15645912.0
15656992.0
15668073.0
15679153.0
15690234.0
15701315.0
15712395.0
15723476.0
15734557.0
15745637.0
15756718.0
15767799.0
15778879.0
15789960.0
15801043.0
15812122.0
15823202.0
15834283.0
15845364.0
15856444.0
15867525.0
15878606.0
15889686.0
15900767.0
15911848.0
15922928.0
15934009.0
15945089.0
15956170.0
15967252.0
15978331.0
15989412.0
16000493.0
16011573.0
16022654.0
16033735.0
16044816.0
16055896.0
16066977.0
16078058.0
16089139.0
16100219.0
16111300.0
16122380.0
16133462.0
16144542.0
16155622.0
16166703.0
16177784.0
16188864.0
16199945.0
16211026.0
16222106.0
16233187.0
16244268.0
16255348.0
16266429.0
16277510.0
16288590.0
16299671.0
16310752.0
16321832.0
16332913.0
16343994.0
16355075.0
16366155.0
16377236.0
16388317.0
16399397.0
16410478.0
16421559.0
16432639.0
16443720.0
16454801.0
16465882.0
16476962.0
16488043.0
16499124.0
16510204.0
16521285.0
16532365.0
16543446.0
16554527.0
16565608.0
16576688.0
16587768.0
16598849.0
16609930.0
16621011.0
16632093.0
16643173.0
16654253.0
16665334.0
16676414.0
16687495.0
16698575.0
16709656.0
16720737.0
16731817.0
16742898.0
16753979.0
16765059.0
16776140.0
16787220.0
16798302.0
16809382.0
16820463.0
16831544.0
16842624.0
16853705.0
16864785.0
16875867.0
16886947.0
16898027.0
16909108.0
16920189.0
16931270.0
16942350.0
16953431.0
16964512.0
16975592.0
16986673.0
16997753.0
17008834.0
17019915.0
17030995.0
17042077.0
17053157.0
17064238.0
17075318.0
17086399.0
17097480.0
17108560.0
17119641.0
17130722.0
17141802.0
17152883.0
17163964.0
17175044.0
17186125.0
17197206.0
17208286.0
17219367.0
17230448.0
17241529.0
17252609.0
17263690.0
17274770.0
17285851.0
17296932.0
17308012.0
17319093.0
17330174.0
17341254.0
17352335.0
17363416.0
17374496.0
17385577.0
17396658.0
17407738.0
17418819.0
17429900.0
17440981.0
17452061.0
17463142.0
17474222.0
17485303.0
17496384.0
17507465.0
17518545.0
17529626.0
17540707.0
17551787.0
17562868.0
17573949.0
17585029.0
17596110.0
17607191.0
17618271.0
17629352.0
17640433.0
17651513.0
17662594.0
17673675.0
17684755.0
17695836.0
17706917.0
17717997.0
17729078.0
17740158.0
17751239.0
17762320.0
17773401.0
17784481.0
17795562.0
17806643.0
17817723.0
17828804.0
17839885.0
17850965.0
17862046.0
17873127.0
17884207.0
17895288.0
17906369.0
17917450.0
17928530.0
17939611.0
17950691.0
17961772.0
17972853.0
17983933.0
17995014.0
18006095.0
18017176.0
18028256.0
18039337.0
18050417.0
18061498.0
18072579.0
18083659.0
18094740.0
18105821.0
18116902.0
18127982.0
18139063.0
18150143.0
18161224.0
18172305.0
18183385.0
18194466.0
18205547.0
18216628.0
18227708.0
18238789.0
18249870.0
18260950.0
18272031.0
18283111.0
18294192.0
18305273.0
18316355.0
18327434.0
18338515.0
18349596.0
18360676.0
18371757.0
18382838.0
18393918.0
18404999.0
18416080.0
18427161.0
18438241.0
18449322.0
18460404.0
18471483.0
18482564.0
18493644.0
18504725.0
18515806.0
18526886.0
18537967.0
18549048.0
18560129.0
18571209.0
18582290.0
18593370.0
18604451.0
18615532.0
18626614.0
18637693.0
18648775.0
18659855.0
18670935.0
18682016.0
18693096.0
18704177.0
18715258.0
18726339.0
18737419.0
18748500.0
18759581.0
18770661.0
18781742.0
18792823.0
18803903.0
18814984.0
18826065.0
18837146.0
18848226.0
18859307.0
18870387.0
18881468.0
18892549.0
18903629.0
18914710.0
18925791.0
18936872.0
18947952.0
18959033.0
18970113.0
18981194.0
18992275.0
19003355.0
19014436.0
19025517.0
19036598.0
19047678.0
19058759.0
19069840.0
19080920.0
19092001.0
19103081.0
19114162.0
19125243.0
19136324.0
19147404.0
19158485.0
19169566.0
19180646.0
19191728.0
19202807.0
19213888.0
19224969.0
19236050.0
19247130.0
19258211.0
19269292.0
19280372.0
19291453.0
19302534.0
19313614.0
19324695.0
19335775.0
19346856.0
19357937.0
19369018.0
19380098.0
19391179.0
19402260.0
19413340.0
19424421.0
19435502.0
19446582.0
19457664.0
19468744.0
19479824.0
19490905.0
19501986.0
19513066.0
19524147.0
19535228.0
19546308.0
19557389.0
19568470.0
19579550.0
19590631.0
19601712.0
19612793.0
19623874.0
19634955.0
19646035.0
19657116.0
19668196.0
19679277.0
19690357.0
19701438.0
19712518.0
19723599.0
19734680.0
19745761.0
19756841.0
19767922.0
19779002.0
19790083.0
19801164.0
19812245.0
19823325.0
19834406.0
19845487.0
19856567.0
19867648.0
19878729.0
19889809.0
19900890.0
19911971.0
19923051.0
19934132.0
19945213.0
19956294.0
19967374.0
19978455.0
19989535.0
20000616.0
20011697.0
20022777.0
20033859.0
20044939.0
20056019.0
20067100.0
20078181.0
20089261.0
20100342.0
20111423.0
20122504.0
20133584.0
20144665.0
20155746.0
20166826.0
20177907.0
20188987.0
20200068.0
20211149.0
20222230.0
20233311.0
20244391.0
20255472.0
20266552.0
20277633.0
20288714.0
20299794.0
20310875.0
20321956.0
20333036.0
20344117.0
20355198.0
20366278.0
20377359.0
20388440.0
20399520.0
20410601.0
20421682.0
20432763.0
20443843.0
20454924.0
20466004.0
20477085.0
20488166.0
20499246.0
20510327.0
20521408.0
20532489.0
20543569.0
20554650.0
20565730.0
20576811.0
20587892.0
20598972.0
20610053.0
20621134.0
20632215.0
20643295.0
20654376.0
20665456.0
20676537.0
20687618.0
20698699.0
20709779.0
20720860.0
20731940.0
20743021.0
20754102.0
20765183.0
20776263.0
20787344.0
20798425.0
20809505.0
20820586.0
20831667.0
20842748.0
20853828.0
20864908.0
20875989.0
20887070.0
20898150.0
20909231.0
20920312.0
20931393.0
20942473.0
20953556.0
20964635.0
20975715.0
20986796.0
20997877.0
21008957.0
21020038.0
21031119.0
21042199.0
21053280.0
21064361.0
21075441.0
21086522.0
21097603.0
21108683.0
21119764.0
21130845.0
21141925.0
21153006.0
21164087.0
21175167.0
21186248.0
21197329.0
21208410.0
21219490.0
21230571.0
21241651.0
21252732.0
21263813.0
21274893.0
21285975.0
21297055.0
21308135.0
21319216.0
21330297.0
21341378.0
21352458.0
21363539.0
21374619.0
21385700.0
21396781.0
21407861.0
21418942.0
21430023.0
21441104.0
21452185.0
21463265.0
21474345.0
21485426.0
21496507.0
21507588.0
21518668.0
21529749.0
21540830.0
21551910.0
21562991.0
21574072.0
21585152.0
21596233.0
21607314.0
21618397.0
21629475.0
21640556.0
21651636.0
21662717.0
21673798.0
21684878.0
21695959.0
21707040.0
21718121.0
21729201.0
21740282.0
21751362.0
21762443.0
21773524.0
21784605.0
21795685.0
21806766.0
21817847.0
21828927.0
21840008.0
21851089.0
21862169.0
21873250.0
21884330.0
21895411.0
21906492.0
21917573.0
21928653.0
21939734.0
21950815.0
21961895.0
21972976.0
21984057.0
21995137.0
22006218.0
22017299.0
22028380.0
22039460.0
22050541.0
22061621.0
22072702.0
22083783.0
22094863.0
22105944.0
22117025.0
22128105.0
22139187.0
22150267.0
22161347.0
22172428.0
22183509.0
22194589.0
22205670.0
22216751.0
22227831.0
22238912.0
22249993.0
22261073.0
22272154.0
22283236.0
22294315.0
22305396.0
22316477.0
22327558.0
22338638.0
22349719.0
22360799.0
22371880.0
22382961.0
22394041.0
22405122.0
22416203.0
22427284.0
22438364.0
22449446.0
22460526.0
22471606.0
22482687.0
22493767.0
22504848.0
22515929.0
22527009.0
22538090.0
22549171.0
22560252.0
22571332.0
22582413.0
22593493.0
22604574.0
22615684.0
22626736.0
22637816.0
22648897.0
22659978.0
22671058.0
22682139.0
22693220.0
22704300.0
22715381.0
22726461.0
22737542.0
22748623.0
22759704.0
22770784.0
22781865.0
22792946.0
22804026.0
22815107.0
22826188.0
22837268.0
22848349.0
22859430.0
22870510.0
22881591.0
22892672.0
22903753.0
22914833.0
22925914.0
22936995.0
22948075.0
22959156.0
22970236.0
22981317.0
22992398.0
23003479.0
23014559.0
23025640.0
23036721.0
23047801.0
23058882.0
23069962.0
23081043.0
23092124.0
23103204.0
23114285.0
23125366.0
23136447.0
23147527.0
23158608.0
23169689.0
23180769.0
23191850.0
23202931.0
23214012.0
23225092.0
23236173.0
23247253.0
23258334.0
23269415.0
23280496.0
23291576.0
23302657.0
23313739.0
23324818.0
23335899.0
23346979.0
23358060.0
23369141.0
23380221.0
23391302.0
23402383.0
23413464.0
23424545.0
23435625.0
23446706.0
23457786.0
23468867.0
23479947.0
23491028.0
23502109.0
23513190.0
23524270.0
23535351.0
23546432.0
23557512.0
23568593.0
23579674.0
23590754.0
23601835.0
23612917.0
23623997.0
23635077.0
23646158.0
23657238.0
23668319.0
23679400.0
23690480.0
23701561.0
23712642.0
23723722.0
23734803.0
23745884.0
23756964.0
23768045.0
23779126.0
23790206.0
23801287.0
23812368.0
23823449.0
23834529.0
23845610.0
23856690.0
23867771.0
23878852.0
23889932.0
23901013.0
23912094.0
23923174.0
23934255.0
23945336.0
23956416.0
23967497.0
23978578.0
23989659.0
24000739.0
24011820.0
24022901.0
24033981.0
24045062.0
24056143.0
24067223.0
24078304.0
24089385.0
24100465.0
24111546.0
24122626.0
24133708.0
24144788.0
24155868.0
24166949.0
24178030.0
24189111.0
24200191.0
24211272.0
24222353.0
24233433.0
24244514.0
24255595.0
24266675.0
24277758.0
24288837.0
24299917.0
24310998.0
24322079.0
24333159.0
24344240.0
24355321.0
24366401.0
24377482.0
24388563.0
24399643.0
24410724.0
24421805.0
24432885.0
24443966.0
24455047.0
24466127.0
24477208.0
24488289.0
24499369.0
24510450.0
24521531.0
24532612.0
24543692.0
24554773.0
24565853.0
24576934.0
24588015.0
24599096.0
24610177.0
24621258.0
24632337.0
24643418.0
24654499.0
24665579.0
24676660.0
24687741.0
24698822.0
24709902.0
24720983.0
24732064.0
24743144.0
24754225.0
24765306.0
24776387.0
24787467.0
24798548.0
24809628.0
24820709.0
24831790.0
24842870.0
24853951.0
24865032.0
24876112.0
24887193.0
24898275.0
24909354.0
24920435.0
24931516.0
24942597.0
24953678.0
24964758.0
24975838.0
24986919.0
24998000.0
25009081.0
25020161.0
25031242.0
25042322.0
25053403.0
25064484.0
25075564.0
25086645.0
25097726.0
25108808.0
25119887.0
25130968.0
25142048.0
25153129.0
25164210.0
25175291.0
25186371.0
25197452.0
25208533.0
25219614.0
25230694.0
25241775.0
25252855.0
25263936.0
25275017.0
25286097.0
25297178.0
25308259.0
25319339.0
25330420.0
25341501.0
25352581.0
25363662.0
25374743.0
25385823.0
25396904.0
25407985.0
25419066.0
25430146.0
25441227.0
25452307.0
25463388.0
25474469.0
25485549.0
25496630.0
25507711.0
25518792.0
25529872.0
25540953.0
25552034.0
25563114.0
25574195.0
25585276.0
25596356.0
25607437.0
25618518.0
25629598.0
25640679.0
25651760.0
25662840.0
25673921.0
25685002.0
25696082.0
25707163.0
25718243.0
25729328.0
25740405.0
25751486.0
25762566.0
25773648.0
25784727.0
25795808.0
25806889.0
25817970.0
25829050.0
25840131.0
25851212.0
25862292.0
25873373.0
25884454.0
25895534.0
25906615.0
25917696.0
25928777.0
25939857.0
25950938.0
25962018.0
25973099.0
25984180.0
25995260.0
26006341.0
26017422.0
26028502.0
26039583.0
26050664.0
26061744.0
26072825.0
26083906.0
26094987.0
26106068.0
26117148.0
26128228.0
26139309.0
26150390.0
26161471.0
26172551.0
26183632.0
26194713.0
26205793.0
26216874.0
26227955.0
26239035.0
26250116.0
26261196.0
26272277.0
26283358.0
26294439.0
26305519.0
26316600.0
26327681.0
26338762.0
26349842.0
26360922.0
26372003.0
26383084.0
26394165.0
26405246.0
26416326.0
26427407.0
26438488.0
26449568.0
26460649.0
26471729.0
26482810.0
26493891.0
26504971.0
26516052.0
26527133.0
26538213.0
26549294.0
26560375.0
26571455.0
26582536.0
26593617.0
26604698.0
26615779.0
26626859.0
26637940.0
26649020.0
26660101.0
26671181.0
26682262.0
26693343.0
26704423.0
26715504.0
26726585.0
26737666.0
26748746.0
26759827.0
26770908.0
26781988.0
26793069.0
26804150.0
26815231.0
26826311.0
26837392.0
26848472.0
26859553.0
26870634.0
26881714.0
26892795.0
26903876.0
26914956.0
26926037.0
26937118.0
26948198.0
26959279.0
26970360.0
26981440.0
26992521.0
27003602.0
27014683.0
27025763.0
27036844.0
27047924.0
27059005.0
27070086.0
27081166.0
27092247.0
27103328.0
27114408.0
27125489.0
27136570.0
27147650.0
27158731.0
27169812.0
27180892.0
27191973.0
27203054.0
27214134.0
27225215.0
27236296.0
27247377.0
27258457.0
27269539.0
27280619.0
27291699.0
27302780.0
27313860.0
27324941.0
27336022.0
27347102.0
27358183.0
27369264.0
27380345.0
27391425.0
27402506.0
27413587.0
27424667.0
27435748.0
27446828.0
27457909.0
27468990.0
27480071.0
27491151.0
27502232.0
27513313.0
27524393.0
27535474.0
27546554.0
27557635.0
27568716.0
27579797.0
27590877.0
27601960.0
27613040.0
27624119.0
27635200.0
27646281.0
27657361.0
27668442.0
27679523.0
27690603.0
27701684.0
27712765.0
27723845.0
27734927.0
27746007.0
27757088.0
27768169.0
27779249.0
27790330.0
27801410.0
27812491.0
27823571.0
27834652.0
27845733.0
27856813.0
27867894.0
27878975.0
27890056.0
27901136.0
27912217.0
27923298.0
27934378.0
27945459.0
27956540.0
27967620.0
27978701.0
27989782.0
28000862.0
28011943.0
28023023.0
28034104.0
28045185.0
28056266.0
28067346.0
28078427.0
28089508.0
28100588.0
28111669.0
28122750.0
28133830.0
28144911.0
28155992.0
28167072.0
28178153.0
28189234.0
28200314.0
28211395.0
28222476.0
28233556.0
28244637.0
28255718.0
28266799.0
28277879.0
28288960.0
28300040.0
28311121.0
28322202.0
28333283.0
28344363.0
28355444.0
28366525.0
28377605.0
28388686.0
28399767.0
28410847.0
28421928.0
28433009.0
28444089.0
28455170.0
28466251.0
28477331.0
28488412.0
28499492.0
28510573.0
28521654.0
28532735.0
28543815.0
28554896.0
28565977.0
28577057.0
28588138.0
28599219.0
28610300.0
28621380.0
28632461.0
28643541.0
28654622.0
28665703.0
28676783.0
28687864.0
28698945.0
28710025.0
28721106.0
28732187.0
28743267.0
28754348.0
28765429.0
28776509.0
28787590.0
28798671.0
28809752.0
28820832.0
28831913.0
28842993.0
28854074.0
28865155.0
28876235.0
28887316.0
28898397.0
28909477.0
28920558.0
28931640.0
28942719.0
28953800.0
28964881.0
28975962.0
28987042.0
28998123.0
29009204.0
29020284.0
29031365.0
29042445.0
29053526.0
29064607.0
29075687.0
29086768.0
29097850.0
29108930.0
29120010.0
29131091.0
29142171.0
29153252.0
29164333.0
29175414.0
29186494.0
29197575.0
29208656.0
29219736.0
29230817.0
29241898.0
29252978.0
29264059.0
29275140.0
29286220.0
29297301.0
29308382.0
29319462.0
29330543.0
29341624.0
29352704.0
29363785.0
29374866.0
29385946.0
29397027.0
29408108.0
29419188.0
29430270.0
29441350.0
29452430.0
29463511.0
29474592.0
29485673.0
29496753.0
29507834.0
29518915.0
29529995.0
29541076.0
29552156.0
29563237.0
29574318.0
29585399.0
29596481.0
29607561.0
29618640.0
29629721.0
29640802.0
29651883.0
29662963.0
29674044.0
29685125.0
29696205.0
29707286.0
29718367.0
29729447.0
29740528.0
29751609.0
29762689.0
29773770.0
29784851.0
29795932.0
29807012.0
29818093.0
29829173.0
29840254.0
29851335.0
29862415.0
29873496.0
29884577.0
29895657.0
29906738.0
29917819.0
29928900.0
29939980.0
29951061.0
29962141.0
29973222.0
29984303.0
29995384.0
30006464.0
30017545.0
30028626.0
30039706.0
30050787.0
30061868.0
30072948.0
30084029.0
30095110.0
30106190.0
30117271.0
30128352.0
30139432.0
30150513.0
30161593.0
30172674.0
30183755.0
30194836.0
30205917.0
30216997.0
30228078.0
30239158.0
30250239.0
30261320.0
30272400.0
30283481.0
30294562.0
30305642.0
30316723.0
30327804.0
30338884.0
30349965.0
30361046.0
30372126.0
30383207.0
30394288.0
30405369.0
30416449.0
30427530.0
30438610.0
30449691.0
30460772.0
30471852.0
30482933.0
30494014.0
30505095.0
30516175.0
30527256.0
30538337.0
30549417.0
30560498.0
30571579.0
30582659.0
30593741.0
30604821.0
30615901.0
30626982.0
30638063.0
30649143.0
30660224.0
30671305.0
30682385.0
30693466.0
30704547.0
30715627.0
30726708.0
30737788.0
30748869.0
30759950.0
30771031.0
30782111.0
30793192.0
30804273.0
30815354.0
30826434.0
30837515.0
30848595.0
30859676.0
30870757.0
30881837.0
30892918.0
30903999.0
30915079.0
30926160.0
30937241.0
30948321.0
30959402.0
30970483.0
30981563.0
30992644.0
31003725.0
31014805.0
31025886.0
31036967.0
31048048.0
31059128.0
31070209.0
31081290.0
31092374.0
31103451.0
31114532.0
31125613.0
31136693.0
31147773.0
31158854.0
31169935.0
31181016.0
31192096.0
31203177.0
31214258.0
31225339.0
31236419.0
31247500.0
31258581.0
31269661.0
31280741.0
31291822.0
31302903.0
31313984.0
31325064.0
31336145.0
31347226.0
31358306.0
31369387.0
31380468.0
31391548.0
31402629.0
31413710.0
31424791.0
31435871.0
31446952.0
31458032.0
31469113.0
31480194.0
31491274.0
31502355.0
31513436.0
31524516.0
31535597.0
31546678.0
31557759.0
31568839.0
31579920.0
31591002.0
31602082.0
31613162.0
31624243.0
31635323.0
31646404.0
31657485.0
31668565.0
31679646.0
31690727.0
31701807.0
31712888.0
31723969.0
31735049.0
31746130.0
31757211.0
31768291.0
31779372.0
31790453.0
31801533.0
31812614.0
31823695.0
31834775.0
31845856.0
31856937.0
31868017.0
31879098.0
31890179.0
31901259.0
31912340.0
31923421.0
31934501.0
31945582.0
31956663.0
31967743.0
31978824.0
31989905.0
32000985.0
32012066.0
32023147.0
32034227.0
32045308.0
32056389.0
32067469.0
32078550.0
32089631.0
32100711.0
32111792.0
32122873.0
32133953.0
32145034.0
32156115.0
32167195.0
32178276.0
32189357.0
32200438.0
32211518.0
32222599.0
32233680.0
32244760.0
32255841.0
32266921.0
32278002.0
32289083.0
32300164.0
32311244.0
32322325.0
32333405.0
32344486.0
32355567.0
32366648.0
32377728.0
32388809.0
32399890.0
32410970.0
32422052.0
32433131.0
32444212.0
32455293.0
32466374.0
32477454.0
32488535.0
32499616.0
32510696.0
32521777.0
32532858.0
32543938.0
32555019.0
32566100.0
32577180.0
32588292.0
32599342.0
32610422.0
32621503.0
32632584.0
32643664.0
32654745.0
32665826.0
32676907.0
32687987.0
32699068.0
32710149.0
32721229.0
32732310.0
32743390.0
32754471.0
32765552.0
32776633.0
32787713.0
32798794.0
32809875.0
32820955.0
32832036.0
32843117.0
32854197.0
32865278.0
32876359.0
32887439.0
32898520.0
32909600.0
32920682.0
32931762.0
32942843.0
32953923.0
32965004.0
32976085.0
32987165.0
32998246.0
33009327.0
33020407.0
33031488.0
33042569.0
33053649.0
33064730.0
33075811.0
33086891.0
33097972.0
33109053.0
33120133.0
33131214.0
33142295.0
33153376.0
33164456.0
33175537.0
33186618.0
33197699.0
33208779.0
33219859.0
33230940.0
33242021.0
33253102.0
33264182.0
33275263.0
33286343.0
33297424.0
33308505.0
33319586.0
33330666.0
33341747.0
33352828.0
33363908.0
33374989.0
33386070.0
33397151.0
33408231.0
33419312.0
33430392.0
33441473.0
33452554.0
33463634.0
33474715.0
33485796.0
33496876.0
33507957.0
33519038.0
33530118.0
33541199.0
33552280.0
33563360.0
33574441.0
33585522.0
33596603.0
33607683.0
33618764.0
33629844.0
33640925.0
33652006.0
33663086.0
33674167.0
33685248.0
33696328.0
33707409.0
33718490.0
33729570.0
33740651.0
33751733.0
33762812.0
33773893.0
33784974.0
33796054.0
33807135.0
33818216.0
33829297.0
33840377.0
33851458.0
33862539.0
33873619.0
33884700.0
33895780.0
33906861.0
33917942.0
33929022.0
33940103.0
33951184.0
33962265.0
33973345.0
33984426.0
33995507.0
34006588.0
34017668.0
34028749.0
34039829.0
34050910.0
34061991.0
34073071.0
34084152.0
34095233.0
34106313.0
34117394.0
34128475.0
34139555.0
34150636.0
34161717.0
34172797.0
34183878.0
34194959.0
34206039.0
34217120.0
34228201.0
34239281.0
34250363.0
34261443.0
34272523.0
34283604.0
34294685.0
34305766.0
34316846.0
34327927.0
34339008.0
34350088.0
34361169.0
34372250.0
34383330.0
34394411.0
34405492.0
34416572.0
34427653.0
34438734.0
34449814.0
34460895.0
34471976.0
34483056.0
34494137.0
34505218.0
34516298.0
34527379.0
34538460.0
34549540.0
34560621.0
34571702.0
34582784.0
34593864.0
34604944.0
34616024.0
34627105.0
34638186.0
34649266.0
34660347.0
34671428.0
34682508.0
34693589.0
34704670.0
34715750.0
34726831.0
34737912.0
34748993.0
34760073.0
34771154.0
34782235.0
34793315.0
34804396.0
34815476.0
34826557.0
34837638.0
34848719.0
34859799.0
34870880.0
34881961.0
34893041.0
34904122.0
34915204.0
34926283.0
34937364.0
34948445.0
34959525.0
34970606.0
34981687.0
34992768.0
35003848.0
35014929.0
35026009.0
35037090.0
35048171.0
35059251.0
35070332.0
35081413.0
35092493.0
35103574.0
35114655.0
35125735.0
35136816.0
35147897.0
35158977.0
35170058.0
35181139.0
35192220.0
35203300.0
35214381.0
35225461.0
35236542.0
35247623.0
35258703.0
35269784.0
35280865.0
35291946.0
35303026.0
35314107.0
35325187.0
35336268.0
35347349.0
35358429.0
35369510.0
35380591.0
35391672.0
35402752.0
35413833.0
35424913.0
35435994.0
35447075.0
35458156.0
35469236.0
35480317.0
35491398.0
35502478.0
35513559.0
35524640.0
35535720.0
35546801.0
35557882.0
35568962.0
35580044.0
35591124.0
35602204.0
35613285.0
35624366.0
35635446.0
35646527.0
35657608.0
35668688.0
35679769.0
35690850.0
35701930.0
35713011.0
35724092.0
35735172.0
35746253.0
35757334.0
35768414.0
35779495.0
35790576.0
35801657.0
35812737.0
35823818.0
35834898.0
35845979.0
35857060.0
35868141.0
35879221.0
35890302.0
35901382.0
35912464.0
35923544.0
35934624.0
35945705.0
35956786.0
35967867.0
35978947.0
35990028.0
36001108.0
36012189.0
36023270.0
36034350.0
36045431.0
36056512.0
36067593.0
36078673.0
36089754.0
36100834.0
36111915.0
36122996.0
36134077.0
36145157.0
36156238.0
36167319.0
36178399.0
36189480.0
36200560.0
36211641.0
36222722.0
36233802.0
36244884.0
36255964.0
36267045.0
36278125.0
36289206.0
36300287.0
36311367.0
36322448.0
36333529.0
36344609.0
36355690.0
36366771.0
36377851.0
36388932.0
36400013.0
36411093.0
36422174.0
36433255.0
36444335.0
36455416.0
36466497.0
36477577.0
36488658.0
36499739.0
36510819.0
36521900.0
36532981.0
36544062.0
36555142.0
36566223.0
36577304.0
36588384.0
36599465.0
36610545.0
36621626.0
36632707.0
36643788.0
36654868.0
36665949.0
36677029.0
36688110.0
36699191.0
36710272.0
36721352.0
36732433.0
36743514.0
36754594.0
36765675.0
36776756.0
36787837.0
36798917.0
36809998.0
36821078.0
36832159.0
36843240.0
36854320.0
36865401.0
36876482.0
36887562.0
36898643.0
36909724.0
36920804.0
36931885.0
36942966.0
36954046.0
36965127.0
36976208.0
36987288.0
36998369.0
37009450.0
37020530.0
37031611.0
37042692.0
37053772.0
37064853.0
37075934.0
37087015.0
37098095.0
37109176.0
37120256.0
37131337.0
37142418.0
37153499.0
37164579.0
37175660.0
37186741.0
37197821.0
37208902.0
37219982.0
37231063.0
37242144.0
37253224.0
37264305.0
37275386.0
37286466.0
37297548.0
37308628.0
37319708.0
37330789.0
37341870.0
37352951.0
37364031.0
37375112.0
37386193.0
37397274.0
37408354.0
37419435.0
37430515.0
37441596.0
37452677.0
37463757.0
37474838.0
37485919.0
37496999.0
37508080.0
37519161.0
37530241.0
37541322.0
37552403.0
37563483.0
37574566.0
37585646.0
37596726.0
37607806.0
37618887.0
37629967.0
37641048.0
37652129.0
37663209.0
37674290.0
37685371.0
37696452.0
37707532.0
37718613.0
37729694.0
37740774.0
37751855.0
37762936.0
37774017.0
37785097.0
37796178.0
37807259.0
37818339.0
37829420.0
37840500.0
37851581.0
37862662.0
37873742.0
37884823.0
37895904.0
37906985.0
37918065.0
37929146.0
37940226.0
37951307.0
37962388.0
37973468.0
37984549.0
37995630.0
38006710.0
38017791.0
38028872.0
38039952.0
38051033.0
38062114.0
38073195.0
38084275.0
38095356.0
38106436.0
38117517.0
38128598.0
38139678.0
38150759.0
38161840.0
38172921.0
38184001.0
38195082.0
38206163.0
38217243.0
38228324.0
38239405.0
38250485.0
38261566.0
38272647.0
38283727.0
38294808.0
38305889.0
38316969.0
38328050.0
38339131.0
38350211.0
38361292.0
38372373.0
38383454.0
38394534.0
38405615.0
38416695.0
38427776.0
38438857.0
38449937.0
38461018.0
38472099.0
38483179.0
38494260.0
38505341.0
38516421.0
38527502.0
38538583.0
38549663.0
38560744.0
38571826.0
38582906.0
38593986.0
38605067.0
38616147.0
38627228.0
38638309.0
38649390.0
38660470.0
38671551.0
38682631.0
38693712.0
38704793.0
38715873.0
38726954.0
38738035.0
38749116.0
38760196.0
38771277.0
38782358.0
38793438.0
38804519.0
38815599.0
38826680.0
38837761.0
38848842.0
38859922.0
38871003.0
38882084.0
38893164.0
38904245.0
38915326.0
38926406.0
38937487.0
38948568.0
38959648.0
38970729.0
38981810.0
38992890.0
39003971.0
39015052.0
39026132.0
39037213.0
39048294.0
39059375.0
39070455.0
39081536.0
39092616.0
39103697.0
39114778.0
39125858.0
39136939.0
39148020.0
39159100.0
39170181.0
39181262.0
39192342.0
39203423.0
39214504.0
39225584.0
39236666.0
39247746.0
39258827.0
39269907.0
39280988.0
39292068.0
39303149.0
39314230.0
39325311.0
39336391.0
39347472.0
39358553.0
39369633.0
39380714.0
39391795.0
39402877.0
39413956.0
39425037.0
39436117.0
39447198.0
39458279.0
39469359.0
39480440.0
39491521.0
39502601.0
39513682.0
39524763.0
39535843.0
39546924.0
39558005.0
39569087.0
39580166.0
39591247.0
39602328.0
39613408.0
39624489.0
39635569.0
39646650.0
39657731.0
39668811.0
39679892.0
39690973.0
39702053.0
39713134.0
39724215.0
39735296.0
39746376.0
39757457.0
39768538.0
39779618.0
39790699.0
39801779.0
39812860.0
39823941.0
39835022.0
39846102.0
39857183.0
39868263.0
39879344.0
39890425.0
39901506.0
39912586.0
39923667.0
39934748.0
39945828.0
39956909.0
39967990.0
39979071.0
39990151.0
40001232.0
40012312.0
40023393.0
40034474.0
40045554.0
40056635.0
40067716.0
40078796.0
40089877.0
40100958.0
40112038.0
40123119.0
40134200.0
40145280.0
40156361.0
40167442.0
40178523.0
40189603.0
40200684.0
40211764.0
40222845.0
40233927.0
40245006.0
40256087.0
40267168.0
40278248.0
40289329.0
40300410.0
40311490.0
40322571.0
40333652.0
40344732.0
40355813.0
40366894.0
40377975.0
40389055.0
40400136.0
40411216.0
40422297.0
40433378.0
40444459.0
40455539.0
40466620.0
40477701.0
40488781.0
40499862.0
40510942.0
40522023.0
40533104.0
40544184.0
40555265.0
40566379.0
40577427.0
40588508.0
40599588.0
40610668.0
40621749.0
40632830.0
40643911.0
40654991.0
40666072.0
40677153.0
40688233.0
40699314.0
40710395.0
40721475.0
40732556.0
40743637.0
40754717.0
40765798.0
40776879.0
40787959.0
40799040.0
40810121.0
40821201.0
40832282.0
40843363.0
40854443.0
40865524.0
40876605.0
40887686.0
40898767.0
40909847.0
40920928.0
40932008.0
40943089.0
40954169.0
40965250.0
40976331.0
40987412.0
40998492.0
41009573.0
41020654.0
41031734.0
41042815.0
41053896.0
41064977.0
41076057.0
41087138.0
41098218.0
41109299.0
41120380.0
41131460.0
41142541.0
41153622.0
41164702.0
41175783.0
41186864.0
41197944.0
41209025.0
41220106.0
41231187.0
41242267.0
41253348.0
41264428.0
41275509.0
41286590.0
41297670.0
41308751.0
41319832.0
41330912.0
41341993.0
41353074.0
41364154.0
41375235.0
41386316.0
41397397.0
41408477.0
41419558.0
41430639.0
41441719.0
41452800.0
41463880.0
41474961.0
41486042.0
41497123.0
41508203.0
41519284.0
41530365.0
41541445.0
41552526.0
41563607.0
41574687.0
41585768.0
41596849.0
41607929.0
41619010.0
41630091.0
41641171.0
41652252.0
41663333.0
41674413.0
41685494.0
41696575.0
41707655.0
41718736.0
41729817.0
41740897.0
41751978.0
41763059.0
41774139.0
41785220.0
41796301.0
41807382.0
41818462.0
41829543.0
41840623.0
41851704.0
41862785.0
41873866.0
41884946.0
41896027.0
41907108.0
41918188.0
41929269.0
41940350.0
41951430.0
41962511.0
41973592.0
41984672.0
41995753.0
42006833.0
42017914.0
42028995.0
42040076.0
42051156.0
42062237.0
42073318.0
42084398.0
42095479.0
42106559.0
42117640.0
42128721.0
42139802.0
42150882.0
42161963.0
42173044.0
42184125.0
42195205.0
42206286.0
42217366.0
42228447.0
42239528.0
42250608.0
42261689.0
42272770.0
42283851.0
42294931.0
42306011.0
42317092.0
42328173.0
42339254.0
42350334.0
42361415.0
42372496.0
42383576.0
42394659.0
42405738.0
42416818.0
42427899.0
42438980.0
42450060.0
42461141.0
42472222.0
42483302.0
42494384.0
42505464.0
42516545.0
42527625.0
42538706.0
42549786.0
42560869.0
42571949.0
42583028.0
42594109.0
42605190.0
42616271.0
42627351.0
42638432.0
42649513.0
42660593.0
42671674.0
42682755.0
42693835.0
42704916.0
42715997.0
42727078.0
42738158.0
42749239.0
42760319.0
42771400.0
42782481.0
42793561.0
42804642.0
42815723.0
42826803.0
42837884.0
42848965.0
42860045.0
42871126.0
42882207.0
42893287.0
42904368.0
42915449.0
42926529.0
42937610.0
42948691.0
42959772.0
42970852.0
42981933.0
42993013.0
43004094.0
43015175.0
43026256.0
43037336.0
43048417.0
43059497.0
43070578.0
43081659.0
43092740.0
43103820.0
43114901.0
43125982.0
43137062.0
43148143.0
43159224.0
43170304.0
43181385.0
43192466.0
43203546.0
43214627.0
43225708.0
43236788.0
43247869.0
43258950.0
43270030.0
43281111.0
43292191.0
43303272.0
43314353.0
43325434.0
43336514.0
43347595.0
43358676.0
43369756.0
43380837.0
43391919.0
43402998.0
43414079.0
43425160.0
43436240.0
43447321.0
43458402.0
43469482.0
43480563.0
43491644.0
43502724.0
43513805.0
43524886.0
43535966.0
43547047.0
43558129.0
43569209.0
43580289.0
43591370.0
43602450.0
43613531.0
43624612.0
43635692.0
43646773.0
43657854.0
43668935.0
43680015.0
43691096.0
43702176.0
43713257.0
43724339.0
43735418.0
43746499.0
43757580.0
43768661.0
43779741.0
43790822.0
43801902.0
43812983.0
43824064.0
43835145.0
43846225.0
43857306.0
43868387.0
43879467.0
43890548.0
43901628.0
43912709.0
43923790.0
43934871.0
43945951.0
43957032.0
43968113.0
43979193.0
43990274.0
44001355.0
44012435.0
44023516.0
44034598.0
44045677.0
44056758.0
44067839.0
44078919.0
44090000.0
44101081.0
44112161.0
44123242.0
44134323.0
44145404.0
44156484.0
44167565.0
44178646.0
44189726.0
44200807.0
44211888.0
44222968.0
44234049.0
44245130.0
44256210.0
44267291.0
44278372.0
44289452.0
44300533.0
44311614.0
44322694.0
44333775.0
44344855.0
44355936.0
44367017.0
44378098.0
44389179.0
44400259.0
44411340.0
44422420.0
44433501.0
44444582.0
44455662.0
44466743.0
44477824.0
44488904.0
44499985.0
44511066.0
44522146.0
44533227.0
44544308.0
44555390.0
44566469.0
44577550.0
44588630.0
44599711.0
44610792.0
44621872.0
44632953.0
44644034.0
44655114.0
44666195.0
44677276.0
44688356.0
44699437.0
44710518.0
44721599.0
44732679.0
44743760.0
44754841.0
44765921.0
44777002.0
44788083.0
44799163.0
44810244.0
44821325.0
44832405.0
44843486.0
44854567.0
44865647.0
44876728.0
44887810.0
44898889.0
44909970.0
44921050.0
44932131.0
44943212.0
44954293.0
44965373.0
44976454.0
44987535.0
44998615.0
45009696.0
45020777.0
45031857.0
45042938.0
45054019.0
45065100.0
45076180.0
45087261.0
45098341.0
45109422.0
45120503.0
45131583.0
45142664.0
45153745.0
45164826.0
45175906.0
45186987.0
45198067.0
45209148.0
45220229.0
45231309.0
45242390.0
45253471.0
45264552.0
45275632.0
45286713.0
45297793.0
45308874.0
45319955.0
45331036.0
45342116.0
45353197.0
45364278.0
45375360.0
45386439.0
45397519.0
45408600.0
45419681.0
45430762.0
45441842.0
45452923.0
45464004.0
45475085.0
45486165.0
45497245.0
45508326.0
45519407.0
45530488.0
45541568.0
45552650.0
45563731.0
45574810.0
45585891.0
45596971.0
45608052.0
45619133.0
45630214.0
45641294.0
45652375.0
45663456.0
45674536.0
45685617.0
45696698.0
45707778.0
45718859.0
45729940.0
45741021.0
45752101.0
45763182.0
45774263.0
45785343.0
45796424.0
45807504.0
45818585.0
45829666.0
45840746.0
45851827.0
45862908.0
45873989.0
45885069.0
45896150.0
45907231.0
45918311.0
45929392.0
45940473.0
45951553.0
45962634.0
45973715.0
45984795.0
45995876.0
46006957.0
46018037.0
46029118.0
46040199.0
46051279.0
46062360.0
46073441.0
46084521.0
46095602.0
46106683.0
46117763.0
46128844.0
46139925.0
46151005.0
46162086.0
46173167.0
46184247.0
46195328.0
46206409.0
46217490.0
46228570.0
46239651.0
46250732.0
46261812.0
46272893.0
46283973.0
46295054.0
46306135.0
46317215.0
46328296.0
46339377.0
46350458.0
46361538.0
46372619.0
46383700.0
46394780.0
46405861.0
46416942.0
46428022.0
46439103.0
46450184.0
46461264.0
46472345.0
46483426.0
46494506.0
46505588.0
46516668.0
46527748.0
46538829.0
46549911.0
46560990.0
46572071.0
46583152.0
46594232.0
46605313.0
46616394.0
46627474.0
46638555.0
46649636.0
46660716.0
46671797.0
46682878.0
46693958.0
46705039.0
46716120.0
46727200.0
46738281.0
46749362.0
46760443.0
46771523.0
46782604.0
46793684.0
46804765.0
46815846.0
46826926.0
46838007.0
46849088.0
46860168.0
46871249.0
46882330.0
46893410.0
46904491.0
46915572.0
46926653.0
46937733.0
46948814.0
46959895.0
46970975.0
46982056.0
46993136.0
47004217.0
47015298.0
47026379.0
47037459.0
47048540.0
47059621.0
47070701.0
47081782.0
47092862.0
47103943.0
47115024.0
47126105.0
47137185.0
47148266.0
47159347.0
47170427.0
47181508.0
47192589.0
47203669.0
47214750.0
47225831.0
47236911.0
47247992.0
47259073.0
47270154.0
47281234.0
47292315.0
47303395.0
47314476.0
47325557.0
47336637.0
47347718.0
47358799.0
47369879.0
47380961.0
47392041.0
47403122.0
47414202.0
47425283.0
47436364.0
47447444.0
47458525.0
47469606.0
47480686.0
47491767.0
47502847.0
47513928.0
47525009.0
47536090.0
47547172.0
47558252.0
47569332.0
47580412.0
47591493.0
47602574.0
47613654.0
47624735.0
47635816.0
47646896.0
47657977.0
47669058.0
47680138.0
47691219.0
47702300.0
47713380.0
47724461.0
47735542.0
47746623.0
47757703.0
47768784.0
47779864.0
47790945.0
47802026.0
47813106.0
47824187.0
47835268.0
47846348.0
47857429.0
47868510.0
47879591.0
47890672.0
47901752.0
47912833.0
47923913.0
47934994.0
47946075.0
47957156.0
47968236.0
47979316.0
47990397.0
48001478.0
48012558.0
48023639.0
48034720.0
48045802.0
48056881.0
48067962.0
48079043.0
48090123.0
48101205.0
48112284.0
48123365.0
48134446.0
48145527.0
48156607.0
48167688.0
48178769.0
48189849.0
48200930.0
48212011.0
48223091.0
48234172.0
48245253.0
48256333.0
48267414.0
48278495.0
48289575.0
48300656.0
48311737.0
48322817.0
48333898.0
48344979.0
48356060.0
48367140.0
48378221.0
48389301.0
48400382.0
48411463.0
48422543.0
48433624.0
48444705.0
48455785.0
48466866.0
48477947.0
48489027.0
48500108.0
48511189.0
48522270.0
48533350.0
48544432.0
48555511.0
48566592.0
48577673.0
48588753.0
48599834.0
48610915.0
48621996.0
48633076.0
48644157.0
48655238.0
48666318.0
48677399.0
48688480.0
48699560.0
48710641.0
48721722.0
48732802.0
48743883.0
48754964.0
48766044.0
48777125.0
48788206.0
48799286.0
48810367.0
48821448.0
48832528.0
48843609.0
48854690.0
48865771.0
48876851.0
48887932.0
48899012.0
48910093.0
48921174.0
48932254.0
48943335.0
48954416.0
48965497.0
48976577.0
48987658.0
48998738.0
49009819.0
49020900.0
49031980.0
49043061.0
49054142.0
49065223.0
49076303.0
49087384.0
49098465.0
49109545.0
49120626.0
49131706.0
49142787.0
49153868.0
49164949.0
49176030.0
49187110.0
49198191.0
49209271.0
49220352.0
49231432.0
49242513.0
49253594.0
49264675.0
49275756.0
49286836.0
49297917.0
49308997.0
49320078.0
49331159.0
49342239.0
49353320.0
49364401.0
49375481.0
49386562.0
49397643.0
49408723.0
49419804.0
49430885.0
49441965.0
49453046.0
49464127.0
49475207.0
49486288.0
49497369.0
49508449.0
49519530.0
49530611.0
49541692.0
49552772.0
49563853.0
49574934.0
49586014.0
49597095.0
49608176.0
49619256.0
49630337.0
49641418.0
49652498.0
49663579.0
49674660.0
49685740.0
49696821.0
49707902.0
49718982.0
49730063.0
49741143.0
49752224.0
49763305.0
49774386.0
49785466.0
49796547.0
49807628.0
49818708.0
49829789.0
49840870.0
49851950.0
49863031.0
49874112.0
49885192.0
49896273.0
49907354.0
49918434.0
49929515.0
49940596.0
49951677.0
49962757.0
49973838.0
49984918.0
49995999.0
50007080.0
50018160.0
50029241.0
50040322.0
50051402.0
50062483.0
50073564.0
50084644.0
50095725.0
50106806.0
50117887.0
50128967.0
50140048.0
50151129.0
50162209.0
50173290.0
50184371.0
50195451.0
50206533.0
50217612.0
50228693.0
50239774.0
50250855.0
50261935.0
50273016.0
50284096.0
50295177.0
50306271.0
50317339.0
50328419.0
50339500.0
50350581.0
50361661.0
50372742.0
50383822.0
50394903.0
50405984.0
50417065.0
50428145.0
50439226.0
50450307.0
50461387.0
50472468.0
50483549.0
50494629.0
50505710.0
50516791.0
50527871.0
50538954.0
50550033.0
50561114.0
50572194.0
50583275.0
50594355.0
50605436.0
50616517.0
50627597.0
50638678.0
50649759.0
50660840.0
50671920.0
50683001.0
50694082.0
50705163.0
50716243.0
50727323.0
50738404.0
50749485.0
50760566.0
50771646.0
50782727.0
50793808.0
50804888.0
50815969.0
50827049.0
50838130.0
50849211.0
50860292.0
50871373.0
50882453.0
50893534.0
50904614.0
50915695.0
50926776.0
50937856.0
50948937.0
50960018.0
50971098.0
50982179.0
50993260.0
51004340.0
51015421.0
51026502.0
51037583.0
51048663.0
51059744.0
51070824.0
51081905.0
51092986.0
51104066.0
51115147.0
51126228.0
51137309.0
51148389.0
51159470.0
51170551.0
51181631.0
51192712.0
51203792.0
51214873.0
51225954.0
51237035.0
51248115.0
51259196.0
51270277.0
51281357.0
51292438.0
51303519.0
51314599.0
51325680.0
51336761.0
51347841.0
51358922.0
51370003.0
51381083.0
51392164.0
51403245.0
51414325.0
51425406.0
51436487.0
51447567.0
51458648.0
51469729.0
51480809.0
51491890.0
51502971.0
51514051.0
51525132.0
51536214.0
51547294.0
51558375.0
51569455.0
51580535.0
51591616.0
51602697.0
51613777.0
51624858.0
51635939.0
51647019.0
51658100.0
51669181.0
51680261.0
51691342.0
51702423.0
51713503.0
51724584.0
51735665.0
51746746.0
51757827.0
51768907.0
51779988.0
51791069.0
51802149.0
51813230.0
51824310.0
51835391.0
51846472.0
51857552.0
51868633.0
51879714.0
51890794.0
51901875.0
51912955.0
51924036.0
51935117.0
51946197.0
51957278.0
51968359.0
51979440.0
51990520.0
52001601.0
52012681.0
52023762.0
52034843.0
52045924.0
52057004.0
52068085.0
52079166.0
52090246.0
52101327.0
52112408.0
52123488.0
52134569.0
52145650.0
52156730.0
52167811.0
52178892.0
52189973.0
52201053.0
52212134.0
52223214.0
52234295.0
52245376.0
52256456.0
52267537.0
52278618.0
52289698.0
52300779.0
52311860.0
52322940.0
52334021.0
52345102.0
52356182.0
52367264.0
52378344.0
52389425.0
52400505.0
52411586.0
52422666.0
52433747.0
52444828.0
52455909.0
52466989.0
52478070.0
52489151.0
52500231.0
52511312.0
52522393.0
52533474.0
52544554.0
52555635.0
52566715.0
52577796.0
52588877.0
52599957.0
52611038.0
52622119.0
52633199.0
52644280.0
52655361.0
52666442.0
52677522.0
52688603.0
52699684.0
52710764.0
52721845.0
52732926.0
52744006.0
52755087.0
52766168.0
52777248.0
52788329.0
52799410.0
52810490.0
52821571.0
52832652.0
52843732.0
52854813.0
52865894.0
52876974.0
52888055.0
52899136.0
52910216.0
52921297.0
52932378.0
52943458.0
52954539.0
52965619.0
52976700.0
52987781.0
52998862.0
53009942.0
53021023.0
53032104.0
53043184.0
53054265.0
53065346.0
53076427.0
53087507.0
53098588.0
53109668.0
53120749.0
53131830.0
53142910.0
53153991.0
53165072.0
53176153.0
53187233.0
53198314.0
53209394.0
53220475.0
53231556.0
53242636.0
53253717.0
53264798.0
53275879.0
53286959.0
53298040.0
53309121.0
53320201.0
53331282.0
53342363.0
53353443.0
53364524.0
53375604.0
53386685.0
53397766.0
53408846.0
53419927.0
53431008.0
53442089.0
53453169.0
53464250.0
53475331.0
53486411.0
53497492.0
53508572.0
53519653.0
53530735.0
53541815.0
53552896.0
53563976.0
53575057.0
53586138.0
53597218.0
53608299.0
53619379.0
53630460.0
53641541.0
53652621.0
53663702.0
53674783.0
53685864.0
53696945.0
53708025.0
53719105.0
53730186.0
53741267.0
53752347.0
53763428.0
53774509.0
53785589.0
53796670.0
53807751.0
53818831.0
53829912.0
53840993.0
53852073.0
53863154.0
53874235.0
53885315.0
53896396.0
53907477.0
53918558.0
53929638.0
53940719.0
53951800.0
53962880.0
53973961.0
53985042.0
53996122.0
54007203.0
54018284.0
54029364.0
54040445.0
54051525.0
54062606.0
54073687.0
54084768.0
54095849.0
54106929.0
54118010.0
54129090.0
54140171.0
54151252.0
54162332.0
54173413.0
54184494.0
54195575.0
54206655.0
54217736.0
54228816.0
54239897.0
54250978.0
54262058.0
54273139.0
54284220.0
54295300.0
54306381.0
54317462.0
54328542.0
54339623.0
54350704.0
54361784.0
54372865.0
54383946.0
54395026.0
54406107.0
54417188.0
54428269.0
54439349.0
54450430.0
54461511.0
54472591.0
54483672.0
54494753.0
54505833.0
54516914.0
54528031.0
54539076.0
54550156.0
54561236.0
54572317.0
54583398.0
54594479.0
54605559.0
54616640.0
54627721.0
54638801.0
54649882.0
54660962.0
54672043.0
54683124.0
54694207.0
54705285.0
54716366.0
54727447.0
54738528.0
54749608.0
54760689.0
54771769.0
54782850.0
54793931.0
54805011.0
54816092.0
54827173.0
54838253.0
54849334.0
54860415.0
54871495.0
54882576.0
54893657.0
54904737.0
54915818.0
54926899.0
54937980.0
54949060.0
54960141.0
54971222.0
54982302.0
54993383.0
55004463.0
55015544.0
55026626.0
55037706.0
55048786.0
55059867.0
55070948.0
55082028.0
55093109.0
55104189.0
55115270.0
55126351.0
55137432.0
55148512.0
55159593.0
55170674.0
55181754.0
55192835.0
55203916.0
55214996.0
55226077.0
55237158.0
55248238.0
55259319.0
55270400.0
55281480.0
55292561.0
55303642.0
55314722.0
55325803.0
55336884.0
55347964.0
55359045.0
55370126.0
55381206.0
55392287.0
55403368.0
55414448.0
55425529.0
55436610.0
55447691.0
55458771.0
55469852.0
55480932.0
55492013.0
55503094.0
55514174.0
55525256.0
55536336.0
55547417.0
55558497.0
55569578.0
55580658.0
55591740.0
55602820.0
55613900.0
55624981.0
55636062.0
55647142.0
55658223.0
55669304.0
55680385.0
55691466.0
55702546.0
55713627.0
55724707.0
55735789.0
55746869.0
55757949.0
55769030.0
55780111.0
55791191.0
55802272.0
55813353.0
55824433.0
55835514.0
55846595.0
55857676.0
55868756.0
55879837.0
55890917.0
55901998.0
55913079.0
55924160.0
55935240.0
55946321.0
55957401.0
55968482.0
55979563.0
55990643.0
56001724.0
56012805.0
56023886.0
56034966.0
56046047.0
56057128.0
56068208.0
56079289.0
56090370.0
56101450.0
56112531.0
56123612.0
56134692.0
56145773.0
56156854.0
56167934.0
56179015.0
56190096.0
56201176.0
56212257.0
56223338.0
56234418.0
56245499.0
56256580.0
56267660.0
56278741.0
56289822.0
56300902.0
56311983.0
56323064.0
56334144.0
56345225.0
56356306.0
56367387.0
56378467.0
56389548.0
56400628.0
56411709.0
56422790.0
56433870.0
56444951.0
56456032.0
56467112.0
56478193.0
56489274.0
56500355.0
56511435.0
56522518.0
56533597.0
56544677.0
56555758.0
56566838.0
56577919.0
56589000.0
56600081.0
56611161.0
56622242.0
56633322.0
56644403.0
56655484.0
56666564.0
56677645.0
56688726.0
56699807.0
56710887.0
56721968.0
56733049.0
56744129.0
56755210.0
56766290.0
56777371.0
56788452.0
56799533.0
56810613.0
56821694.0
56832775.0
56843855.0
56854936.0
56866017.0
56877097.0
56888178.0
56899259.0
56910339.0
56921420.0
56932501.0
56943581.0
56954662.0
56965743.0
56976823.0
56987904.0
56998985.0
57010065.0
57021148.0
57032228.0
57043307.0
57054388.0
57065469.0
57076550.0
57087631.0
57098711.0
57109791.0
57120872.0
57131953.0
57143033.0
57154114.0
57165195.0
57176275.0
57187357.0
57198437.0
57209518.0
57220598.0
57231679.0
57242760.0
57253840.0
57264921.0
57276002.0
57287082.0
57298163.0
57309244.0
57320324.0
57331405.0
57342485.0
57353566.0
57364647.0
57375728.0
57386808.0
57397889.0
57408970.0
57420050.0
57431131.0
57442212.0
57453292.0
57464373.0
57475454.0
57486534.0
57497615.0
57508696.0
57519777.0
57530858.0
57541938.0
57553018.0
57564099.0
57575180.0
57586260.0
57597341.0
57608422.0
57619503.0
57630583.0
57641664.0
57652745.0
57663825.0
57674906.0
57685987.0
57697067.0
57708148.0
57719229.0
57730309.0
57741390.0
57752471.0
57763551.0
57774632.0
57785713.0
57796793.0
57807874.0
57818955.0
57830035.0
57841116.0
57852197.0
57863277.0
57874358.0
57885439.0
57896519.0
57907600.0
57918681.0
57929762.0
57940842.0
57951923.0
57963003.0
57974084.0
57985165.0
57996245.0
58007326.0
58018407.0
58029487.0
58040568.0
58051649.0
58062729.0
58073810.0
58084891.0
58095971.0
58107052.0
58118133.0
58129214.0
58140294.0
58151375.0
58162455.0
58173536.0
58184617.0
58195697.0
58206778.0
58217859.0
58228940.0
58240020.0
58251101.0
58262182.0
58273262.0
58284343.0
58295424.0
58306504.0
58317585.0
58328666.0
58339746.0
58350828.0
58361908.0
58372989.0
58384069.0
58395150.0
58406230.0
58417311.0
58428392.0
58439472.0
58450553.0
58461634.0
58472714.0
58483795.0
58494876.0
58505956.0
58517039.0
58528119.0
58539199.0
58550279.0
58561360.0
58572440.0
58583521.0
58594602.0
58605682.0
58616763.0
58627844.0
58638924.0
58650005.0
58661086.0
58672166.0
58683247.0
58694328.0
58705409.0
58716489.0
58727570.0
58738651.0
58749731.0
58760812.0
58771893.0
58782973.0
58794054.0
58805135.0
58816215.0
58827296.0
58838377.0
58849458.0
58860538.0
58871619.0
58882699.0
58893780.0
58904861.0
58915941.0
58927022.0
58938103.0
58949183.0
58960264.0
58971345.0
58982425.0
58993506.0
59004587.0
59015668.0
59026748.0
59037829.0
59048909.0
59059990.0
59071071.0
59082151.0
59093232.0
59104313.0
59115394.0
59126474.0
59137555.0
59148635.0
59159716.0
59170797.0
59181877.0
59192959.0
59204039.0
59215119.0
59226200.0
59237281.0
59248362.0
59259442.0
59270523.0
59281603.0
59292684.0
59303765.0
59314846.0
59325927.0
59337007.0
59348088.0
59359168.0
59370249.0
59381329.0
59392410.0
59403491.0
59414572.0
59425652.0
59436733.0
59447814.0
59458894.0
59469975.0
59481056.0
59492136.0
59503217.0
59514300.0
59525379.0
59536459.0
59547540.0
59558621.0
59569701.0
59580782.0
59591862.0
59602943.0
59614024.0
59625104.0
59636185.0
59647266.0
59658347.0
59669427.0
59680508.0
59691589.0
59702669.0
59713751.0
59724831.0
59735911.0
59746992.0
59758073.0
59769153.0
59780234.0
59791314.0
59802395.0
59813476.0
59824557.0
59835637.0
59846718.0
59857798.0
59868879.0
59879960.0
59891041.0
59902121.0
59913202.0
59924283.0
59935363.0
59946444.0
59957524.0
59968606.0
