4.0
4.0
3.0
5.0
6.0
77.0
1175.0
16.0
3.0
5.0
8.0
6.0
3.0
471.0
794.0
3.0
2.0
3.0
1.0
1.0
52.0
1184.0
30.0
6.0
4.0
5.0
6.0
8.0
428.0
0.0
5.0
5.0
8.0
4.0
2.0
34.0
1198.0
52.0
11.0
9.0
5.0
14.0
11.0
400.0
896.0
5.0
2.0
6.0
4.0
3.0
19.0
1219.0
73.0
14.0
12.0
12.0
6.0
7.0
355.0
952.0
9.0
8.0
8.0
7.0
9.0
11.0
1193.0
89.0
14.0
11.0
7.0
9.0
5.0
316.0
957.0
3.0
4.0
2.0
3.0
4.0
7.0
1147.0
119.0
10.0
8.0
9.0
7.0
8.0
278.0
0.0
7.0
2.0
4.0
3.0
5.0
5.0
1115.0
147.0
5.0
4.0
7.0
5.0
7.0
241.0
1023.0
4.0
3.0
4.0
7.0
4.0
6.0
1085.0
175.0
6.0
7.0
5.0
6.0
7.0
202.0
1065.0
2.0
6.0
7.0
6.0
3.0
3.0
1066.0
214.0
7.0
6.0
7.0
5.0
9.0
167.0
1122.0
8.0
12.0
9.0
5.0
2.0
5.0
1033.0
252.0
14.0
11.0
9.0
8.0
8.0
130.0
0.0
9.0
11.0
12.0
8.0
9.0
10.0
998.0
295.0
7.0
7.0
13.0
9.0
15.0
104.0
1150.0
18.0
6.0
3.0
3.0
5.0
6.0
940.0
328.0
7.0
4.0
5.0
6.0
6.0
83.0
1095.0
96.0
2.0
4.0
3.0
4.0
4.0
888.0
372.0
8.0
9.0
5.0
5.0
7.0
61.0
1030.0
173.0
3.0
3.0
5.0
4.0
3.0
848.0
417.0
2.0
6.0
6.0
4.0
13.0
50.0
0.0
256.0
6.0
4.0
7.0
3.0
5.0
814.0
462.0
9.0
9.0
7.0
6.0
11.0
31.0
948.0
320.0
5.0
5.0
3.0
4.0
5.0
775.0
525.0
8.0
12.0
15.0
7.0
8.0
27.0
908.0
381.0
9.0
6.0
8.0
4.0
9.0
724.0
567.0
13.0
11.0
8.0
7.0
7.0
19.0
845.0
429.0
6.0
4.0
6.0
7.0
4.0
659.0
615.0
5.0
8.0
10.0
8.0
6.0
10.0
0.0
475.0
5.0
1.0
4.0
3.0
4.0
600.0
669.0
8.0
6.0
5.0
5.0
5.0
3.0
745.0
517.0
3.0
5.0
7.0
5.0
2.0
535.0
728.0
2.0
4.0
8.0
6.0
6.0
7.0
692.0
575.0
5.0
2.0
6.0
6.0
4.0
466.0
813.0
9.0
6.0
12.0
9.0
9.0
7.0
659.0
631.0
6.0
4.0
3.0
8.0
10.0
386.0
910.0
11.0
10.0
16.0
14.0
12.0
7.0
0.0
687.0
8.0
11.0
9.0
8.0
6.0
283.0
1016.0
9.0
9.0
7.0
11.0
7.0
9.0
573.0
716.0
6.0
6.0
7.0
4.0
3.0
153.0
1123.0
10.0
10.0
6.0
8.0
6.0
5.0
517.0
755.0
1.0
3.0
4.0
5.0
2.0
81.0
1174.0
12.0
1.0
4.0
7.0
8.0
8.0
478.0
790.0
5.0
4.0
3.0
4.0
3.0
58.0
1184.0
29.0
4.0
4.0
3.0
7.0
5.0
0.0
834.0
1.0
4.0
5.0
1.0
4.0
38.0
1202.0
48.0
6.0
5.0
12.0
10.0
9.0
398.0
897.0
4.0
6.0
9.0
3.0
6.0
21.0
1218.0
72.0
12.0
7.0
10.0
11.0
12.0
363.0
951.0
9.0
7.0
7.0
7.0
6.0
22.0
1201.0
86.0
9.0
6.0
8.0
9.0
10.0
321.0
967.0
4.0
5.0
11.0
6.0
5.0
9.0
1164.0
108.0
11.0
5.0
6.0
6.0
10.0
0.0
992.0
4.0
1.0
4.0
6.0
1.0
5.0
1130.0
137.0
2.0
5.0
5.0
8.0
8.0
241.0
1026.0
6.0
4.0
1.0
1.0
3.0
4.0
1099.0
166.0
7.0
8.0
6.0
5.0
11.0
204.0
1068.0
4.0
5.0
3.0
4.0
6.0
3.0
1084.0
208.0
6.0
7.0
9.0
10.0
4.0
169.0
1134.0
5.0
8.0
5.0
7.0
5.0
3.0
1061.0
257.0
12.0
12.0
10.0
10.0
5.0
0.0
1191.0
6.0
13.0
10.0
11.0
8.0
9.0
1029.0
304.0
11.0
11.0
8.0
11.0
11.0
112.0
1223.0
20.0
2.0
6.0
6.0
6.0
7.0
983.0
342.0
12.0
9.0
7.0
8.0
10.0
81.0
1139.0
82.0
9.0
10.0
2.0
2.0
6.0
911.0
371.0
6.0
8.0
4.0
5.0
3.0
60.0
1050.0
170.0
7.0
5.0
4.0
2.0
7.0
864.0
410.0
6.0
6.0
7.0
12.0
6.0
0.0
989.0
243.0
6.0
6.0
7.0
5.0
6.0
836.0
465.0
6.0
5.0
8.0
9.0
8.0
31.0
971.0
317.0
6.0
3.0
5.0
5.0
7.0
794.0
544.0
16.0
6.0
8.0
7.0
7.0
30.0
946.0
379.0
10.0
3.0
5.0
8.0
10.0
749.0
604.0
11.0
14.0
11.0
12.0
10.0
17.0
913.0
441.0
8.0
7.0
9.0
6.0
8.0
694.0
649.0
12.0
9.0
7.0
11.0
9.0
0.0
828.0
473.0
7.0
7.0
8.0
7.0
7.0
623.0
670.0
10.0
2.0
8.0
4.0
7.0
8.0
756.0
517.0
4.0
8.0
6.0
3.0
5.0
555.0
719.0
8.0
6.0
7.0
8.0
12.0
8.0
709.0
576.0
9.0
4.0
5.0
8.0
9.0
492.0
813.0
1.0
5.0
5.0
6.0
6.0
6.0
682.0
634.0
10.0
7.0
8.0
9.0
6.0
419.0
916.0
6.0
6.0
5.0
10.0
9.0
0.0
656.0
688.0
5.0
6.0
10.0
7.0
8.0
315.0
1040.0
12.0
8.0
7.0
7.0
8.0
10.0
610.0
755.0
8.0
11.0
7.0
7.0
5.0
187.0
1147.0
12.0
18.0
10.0
11.0
5.0
10.0
537.0
771.0
6.0
9.0
7.0
7.0
6.0
92.0
1184.0
17.0
7.0
11.0
11.0
7.0
10.0
493.0
790.0
3.0
6.0
5.0
5.0
6.0
63.0
1189.0
25.0
8.0
7.0
7.0
11.0
0.0
443.0
837.0
7.0
8.0
6.0
5.0
6.0
42.0
1224.0
42.0
9.0
9.0
13.0
6.0
2.0
408.0
910.0
3.0
7.0
6.0
5.0
8.0
27.0
1249.0
67.0
8.0
6.0
9.0
12.0
13.0
383.0
962.0
8.0
6.0
6.0
10.0
9.0
21.0
1243.0
97.0
12.0
7.0
9.0
8.0
10.0
344.0
1007.0
5.0
9.0
6.0
11.0
5.0
12.0
1213.0
108.0
12.0
11.0
6.0
9.0
0.0
290.0
1012.0
10.0
10.0
9.0
6.0
7.0
6.0
1153.0
133.0
5.0
9.0
5.0
5.0
5.0
249.0
1028.0
5.0
9.0
2.0
3.0
2.0
5.0
1107.0
169.0
7.0
7.0
8.0
10.0
10.0
210.0
1071.0
9.0
5.0
8.0
6.0
3.0
4.0
1093.0
206.0
7.0
9.0
7.0
5.0
7.0
181.0
1136.0
6.0
7.0
8.0
7.0
5.0
9.0
1070.0
254.0
9.0
5.0
11.0
12.0
0.0
151.0
1187.0
7.0
5.0
5.0
7.0
8.0
9.0
1056.0
299.0
12.0
12.0
5.0
3.0
9.0
115.0
1244.0
7.0
5.0
7.0
7.0
10.0
9.0
999.0
331.0
9.0
9.0
12.0
11.0
11.0
91.0
1149.0
67.0
9.0
8.0
5.0
4.0
6.0
922.0
359.0
7.0
10.0
7.0
7.0
7.0
65.0
1057.0
157.0
3.0
5.0
4.0
3.0
3.0
870.0
398.0
7.0
7.0
11.0
10.0
0.0
52.0
1001.0
234.0
8.0
6.0
6.0
8.0
8.0
841.0
455.0
11.0
9.0
7.0
8.0
7.0
38.0
970.0
303.0
6.0
5.0
6.0
6.0
9.0
798.0
519.0
4.0
10.0
9.0
10.0
7.0
28.0
947.0
366.0
11.0
7.0
6.0
9.0
11.0
763.0
593.0
10.0
10.0
10.0
5.0
9.0
17.0
923.0
425.0
4.0
2.0
7.0
9.0
9.0
705.0
636.0
17.0
10.0
12.0
5.0
0.0
16.0
832.0
468.0
12.0
5.0
7.0
6.0
7.0
624.0
657.0
9.0
7.0
4.0
8.0
10.0
8.0
765.0
506.0
4.0
3.0
3.0
4.0
3.0
565.0
709.0
6.0
7.0
6.0
9.0
6.0
6.0
720.0
559.0
7.0
7.0
6.0
4.0
3.0
496.0
790.0
8.0
7.0
10.0
5.0
7.0
5.0
678.0
621.0
6.0
4.0
6.0
5.0
3.0
424.0
889.0
9.0
17.0
8.0
9.0
0.0
8.0
655.0
676.0
7.0
9.0
8.0
6.0
10.0
337.0
1010.0
13.0
11.0
9.0
10.0
17.0
14.0
624.0
728.0
4.0
7.0
8.0
6.0
5.0
209.0
1119.0
12.0
8.0
12.0
5.0
10.0
8.0
544.0
757.0
5.0
7.0
5.0
5.0
6.0
102.0
1171.0
14.0
9.0
7.0
8.0
9.0
10.0
495.0
786.0
4.0
5.0
4.0
4.0
7.0
68.0
1190.0
19.0
5.0
7.0
4.0
0.0
8.0
452.0
817.0
2.0
1.0
3.0
4.0
6.0
42.0
1195.0
36.0
3.0
5.0
5.0
11.0
6.0
406.0
867.0
5.0
3.0
3.0
3.0
7.0
24.0
1210.0
58.0
8.0
10.0
10.0
7.0
7.0
371.0
940.0
5.0
8.0
6.0
9.0
5.0
20.0
1227.0
79.0
5.0
8.0
15.0
9.0
7.0
345.0
993.0
7.0
3.0
5.0
5.0
5.0
18.0
1210.0
106.0
9.0
6.0
10.0
0.0
3.0
295.0
1003.0
4.0
7.0
9.0
4.0
3.0
4.0
1153.0
123.0
10.0
10.0
9.0
8.0
6.0
260.0
1017.0
3.0
3.0
5.0
5.0
5.0
4.0
1113.0
158.0
5.0
5.0
8.0
5.0
6.0
217.0
1051.0
3.0
4.0
3.0
3.0
2.0
5.0
1080.0
188.0
9.0
6.0
2.0
8.0
9.0
183.0
1090.0
5.0
1.0
7.0
6.0
4.0
4.0
1062.0
230.0
10.0
7.0
8.0
0.0
6.0
149.0
1162.0
4.0
8.0
5.0
6.0
10.0
8.0
1046.0
277.0
6.0
12.0
12.0
11.0
11.0
123.0
1217.0
9.0
7.0
8.0
10.0
11.0
5.0
996.0
319.0
6.0
11.0
8.0
8.0
7.0
93.0
1158.0
55.0
8.0
7.0
7.0
3.0
6.0
928.0
352.0
7.0
7.0
7.0
4.0
3.0
69.0
1071.0
139.0
5.0
4.0
1.0
1.0
5.0
881.0
394.0
3.0
8.0
5.0
0.0
4.0
52.0
1005.0
215.0
4.0
3.0
2.0
1.0
2.0
833.0
435.0
6.0
10.0
7.0
9.0
9.0
40.0
955.0
287.0
5.0
6.0
6.0
6.0
5.0
803.0
494.0
8.0
6.0
7.0
8.0
5.0
31.0
935.0
351.0
8.0
8.0
9.0
5.0
6.0
753.0
568.0
15.0
12.0
8.0
10.0
3.0
22.0
913.0
416.0
11.0
10.0
8.0
6.0
8.0
704.0
621.0
11.0
7.0
10.0
0.0
7.0
14.0
846.0
461.0
6.0
6.0
5.0
11.0
9.0
636.0
657.0
10.0
7.0
7.0
6.0
9.0
7.0
774.0
504.0
6.0
3.0
3.0
5.0
5.0
581.0
698.0
8.0
5.0
9.0
7.0
5.0
7.0
722.0
547.0
3.0
3.0
4.0
3.0
2.0
507.0
768.0
4.0
1.0
4.0
13.0
11.0
6.0
678.0
598.0
2.0
4.0
2.0
7.0
8.0
441.0
857.0
12.0
8.0
7.0
0.0
11.0
9.0
653.0
663.0
9.0
6.0
6.0
9.0
7.0
351.0
977.0
13.0
12.0
13.0
11.0
5.0
8.0
620.0
722.0
3.0
3.0
7.0
6.0
12.0
234.0
1091.0
15.0
9.0
10.0
13.0
8.0
6.0
559.0
756.0
6.0
8.0
7.0
8.0
7.0
115.0
1178.0
8.0
7.0
7.0
6.0
6.0
2.0
505.0
777.0
8.0
6.0
9.0
6.0
3.0
74.0
1189.0
19.0
4.0
4.0
0.0
5.0
9.0
456.0
817.0
4.0
2.0
4.0
4.0
4.0
47.0
1198.0
34.0
8.0
11.0
13.0
8.0
8.0
417.0
863.0
6.0
8.0
10.0
7.0
8.0
32.0
1217.0
57.0
6.0
10.0
5.0
2.0
11.0
390.0
930.0
7.0
8.0
11.0
9.0
8.0
26.0
1231.0
74.0
5.0
6.0
7.0
7.0
10.0
351.0
990.0
7.0
10.0
5.0
3.0
7.0
18.0
1216.0
103.0
9.0
9.0
0.0
6.0
6.0
305.0
1014.0
6.0
8.0
6.0
2.0
4.0
10.0
1194.0
122.0
12.0
7.0
8.0
10.0
11.0
259.0
1026.0
8.0
9.0
9.0
6.0
8.0
12.0
1127.0
153.0
8.0
8.0
10.0
8.0
4.0
221.0
1055.0
4.0
4.0
3.0
2.0
2.0
3.0
1089.0
183.0
4.0
12.0
12.0
7.0
7.0
193.0
1089.0
5.0
3.0
3.0
7.0
11.0
9.0
1077.0
226.0
11.0
8.0
0.0
7.0
6.0
158.0
1156.0
8.0
9.0
7.0
7.0
10.0
12.0
1058.0
272.0
4.0
9.0
9.0
8.0
8.0
127.0
1212.0
6.0
7.0
6.0
7.0
10.0
8.0
1016.0
320.0
12.0
11.0
12.0
10.0
8.0
103.0
1210.0
38.0
7.0
6.0
7.0
8.0
7.0
969.0
354.0
13.0
6.0
12.0
9.0
7.0
72.0
1105.0
130.0
10.0
13.0
10.0
8.0
10.0
901.0
381.0
6.0
8.0
0.0
5.0
3.0
56.0
1019.0
208.0
4.0
4.0
3.0
3.0
4.0
843.0
429.0
8.0
6.0
12.0
12.0
8.0
43.0
964.0
278.0
8.0
4.0
5.0
8.0
6.0
814.0
492.0
10.0
10.0
8.0
8.0
9.0
29.0
952.0
344.0
9.0
11.0
7.0
12.0
10.0
780.0
552.0
12.0
9.0
9.0
14.0
13.0
17.0
921.0
409.0
4.0
5.0
2.0
6.0
10.0
720.0
625.0
9.0
9.0
0.0
8.0
13.0
13.0
882.0
462.0
9.0
10.0
6.0
7.0
4.0
669.0
674.0
13.0
9.0
15.0
7.0
11.0
15.0
809.0
496.0
9.0
3.0
7.0
11.0
8.0
590.0
694.0
6.0
9.0
10.0
5.0
7.0
3.0
733.0
547.0
11.0
7.0
7.0
6.0
5.0
519.0
759.0
4.0
7.0
9.0
6.0
14.0
7.0
688.0
593.0
7.0
7.0
6.0
8.0
6.0
451.0
852.0
7.0
6.0
0.0
8.0
6.0
6.0
661.0
658.0
10.0
6.0
8.0
9.0
11.0
376.0
963.0
7.0
12.0
13.0
8.0
12.0
8.0
628.0
718.0
5.0
8.0
9.0
5.0
9.0
258.0
1098.0
11.0
7.0
10.0
12.0
8.0
9.0
596.0
767.0
5.0
3.0
6.0
4.0
9.0
138.0
1202.0
14.0
9.0
9.0
10.0
9.0
8.0
520.0
792.0
9.0
8.0
8.0
7.0
8.0
80.0
1193.0
23.0
9.0
0.0
6.0
11.0
4.0
458.0
818.0
5.0
7.0
7.0
5.0
8.0
54.0
1195.0
31.0
5.0
11.0
9.0
5.0
8.0
427.0
855.0
10.0
6.0
11.0
9.0
9.0
38.0
1225.0
51.0
6.0
7.0
4.0
2.0
5.0
393.0
932.0
14.0
9.0
6.0
7.0
6.0
26.0
1247.0
80.0
7.0
8.0
8.0
7.0
7.0
362.0
984.0
7.0
9.0
9.0
5.0
6.0
15.0
1234.0
105.0
10.0
0.0
9.0
10.0
8.0
319.0
1035.0
4.0
7.0
2.0
5.0
8.0
10.0
1207.0
120.0
12.0
12.0
8.0
11.0
12.0
269.0
1039.0
10.0
6.0
10.0
7.0
9.0
9.0
1129.0
153.0
5.0
9.0
7.0
8.0
6.0
237.0
1039.0
4.0
11.0
5.0
6.0
11.0
5.0
1093.0
177.0
12.0
9.0
11.0
7.0
13.0
197.0
1084.0
5.0
6.0
8.0
10.0
8.0
6.0
1085.0
225.0
6.0
0.0
9.0
8.0
7.0
162.0
1154.0
12.0
12.0
8.0
5.0
7.0
9.0
1064.0
267.0
8.0
6.0
9.0
8.0
9.0
134.0
1210.0
1.0
7.0
6.0
7.0
4.0
8.0
1026.0
318.0
14.0
13.0
12.0
8.0
11.0
100.0
1233.0
28.0
6.0
4.0
10.0
9.0
10.0
982.0
348.0
9.0
14.0
9.0
16.0
10.0
77.0
1125.0
114.0
4.0
8.0
9.0
11.0
8.0
907.0
378.0
8.0
0.0
7.0
5.0
5.0
58.0
1033.0
187.0
6.0
3.0
7.0
7.0
3.0
853.0
419.0
3.0
2.0
8.0
8.0
13.0
47.0
976.0
266.0
10.0
7.0
5.0
5.0
4.0
825.0
477.0
9.0
9.0
7.0
8.0
11.0
32.0
944.0
335.0
8.0
7.0
12.0
7.0
8.0
780.0
543.0
9.0
9.0
12.0
10.0
4.0
29.0
918.0
399.0
6.0
8.0
8.0
7.0
5.0
733.0
610.0
13.0
0.0
11.0
10.0
10.0
14.0
900.0
453.0
9.0
7.0
5.0
7.0
8.0
680.0
656.0
11.0
10.0
11.0
7.0
9.0
15.0
815.0
495.0
9.0
7.0
8.0
6.0
7.0
611.0
675.0
9.0
7.0
6.0
5.0
7.0
5.0
745.0
531.0
8.0
8.0
6.0
6.0
9.0
532.0
740.0
4.0
4.0
4.0
3.0
8.0
9.0
697.0
583.0
10.0
6.0
10.0
9.0
10.0
463.0
822.0
6.0
0.0
6.0
4.0
14.0
8.0
656.0
644.0
8.0
2.0
6.0
8.0
9.0
389.0
933.0
6.0
5.0
9.0
8.0
7.0
11.0
632.0
701.0
6.0
4.0
3.0
4.0
8.0
283.0
1057.0
8.0
6.0
8.0
13.0
11.0
14.0
591.0
761.0
6.0
2.0
6.0
11.0
9.0
149.0
1177.0
14.0
14.0
8.0
12.0
12.0
11.0
522.0
787.0
5.0
6.0
9.0
8.0
8.0
88.0
1188.0
14.0
0.0
7.0
7.0
4.0
3.0
473.0
805.0
11.0
7.0
10.0
7.0
4.0
56.0
1194.0
30.0
7.0
8.0
6.0
8.0
7.0
435.0
839.0
7.0
3.0
3.0
3.0
4.0
36.0
1193.0
44.0
10.0
12.0
11.0
7.0
10.0
392.0
886.0
11.0
9.0
11.0
5.0
8.0
23.0
1211.0
72.0
8.0
12.0
8.0
8.0
9.0
357.0
957.0
8.0
8.0
3.0
5.0
7.0
22.0
1228.0
92.0
0.0
7.0
4.0
12.0
9.0
321.0
1016.0
5.0
6.0
3.0
3.0
6.0
11.0
1199.0
120.0
12.0
15.0
11.0
10.0
13.0
274.0
1024.0
3.0
4.0
7.0
7.0
7.0
7.0
1142.0
145.0
7.0
6.0
5.0
5.0
6.0
243.0
1033.0
11.0
12.0
9.0
7.0
7.0
7.0
1098.0
178.0
5.0
7.0
7.0
11.0
10.0
203.0
1069.0
7.0
2.0
3.0
4.0
4.0
5.0
1064.0
210.0
0.0
7.0
9.0
9.0
8.0
171.0
1107.0
10.0
6.0
9.0
8.0
16.0
10.0
1042.0
255.0
9.0
9.0
4.0
8.0
6.0
133.0
1185.0
3.0
4.0
4.0
3.0
3.0
5.0
1026.0
300.0
9.0
7.0
9.0
10.0
6.0
101.0
1218.0
19.0
5.0
12.0
11.0
8.0
6.0
977.0
340.0
11.0
12.0
10.0
15.0
11.0
78.0
1125.0
95.0
5.0
4.0
3.0
7.0
6.0
908.0
374.0
0.0
7.0
11.0
12.0
10.0
56.0
1046.0
183.0
5.0
8.0
12.0
7.0
4.0
859.0
412.0
7.0
10.0
9.0
10.0
9.0
51.0
978.0
248.0
4.0
3.0
6.0
9.0
4.0
813.0
454.0
4.0
5.0
3.0
6.0
13.0
38.0
934.0
322.0
7.0
10.0
11.0
9.0
7.0
784.0
514.0
13.0
13.0
9.0
7.0
9.0
27.0
916.0
383.0
4.0
9.0
9.0
7.0
8.0
741.0
592.0
0.0
13.0
9.0
14.0
14.0
15.0
889.0
438.0
9.0
4.0
6.0
8.0
6.0
685.0
636.0
9.0
8.0
11.0
9.0
9.0
15.0
817.0
484.0
4.0
9.0
7.0
5.0
4.0
618.0
681.0
6.0
4.0
9.0
5.0
10.0
9.0
759.0
526.0
7.0
10.0
6.0
9.0
10.0
550.0
729.0
5.0
7.0
5.0
6.0
6.0
6.0
709.0
562.0
2.0
6.0
11.0
7.0
5.0
472.0
799.0
0.0
7.0
6.0
8.0
9.0
11.0
656.0
619.0
6.0
7.0
8.0
7.0
7.0
394.0
901.0
9.0
10.0
8.0
7.0
11.0
9.0
629.0
691.0
7.0
4.0
5.0
7.0
8.0
297.0
1029.0
8.0
12.0
13.0
13.0
7.0
8.0
594.0
740.0
8.0
6.0
5.0
7.0
7.0
170.0
1151.0
12.0
7.0
7.0
9.0
6.0
9.0
534.0
784.0
5.0
3.0
6.0
5.0
9.0
92.0
1198.0
0.0
7.0
7.0
8.0
10.0
5.0
483.0
804.0
5.0
6.0
8.0
7.0
9.0
66.0
1197.0
30.0
8.0
8.0
7.0
7.0
11.0
438.0
839.0
9.0
11.0
13.0
8.0
9.0
40.0
1200.0
39.0
4.0
7.0
11.0
13.0
11.0
401.0
885.0
8.0
8.0
9.0
10.0
9.0
23.0
1220.0
65.0
4.0
8.0
14.0
9.0
12.0
367.0
953.0
5.0
6.0
5.0
6.0
6.0
21.0
1227.0
0.0
11.0
10.0
14.0
9.0
7.0
328.0
1006.0
3.0
6.0
6.0
8.0
10.0
7.0
1203.0
117.0
9.0
7.0
7.0
9.0
12.0
292.0
1037.0
10.0
7.0
4.0
9.0
7.0
8.0
1173.0
143.0
7.0
11.0
7.0
6.0
6.0
242.0
1048.0
6.0
5.0
5.0
6.0
5.0
10.0
1120.0
170.0
3.0
4.0
10.0
4.0
8.0
210.0
1074.0
8.0
5.0
8.0
6.0
8.0
8.0
1077.0
0.0
11.0
11.0
14.0
7.0
12.0
179.0
1112.0
6.0
4.0
5.0
7.0
5.0
5.0
1058.0
244.0
11.0
7.0
8.0
15.0
7.0
142.0
1186.0
5.0
7.0
8.0
7.0
10.0
9.0
1039.0
292.0
8.0
14.0
10.0
11.0
12.0
111.0
1223.0
17.0
6.0
6.0
5.0
6.0
4.0
1004.0
337.0
9.0
10.0
11.0
5.0
10.0
83.0
1181.0
84.0
5.0
3.0
3.0
5.0
5.0
940.0
0.0
11.0
10.0
8.0
6.0
10.0
55.0
1079.0
171.0
9.0
9.0
5.0
5.0
2.0
880.0
409.0
5.0
10.0
8.0
8.0
7.0
52.0
992.0
243.0
6.0
4.0
8.0
9.0
10.0
832.0
445.0
8.0
11.0
9.0
9.0
10.0
39.0
947.0
314.0
8.0
3.0
5.0
5.0
6.0
798.0
506.0
9.0
6.0
9.0
8.0
13.0
32.0
928.0
377.0
6.0
9.0
8.0
10.0
7.0
756.0
0.0
9.0
11.0
9.0
9.0
11.0
20.0
898.0
433.0
5.0
5.0
8.0
6.0
9.0
696.0
656.0
4.0
12.0
11.0
7.0
8.0
10.0
858.0
487.0
5.0
2.0
7.0
5.0
6.0
636.0
695.0
10.0
7.0
8.0
12.0
9.0
7.0
778.0
528.0
7.0
9.0
5.0
8.0
3.0
563.0
730.0
7.0
12.0
11.0
6.0
8.0
9.0
712.0
571.0
6.0
9.0
9.0
3.0
4.0
491.0
0.0
8.0
12.0
10.0
9.0
9.0
11.0
669.0
625.0
5.0
5.0
7.0
6.0
6.0
422.0
889.0
8.0
4.0
9.0
9.0
11.0
7.0
641.0
687.0
6.0
7.0
6.0
4.0
8.0
323.0
1010.0
9.0
8.0
12.0
13.0
9.0
12.0
604.0
743.0
3.0
3.0
4.0
5.0
6.0
195.0
1161.0
11.0
6.0
10.0
10.0
8.0
8.0
567.0
799.0
3.0
5.0
3.0
3.0
4.0
101.0
0.0
14.0
7.0
8.0
11.0
6.0
8.0
498.0
817.0
10.0
10.0
5.0
4.0
4.0
63.0
1211.0
24.0
9.0
6.0
9.0
9.0
7.0
452.0
836.0
5.0
4.0
7.0
4.0
6.0
43.0
1203.0
40.0
8.0
6.0
13.0
10.0
10.0
405.0
888.0
5.0
7.0
8.0
8.0
7.0
27.0
1230.0
61.0
7.0
9.0
13.0
10.0
8.0
379.0
949.0
5.0
10.0
9.0
9.0
3.0
22.0
0.0
85.0
6.0
8.0
7.0
12.0
10.0
343.0
1000.0
6.0
5.0
5.0
6.0
4.0
10.0
1234.0
119.0
9.0
6.0
6.0
9.0
11.0
310.0
1052.0
6.0
4.0
5.0
6.0
4.0
8.0
1187.0
140.0
8.0
7.0
9.0
11.0
7.0
249.0
1058.0
5.0
4.0
9.0
7.0
8.0
6.0
1129.0
161.0
10.0
8.0
11.0
6.0
4.0
217.0
1070.0
10.0
10.0
4.0
7.0
8.0
8.0
0.0
191.0
11.0
13.0
10.0
9.0
8.0
176.0
1108.0
4.0
3.0
5.0
5.0
5.0
5.0
1064.0
244.0
9.0
13.0
12.0
6.0
7.0
142.0
1170.0
8.0
8.0
5.0
9.0
10.0
8.0
1044.0
280.0
8.0
8.0
10.0
6.0
3.0
111.0
1221.0
6.0
5.0
6.0
4.0
7.0
7.0
1005.0
344.0
10.0
9.0
11.0
6.0
10.0
87.0
1208.0
65.0
2.0
4.0
3.0
3.0
4.0
0.0
374.0
9.0
9.0
10.0
9.0
10.0
65.0
1097.0
157.0
8.0
6.0
3.0
8.0
6.0
887.0
401.0
10.0
6.0
7.0
9.0
9.0
56.0
1003.0
235.0
10.0
7.0
8.0
6.0
5.0
838.0
439.0
8.0
9.0
11.0
10.0
7.0
41.0
959.0
301.0
6.0
5.0
5.0
4.0
4.0
799.0
500.0
7.0
7.0
11.0
9.0
8.0
31.0
928.0
366.0
3.0
6.0
7.0
6.0
8.0
0.0
563.0
6.0
8.0
7.0
9.0
6.0
13.0
900.0
425.0
5.0
7.0
6.0
3.0
6.0
714.0
633.0
11.0
4.0
8.0
5.0
8.0
9.0
868.0
480.0
7.0
1.0
7.0
5.0
5.0
648.0
686.0
13.0
5.0
6.0
5.0
7.0
9.0
787.0
515.0
4.0
9.0
8.0
7.0
12.0
575.0
711.0
8.0
10.0
9.0
8.0
5.0
10.0
713.0
559.0
5.0
7.0
8.0
5.0
4.0
0.0
770.0
11.0
9.0
13.0
9.0
5.0
9.0
671.0
607.0
6.0
6.0
8.0
6.0
3.0
426.0
857.0
10.0
13.0
11.0
8.0
10.0
10.0
631.0
661.0
4.0
4.0
6.0
8.0
6.0
334.0
976.0
6.0
6.0
6.0
3.0
5.0
8.0
588.0
723.0
4.0
2.0
7.0
4.0
4.0
219.0
1097.0
4.0
4.0
5.0
9.0
7.0
3.0
558.0
777.0
5.0
6.0
4.0
5.0
6.0
0.0
1194.0
17.0
10.0
5.0
10.0
5.0
5.0
487.0
796.0
9.0
5.0
7.0
8.0
4.0
62.0
1196.0
24.0
8.0
11.0
11.0
10.0
13.0
450.0
824.0
8.0
9.0
11.0
8.0
8.0
45.0
1200.0
36.0
5.0
4.0
4.0
6.0
7.0
418.0
850.0
5.0
5.0
9.0
10.0
8.0
28.0
1196.0
55.0
4.0
6.0
4.0
8.0
6.0
380.0
899.0
6.0
6.0
4.0
6.0
4.0
0.0
1195.0
79.0
9.0
14.0
9.0
7.0
7.0
336.0
970.0
15.0
9.0
11.0
8.0
9.0
11.0
1196.0
106.0
10.0
7.0
7.0
4.0
8.0
303.0
1018.0
7.0
6.0
5.0
7.0
8.0
11.0
1167.0
128.0
9.0
10.0
10.0
10.0
9.0
250.0
1027.0
7.0
7.0
8.0
6.0
7.0
6.0
1116.0
161.0
14.0
6.0
10.0
10.0
7.0
225.0
1048.0
10.0
8.0
6.0
8.0
9.0
0.0
1084.0
194.0
7.0
6.0
7.0
6.0
5.0
194.0
1077.0
5.0
7.0
6.0
6.0
8.0
5.0
1048.0
232.0
5.0
6.0
6.0
11.0
15.0
155.0
1121.0
10.0
5.0
5.0
4.0
5.0
8.0
1018.0
267.0
11.0
9.0
12.0
12.0
17.0
115.0
1179.0
8.0
10.0
8.0
5.0
4.0
5.0
987.0
316.0
10.0
8.0
8.0
12.0
5.0
88.0
1180.0
49.0
6.0
5.0
4.0
6.0
0.0
946.0
346.0
12.0
10.0
9.0
11.0
7.0
73.0
1078.0
136.0
8.0
10.0
5.0
3.0
7.0
887.0
386.0
8.0
12.0
15.0
9.0
4.0
51.0
1013.0
212.0
9.0
7.0
7.0
7.0
9.0
837.0
435.0
7.0
9.0
10.0
11.0
7.0
46.0
959.0
276.0
9.0
5.0
5.0
4.0
7.0
786.0
493.0
9.0
7.0
8.0
7.0
6.0
37.0
910.0
340.0
5.0
6.0
7.0
4.0
0.0
745.0
541.0
10.0
9.0
7.0
6.0
7.0
23.0
879.0
405.0
5.0
10.0
12.0
8.0
8.0
711.0
597.0
9.0
10.0
7.0
7.0
2.0
10.0
844.0
470.0
6.0
6.0
9.0
6.0
5.0
651.0
652.0
15.0
10.0
11.0
14.0
8.0
16.0
783.0
500.0
7.0
7.0
7.0
6.0
6.0
588.0
697.0
9.0
8.0
12.0
7.0
10.0
9.0
727.0
547.0
4.0
6.0
9.0
6.0
0.0
506.0
768.0
10.0
7.0
9.0
10.0
8.0
5.0
684.0
592.0
11.0
7.0
7.0
4.0
7.0
436.0
841.0
5.0
9.0
6.0
12.0
15.0
8.0
636.0
640.0
7.0
5.0
4.0
4.0
7.0
348.0
936.0
9.0
9.0
9.0
8.0
4.0
11.0
587.0
704.0
12.0
11.0
4.0
4.0
9.0
238.0
1062.0
11.0
3.0
5.0
7.0
3.0
6.0
555.0
759.0
6.0
7.0
9.0
8.0
0.0
122.0
1180.0
14.0
8.0
9.0
7.0
6.0
10.0
504.0
799.0
10.0
7.0
7.0
4.0
5.0
75.0
1192.0
25.0
7.0
10.0
5.0
9.0
8.0
458.0
820.0
9.0
7.0
7.0
6.0
6.0
47.0
1199.0
36.0
8.0
10.0
9.0
6.0
6.0
424.0
854.0
9.0
10.0
4.0
5.0
8.0
33.0
1198.0
52.0
7.0
8.0
5.0
8.0
9.0
394.0
890.0
5.0
3.0
3.0
5.0
0.0
24.0
1201.0
73.0
12.0
13.0
9.0
10.0
10.0
340.0
964.0
8.0
8.0
9.0
8.0
7.0
10.0
1202.0
98.0
7.0
7.0
5.0
5.0
9.0
310.0
1007.0
5.0
2.0
7.0
5.0
4.0
9.0
1178.0
128.0
9.0
11.0
12.0
8.0
7.0
260.0
1043.0
4.0
9.0
8.0
9.0
6.0
4.0
1140.0
154.0
12.0
13.0
5.0
12.0
8.0
224.0
1054.0
6.0
5.0
5.0
6.0
0.0
5.0
1091.0
178.0
8.0
6.0
6.0
9.0
10.0
195.0
1075.0
4.0
6.0
3.0
2.0
5.0
4.0
1051.0
224.0
10.0
7.0
8.0
8.0
10.0
165.0
1117.0
7.0
5.0
7.0
7.0
7.0
7.0
1029.0
260.0
11.0
9.0
6.0
5.0
6.0
119.0
1174.0
10.0
7.0
8.0
10.0
8.0
3.0
999.0
307.0
6.0
2.0
4.0
8.0
7.0
94.0
1191.0
31.0
7.0
6.0
4.0
0.0
4.0
960.0
354.0
8.0
6.0
3.0
6.0
9.0
76.0
1128.0
126.0
6.0
4.0
9.0
6.0
4.0
920.0
385.0
9.0
9.0
11.0
5.0
9.0
54.0
1035.0
209.0
5.0
6.0
5.0
5.0
4.0
856.0
419.0
8.0
10.0
8.0
13.0
15.0
45.0
963.0
269.0
5.0
4.0
6.0
3.0
5.0
798.0
474.0
4.0
8.0
12.0
8.0
9.0
34.0
921.0
335.0
5.0
7.0
7.0
0.0
8.0
768.0
522.0
5.0
12.0
10.0
10.0
8.0
22.0
888.0
401.0
4.0
7.0
6.0
9.0
5.0
721.0
593.0
7.0
7.0
10.0
6.0
6.0
14.0
864.0
450.0
5.0
5.0
6.0
5.0
3.0
670.0
658.0
7.0
3.0
8.0
6.0
8.0
7.0
822.0
503.0
4.0
3.0
4.0
3.0
6.0
604.0
709.0
10.0
9.0
6.0
8.0
9.0
8.0
737.0
549.0
9.0
8.0
9.0
0.0
7.0
532.0
755.0
11.0
7.0
11.0
13.0
10.0
13.0
697.0
588.0
7.0
10.0
6.0
4.0
3.0
455.0
822.0
9.0
9.0
11.0
10.0
5.0
9.0
642.0
636.0
9.0
10.0
4.0
7.0
11.0
371.0
927.0
5.0
9.0
8.0
8.0
9.0
4.0
607.0
700.0
4.0
11.0
7.0
5.0
7.0
265.0
1043.0
4.0
8.0
11.0
9.0
10.0
5.0
571.0
753.0
6.0
9.0
5.0
0.0
3.0
132.0
1192.0
10.0
5.0
6.0
7.0
2.0
5.0
525.0
802.0
3.0
1.0
1.0
4.0
5.0
80.0
1223.0
22.0
8.0
5.0
13.0
7.0
7.0
472.0
821.0
6.0
4.0
10.0
7.0
8.0
55.0
1201.0
30.0
6.0
9.0
10.0
10.0
12.0
422.0
848.0
5.0
4.0
4.0
3.0
4.0
34.0
1200.0
44.0
9.0
10.0
3.0
10.0
13.0
396.0
890.0
7.0
7.0
5.0
0.0
8.0
27.0
1205.0
68.0
7.0
11.0
7.0
6.0
12.0
351.0
951.0
9.0
9.0
9.0
7.0
8.0
11.0
1208.0
96.0
6.0
7.0
5.0
8.0
6.0
314.0
1007.0
3.0
4.0
2.0
2.0
5.0
10.0
1195.0
133.0
6.0
2.0
3.0
3.0
5.0
284.0
1054.0
3.0
4.0
4.0
7.0
6.0
7.0
1167.0
149.0
5.0
9.0
7.0
7.0
8.0
227.0
1062.0
8.0
8.0
8.0
0.0
8.0
6.0
1103.0
180.0
12.0
13.0
13.0
12.0
10.0
202.0
1071.0
8.0
6.0
4.0
8.0
5.0
2.0
1063.0
211.0
8.0
4.0
7.0
6.0
8.0
168.0
1110.0
10.0
6.0
3.0
5.0
9.0
7.0
1038.0
250.0
4.0
7.0
5.0
8.0
8.0
128.0
1163.0
5.0
8.0
7.0
7.0
5.0
5.0
1006.0
300.0
3.0
3.0
8.0
6.0
6.0
95.0
1197.0
22.0
1.0
6.0
0.0
4.0
2.0
970.0
354.0
3.0
6.0
7.0
6.0
4.0
76.0
1146.0
107.0
1.0
3.0
3.0
3.0
3.0
924.0
388.0
11.0
4.0
8.0
14.0
9.0
53.0
1050.0
190.0
7.0
9.0
7.0
8.0
3.0
863.0
415.0
5.0
5.0
9.0
8.0
12.0
42.0
972.0
260.0
6.0
6.0
5.0
8.0
9.0
805.0
472.0
3.0
5.0
6.0
9.0
10.0
34.0
924.0
324.0
10.0
8.0
0.0
6.0
9.0
769.0
515.0
6.0
5.0
8.0
7.0
4.0
22.0
897.0
387.0
7.0
7.0
6.0
4.0
5.0
731.0
578.0
8.0
9.0
11.0
9.0
6.0
11.0
866.0
443.0
5.0
5.0
4.0
7.0
6.0
672.0
653.0
4.0
7.0
5.0
6.0
9.0
4.0
835.0
501.0
5.0
4.0
5.0
5.0
5.0
610.0
704.0
9.0
8.0
11.0
11.0
7.0
4.0
757.0
533.0
5.0
6.0
0.0
7.0
3.0
539.0
743.0
6.0
10.0
7.0
10.0
6.0
8.0
693.0
580.0
6.0
7.0
5.0
5.0
9.0
465.0
814.0
8.0
7.0
6.0
4.0
11.0
7.0
650.0
625.0
3.0
8.0
12.0
4.0
6.0
383.0
897.0
8.0
8.0
11.0
10.0
4.0
4.0
608.0
675.0
10.0
2.0
6.0
6.0
9.0
281.0
1019.0
11.0
12.0
8.0
4.0
2.0
9.0
570.0
741.0
3.0
4.0
0.0
6.0
10.0
157.0
1156.0
14.0
9.0
7.0
5.0
5.0
10.0
535.0
787.0
4.0
6.0
2.0
0.0
4.0
87.0
1209.0
15.0
8.0
6.0
11.0
7.0
7.0
473.0
815.0
8.0
5.0
7.0
9.0
6.0
57.0
1198.0
27.0
11.0
9.0
9.0
9.0
8.0
430.0
844.0
4.0
9.0
5.0
6.0
5.0
38.0
1204.0
43.0
10.0
11.0
9.0
7.0
16.0
406.0
870.0
6.0
4.0
0.0
3.0
4.0
22.0
1197.0
65.0
8.0
9.0
13.0
14.0
9.0
360.0
921.0
5.0
3.0
7.0
3.0
6.0
18.0
1182.0
91.0
10.0
6.0
7.0
11.0
15.0
307.0
987.0
9.0
5.0
6.0
5.0
6.0
11.0
1183.0
119.0
7.0
7.0
9.0
6.0
4.0
279.0
1039.0
2.0
3.0
4.0
5.0
4.0
10.0
1157.0
139.0
10.0
8.0
10.0
9.0
5.0
241.0
1043.0
8.0
8.0
0.0
7.0
6.0
7.0
1107.0
169.0
12.0
12.0
9.0
9.0
8.0
209.0
1066.0
7.0
6.0
5.0
6.0
5.0
5.0
1069.0
205.0
12.0
5.0
8.0
8.0
8.0
179.0
1095.0
6.0
8.0
5.0
2.0
1.0
2.0
1028.0
248.0
6.0
5.0
6.0
9.0
11.0
138.0
1138.0
8.0
6.0
8.0
7.0
10.0
7.0
994.0
290.0
8.0
12.0
11.0
11.0
13.0
105.0
1180.0
18.0
7.0
0.0
7.0
7.0
4.0
980.0
330.0
9.0
7.0
3.0
6.0
6.0
77.0
1157.0
90.0
8.0
4.0
7.0
7.0
8.0
931.0
368.0
10.0
8.0
9.0
9.0
6.0
58.0
1061.0
176.0
10.0
10.0
7.0
6.0
5.0
872.0
406.0
6.0
5.0
8.0
10.0
7.0
50.0
988.0
247.0
10.0
7.0
6.0
3.0
8.0
814.0
460.0
6.0
10.0
10.0
12.0
8.0
38.0
934.0
308.0
5.0
0.0
2.0
5.0
4.0
770.0
504.0
7.0
9.0
10.0
14.0
11.0
32.0
897.0
370.0
7.0
8.0
8.0
7.0
4.0
731.0
555.0
11.0
4.0
9.0
10.0
4.0
19.0
859.0
433.0
11.0
4.0
8.0
6.0
6.0
682.0
625.0
4.0
5.0
9.0
7.0
5.0
7.0
824.0
489.0
0.0
6.0
5.0
7.0
7.0
628.0
683.0
12.0
10.0
8.0
9.0
7.0
7.0
765.0
532.0
6.0
0.0
7.0
8.0
7.0
556.0
731.0
9.0
5.0
9.0
12.0
6.0
3.0
708.0
570.0
7.0
10.0
6.0
6.0
6.0
476.0
801.0
7.0
10.0
9.0
6.0
7.0
9.0
661.0
612.0
3.0
6.0
4.0
5.0
1.0
393.0
887.0
5.0
4.0
5.0
7.0
12.0
11.0
620.0
665.0
4.0
10.0
11.0
11.0
9.0
298.0
992.0
7.0
12.0
6.0
10.0
9.0
11.0
569.0
730.0
4.0
0.0
7.0
4.0
6.0
183.0
1124.0
10.0
7.0
6.0
7.0
7.0
7.0
533.0
782.0
3.0
4.0
3.0
4.0
4.0
94.0
1199.0
14.0
6.0
3.0
9.0
8.0
4.0
480.0
819.0
4.0
7.0
5.0
6.0
5.0
61.0
1203.0
21.0
5.0
6.0
6.0
10.0
10.0
451.0
833.0
10.0
5.0
5.0
5.0
4.0
42.0
1201.0
41.0
8.0
7.0
11.0
5.0
8.0
408.0
869.0
8.0
0.0
6.0
8.0
3.0
24.0
1202.0
57.0
9.0
7.0
8.0
11.0
11.0
375.0
907.0
5.0
6.0
7.0
8.0
5.0
18.0
1188.0
84.0
7.0
10.0
8.0
5.0
6.0
320.0
979.0
7.0
8.0
7.0
7.0
7.0
14.0
1188.0
111.0
6.0
7.0
7.0
12.0
10.0
285.0
1030.0
3.0
6.0
4.0
6.0
4.0
7.0
1163.0
139.0
6.0
7.0
6.0
7.0
6.0
243.0
1056.0
3.0
0.0
7.0
3.0
8.0
5.0
1128.0
164.0
7.0
7.0
12.0
9.0
5.0
211.0
1063.0
10.0
9.0
7.0
7.0
9.0
7.0
1071.0
203.0
8.0
9.0
7.0
5.0
2.0
182.0
1093.0
5.0
4.0
9.0
10.0
10.0
4.0
1028.0
246.0
9.0
10.0
17.0
13.0
7.0
149.0
1131.0
7.0
9.0
12.0
7.0
6.0
11.0
1011.0
276.0
12.0
8.0
11.0
5.0
7.0
101.0
1193.0
11.0
0.0
3.0
3.0
3.0
8.0
985.0
327.0
10.0
9.0
6.0
8.0
4.0
89.0
1171.0
70.0
3.0
6.0
3.0
3.0
5.0
947.0
380.0
5.0
7.0
7.0
5.0
6.0
69.0
1096.0
168.0
2.0
3.0
5.0
2.0
3.0
899.0
409.0
7.0
6.0
11.0
11.0
5.0
46.0
1011.0
242.0
10.0
7.0
10.0
7.0
9.0
827.0
449.0
6.0
9.0
9.0
3.0
11.0
36.0
945.0
302.0
0.0
7.0
9.0
7.0
9.0
782.0
494.0
3.0
10.0
10.0
11.0
5.0
32.0
896.0
366.0
5.0
6.0
8.0
7.0
2.0
747.0
548.0
6.0
4.0
5.0
7.0
9.0
22.0
875.0
419.0
11.0
4.0
11.0
7.0
6.0
694.0
619.0
9.0
11.0
7.0
2.0
5.0
6.0
841.0
482.0
5.0
5.0
3.0
5.0
3.0
636.0
696.0
1.0
5.0
8.0
7.0
6.0
8.0
799.0
529.0
0.0
3.0
1.0
2.0
3.0
574.0
746.0
10.0
11.0
9.0
11.0
12.0
11.0
716.0
569.0
5.0
6.0
6.0
7.0
8.0
494.0
783.0
6.0
6.0
13.0
13.0
12.0
11.0
665.0
609.0
10.0
12.0
7.0
4.0
6.0
414.0
864.0
4.0
4.0
5.0
10.0
6.0
9.0
625.0
655.0
4.0
12.0
10.0
7.0
6.0
322.0
976.0
10.0
9.0
13.0
10.0
4.0
9.0
585.0
722.0
0.0
6.0
6.0
8.0
5.0
205.0
1110.0
8.0
6.0
5.0
5.0
9.0
6.0
548.0
776.0
4.0
3.0
2.0
5.0
5.0
99.0
1220.0
16.0
9.0
8.0
7.0
9.0
9.0
508.0
830.0
2.0
1.0
2.0
2.0
1.0
65.0
1230.0
25.0
7.0
7.0
10.0
4.0
6.0
450.0
843.0
8.0
6.0
10.0
8.0
6.0
47.0
1198.0
42.0
8.0
5.0
8.0
14.0
16.0
403.0
867.0
0.0
9.0
7.0
5.0
6.0
29.0
1203.0
52.0
6.0
4.0
9.0
11.0
14.0
372.0
911.0
8.0
9.0
5.0
6.0
3.0
26.0
1194.0
81.0
9.0
9.0
7.0
11.0
12.0
331.0
974.0
8.0
5.0
4.0
5.0
5.0
12.0
1196.0
110.0
9.0
5.0
5.0
5.0
10.0
300.0
1021.0
2.0
3.0
2.0
4.0
4.0
6.0
1185.0
143.0
7.0
5.0
4.0
7.0
6.0
258.0
1073.0
0.0
3.0
3.0
3.0
0.0
6.0
1149.0
163.0
6.0
9.0
8.0
9.0
7.0
216.0
1077.0
8.0
2.0
7.0
7.0
6.0
5.0
1083.0
197.0
8.0
6.0
6.0
6.0
9.0
180.0
1092.0
5.0
4.0
6.0
2.0
7.0
9.0
1040.0
232.0
8.0
5.0
13.0
6.0
11.0
150.0
1133.0
6.0
6.0
10.0
11.0
9.0
10.0
1016.0
268.0
11.0
9.0
7.0
10.0
9.0
112.0
1185.0
0.0
4.0
5.0
8.0
7.0
8.0
992.0
313.0
5.0
11.0
7.0
8.0
9.0
85.0
1175.0
55.0
4.0
4.0
4.0
1.0
2.0
959.0
367.0
10.0
6.0
6.0
8.0
5.0
68.0
1111.0
155.0
2.0
1.0
5.0
5.0
3.0
908.0
406.0
7.0
8.0
9.0
8.0
7.0
49.0
1028.0
223.0
5.0
5.0
9.0
8.0
8.0
836.0
444.0
9.0
13.0
7.0
9.0
7.0
33.0
950.0
0.0
9.0
8.0
6.0
6.0
6.0
790.0
484.0
4.0
5.0
6.0
11.0
11.0
