1008341.0
1019421.0
1030502.0
1041583.0
1052663.0
1063744.0
1074825.0
1085905.0
1096986.0
1108067.0
1119148.0
1130228.0
1141309.0
1152389.0
1163470.0
1174551.0
1185631.0
1196712.0
1207793.0
1218874.0
1229954.0
1241035.0
1252116.0
1263196.0
1274277.0
1285358.0
1296438.0
1307519.0
1318600.0
1329680.0
1340761.0
1351842.0
1362922.0
1374003.0
1385084.0
1396164.0
1407245.0
1418326.0
1429406.0
1440487.0
1451568.0
1462648.0
1473729.0
1484810.0
1495890.0
1506971.0
1518052.0
1529132.0
1540213.0
1551294.0
1562375.0
1573455.0
1584536.0
1595616.0
1606697.0
1617778.0
1628858.0
1639939.0
1651020.0
1662101.0
1673181.0
1684262.0
1695342.0
1706423.0
1717504.0
1728585.0
1739665.0
1750746.0
1761827.0
1772907.0
1783988.0
1795069.0
1806149.0
1817230.0
1828311.0
1839391.0
1850472.0
1861553.0
1872634.0
1883715.0
1894795.0
1905875.0
1916956.0
1928037.0
1939117.0
1950198.0
1961279.0
1972359.0
1983440.0
1994521.0
2005602.0
2016682.0
2027763.0
2038843.0
2049924.0
2061005.0
2072086.0
2083166.0
2094247.0
2105327.0
2116408.0
2127489.0
2138569.0
2149650.0
2160731.0
2171812.0
2182893.0
2193973.0
2205053.0
2216134.0
2227215.0
2238296.0
2249376.0
2260457.0
2271538.0
2282619.0
2293699.0
2304780.0
2315860.0
2326941.0
2338022.0
2349102.0
2360183.0
2371264.0
2382344.0
2393425.0
2404506.0
2415586.0
2426667.0
2437748.0
2448828.0
2459909.0
2470990.0
2482070.0
2493151.0
2504232.0
2515312.0
2526393.0
2537474.0
2548554.0
2559635.0
2570716.0
2581796.0
2592877.0
2603958.0
2615038.0
2626119.0
2637200.0
2648281.0
2659361.0
2670443.0
2681523.0
2692603.0
2703684.0
2714764.0
2725845.0
2736926.0
2748007.0
2759087.0
2770168.0
2781248.0
2792329.0
2803410.0
2814491.0
2825571.0
2836652.0
2847732.0
2858814.0
2869895.0
2880976.0
2892056.0
2903137.0
2914218.0
2925298.0
2936379.0
2947460.0
2958540.0
2969621.0
2980701.0
2991782.0
3002863.0
3013944.0
3025024.0
3036105.0
3047186.0
3058267.0
3069347.0
3080428.0
3091508.0
3102589.0
3113670.0
3124750.0
3135831.0
3146912.0
3157992.0
3169074.0
3180153.0
3191234.0
3202315.0
3213396.0
3224476.0
3235557.0
3246638.0
3257718.0
3268800.0
3279880.0
3290960.0
3302041.0
3313122.0
3324202.0
3335284.0
3346364.0
3357444.0
3368525.0
3379606.0
3390686.0
3401767.0
3412848.0
3423928.0
3435009.0
3446090.0
3457170.0
3468251.0
3479332.0
3490413.0
3501493.0
3512574.0
3523654.0
3534735.0
3545816.0
3556896.0
3567977.0
3579058.0
3590138.0
3601219.0
3612300.0
3623380.0
3634461.0
3645542.0
3656622.0
3667705.0
3678784.0
3689865.0
3700945.0
3712026.0
3723106.0
3734187.0
3745268.0
3756348.0
3767429.0
3778510.0
3789590.0
3800671.0
3811752.0
3822832.0
3833914.0
3844994.0
3856074.0
3867155.0
3878236.0
3889317.0
3900397.0
3911478.0
3922558.0
3933640.0
3944720.0
3955801.0
3966882.0
3977962.0
3989043.0
4000126.0
4011204.0
4022285.0
4033365.0
4044446.0
4055526.0
4066608.0
4077688.0
4088769.0
4099850.0
4110930.0
4122011.0
4133092.0
4144172.0
4155253.0
4166334.0
4177414.0
4188495.0
4199575.0
4210656.0
4221737.0
4232818.0
4243898.0
4254979.0
4266060.0
4277140.0
4288221.0
4299302.0
4310382.0
4321463.0
4332544.0
4343624.0
4354705.0
4365786.0
4376866.0
4387947.0
4399028.0
4410108.0
4421189.0
4432270.0
4443350.0
4454431.0
4465512.0
4476592.0
4487673.0
4498755.0
4509834.0
4520915.0
4531996.0
4543076.0
4554157.0
4565238.0
4576318.0
4587399.0
4598480.0
4609560.0
4620641.0
4631722.0
4642802.0
4653883.0
4664967.0
4676044.0
4687125.0
4698206.0
4709287.0
4720367.0
4731448.0
4742528.0
4753609.0
4764690.0
4775770.0
4786851.0
4797932.0
4809013.0
4820093.0
4831174.0
4842254.0
4853335.0
4864416.0
4875497.0
4886577.0
4897658.0
4908739.0
4919819.0
4930900.0
4941980.0
4953061.0
4964142.0
4975222.0
4986304.0
4997384.0
5008464.0
5019545.0
5030626.0
5041706.0
5052787.0
5063868.0
5074949.0
5086029.0
5097110.0
5108191.0
5119271.0
5130352.0
5141432.0
5152513.0
5163595.0
5174674.0
5185755.0
5196836.0
5207917.0
5218998.0
5230078.0
5241158.0
5252240.0
5263320.0
5274401.0
5285482.0
5296562.0
5307643.0
5318724.0
5329805.0
5340885.0
5351966.0
5363046.0
5374127.0
5385208.0
5396288.0
5407369.0
5418450.0
5429530.0
5440611.0
5451691.0
5462773.0
5473853.0
5484934.0
5496015.0
5507095.0
5518176.0
5529256.0
5540337.0
5551417.0
5562498.0
5573579.0
5584660.0
5595741.0
5606821.0
5617902.0
5628982.0
5640063.0
5651144.0
5662227.0
5673305.0
5684386.0
5695466.0
5706547.0
5717628.0
5728709.0
5739789.0
5750870.0
5761951.0
5773031.0
5784112.0
5795193.0
5806273.0
5817354.0
5828435.0
5839515.0
5850596.0
5861677.0
5872757.0
5883838.0
5894919.0
5905999.0
5917080.0
5928161.0
5939241.0
5950322.0
5961402.0
5972483.0
5983564.0
5994645.0
6005725.0
6016806.0
6027887.0
6038967.0
6050048.0
6061129.0
6072209.0
6083290.0
6094371.0
6105451.0
6116532.0
6127612.0
6138693.0
6149774.0
6160855.0
6171935.0
6183016.0
6194097.0
6205177.0
6216258.0
6227339.0
6238419.0
6249500.0
6260581.0
6271662.0
6282742.0
6293823.0
6304904.0
6315984.0
6327065.0
6338145.0
6349226.0
6360307.0
6371387.0
6382468.0
6393549.0
6404630.0
6415710.0
6426791.0
6437872.0
6448952.0
6460033.0
6471114.0
6482194.0
6493275.0
6504356.0
6515436.0
6526517.0
6537598.0
6548678.0
6559759.0
6570840.0
6581920.0
6593001.0
6604082.0
6615162.0
6626243.0
6637324.0
6648404.0
6659485.0
6670566.0
6681647.0
6692727.0
6703808.0
6714889.0
6725969.0
6737050.0
6748130.0
6759211.0
6770292.0
6781372.0
6792453.0
6803534.0
6814615.0
6825699.0
6836776.0
6847856.0
6858937.0
6870018.0
6881099.0
6892179.0
6903260.0
6914341.0
6925421.0
6936502.0
6947583.0
6958663.0
6969744.0
6980825.0
6991905.0
7002986.0
7014067.0
7025147.0
7036228.0
7047308.0
7058389.0
7069470.0
7080550.0
7091631.0
7102712.0
7113793.0
7124873.0
7135954.0
7147035.0
7158116.0
7169196.0
7180277.0
7191357.0
7202438.0
7213519.0
7224599.0
7235680.0
7246761.0
7257841.0
7268922.0
7280003.0
7291083.0
7302164.0
7313245.0
7324325.0
7335406.0
7346487.0
7357567.0
7368648.0
7379729.0
7390809.0
7401890.0
7412971.0
7424051.0
7435132.0
7446213.0
7457294.0
7468374.0
7479455.0
7490535.0
7501616.0
7512697.0
7523778.0
7534858.0
7545939.0
7557019.0
7568100.0
7579181.0
7590261.0
7601342.0
7612423.0
7623504.0
7634584.0
7645665.0
7656746.0
7667826.0
7678907.0
7689987.0
7701068.0
7712149.0
7723230.0
7734311.0
7745391.0
7756472.0
7767552.0
7778633.0
7789714.0
7800794.0
7811875.0
7822955.0
7834036.0
7845117.0
7856198.0
7867278.0
7878359.0
7889440.0
7900520.0
7911601.0
7922682.0
7933762.0
7944843.0
7955924.0
7967004.0
7978085.0
7989166.0
8000246.0
8011327.0
8022408.0
8033488.0
8044569.0
8055650.0
8066731.0
8077811.0
8088892.0
8099972.0
8111053.0
8122134.0
8133214.0
8144295.0
8155376.0
8166457.0
8177537.0
8188618.0
8199698.0
8210779.0
8221860.0
8232940.0
8244021.0
8255102.0
8266183.0
8277263.0
8288344.0
8299425.0
8310505.0
8321586.0
8332667.0
8343747.0
8354828.0
8365909.0
8376989.0
8388070.0
8399151.0
8410231.0
8421312.0
8432393.0
8443473.0
8454554.0
8465635.0
8476715.0
8487796.0
8498877.0
8509957.0
8521038.0
8532119.0
8543199.0
8554280.0
8565361.0
8576441.0
8587522.0
8598603.0
8609684.0
8620764.0
8631845.0
8642925.0
8654008.0
8665087.0
8676168.0
8687248.0
8698329.0
8709410.0
8720490.0
8731571.0
8742651.0
8753732.0
8764813.0
8775894.0
8786974.0
8798055.0
8809136.0
8820217.0
8831297.0
8842377.0
8853458.0
8864539.0
8875620.0
8886700.0
8897781.0
8908861.0
8919942.0
8931023.0
8942103.0
8953184.0
8964265.0
8975346.0
8986426.0
8997507.0
9008588.0
9019668.0
9030749.0
9041830.0
9052910.0
9063991.0
9075072.0
9086152.0
9097233.0
9108314.0
9119394.0
9130475.0
9141556.0
9152637.0
9163717.0
9174798.0
9185878.0
9196959.0
9208040.0
9219121.0
9230201.0
9241282.0
9252363.0
9263443.0
9274524.0
9285605.0
9296685.0
9307766.0
9318847.0
9329927.0
9341008.0
9352089.0
9363169.0
9374250.0
9385331.0
9396411.0
9407492.0
9418573.0
9429653.0
9440734.0
9451815.0
9462895.0
9473976.0
9485062.0
9496137.0
9507218.0
9518299.0
9529379.0
9540460.0
9551541.0
9562621.0
9573702.0
9584783.0
9595863.0
9606944.0
9618025.0
9629105.0
9640186.0
9651268.0
9662348.0
9673428.0
9684509.0
9695589.0
9706670.0
9717751.0
9728831.0
9739912.0
9750993.0
9762073.0
9773154.0
9784235.0
9795316.0
9806396.0
9817477.0
9828558.0
9839638.0
9850719.0
9861800.0
9872880.0
9883961.0
9895041.0
9906122.0
9917203.0
9928284.0
9939364.0
9950445.0
9961526.0
9972606.0
9983687.0
9994767.0
10005848.0
10016929.0
10028010.0
10039090.0
10050171.0
10061252.0
10072332.0
10083413.0
10094494.0
10105574.0
10116655.0
10127736.0
10138816.0
10149898.0
10160978.0
10172058.0
10183139.0
10194220.0
10205300.0
10216381.0
10227462.0
10238542.0
10249623.0
10260704.0
10271785.0
10282865.0
10293946.0
10305026.0
10316107.0
10327188.0
10338268.0
10349349.0
10360430.0
10371511.0
10382591.0
10393672.0
10404753.0
10415833.0
10426914.0
10437994.0
10449075.0
10460156.0
10471237.0
10482317.0
10493398.0
10504479.0
10515559.0
10526640.0
10537720.0
10548801.0
10559882.0
10570963.0
10582043.0
10593124.0
10604205.0
10615285.0
10626366.0
10637447.0
10648528.0
10659608.0
10670689.0
10681769.0
10692850.0
10703931.0
10715011.0
10726092.0
10737173.0
10748253.0
10759334.0
10770415.0
10781495.0
10792576.0
10803657.0
10814738.0
10825818.0
10836899.0
10847979.0
10859060.0
10870141.0
10881221.0
10892302.0
10903383.0
10914464.0
10925544.0
10936625.0
10947706.0
10958786.0
10969867.0
10980947.0
10992028.0
11003109.0
11014190.0
11025270.0
11036351.0
11047432.0
11058512.0
11069593.0
11080674.0
11091754.0
11102835.0
11113916.0
11124996.0
11136077.0
11147158.0
11158238.0
11169319.0
11180399.0
11191480.0
11202561.0
11213642.0
11224722.0
11235803.0
11246884.0
11257965.0
11269045.0
11280126.0
11291206.0
11302287.0
11313371.0
11324448.0
11335529.0
11346610.0
11357690.0
11368771.0
11379852.0
11390932.0
11402013.0
11413094.0
11424174.0
11435255.0
11446336.0
11457417.0
11468497.0
11479578.0
11490658.0
11501739.0
11512820.0
11523901.0
11534981.0
11546062.0
11557143.0
11568223.0
11579304.0
11590385.0
11601465.0
11612546.0
11623627.0
11634707.0
11645790.0
11656869.0
11667949.0
11679030.0
11690111.0
11701191.0
11712272.0
11723353.0
11734433.0
11745514.0
11756595.0
11767675.0
11778756.0
11789837.0
11800917.0
11811998.0
11823078.0
11834159.0
11845241.0
11856322.0
11867401.0
11878482.0
11889563.0
11900643.0
11911724.0
11922805.0
11933885.0
11944966.0
11956047.0
11967127.0
11978208.0
11989289.0
12000369.0
12011450.0
12022531.0
12033611.0
12044692.0
12055773.0
12066854.0
12077934.0
12089015.0
12100095.0
12111176.0
12122257.0
12133338.0
12144419.0
12155499.0
12166580.0
12177660.0
12188741.0
12199822.0
12210902.0
12221983.0
12233063.0
12244144.0
12255225.0
12266305.0
12277386.0
12288467.0
12299548.0
12310629.0
12321709.0
12332790.0
12343870.0
12354951.0
12366031.0
12377112.0
12388193.0
12399274.0
12410355.0
12421435.0
12432516.0
12443596.0
12454677.0
12465758.0
12476839.0
12487919.0
12499000.0
12510081.0
12521161.0
12532242.0
12543322.0
12554403.0
12565484.0
12576564.0
12587645.0
12598726.0
12609807.0
12620887.0
12631968.0
12643050.0
12654129.0
12665210.0
12676291.0
12687371.0
12698452.0
12709533.0
12720613.0
12731694.0
12742775.0
12753855.0
12764936.0
12776016.0
12787097.0
12798178.0
12809259.0
12820339.0
12831420.0
12842501.0
12853581.0
12864662.0
12875743.0
12886823.0
12897904.0
12908985.0
12920066.0
12931146.0
12942227.0
12953307.0
12964388.0
12975469.0
12986549.0
12997630.0
13008711.0
13019791.0
13030872.0
13041953.0
13053033.0
13064114.0
13075195.0
13086275.0
13097356.0
13108437.0
13119517.0
13130598.0
13141679.0
13152759.0
13163840.0
13174921.0
13186001.0
13197082.0
13208163.0
13219244.0
13230324.0
13241405.0
13252486.0
13263566.0
13274647.0
13285728.0
13296808.0
13307889.0
13318969.0
13330050.0
13341131.0
13352212.0
13363292.0
13374373.0
13385453.0
13396534.0
13407615.0
13418695.0
13429776.0
13440858.0
13451938.0
13463018.0
13474099.0
13485180.0
13496260.0
13507341.0
13518421.0
13529502.0
13540583.0
13551664.0
13562744.0
13573825.0
13584906.0
13595986.0
13607067.0
13618148.0
13629228.0
13640310.0
13651390.0
13662471.0
13673551.0
13684632.0
13695713.0
13706793.0
13717874.0
13728954.0
13740035.0
13751116.0
13762196.0
13773277.0
13784358.0
13795439.0
13806520.0
13817600.0
13828681.0
13839761.0
13850842.0
13861923.0
13873003.0
13884084.0
13895165.0
13906245.0
13917326.0
13928407.0
13939487.0
13950568.0
13961648.0
13972729.0
13983810.0
13994891.0
14005971.0
14017052.0
14028133.0
14039213.0
14050294.0
14061375.0
14072455.0
14083536.0
14094617.0
14105697.0
14116778.0
14127859.0
14138940.0
14150020.0
14161101.0
14172181.0
14183262.0
14194343.0
14205423.0
14216504.0
14227585.0
14238665.0
14249746.0
14260827.0
14271907.0
14282988.0
14294069.0
14305149.0
14316230.0
14327311.0
14338391.0
14349472.0
14360553.0
14371634.0
14382714.0
14393795.0
14404876.0
14415956.0
14427037.0
14438118.0
14449198.0
14460279.0
14471360.0
14482440.0
14493521.0
14504602.0
14515682.0
14526763.0
14537844.0
14548924.0
14560005.0
14571085.0
14582166.0
14593247.0
14604328.0
14615408.0
14626489.0
14637576.0
14648651.0
14659731.0
14670812.0
14681892.0
14692973.0
14704054.0
14715134.0
14726215.0
14737296.0
14748376.0
14759457.0
14770538.0
14781618.0
14792699.0
14803780.0
14814860.0
14825941.0
14837022.0
14848103.0
14859183.0
14870264.0
14881344.0
14892425.0
14903506.0
14914586.0
14925667.0
14936748.0
14947829.0
14958909.0
14969990.0
14981070.0
14992151.0
15003232.0
15014312.0
15025393.0
15036474.0
15047555.0
15058635.0
15069716.0
15080796.0
15091877.0
15102958.0
15114039.0
15125119.0
15136200.0
15147281.0
15158361.0
15169442.0
15180523.0
15191603.0
15202684.0
15213765.0
15224845.0
15235926.0
15247007.0
15258087.0
15269168.0
15280249.0
15291329.0
15302410.0
15313491.0
15324571.0
15335652.0
15346733.0
15357813.0
15368894.0
15379975.0
15391055.0
15402136.0
15413217.0
15424297.0
15435379.0
15446459.0
15457539.0
15468621.0
15479701.0
15490781.0
15501862.0
15512943.0
15524024.0
15535104.0
15546185.0
15557265.0
15568346.0
15579427.0
15590508.0
15601588.0
15612669.0
15623750.0
15634831.0
15645911.0
15656992.0
15668072.0
15679153.0
15690234.0
15701314.0
15712395.0
15723476.0
15734556.0
15745637.0
15756717.0
15767798.0
15778879.0
15789960.0
15801042.0
15812121.0
15823202.0
15834282.0
15845363.0
15856444.0
15867524.0
15878605.0
15889686.0
15900767.0
15911847.0
15922928.0
15934008.0
15945089.0
15956170.0
15967251.0
15978331.0
15989412.0
16000493.0
16011573.0
16022654.0
16033735.0
16044816.0
16055896.0
16066976.0
16078057.0
16089138.0
16100219.0
16111299.0
16122380.0
16133461.0
16144541.0
16155622.0
16166702.0
16177783.0
16188864.0
16199944.0
16211025.0
16222106.0
16233187.0
16244268.0
16255348.0
16266429.0
16277509.0
16288590.0
16299671.0
16310751.0
16321832.0
16332913.0
16343993.0
16355074.0
16366155.0
16377235.0
16388316.0
16399397.0
16410477.0
16421558.0
16432639.0
16443720.0
16454800.0
16465882.0
16476961.0
16488042.0
16499123.0
16510203.0
16521284.0
16532365.0
16543445.0
16554526.0
16565607.0
16576688.0
16587768.0
16598849.0
16609929.0
16621010.0
16632092.0
16643172.0
16654252.0
16665333.0
16676414.0
16687494.0
16698575.0
16709655.0
16720736.0
16731817.0
16742897.0
16753978.0
16765059.0
16776140.0
16787220.0
16798301.0
16809381.0
16820462.0
16831543.0
16842624.0
16853704.0
16864785.0
16875865.0
16886946.0
16898027.0
16909108.0
16920188.0
16931269.0
16942349.0
16953430.0
16964511.0
16975592.0
16986672.0
16997753.0
17008834.0
17019914.0
17030995.0
17042076.0
17053156.0
17064237.0
17075318.0
17086398.0
17097479.0
17108560.0
17119640.0
17130721.0
17141802.0
17152882.0
17163963.0
17175044.0
17186125.0
17197205.0
17208286.0
17219367.0
17230447.0
17241528.0
17252608.0
17263689.0
17274770.0
17285851.0
17296932.0
17308012.0
17319093.0
17330173.0
17341254.0
17352335.0
17363415.0
17374496.0
17385577.0
17396657.0
17407738.0
17418818.0
17429899.0
17440980.0
17452061.0
17463141.0
17474222.0
17485303.0
17496384.0
17507464.0
17518545.0
17529625.0
17540706.0
17551787.0
17562867.0
17573948.0
17585029.0
17596109.0
17607190.0
17618271.0
17629352.0
17640433.0
17651513.0
17662593.0
17673674.0
17684755.0
17695835.0
17706916.0
17717997.0
17729078.0
17740158.0
17751239.0
17762319.0
17773400.0
17784481.0
17795562.0
17806642.0
17817723.0
17828804.0
17839884.0
17850965.0
17862046.0
17873126.0
17884207.0
17895288.0
17906368.0
17917449.0
17928530.0
17939610.0
17950691.0
17961772.0
17972852.0
17983933.0
17995014.0
18006094.0
18017175.0
18028256.0
18039336.0
18050417.0
18061498.0
18072578.0
18083659.0
18094740.0
18105820.0
18116901.0
18127982.0
18139063.0
18150143.0
18161224.0
18172304.0
18183385.0
18194466.0
18205546.0
18216627.0
18227708.0
18238789.0
18249869.0
18260950.0
18272030.0
18283111.0
18294192.0
18305272.0
18316353.0
18327434.0
18338515.0
18349595.0
18360676.0
18371757.0
18382837.0
18393918.0
18404998.0
18416080.0
18427160.0
18438241.0
18449321.0
18460402.0
18471482.0
18482563.0
18493644.0
18504725.0
18515805.0
18526886.0
18537967.0
18549047.0
18560128.0
18571208.0
18582289.0
18593370.0
18604451.0
18615531.0
18626613.0
18637693.0
18648773.0
18659854.0
18670935.0
18682015.0
18693096.0
18704177.0
18715257.0
18726338.0
18737419.0
18748500.0
18759580.0
18770661.0
18781742.0
18792822.0
18803903.0
18814983.0
18826064.0
18837145.0
18848225.0
18859306.0
18870387.0
18881467.0
18892548.0
18903629.0
18914710.0
18925790.0
18936871.0
18947952.0
18959032.0
18970113.0
18981193.0
18992274.0
19003355.0
19014436.0
19025516.0
19036597.0
19047677.0
19058758.0
19069839.0
19080920.0
19092000.0
19103081.0
19114162.0
19125243.0
19136323.0
19147404.0
19158485.0
19169565.0
19180646.0
19191726.0
19202807.0
19213888.0
19224968.0
19236049.0
19247130.0
19258210.0
19269291.0
19280372.0
19291454.0
19302533.0
19313614.0
19324694.0
19335775.0
19346856.0
19357936.0
19369017.0
19380098.0
19391179.0
19402259.0
19413340.0
19424421.0
19435501.0
19446582.0
19457663.0
19468743.0
19479824.0
19490905.0
19501985.0
19513066.0
19524147.0
19535227.0
19546308.0
19557389.0
19568469.0
19579550.0
19590630.0
19601711.0
19612792.0
19623874.0
19634954.0
19646034.0
19657115.0
19668195.0
19679276.0
19690357.0
19701437.0
19712518.0
19723599.0
19734679.0
19745760.0
19756841.0
19767921.0
19779002.0
19790083.0
19801164.0
19812244.0
19823325.0
19834406.0
19845486.0
19856567.0
19867647.0
19878728.0
19889809.0
19900890.0
19911970.0
19923051.0
19934131.0
19945212.0
19956294.0
19967373.0
19978454.0
19989535.0
20000615.0
20011696.0
20022777.0
20033858.0
20044938.0
20056019.0
20067100.0
20078180.0
20089261.0
20100341.0
20111422.0
20122503.0
20133583.0
20144664.0
20155745.0
20166826.0
20177906.0
20188987.0
20200068.0
20211149.0
20222229.0
20233310.0
20244390.0
20255471.0
20266552.0
20277632.0
20288713.0
20299794.0
20310875.0
20321955.0
20333036.0
20344116.0
20355197.0
20366278.0
20377358.0
20388439.0
20399520.0
20410600.0
20421682.0
20432762.0
20443842.0
20454924.0
20466004.0
20477085.0
20488165.0
20499246.0
20510326.0
20521408.0
20532488.0
20543568.0
20554649.0
20565730.0
20576811.0
20587891.0
20598972.0
20610053.0
20621133.0
20632214.0
20643295.0
20654375.0
20665456.0
20676537.0
20687617.0
20698698.0
20709779.0
20720859.0
20731940.0
20743021.0
20754101.0
20765182.0
20776263.0
20787344.0
20798424.0
20809505.0
20820585.0
20831666.0
20842747.0
20853827.0
20864908.0
20875989.0
20887069.0
20898150.0
20909231.0
20920311.0
20931392.0
20942473.0
20953554.0
20964634.0
20975715.0
20986795.0
20997876.0
21008957.0
21020038.0
21031118.0
21042199.0
21053279.0
21064360.0
21075441.0
21086521.0
21097602.0
21108683.0
21119763.0
21130844.0
21141925.0
21153006.0
21164086.0
21175167.0
21186248.0
21197328.0
21208409.0
21219490.0
21230570.0
21241651.0
21252732.0
21263812.0
21274893.0
21285974.0
21297054.0
21308135.0
21319216.0
21330296.0
21341377.0
21352458.0
21363538.0
21374619.0
21385700.0
21396780.0
21407861.0
21418942.0
21430022.0
21441103.0
21452183.0
21463264.0
21474345.0
21485426.0
21496506.0
21507587.0
21518668.0
21529748.0
21540829.0
21551910.0
21562990.0
21574071.0
21585152.0
21596233.0
21607313.0
21618395.0
21629475.0
21640555.0
21651636.0
21662716.0
21673797.0
21684878.0
21695958.0
21707039.0
21718120.0
21729201.0
21740281.0
21751362.0
21762443.0
21773523.0
21784604.0
21795684.0
21806765.0
21817846.0
21828927.0
21840007.0
21851088.0
21862169.0
21873249.0
21884330.0
21895411.0
21906492.0
21917572.0
21928653.0
21939733.0
21950814.0
21961895.0
21972975.0
21984056.0
21995137.0
22006217.0
22017298.0
22028379.0
22039459.0
22050540.0
22061621.0
22072701.0
22083782.0
22094863.0
22105944.0
22117024.0
22128105.0
22139185.0
22150266.0
22161347.0
22172427.0
22183508.0
22194589.0
22205670.0
22216751.0
22227831.0
22238911.0
22249992.0
22261073.0
22272154.0
22283234.0
22294315.0
22305396.0
22316477.0
22327557.0
22338638.0
22349718.0
22360799.0
22371879.0
22382960.0
22394041.0
22405122.0
22416202.0
22427284.0
22438363.0
22449445.0
22460525.0
22471607.0
22482686.0
22493767.0
22504848.0
22515928.0
22527009.0
22538090.0
22549170.0
22560251.0
22571332.0
22582413.0
22593493.0
22604574.0
22615681.0
22626735.0
22637816.0
22648896.0
22659977.0
22671058.0
22682138.0
22693219.0
22704300.0
22715381.0
22726461.0
22737542.0
22748622.0
22759703.0
22770784.0
22781866.0
22792945.0
22804026.0
22815107.0
22826187.0
22837268.0
22848349.0
22859429.0
22870510.0
22881590.0
22892671.0
22903752.0
22914833.0
22925913.0
22936994.0
22948075.0
22959155.0
22970236.0
22981317.0
22992397.0
23003478.0
23014559.0
23025639.0
23036720.0
23047801.0
23058881.0
23069962.0
23081043.0
23092123.0
23103204.0
23114285.0
23125365.0
23136446.0
23147527.0
23158607.0
23169688.0
23180769.0
23191850.0
23202930.0
23214011.0
23225091.0
23236172.0
23247253.0
23258333.0
23269414.0
23280496.0
23291576.0
23302656.0
23313737.0
23324818.0
23335898.0
23346979.0
23358060.0
23369140.0
23380221.0
23391302.0
23402382.0
23413463.0
23424544.0
23435624.0
23446705.0
23457785.0
23468866.0
23479947.0
23491028.0
23502108.0
23513189.0
23524270.0
23535350.0
23546431.0
23557512.0
23568592.0
23579673.0
23590754.0
23601834.0
23612916.0
23623996.0
23635076.0
23646157.0
23657238.0
23668318.0
23679399.0
23690480.0
23701561.0
23712641.0
23723722.0
23734802.0
23745883.0
23756964.0
23768044.0
23779125.0
23790206.0
23801286.0
23812367.0
23823448.0
23834528.0
23845609.0
23856690.0
23867771.0
23878851.0
23889932.0
23901013.0
23912093.0
23923174.0
23934255.0
23945336.0
23956416.0
23967497.0
23978577.0
23989658.0
24000739.0
24011820.0
24022900.0
24033981.0
24045061.0
24056142.0
24067222.0
24078303.0
24089384.0
24100465.0
24111546.0
24122626.0
24133707.0
24144787.0
24155868.0
24166949.0
24178029.0
24189110.0
24200191.0
24211271.0
24222352.0
24233433.0
24244513.0
24255594.0
24266675.0
24277756.0
24288836.0
24299917.0
24310997.0
24322078.0
24333159.0
24344239.0
24355320.0
24366401.0
24377481.0
24388562.0
24399643.0
24410724.0
24421804.0
24432885.0
24443966.0
24455046.0
24466127.0
24477208.0
24488288.0
24499369.0
24510449.0
24521530.0
24532611.0
24543692.0
24554772.0
24565853.0
24576934.0
24588014.0
24599095.0
24610177.0
24621257.0
24632337.0
24643418.0
24654498.0
24665579.0
24676660.0
24687740.0
24698821.0
24709902.0
24720982.0
24732063.0
24743144.0
24754224.0
24765305.0
24776386.0
24787466.0
24798547.0
24809628.0
24820708.0
24831789.0
24842870.0
24853950.0
24865031.0
24876112.0
24887192.0
24898273.0
24909354.0
24920434.0
24931515.0
24942596.0
24953676.0
24964757.0
24975838.0
24986919.0
24997999.0
25009080.0
25020161.0
25031241.0
25042322.0
25053402.0
25064483.0
25075564.0
25086645.0
25097725.0
25108807.0
25119886.0
25130967.0
25142048.0
25153129.0
25164209.0
25175290.0
25186370.0
25197451.0
25208532.0
25219613.0
25230693.0
25241774.0
25252854.0
25263935.0
25275016.0
25286097.0
25297177.0
25308258.0
25319339.0
25330419.0
25341500.0
25352581.0
25363661.0
25374742.0
25385823.0
25396904.0
25407984.0
25419065.0
25430145.0
25441226.0
25452307.0
25463387.0
25474468.0
25485549.0
25496629.0
25507710.0
25518791.0
25529872.0
25540952.0
25552033.0
25563113.0
25574194.0
25585275.0
25596356.0
25607437.0
25618518.0
25629597.0
25640678.0
25651759.0
25662839.0
25673920.0
25685001.0
25696082.0
25707163.0
25718243.0
25729324.0
25740404.0
25751485.0
25762566.0
25773646.0
25784727.0
25795808.0
25806888.0
25817970.0
25829050.0
25840130.0
25851211.0
25862292.0
25873372.0
25884453.0
25895534.0
25906614.0
25917695.0
25928776.0
25939856.0
25950937.0
25962018.0
25973098.0
25984179.0
25995260.0
26006341.0
26017421.0
26028502.0
26039583.0
26050663.0
26061744.0
26072825.0
26083905.0
26094986.0
26106067.0
26117147.0
26128228.0
26139309.0
26150389.0
26161470.0
26172551.0
26183631.0
26194712.0
26205793.0
26216873.0
26227954.0
26239035.0
26250115.0
26261196.0
26272277.0
26283357.0
26294438.0
26305519.0
26316599.0
26327680.0
26338761.0
26349841.0
26360922.0
26372004.0
26383083.0
26394164.0
26405245.0
26416325.0
26427406.0
26438487.0
26449567.0
26460648.0
26471729.0
26482809.0
26493890.0
26504971.0
26516051.0
26527132.0
26538213.0
26549294.0
26560374.0
26571455.0
26582536.0
26593616.0
26604697.0
26615778.0
26626858.0
26637939.0
26649020.0
26660100.0
26671181.0
26682266.0
26693342.0
26704423.0
26715503.0
26726584.0
26737665.0
26748745.0
26759826.0
26770907.0
26781988.0
26793068.0
26804149.0
26815230.0
26826310.0
26837391.0
26848472.0
26859552.0
26870633.0
26881714.0
26892794.0
26903875.0
26914955.0
26926036.0
26937117.0
26948198.0
26959278.0
26970359.0
26981440.0
26992520.0
27003601.0
27014682.0
27025762.0
27036843.0
27047924.0
27059004.0
27070085.0
27081166.0
27092247.0
27103327.0
27114408.0
27125488.0
27136569.0
27147650.0
27158731.0
27169811.0
27180892.0
27191973.0
27203053.0
27214134.0
27225215.0
27236295.0
27247376.0
27258456.0
27269537.0
27280618.0
27291699.0
27302779.0
27313860.0
27324941.0
27336021.0
27347102.0
27358183.0
27369263.0
27380344.0
27391424.0
27402506.0
27413587.0
27424667.0
27435748.0
27446828.0
27457908.0
27468989.0
27480070.0
27491151.0
27502232.0
27513312.0
27524393.0
27535473.0
27546554.0
27557635.0
27568715.0
27579796.0
27590877.0
27601959.0
27613038.0
27624120.0
27635199.0
27646280.0
27657361.0
27668441.0
27679522.0
27690603.0
27701683.0
27712764.0
27723845.0
27734926.0
27746006.0
27757087.0
27768168.0
27779248.0
27790329.0
27801410.0
27812490.0
27823571.0
27834652.0
27845732.0
27856813.0
27867893.0
27878974.0
27890055.0
27901135.0
27912216.0
27923297.0
27934378.0
27945458.0
27956539.0
27967620.0
27978700.0
27989781.0
28000862.0
28011942.0
28023023.0
28034104.0
28045184.0
28056265.0
28067346.0
28078426.0
28089507.0
28100588.0
28111668.0
28122749.0
28133830.0
28144910.0
28155991.0
28167072.0
28178153.0
28189233.0
28200314.0
28211395.0
28222475.0
28233556.0
28244637.0
28255717.0
28266798.0
28277878.0
28288959.0
28300040.0
28311120.0
28322201.0
28333282.0
28344363.0
28355443.0
28366524.0
28377605.0
28388685.0
28399766.0
28410847.0
28421927.0
28433010.0
28444089.0
28455169.0
28466250.0
28477331.0
28488411.0
28499492.0
28510572.0
28521653.0
28532735.0
28543815.0
28554895.0
28565976.0
28577057.0
28588137.0
28599219.0
28610299.0
28621379.0
28632461.0
28643541.0
28654621.0
28665702.0
28676783.0
28687863.0
28698944.0
28710025.0
28721105.0
28732186.0
28743267.0
28754347.0
28765431.0
28776509.0
28787590.0
28798671.0
28809751.0
28820832.0
28831912.0
28842994.0
28854073.0
28865154.0
28876235.0
28887316.0
28898396.0
28909477.0
28920558.0
28931639.0
28942719.0
28953799.0
28964880.0
28975961.0
28987042.0
28998122.0
29009203.0
29020284.0
29031364.0
29042445.0
29053526.0
29064606.0
29075687.0
29086768.0
29097849.0
29108929.0
29120010.0
29131090.0
29142171.0
29153252.0
29164332.0
29175413.0
29186494.0
29197574.0
29208655.0
29219736.0
29230816.0
29241897.0
29252978.0
29264059.0
29275139.0
29286220.0
29297300.0
29308381.0
29319462.0
29330543.0
29341623.0
29352704.0
29363784.0
29374865.0
29385946.0
29397027.0
29408107.0
29419188.0
29430269.0
29441349.0
29452430.0
29463511.0
29474591.0
29485672.0
29496753.0
29507833.0
29518914.0
29529994.0
29541075.0
29552156.0
29563237.0
29574317.0
29585398.0
29596480.0
29607559.0
29618640.0
29629721.0
29640801.0
29651882.0
29662963.0
29674043.0
29685124.0
29696205.0
29707285.0
29718366.0
29729447.0
29740527.0
29751608.0
29762689.0
29773769.0
29784850.0
29795931.0
29807012.0
29818092.0
29829173.0
29840254.0
29851334.0
29862415.0
29873496.0
29884576.0
29895657.0
29906737.0
29917818.0
29928899.0
29939980.0
29951060.0
29962141.0
29973222.0
29984302.0
29995383.0
30006464.0
30017544.0
30028625.0
30039706.0
30050786.0
30061867.0
30072948.0
30084028.0
30095109.0
30106189.0
30117270.0
30128351.0
30139432.0
30150512.0
30161593.0
30172674.0
30183754.0
30194835.0
30205915.0
30216996.0
30228077.0
30239158.0
30250238.0
30261319.0
30272400.0
30283480.0
30294561.0
30305642.0
30316722.0
30327803.0
30338884.0
30349964.0
30361045.0
30372126.0
30383206.0
30394287.0
30405368.0
30416449.0
30427530.0
30438610.0
30449690.0
30460771.0
30471852.0
30482933.0
30494013.0
30505094.0
30516175.0
30527255.0
30538336.0
30549416.0
30560497.0
30571578.0
30582659.0
30593740.0
30604821.0
30615901.0
30626981.0
30638062.0
30649143.0
30660223.0
30671304.0
30682385.0
30693466.0
30704546.0
30715627.0
30726707.0
30737788.0
30748869.0
30759949.0
30771030.0
30782111.0
30793193.0
30804272.0
30815353.0
30826433.0
30837514.0
30848596.0
30859675.0
30870756.0
30881837.0
30892918.0
30903998.0
30915079.0
30926160.0
30937240.0
30948321.0
30959401.0
30970482.0
30981563.0
30992644.0
31003724.0
31014805.0
31025886.0
31036966.0
31048047.0
31059127.0
31070208.0
31081289.0
31092370.0
31103450.0
31114531.0
31125612.0
31136692.0
31147773.0
31158854.0
31169934.0
31181015.0
31192096.0
31203176.0
31214257.0
31225338.0
31236418.0
31247499.0
31258580.0
31269660.0
31280741.0
31291822.0
31302902.0
31313983.0
31325064.0
31336144.0
31347225.0
31358306.0
31369386.0
31380467.0
31391548.0
31402628.0
31413709.0
31424790.0
31435870.0
31446951.0
31458032.0
31469112.0
31480193.0
31491274.0
31502354.0
31513435.0
31524516.0
31535596.0
31546677.0
31557758.0
31568839.0
31579919.0
31591000.0
31602081.0
31613161.0
31624242.0
31635322.0
31646403.0
31657484.0
31668565.0
31679645.0
31690726.0
31701807.0
31712887.0
31723968.0
31735049.0
31746129.0
31757210.0
31768291.0
31779371.0
31790452.0
31801533.0
31812613.0
31823694.0
31834775.0
31845855.0
31856936.0
31868017.0
31879097.0
31890178.0
31901259.0
31912339.0
31923421.0
31934501.0
31945581.0
31956662.0
31967743.0
31978823.0
31989904.0
32000985.0
32012065.0
32023146.0
32034227.0
32045307.0
32056388.0
32067469.0
32078550.0
32089630.0
32100711.0
32111791.0
32122872.0
32133953.0
32145033.0
32156114.0
32167195.0
32178276.0
32189356.0
32200437.0
32211518.0
32222598.0
32233679.0
32244759.0
32255840.0
32266921.0
32278002.0
32289082.0
32300163.0
32311243.0
32322324.0
32333405.0
32344486.0
32355566.0
32366647.0
32377728.0
32388808.0
32399890.0
32410970.0
32422050.0
32433131.0
32444212.0
32455292.0
32466373.0
32477454.0
32488534.0
32499615.0
32510696.0
32521776.0
32532857.0
32543938.0
32555018.0
32566099.0
32577180.0
32588262.0
32599341.0
32610422.0
32621503.0
32632583.0
32643664.0
32654744.0
32665825.0
32676906.0
32687987.0
32699067.0
32710148.0
32721228.0
32732309.0
32743390.0
32754472.0
32765551.0
32776632.0
32787713.0
32798793.0
32809874.0
32820954.0
32832035.0
32843116.0
32854197.0
32865277.0
32876358.0
32887439.0
32898519.0
32909600.0
32920681.0
32931761.0
32942842.0
32953923.0
32965003.0
32976084.0
32987165.0
32998245.0
33009326.0
33020407.0
33031487.0
33042568.0
33053649.0
33064729.0
33075810.0
33086891.0
33097971.0
33109052.0
33120133.0
33131213.0
33142294.0
33153375.0
33164456.0
33175536.0
33186617.0
33197697.0
33208778.0
33219859.0
33230940.0
33242020.0
33253101.0
33264181.0
33275262.0
33286343.0
33297423.0
33308504.0
33319585.0
33330666.0
33341746.0
33352827.0
33363908.0
33374988.0
33386069.0
33397150.0
33408230.0
33419311.0
33430392.0
33441472.0
33452553.0
33463634.0
33474714.0
33485795.0
33496876.0
33507956.0
33519037.0
33530118.0
33541198.0
33552279.0
33563360.0
33574440.0
33585522.0
33596603.0
33607682.0
33618763.0
33629844.0
33640924.0
33652005.0
33663086.0
33674166.0
33685247.0
33696328.0
33707409.0
33718489.0
33729570.0
33740650.0
33751731.0
33762812.0
33773893.0
33784973.0
33796054.0
33807135.0
33818215.0
33829296.0
33840376.0
33851457.0
33862538.0
33873619.0
33884699.0
33895780.0
33906861.0
33917941.0
33929022.0
33940102.0
33951183.0
33962264.0
33973345.0
33984426.0
33995506.0
34006587.0
34017667.0
34028748.0
34039829.0
34050909.0
34061990.0
34073071.0
34084153.0
34095232.0
34106313.0
34117394.0
34128474.0
34139555.0
34150635.0
34161716.0
34172797.0
34183877.0
34194958.0
34206039.0
34217119.0
34228200.0
34239281.0
34250362.0
34261442.0
34272523.0
34283604.0
34294684.0
34305765.0
34316846.0
34327926.0
34339007.0
34350088.0
34361168.0
34372249.0
34383330.0
34394411.0
34405491.0
34416572.0
34427652.0
34438733.0
34449814.0
34460894.0
34471975.0
34483056.0
34494136.0
34505217.0
34516298.0
34527378.0
34538459.0
34549540.0
34560620.0
34571701.0
34582782.0
34593863.0
34604943.0
34616024.0
34627104.0
34638185.0
34649266.0
34660346.0
34671427.0
34682508.0
34693588.0
34704669.0
34715750.0
34726830.0
34737911.0
34748992.0
34760072.0
34771153.0
34782234.0
34793315.0
34804395.0
34815476.0
34826556.0
34837637.0
34848718.0
34859799.0
34870879.0
34881960.0
34893040.0
34904121.0
34915203.0
34926282.0
34937363.0
34948444.0
34959525.0
34970605.0
34981686.0
34992766.0
35003847.0
35014928.0
35026009.0
35037089.0
35048170.0
35059250.0
35070331.0
35081412.0
35092493.0
35103573.0
35114654.0
35125735.0
35136815.0
35147896.0
35158977.0
35170058.0
35181138.0
35192219.0
35203299.0
35214380.0
35225461.0
35236541.0
35247622.0
35258703.0
35269783.0
35280864.0
35291945.0
35303025.0
35314106.0
35325187.0
35336267.0
35347348.0
35358429.0
35369510.0
35380590.0
35391671.0
35402752.0
35413833.0
35424913.0
35435993.0
35447074.0
35458155.0
35469236.0
35480316.0
35491397.0
35502477.0
35513558.0
35524639.0
35535720.0
35546800.0
35557881.0
35568962.0
35580043.0
35591123.0
35602204.0
35613284.0
35624365.0
35635446.0
35646526.0
35657607.0
35668688.0
35679768.0
35690849.0
35701930.0
35713010.0
35724091.0
35735172.0
35746253.0
35757333.0
35768414.0
35779495.0
35790575.0
35801656.0
35812736.0
35823817.0
35834898.0
35845978.0
35857059.0
35868140.0
35879220.0
35890301.0
35901382.0
35912462.0
35923543.0
35934624.0
35945705.0
35956785.0
35967866.0
35978947.0
35990027.0
36001108.0
36012189.0
36023269.0
36034350.0
36045431.0
36056511.0
36067592.0
36078673.0
36089753.0
36100834.0
36111915.0
36122995.0
36134076.0
36145157.0
36156237.0
36167318.0
36178399.0
36189479.0
36200560.0
36211641.0
36222721.0
36233802.0
36244883.0
36255963.0
36267044.0
36278125.0
36289205.0
36300286.0
36311367.0
36322447.0
36333528.0
36344609.0
36355689.0
36366770.0
36377851.0
36388931.0
36400012.0
36411093.0
36422173.0
36433254.0
36444335.0
36455415.0
36466496.0
36477577.0
36488658.0
36499738.0
36510819.0
36521899.0
36532980.0
36544061.0
36555141.0
36566222.0
36577335.0
36588384.0
36599464.0
36610545.0
36621625.0
36632706.0
36643787.0
36654868.0
36665949.0
36677029.0
36688110.0
36699190.0
36710271.0
36721352.0
36732432.0
36743515.0
36754594.0
36765675.0
36776755.0
36787836.0
36798916.0
36809997.0
36821078.0
36832158.0
36843239.0
36854320.0
36865400.0
36876481.0
36887562.0
36898643.0
36909723.0
36920804.0
36931884.0
36942965.0
36954046.0
36965126.0
36976208.0
36987288.0
36998368.0
37009449.0
37020530.0
37031611.0
37042691.0
37053772.0
37064853.0
37075934.0
37087014.0
37098095.0
37109175.0
37120256.0
37131336.0
37142417.0
37153498.0
37164579.0
37175659.0
37186740.0
37197821.0
37208901.0
37219982.0
37231063.0
37242143.0
37253224.0
37264305.0
37275385.0
37286466.0
37297547.0
37308627.0
37319708.0
37330789.0
37341869.0
37352950.0
37364031.0
37375111.0
37386193.0
37397273.0
37408354.0
37419434.0
37430515.0
37441595.0
37452676.0
37463757.0
37474837.0
37485918.0
37496999.0
37508079.0
37519160.0
37530241.0
37541322.0
37552402.0
37563483.0
37574565.0
37585645.0
37596725.0
37607806.0
37618886.0
37629967.0
37641047.0
37652128.0
37663209.0
37674290.0
37685370.0
37696451.0
37707532.0
37718612.0
37729693.0
37740774.0
37751854.0
37762935.0
37774016.0
37785096.0
37796177.0
37807257.0
37818338.0
37829419.0
37840500.0
37851580.0
37862661.0
37873742.0
37884822.0
37895903.0
37906984.0
37918064.0
37929145.0
37940226.0
37951307.0
37962387.0
37973468.0
37984548.0
37995629.0
38006711.0
38017790.0
38028871.0
38039952.0
38051032.0
38062113.0
38073194.0
38084275.0
38095355.0
38106436.0
38117516.0
38128597.0
38139678.0
38150759.0
38161839.0
38172920.0
38184001.0
38195081.0
38206162.0
38217243.0
38228323.0
38239404.0
38250485.0
38261566.0
38272646.0
38283727.0
38294807.0
38305888.0
38316969.0
38328049.0
38339130.0
38350211.0
38361291.0
38372372.0
38383453.0
38394533.0
38405614.0
38416696.0
38427775.0
38438856.0
38449937.0
38461017.0
38472098.0
38483179.0
38494259.0
38505340.0
38516421.0
38527501.0
38538582.0
38549663.0
38560744.0
38571826.0
38582905.0
38593986.0
38605066.0
38616147.0
38627227.0
38638308.0
38649389.0
38660470.0
38671550.0
38682631.0
38693712.0
38704792.0
38715873.0
38726953.0
38738035.0
38749115.0
38760196.0
38771276.0
38782357.0
38793438.0
38804518.0
38815599.0
38826680.0
38837760.0
38848841.0
38859921.0
38871002.0
38882083.0
38893163.0
38904245.0
38915325.0
38926406.0
38937486.0
38948567.0
38959648.0
38970728.0
38981809.0
38992890.0
39003970.0
39015051.0
39026132.0
39037212.0
39048293.0
39059374.0
39070455.0
39081535.0
39092616.0
39103696.0
39114777.0
39125858.0
39136939.0
39148019.0
39159100.0
39170181.0
39181261.0
39192342.0
39203423.0
39214503.0
39225584.0
39236665.0
39247745.0
39258826.0
39269907.0
39280987.0
39292068.0
39303149.0
39314229.0
39325310.0
39336391.0
39347471.0
39358552.0
39369633.0
39380714.0
39391794.0
39402875.0
39413955.0
39425036.0
39436117.0
39447197.0
39458278.0
39469358.0
39480439.0
39491520.0
39502601.0
39513681.0
39524762.0
39535843.0
39546923.0
39558004.0
39569085.0
39580166.0
39591246.0
39602327.0
39613407.0
39624488.0
39635569.0
39646649.0
39657730.0
39668811.0
39679891.0
39690972.0
39702053.0
39713133.0
39724214.0
39735295.0
39746375.0
39757456.0
39768537.0
39779618.0
39790698.0
39801779.0
39812860.0
39823940.0
39835021.0
39846101.0
39857183.0
39868263.0
39879344.0
39890424.0
39901505.0
39912585.0
39923666.0
39934747.0
39945827.0
39956908.0
39967989.0
39979070.0
39990150.0
40001231.0
40012312.0
40023392.0
40034473.0
40045554.0
40056635.0
40067716.0
40078796.0
40089876.0
40100957.0
40112038.0
40123118.0
40134199.0
40145280.0
40156360.0
40167442.0
40178522.0
40189603.0
40200683.0
40211764.0
40222844.0
40233926.0
40245006.0
40256086.0
40267167.0
40278248.0
40289328.0
40300409.0
40311490.0
40322570.0
40333651.0
40344732.0
40355813.0
40366893.0
40377974.0
40389055.0
40400135.0
40411216.0
40422297.0
40433377.0
40444458.0
40455539.0
40466619.0
40477700.0
40488780.0
40499861.0
40510942.0
40522023.0
40533103.0
40544184.0
40555265.0
40566354.0
40577426.0
40588507.0
40599587.0
40610668.0
40621749.0
40632829.0
40643910.0
40654991.0
40666071.0
40677152.0
40688233.0
40699313.0
40710394.0
40721475.0
40732555.0
40743636.0
40754717.0
40765797.0
40776878.0
40787959.0
40799040.0
40810120.0
40821201.0
40832282.0
40843362.0
40854443.0
40865524.0
40876604.0
40887685.0
40898766.0
40909846.0
40920927.0
40932008.0
40943088.0
40954169.0
40965250.0
40976330.0
40987411.0
40998492.0
41009572.0
41020653.0
41031734.0
41042814.0
41053895.0
41064976.0
41076056.0
41087137.0
41098219.0
41109298.0
41120379.0
41131460.0
41142540.0
41153621.0
41164702.0
41175783.0
41186863.0
41197944.0
41209024.0
41220105.0
41231186.0
41242266.0
41253347.0
41264428.0
41275508.0
41286589.0
41297670.0
41308751.0
41319831.0
41330912.0
41341993.0
41353073.0
41364154.0
41375234.0
41386315.0
41397396.0
41408477.0
41419557.0
41430638.0
41441719.0
41452799.0
41463880.0
41474961.0
41486041.0
41497122.0
41508203.0
41519283.0
41530364.0
41541445.0
41552525.0
41563607.0
41574687.0
41585767.0
41596848.0
41607929.0
41619009.0
41630090.0
41641171.0
41652251.0
41663332.0
41674413.0
41685493.0
41696574.0
41707655.0
41718735.0
41729817.0
41740897.0
41751977.0
41763058.0
41774139.0
41785219.0
41796300.0
41807381.0
41818462.0
41829542.0
41840623.0
41851703.0
41862784.0
41873865.0
41884945.0
41896027.0
41907107.0
41918188.0
41929268.0
41940349.0
41951430.0
41962510.0
41973591.0
41984672.0
41995752.0
42006833.0
42017914.0
42028994.0
42040075.0
42051156.0
42062236.0
42073317.0
42084398.0
42095478.0
42106559.0
42117640.0
42128720.0
42139801.0
42150881.0
42161962.0
42173043.0
42184124.0
42195204.0
42206285.0
42217366.0
42228447.0
42239527.0
42250608.0
42261688.0
42272769.0
42283850.0
42294930.0
42306011.0
42317092.0
42328172.0
42339253.0
42350334.0
42361415.0
42372495.0
42383576.0
42394657.0
42405737.0
42416818.0
42427899.0
42438979.0
42450060.0
42461140.0
42472221.0
42483302.0
42494383.0
42505463.0
42516544.0
42527625.0
42538705.0
42549786.0
42560867.0
42571948.0
42583028.0
42594109.0
42605189.0
42616270.0
42627351.0
42638431.0
42649512.0
42660592.0
42671673.0
42682754.0
42693835.0
42704915.0
42715996.0
42727077.0
42738158.0
42749238.0
42760319.0
42771399.0
42782480.0
42793561.0
42804641.0
42815722.0
42826803.0
42837884.0
42848964.0
42860045.0
42871125.0
42882206.0
42893287.0
42904367.0
42915448.0
42926529.0
42937610.0
42948690.0
42959771.0
42970852.0
42981932.0
42993013.0
43004094.0
43015174.0
43026255.0
43037336.0
43048417.0
43059497.0
43070578.0
43081658.0
43092739.0
43103820.0
43114900.0
43125981.0
43137062.0
43148142.0
43159223.0
43170304.0
43181384.0
43192465.0
43203546.0
43214626.0
43225707.0
43236788.0
43247868.0
43258950.0
43270030.0
43281110.0
43292191.0
43303272.0
43314352.0
43325433.0
43336513.0
43347594.0
43358676.0
43369756.0
43380837.0
43391917.0
43402998.0
43414078.0
43425159.0
43436240.0
43447321.0
43458401.0
43469482.0
43480563.0
43491643.0
43502724.0
43513804.0
43524885.0
43535966.0
43547047.0
43558129.0
43569208.0
43580289.0
43591369.0
43602450.0
43613530.0
43624611.0
43635692.0
43646773.0
43657853.0
43668934.0
43680015.0
43691095.0
43702176.0
43713257.0
43724338.0
43735418.0
43746499.0
43757579.0
43768660.0
43779741.0
43790821.0
43801902.0
43812983.0
43824063.0
43835144.0
43846225.0
43857305.0
43868386.0
43879467.0
43890548.0
43901628.0
43912709.0
43923789.0
43934870.0
43945951.0
43957031.0
43968112.0
43979193.0
43990274.0
44001354.0
44012435.0
44023516.0
44034596.0
44045677.0
44056758.0
44067838.0
44078919.0
44090000.0
44101080.0
44112161.0
44123242.0
44134322.0
44145403.0
44156484.0
44167565.0
44178645.0
44189725.0
44200806.0
44211887.0
44222968.0
44234049.0
44245129.0
44256210.0
44267290.0
44278371.0
44289452.0
44300532.0
44311613.0
44322694.0
44333774.0
44344855.0
44355936.0
44367016.0
44378097.0
44389179.0
44400258.0
44411339.0
44422420.0
44433500.0
44444581.0
44455662.0
44466742.0
44477823.0
44488904.0
44499985.0
44511065.0
44522146.0
44533227.0
44544307.0
44555389.0
44566469.0
44577548.0
44588629.0
44599710.0
44610790.0
44621871.0
44632951.0
44644033.0
44655113.0
44666193.0
44677274.0
44688355.0
44699436.0
44710516.0
44721597.0
44732678.0
44743758.0
44754839.0
44765920.0
44777000.0
44788081.0
44799162.0
44810242.0
44821323.0
44832404.0
44843484.0
44854565.0
44865646.0
44876727.0
44887808.0
44898889.0
44909969.0
44921050.0
44932131.0
44943211.0
44954293.0
44965373.0
44976453.0
44987534.0
44998615.0
45009695.0
45020776.0
45031857.0
45042937.0
45054019.0
45065099.0
45076179.0
45087260.0
45098341.0
45109421.0
45120502.0
45131583.0
45142664.0
45153744.0
45164825.0
45175906.0
45186986.0
45198067.0
45209148.0
45220229.0
45231309.0
45242389.0
45253470.0
45264551.0
45275632.0
45286712.0
45297793.0
45308874.0
45319954.0
45331035.0
45342116.0
45353196.0
45364277.0
45375358.0
45386439.0
45397519.0
45408600.0
45419680.0
45430761.0
45441841.0
45452922.0
45464003.0
45475084.0
45486164.0
45497245.0
45508326.0
45519406.0
45530487.0
45541568.0
45552650.0
45563730.0
45574810.0
45585890.0
45596971.0
45608052.0
45619133.0
45630213.0
45641294.0
45652375.0
45663455.0
45674536.0
45685617.0
45696697.0
45707778.0
45718859.0
45729939.0
45741020.0
45752101.0
45763181.0
45774262.0
45785343.0
45796423.0
45807504.0
45818585.0
45829665.0
45840746.0
45851826.0
45862907.0
45873988.0
45885069.0
45896149.0
45907230.0
45918311.0
45929391.0
45940472.0
45951553.0
45962634.0
45973714.0
45984795.0
45995875.0
46006956.0
46018037.0
46029117.0
46040198.0
46051279.0
46062359.0
46073440.0
46084521.0
46095602.0
46106682.0
46117763.0
46128844.0
46139924.0
46151005.0
46162085.0
46173166.0
46184247.0
46195328.0
46206408.0
46217489.0
46228569.0
46239650.0
46250731.0
46261811.0
46272892.0
46283973.0
46295053.0
46306134.0
46317215.0
46328296.0
46339376.0
46350457.0
46361538.0
46372618.0
46383699.0
46394779.0
46405860.0
46416941.0
46428022.0
46439103.0
46450183.0
46461264.0
46472344.0
46483425.0
46494506.0
46505586.0
46516667.0
46527748.0
46538828.0
46549910.0
46560990.0
46572070.0
46583151.0
46594232.0
46605312.0
46616393.0
46627474.0
46638554.0
46649635.0
46660716.0
46671796.0
46682877.0
46693958.0
46705038.0
46716119.0
46727200.0
46738280.0
46749362.0
46760442.0
46771523.0
46782603.0
46793684.0
46804765.0
46815845.0
46826926.0
46838007.0
46849087.0
46860168.0
46871249.0
46882329.0
46893410.0
46904491.0
46915571.0
46926652.0
46937733.0
46948813.0
46959894.0
46970975.0
46982055.0
46993136.0
47004217.0
47015297.0
47026378.0
47037459.0
47048540.0
47059620.0
47070701.0
47081781.0
47092862.0
47103943.0
47115023.0
47126104.0
47137185.0
47148266.0
47159346.0
47170427.0
47181507.0
47192588.0
47203669.0
47214750.0
47225830.0
47236911.0
47247991.0
47259072.0
47270153.0
47281234.0
47292314.0
47303395.0
47314475.0
47325556.0
47336637.0
47347718.0
47358798.0
47369879.0
47380960.0
47392040.0
47403121.0
47414202.0
47425282.0
47436363.0
47447443.0
47458524.0
47469605.0
47480686.0
47491766.0
47502847.0
47513928.0
47525008.0
47536089.0
47547170.0
47558251.0
47569331.0
47580412.0
47591492.0
47602573.0
47613654.0
47624734.0
47635815.0
47646896.0
47657976.0
47669057.0
47680138.0
47691218.0
47702299.0
47713380.0
47724460.0
47735541.0
47746622.0
47757703.0
47768783.0
47779864.0
47790945.0
47802025.0
47813106.0
47824187.0
47835267.0
47846348.0
47857429.0
47868509.0
47879591.0
47890670.0
47901751.0
47912832.0
47923913.0
47934993.0
47946074.0
47957155.0
47968235.0
47979316.0
47990397.0
48001477.0
48012558.0
48023639.0
48034719.0
48045800.0
48056881.0
48067961.0
48079042.0
48090123.0
48101203.0
48112284.0
48123365.0
48134445.0
48145526.0
48156607.0
48167687.0
48178768.0
48189849.0
48200929.0
48212010.0
48223091.0
48234171.0
48245252.0
48256333.0
48267413.0
48278494.0
48289575.0
48300655.0
48311736.0
48322817.0
48333898.0
48344978.0
48356059.0
48367140.0
48378221.0
48389301.0
48400382.0
48411462.0
48422543.0
48433624.0
48444704.0
48455785.0
48466866.0
48477946.0
48489027.0
48500108.0
48511188.0
48522269.0
48533349.0
48544432.0
48555511.0
48566592.0
48577672.0
48588753.0
48599834.0
48610914.0
48621995.0
48633076.0
48644156.0
48655237.0
48666318.0
48677398.0
48688479.0
48699560.0
48710641.0
48721721.0
48732802.0
48743882.0
48754964.0
48766044.0
48777124.0
48788205.0
48799286.0
48810366.0
48821447.0
48832528.0
48843608.0
48854689.0
48865770.0
48876851.0
48887931.0
48899012.0
48910093.0
48921173.0
48932254.0
48943335.0
48954415.0
48965496.0
48976577.0
48987657.0
48998738.0
49009818.0
49020899.0
49031980.0
49043061.0
49054142.0
49065222.0
49076303.0
49087383.0
49098464.0
49109545.0
49120625.0
49131706.0
49142787.0
49153867.0
49164948.0
49176029.0
49187109.0
49198190.0
49209271.0
49220351.0
49231432.0
49242513.0
49253593.0
49264674.0
49275755.0
49286835.0
49297916.0
49308997.0
49320077.0
49331158.0
49342239.0
49353319.0
49364400.0
49375481.0
49386561.0
49397642.0
49408723.0
49419804.0
49430884.0
49441965.0
49453046.0
49464126.0
49475207.0
49486287.0
49497368.0
49508449.0
49519530.0
49530610.0
49541693.0
49552772.0
49563852.0
49574934.0
49586014.0
49597094.0
49608175.0
49619256.0
49630336.0
49641417.0
49652498.0
49663578.0
49674659.0
49685740.0
49696820.0
49707902.0
49718982.0
49730062.0
49741143.0
49752224.0
49763304.0
49774385.0
49785466.0
49796546.0
49807627.0
49818708.0
49829788.0
49840869.0
49851950.0
49863030.0
49874112.0
49885192.0
49896272.0
49907353.0
49918434.0
49929515.0
49940595.0
49951676.0
49962756.0
49973837.0
49984918.0
49995999.0
50007079.0
50018160.0
50029241.0
50040322.0
50051402.0
50062483.0
50073563.0
50084644.0
50095725.0
50106805.0
50117886.0
50128966.0
50140048.0
50151129.0
50162209.0
50173289.0
50184370.0
50195451.0
50206532.0
50217612.0
50228693.0
50239773.0
50250854.0
50261935.0
50273015.0
50284096.0
50295177.0
50306257.0
50317338.0
50328419.0
50339500.0
50350580.0
50361661.0
50372742.0
50383822.0
50394903.0
50405984.0
50417064.0
50428145.0
50439225.0
50450306.0
50461387.0
50472468.0
50483548.0
50494629.0
50505710.0
50516790.0
50527871.0
50538952.0
50550033.0
50561113.0
50572194.0
50583274.0
50594355.0
50605436.0
50616516.0
50627597.0
50638677.0
50649758.0
50660839.0
50671920.0
50683000.0
50694081.0
50705163.0
50716242.0
50727323.0
50738404.0
50749484.0
50760565.0
50771646.0
50782726.0
50793807.0
50804888.0
50815968.0
50827049.0
50838130.0
50849210.0
50860291.0
50871372.0
50882452.0
50893533.0
50904614.0
50915694.0
50926775.0
50937856.0
50948937.0
50960017.0
50971098.0
50982178.0
50993259.0
51004340.0
51015421.0
51026501.0
51037582.0
51048662.0
51059743.0
51070824.0
51081904.0
51092985.0
51104066.0
51115147.0
51126227.0
51137308.0
51148389.0
51159469.0
51170550.0
51181630.0
51192711.0
51203792.0
51214873.0
51225953.0
51237034.0
51248115.0
51259195.0
51270276.0
51281357.0
51292437.0
51303518.0
51314599.0
51325679.0
51336760.0
51347841.0
51358921.0
51370004.0
51381083.0
51392163.0
51403244.0
51414325.0
51425405.0
51436486.0
51447567.0
51458647.0
51469728.0
51480809.0
51491889.0
51502970.0
51514051.0
51525131.0
51536214.0
51547294.0
51558373.0
51569454.0
51580535.0
51591616.0
51602696.0
51613777.0
51624858.0
51635938.0
51647019.0
51658100.0
51669180.0
51680261.0
51691342.0
51702422.0
51713503.0
51724583.0
51735664.0
51746745.0
51757826.0
51768906.0
51779987.0
51791068.0
51802148.0
51813229.0
51824310.0
51835390.0
51846471.0
51857552.0
51868633.0
51879713.0
51890794.0
51901874.0
51912955.0
51924036.0
51935117.0
51946198.0
51957278.0
51968358.0
51979439.0
51990520.0
52001600.0
52012681.0
52023762.0
52034843.0
52045923.0
52057004.0
52068085.0
52079165.0
52090246.0
52101326.0
52112407.0
52123488.0
52134569.0
52145650.0
52156730.0
52167811.0
52178891.0
52189972.0
52201053.0
52212133.0
52223214.0
52234294.0
52245375.0
52256456.0
52267537.0
52278617.0
52289698.0
52300779.0
52311859.0
52322940.0
52334021.0
52345101.0
52356182.0
52367263.0
52378343.0
52389424.0
52400505.0
52411585.0
52422666.0
52433747.0
52444827.0
52455908.0
52466989.0
52478069.0
52489150.0
52500231.0
52511311.0
52522392.0
52533474.0
52544554.0
52555634.0
52566715.0
52577795.0
52588876.0
52599957.0
52611037.0
52622118.0
52633199.0
52644280.0
52655360.0
52666441.0
52677521.0
52688602.0
52699683.0
52710763.0
52721844.0
52732925.0
52744006.0
52755086.0
52766167.0
52777248.0
52788328.0
52799409.0
52810490.0
52821570.0
52832651.0
52843732.0
52854812.0
52865894.0
52876973.0
52888054.0
52899135.0
52910216.0
52921296.0
52932377.0
52943458.0
52954538.0
52965619.0
52976700.0
52987780.0
52998861.0
53009942.0
53021022.0
53032103.0
53043184.0
53054264.0
53065345.0
53076426.0
53087506.0
53098587.0
53109668.0
53120748.0
53131829.0
53142910.0
53153990.0
53165071.0
53176152.0
53187232.0
53198313.0
53209394.0
53220474.0
53231555.0
53242636.0
53253717.0
53264797.0
53275878.0
53286959.0
53298039.0
53309120.0
53320201.0
53331281.0
53342362.0
53353443.0
53364523.0
53375604.0
53386685.0
53397765.0
53408846.0
53419927.0
53431007.0
53442088.0
53453169.0
53464249.0
53475330.0
53486411.0
53497491.0
53508572.0
53519653.0
53530734.0
53541815.0
53552895.0
53563975.0
53575056.0
53586137.0
53597217.0
53608298.0
53619379.0
53630459.0
53641540.0
53652621.0
53663701.0
53674782.0
53685863.0
53696945.0
53708024.0
53719105.0
53730186.0
53741266.0
53752347.0
53763428.0
53774508.0
53785589.0
53796670.0
53807750.0
53818831.0
53829911.0
53840992.0
53852073.0
53863153.0
53874234.0
53885315.0
53896396.0
53907476.0
53918557.0
53929638.0
53940718.0
53951799.0
53962880.0
53973960.0
53985041.0
53996122.0
54007202.0
54018283.0
54029364.0
54040444.0
54051525.0
54062606.0
54073686.0
54084767.0
54095848.0
54106928.0
54118009.0
54129090.0
54140170.0
54151251.0
54162332.0
54173412.0
54184493.0
54195574.0
54206654.0
54217735.0
54228816.0
54239897.0
54250977.0
54262058.0
54273138.0
54284219.0
54295300.0
54306381.0
54317461.0
54328542.0
54339623.0
54350703.0
54361784.0
54372864.0
54383945.0
54395026.0
54406107.0
54417187.0
54428268.0
54439349.0
54450429.0
54461510.0
54472590.0
54483671.0
54494752.0
54505833.0
54516913.0
54527994.0
54539075.0
54550155.0
54561236.0
54572317.0
54583397.0
54594478.0
54605559.0
54616639.0
54627720.0
54638801.0
54649881.0
54660962.0
54672043.0
54683123.0
54694205.0
54705285.0
54716365.0
54727446.0
54738527.0
54749607.0
54760688.0
54771769.0
54782849.0
54793930.0
54805011.0
54816091.0
54827172.0
54838253.0
54849334.0
54860416.0
54871495.0
54882576.0
54893656.0
54904737.0
54915817.0
54926898.0
54937979.0
54949060.0
54960140.0
54971221.0
54982302.0
54993382.0
55004463.0
55015544.0
55026625.0
55037705.0
55048786.0
55059867.0
55070947.0
55082028.0
55093108.0
55104189.0
55115270.0
55126350.0
55137431.0
55148512.0
55159592.0
55170673.0
55181754.0
55192834.0
55203915.0
55214996.0
55226076.0
55237157.0
55248238.0
55259318.0
55270399.0
55281480.0
55292560.0
55303641.0
55314722.0
55325803.0
55336883.0
55347964.0
55359045.0
55370125.0
55381206.0
55392287.0
55403367.0
55414448.0
55425529.0
55436609.0
55447690.0
55458771.0
55469851.0
55480932.0
55492013.0
55503093.0
55514174.0
55525255.0
55536335.0
55547416.0
55558497.0
55569577.0
55580658.0
55591739.0
55602819.0
55613900.0
55624981.0
55636061.0
55647142.0
55658223.0
55669303.0
55680384.0
55691465.0
55702545.0
55713626.0
55724707.0
55735788.0
55746868.0
55757949.0
55769029.0
55780110.0
55791191.0
55802271.0
55813352.0
55824433.0
55835513.0
55846594.0
55857675.0
55868755.0
55879836.0
55890917.0
55901997.0
55913078.0
55924159.0
55935239.0
55946320.0
55957401.0
55968481.0
55979562.0
55990643.0
56001724.0
56012804.0
56023885.0
56034965.0
56046046.0
56057127.0
56068207.0
56079288.0
56090369.0
56101450.0
56112530.0
56123611.0
56134692.0
56145772.0
56156853.0
56167934.0
56179014.0
56190095.0
56201176.0
56212256.0
56223337.0
56234418.0
56245499.0
56256579.0
56267660.0
56278740.0
56289821.0
56300902.0
56311982.0
56323063.0
56334144.0
56345225.0
56356305.0
56367386.0
56378466.0
56389547.0
56400628.0
56411708.0
56422789.0
56433870.0
56444951.0
56456031.0
56467112.0
56478193.0
56489273.0
56500354.0
56511434.0
56522516.0
56533597.0
56544676.0
56555758.0
56566838.0
56577919.0
56588999.0
56600080.0
56611161.0
56622241.0
56633322.0
56644403.0
56655483.0
56666564.0
56677645.0
56688726.0
56699806.0
56710887.0
56721967.0
56733048.0
56744129.0
56755209.0
56766290.0
56777371.0
56788451.0
56799532.0
56810613.0
56821693.0
56832774.0
56843855.0
56854935.0
56866016.0
56877097.0
56888177.0
56899258.0
56910339.0
56921420.0
56932500.0
56943581.0
56954662.0
56965742.0
56976823.0
56987904.0
56998984.0
57010065.0
57021146.0
57032226.0
57043307.0
57054388.0
57065468.0
57076549.0
57087630.0
57098710.0
57109791.0
57120872.0
57131953.0
57143033.0
57154114.0
57165194.0
57176275.0
57187356.0
57198436.0
57209517.0
57220598.0
57231678.0
57242759.0
57253840.0
57264920.0
57276001.0
57287082.0
57298162.0
57309243.0
57320324.0
57331404.0
57342485.0
57353566.0
57364646.0
57375727.0
57386808.0
57397888.0
57408969.0
57420050.0
57431130.0
57442211.0
57453292.0
57464372.0
57475453.0
57486534.0
57497614.0
57508695.0
57519777.0
57530857.0
57541938.0
57553018.0
57564098.0
57575179.0
57586260.0
57597341.0
57608421.0
57619502.0
57630583.0
57641663.0
57652744.0
57663824.0
57674905.0
57685987.0
57697066.0
57708147.0
57719228.0
57730309.0
57741389.0
57752470.0
57763551.0
57774631.0
57785712.0
57796793.0
57807873.0
57818954.0
57830035.0
57841115.0
57852196.0
57863277.0
57874357.0
57885438.0
57896519.0
57907599.0
57918680.0
57929761.0
57940841.0
57951922.0
57963003.0
57974084.0
57985164.0
57996245.0
58007326.0
58018406.0
58029487.0
58040567.0
58051648.0
58062729.0
58073810.0
58084890.0
58095971.0
58107051.0
58118132.0
58129213.0
58140294.0
58151374.0
58162455.0
58173535.0
58184617.0
58195697.0
58206778.0
58217858.0
58228939.0
58240020.0
58251100.0
58262181.0
58273262.0
58284342.0
58295423.0
58306504.0
58317584.0
58328665.0
58339746.0
58350828.0
58361907.0
58372988.0
58384068.0
58395149.0
58406230.0
58417310.0
58428391.0
58439472.0
58450552.0
58461633.0
58472714.0
58483794.0
58494875.0
58505956.0
58517037.0
58528118.0
58539198.0
58550279.0
58561359.0
58572440.0
58583521.0
58594601.0
58605682.0
58616762.0
58627843.0
58638924.0
58650004.0
58661085.0
58672166.0
58683247.0
58694327.0
58705408.0
58716489.0
58727569.0
58738650.0
58749730.0
58760811.0
58771892.0
58782973.0
58794053.0
58805134.0
58816215.0
58827295.0
58838376.0
58849457.0
58860538.0
58871618.0
58882699.0
58893779.0
58904860.0
58915941.0
58927022.0
58938102.0
58949183.0
58960264.0
58971344.0
58982425.0
58993505.0
59004586.0
59015667.0
59026747.0
59037828.0
59048909.0
59059989.0
59071070.0
59082151.0
59093232.0
59104312.0
59115393.0
59126474.0
59137554.0
59148635.0
59159715.0
59170797.0
59181877.0
59192957.0
59204038.0
59215119.0
59226200.0
59237280.0
59248361.0
59259442.0
59270523.0
59281603.0
59292684.0
59303764.0
59314845.0
59325926.0
59337006.0
59348087.0
59359167.0
59370249.0
59381329.0
59392409.0
59403490.0
59414571.0
59425652.0
59436732.0
59447813.0
59458894.0
59469974.0
59481055.0
59492136.0
59503216.0
59514298.0
59525379.0
59536458.0
59547539.0
59558620.0
59569700.0
59580781.0
59591862.0
59602943.0
59614023.0
59625104.0
59636185.0
59647265.0
59658346.0
59669427.0
59680507.0
59691588.0
59702668.0
59713749.0
59724830.0
59735911.0
59746991.0
59758072.0
59769153.0
59780233.0
59791314.0
59802394.0
59813475.0
59824556.0
59835637.0
59846717.0
59857798.0
59868879.0
59879959.0
59891040.0
59902120.0
59913202.0
59924282.0
59935363.0
59946443.0
59957524.0
59968605.0
59979685.0
