5.0
12.0
7.0
3.0
11.0
1194.0
87.0
10.0
7.0
13.0
7.0
5.0
308.0
994.0
3.0
4.0
2.0
4.0
1.0
7.0
1181.0
126.0
4.0
7.0
6.0
5.0
5.0
279.0
1034.0
0.0
1.0
1.0
2.0
1.0
0.0
1171.0
151.0
8.0
7.0
6.0
8.0
8.0
238.0
1085.0
2.0
2.0
1.0
0.0
0.0
2.0
1123.0
191.0
11.0
4.0
4.0
6.0
10.0
197.0
1092.0
7.0
5.0
8.0
7.0
7.0
6.0
1069.0
212.0
8.0
8.0
8.0
8.0
17.0
161.0
1109.0
14.0
10.0
6.0
6.0
10.0
9.0
1024.0
258.0
6.0
7.0
9.0
10.0
12.0
143.0
1143.0
0.0
11.0
5.0
8.0
9.0
7.0
1000.0
291.0
11.0
8.0
9.0
14.0
10.0
101.0
1186.0
17.0
2.0
4.0
8.0
5.0
7.0
971.0
342.0
7.0
10.0
10.0
1.0
8.0
89.0
1133.0
102.0
3.0
5.0
2.0
3.0
0.0
928.0
394.0
9.0
9.0
8.0
6.0
3.0
64.0
1074.0
195.0
3.0
2.0
2.0
3.0
3.0
878.0
439.0
13.0
7.0
4.0
5.0
9.0
44.0
992.0
0.0
3.0
6.0
5.0
6.0
3.0
810.0
471.0
6.0
5.0
9.0
8.0
11.0
39.0
934.0
313.0
7.0
10.0
10.0
9.0
7.0
763.0
521.0
5.0
6.0
6.0
11.0
8.0
25.0
893.0
381.0
7.0
7.0
11.0
12.0
8.0
718.0
561.0
11.0
12.0
11.0
6.0
8.0
16.0
845.0
433.0
9.0
11.0
3.0
7.0
6.0
673.0
631.0
2.0
7.0
9.0
3.0
5.0
6.0
815.0
0.0
6.0
3.0
1.0
4.0
5.0
616.0
698.0
6.0
7.0
5.0
8.0
11.0
6.0
783.0
543.0
1.0
3.0
5.0
2.0
1.0
558.0
755.0
12.0
5.0
7.0
8.0
8.0
8.0
707.0
579.0
5.0
8.0
8.0
8.0
6.0
469.0
812.0
7.0
7.0
10.0
5.0
14.0
16.0
658.0
620.0
5.0
6.0
6.0
8.0
7.0
388.0
892.0
6.0
8.0
7.0
8.0
12.0
8.0
626.0
0.0
8.0
6.0
9.0
9.0
12.0
274.0
998.0
14.0
12.0
11.0
10.0
11.0
9.0
570.0
716.0
13.0
7.0
7.0
3.0
4.0
158.0
1127.0
15.0
8.0
7.0
4.0
5.0
7.0
525.0
776.0
6.0
4.0
5.0
6.0
3.0
92.0
1206.0
23.0
8.0
7.0
4.0
5.0
5.0
491.0
830.0
0.0
1.0
2.0
0.0
4.0
61.0
1221.0
26.0
5.0
11.0
5.0
14.0
11.0
435.0
0.0
9.0
8.0
6.0
5.0
8.0
38.0
1196.0
41.0
6.0
7.0
10.0
13.0
18.0
396.0
878.0
9.0
11.0
8.0
4.0
11.0
23.0
1196.0
63.0
9.0
4.0
6.0
5.0
4.0
369.0
904.0
5.0
5.0
5.0
8.0
4.0
13.0
1196.0
84.0
5.0
8.0
6.0
15.0
7.0
330.0
950.0
7.0
10.0
6.0
8.0
8.0
13.0
1169.0
110.0
10.0
8.0
16.0
14.0
8.0
279.0
0.0
10.0
6.0
5.0
5.0
4.0
9.0
1162.0
143.0
6.0
10.0
8.0
9.0
7.0
238.0
1073.0
3.0
2.0
2.0
3.0
4.0
6.0
1122.0
174.0
10.0
8.0
9.0
9.0
11.0
202.0
1076.0
8.0
4.0
8.0
8.0
4.0
7.0
1067.0
201.0
15.0
12.0
12.0
8.0
7.0
170.0
1100.0
8.0
9.0
4.0
6.0
9.0
9.0
1028.0
249.0
8.0
4.0
3.0
8.0
6.0
151.0
0.0
9.0
5.0
6.0
8.0
9.0
6.0
993.0
290.0
7.0
6.0
6.0
10.0
9.0
126.0
1153.0
10.0
8.0
7.0
6.0
5.0
7.0
959.0
323.0
10.0
13.0
8.0
10.0
12.0
89.0
1141.0
82.0
7.0
5.0
6.0
4.0
4.0
930.0
375.0
3.0
8.0
6.0
7.0
8.0
63.0
1079.0
177.0
5.0
2.0
5.0
6.0
5.0
883.0
414.0
2.0
6.0
11.0
9.0
10.0
52.0
0.0
249.0
5.0
7.0
7.0
8.0
6.0
818.0
461.0
6.0
7.0
9.0
9.0
13.0
40.0
940.0
306.0
10.0
8.0
11.0
9.0
5.0
770.0
513.0
11.0
10.0
4.0
8.0
9.0
25.0
895.0
363.0
5.0
3.0
8.0
7.0
8.0
724.0
562.0
6.0
9.0
6.0
8.0
11.0
20.0
848.0
419.0
3.0
11.0
11.0
12.0
11.0
679.0
605.0
10.0
11.0
11.0
8.0
10.0
10.0
0.0
484.0
5.0
6.0
8.0
2.0
2.0
626.0
681.0
5.0
10.0
5.0
6.0
5.0
5.0
784.0
532.0
5.0
2.0
5.0
5.0
4.0
563.0
741.0
8.0
5.0
8.0
7.0
7.0
6.0
708.0
583.0
8.0
4.0
10.0
9.0
8.0
490.0
796.0
13.0
9.0
8.0
8.0
10.0
9.0
664.0
615.0
6.0
7.0
2.0
10.0
3.0
400.0
877.0
9.0
3.0
3.0
6.0
7.0
6.0
0.0
651.0
8.0
8.0
8.0
6.0
7.0
296.0
984.0
8.0
6.0
8.0
10.0
6.0
10.0
585.0
697.0
6.0
5.0
1.0
5.0
5.0
176.0
1102.0
12.0
13.0
7.0
10.0
12.0
6.0
537.0
762.0
6.0
4.0
7.0
5.0
4.0
101.0
1200.0
13.0
5.0
5.0
4.0
8.0
5.0
494.0
820.0
4.0
3.0
4.0
2.0
3.0
63.0
1225.0
23.0
6.0
7.0
11.0
5.0
6.0
0.0
853.0
6.0
5.0
8.0
7.0
8.0
46.0
1211.0
35.0
10.0
7.0
8.0
7.0
5.0
400.0
879.0
6.0
6.0
10.0
12.0
8.0
33.0
1196.0
62.0
10.0
5.0
7.0
5.0
7.0
371.0
904.0
7.0
9.0
6.0
8.0
4.0
19.0
1189.0
72.0
7.0
4.0
10.0
7.0
6.0
328.0
951.0
6.0
2.0
5.0
8.0
9.0
14.0
1175.0
110.0
8.0
9.0
12.0
9.0
7.0
0.0
1019.0
4.0
4.0
5.0
4.0
5.0
15.0
1164.0
144.0
6.0
8.0
6.0
6.0
5.0
251.0
1066.0
5.0
3.0
3.0
2.0
6.0
6.0
1145.0
165.0
6.0
2.0
8.0
8.0
9.0
212.0
1093.0
6.0
3.0
5.0
5.0
8.0
4.0
1095.0
198.0
6.0
7.0
8.0
9.0
13.0
173.0
1105.0
9.0
10.0
8.0
9.0
9.0
4.0
1040.0
238.0
8.0
9.0
9.0
9.0
9.0
0.0
1122.0
8.0
8.0
6.0
7.0
4.0
4.0
1005.0
278.0
10.0
10.0
11.0
11.0
7.0
124.0
1161.0
8.0
7.0
1.0
3.0
3.0
8.0
974.0
321.0
5.0
7.0
10.0
8.0
5.0
92.0
1155.0
66.0
7.0
3.0
4.0
6.0
4.0
950.0
374.0
5.0
6.0
7.0
13.0
9.0
69.0
1111.0
164.0
2.0
4.0
5.0
5.0
6.0
908.0
438.0
6.0
7.0
5.0
8.0
8.0
0.0
1051.0
247.0
2.0
4.0
4.0
6.0
2.0
861.0
474.0
14.0
10.0
10.0
7.0
6.0
39.0
977.0
300.0
3.0
6.0
6.0
5.0
7.0
789.0
505.0
10.0
9.0
7.0
11.0
8.0
27.0
903.0
362.0
6.0
5.0
4.0
3.0
2.0
740.0
540.0
7.0
9.0
8.0
14.0
9.0
20.0
860.0
412.0
2.0
3.0
4.0
6.0
4.0
696.0
615.0
8.0
10.0
9.0
5.0
4.0
0.0
836.0
482.0
7.0
5.0
6.0
5.0
8.0
652.0
683.0
7.0
6.0
10.0
7.0
5.0
9.0
809.0
531.0
1.0
6.0
6.0
3.0
2.0
590.0
760.0
4.0
3.0
5.0
5.0
6.0
10.0
765.0
583.0
1.0
3.0
2.0
4.0
3.0
521.0
815.0
9.0
10.0
7.0
5.0
5.0
9.0
685.0
620.0
6.0
6.0
5.0
2.0
3.0
424.0
863.0
10.0
9.0
5.0
3.0
6.0
0.0
628.0
658.0
10.0
7.0
4.0
5.0
5.0
329.0
956.0
6.0
8.0
7.0
13.0
10.0
7.0
588.0
707.0
2.0
3.0
4.0
1.0
6.0
210.0
1097.0
12.0
3.0
8.0
8.0
6.0
6.0
554.0
774.0
7.0
6.0
4.0
6.0
9.0
107.0
1216.0
18.0
3.0
6.0
8.0
5.0
4.0
519.0
825.0
4.0
2.0
4.0
4.0
5.0
67.0
1267.0
28.0
5.0
13.0
14.0
13.0
0.0
478.0
878.0
3.0
3.0
6.0
3.0
5.0
44.0
1256.0
38.0
8.0
8.0
3.0
9.0
6.0
423.0
891.0
4.0
2.0
2.0
4.0
3.0
30.0
1208.0
59.0
9.0
7.0
6.0
5.0
3.0
371.0
915.0
5.0
7.0
6.0
5.0
6.0
20.0
1193.0
75.0
9.0
11.0
7.0
6.0
6.0
325.0
961.0
4.0
5.0
5.0
5.0
7.0
13.0
1204.0
101.0
8.0
11.0
10.0
6.0
0.0
294.0
1026.0
4.0
6.0
5.0
5.0
7.0
10.0
1194.0
138.0
7.0
6.0
6.0
7.0
7.0
268.0
1076.0
2.0
5.0
6.0
5.0
5.0
6.0
1180.0
175.0
9.0
6.0
5.0
8.0
11.0
233.0
1124.0
5.0
6.0
2.0
5.0
4.0
6.0
1131.0
202.0
10.0
16.0
7.0
9.0
9.0
183.0
1130.0
6.0
6.0
3.0
7.0
7.0
6.0
1063.0
226.0
13.0
12.0
9.0
5.0
0.0
150.0
1138.0
4.0
4.0
6.0
9.0
4.0
4.0
1016.0
266.0
5.0
10.0
12.0
4.0
10.0
120.0
1165.0
6.0
4.0
3.0
5.0
7.0
7.0
985.0
318.0
8.0
7.0
8.0
3.0
7.0
93.0
1177.0
49.0
3.0
3.0
1.0
4.0
11.0
963.0
365.0
12.0
8.0
7.0
11.0
4.0
74.0
1121.0
150.0
4.0
4.0
10.0
4.0
4.0
925.0
422.0
5.0
8.0
4.0
10.0
0.0
57.0
1069.0
237.0
3.0
3.0
9.0
6.0
8.0
864.0
468.0
9.0
9.0
6.0
6.0
5.0
36.0
988.0
291.0
4.0
5.0
3.0
4.0
7.0
796.0
494.0
10.0
7.0
8.0
8.0
9.0
31.0
916.0
351.0
4.0
7.0
9.0
10.0
6.0
748.0
540.0
5.0
7.0
8.0
6.0
7.0
18.0
872.0
403.0
7.0
6.0
6.0
1.0
3.0
704.0
592.0
5.0
7.0
10.0
8.0
0.0
9.0
837.0
465.0
3.0
2.0
4.0
4.0
5.0
656.0
668.0
5.0
7.0
7.0
9.0
8.0
10.0
811.0
522.0
6.0
6.0
6.0
4.0
4.0
596.0
749.0
9.0
7.0
11.0
6.0
11.0
10.0
779.0
575.0
7.0
2.0
5.0
9.0
10.0
531.0
806.0
9.0
7.0
11.0
10.0
8.0
5.0
698.0
616.0
2.0
6.0
6.0
5.0
7.0
440.0
848.0
9.0
6.0
10.0
6.0
0.0
8.0
635.0
648.0
5.0
3.0
6.0
9.0
4.0
344.0
941.0
6.0
8.0
8.0
8.0
4.0
7.0
594.0
699.0
7.0
9.0
6.0
6.0
4.0
225.0
1065.0
6.0
6.0
6.0
6.0
9.0
8.0
550.0
750.0
5.0
6.0
1.0
3.0
3.0
119.0
1188.0
17.0
6.0
4.0
9.0
9.0
8.0
519.0
809.0
4.0
4.0
3.0
4.0
3.0
79.0
1243.0
25.0
8.0
6.0
7.0
0.0
9.0
484.0
858.0
7.0
6.0
7.0
5.0
7.0
56.0
1242.0
35.0
7.0
11.0
6.0
10.0
6.0
420.0
880.0
4.0
4.0
6.0
5.0
8.0
32.0
1207.0
56.0
12.0
7.0
5.0
8.0
10.0
377.0
902.0
5.0
7.0
4.0
10.0
13.0
21.0
1196.0
76.0
11.0
3.0
2.0
7.0
7.0
342.0
933.0
7.0
9.0
8.0
8.0
9.0
12.0
1176.0
92.0
8.0
8.0
11.0
0.0
5.0
300.0
975.0
8.0
8.0
9.0
9.0
6.0
8.0
1173.0
117.0
9.0
9.0
10.0
7.0
7.0
253.0
1055.0
7.0
6.0
3.0
6.0
7.0
7.0
1167.0
161.0
8.0
7.0
6.0
2.0
8.0
233.0
1104.0
5.0
2.0
2.0
2.0
3.0
3.0
1124.0
191.0
10.0
11.0
10.0
10.0
12.0
189.0
1109.0
4.0
4.0
8.0
6.0
6.0
7.0
1063.0
222.0
4.0
4.0
10.0
0.0
2.0
156.0
1121.0
7.0
7.0
7.0
6.0
7.0
9.0
1020.0
266.0
5.0
8.0
8.0
10.0
9.0
130.0
1149.0
6.0
10.0
7.0
10.0
5.0
8.0
981.0
301.0
5.0
4.0
9.0
4.0
13.0
99.0
1160.0
32.0
8.0
6.0
7.0
8.0
8.0
958.0
344.0
12.0
11.0
11.0
8.0
7.0
74.0
1120.0
128.0
5.0
3.0
5.0
4.0
3.0
924.0
398.0
5.0
6.0
7.0
0.0
5.0
52.0
1070.0
218.0
6.0
3.0
2.0
3.0
2.0
869.0
450.0
7.0
7.0
10.0
5.0
2.0
40.0
987.0
282.0
4.0
3.0
7.0
7.0
8.0
807.0
482.0
9.0
5.0
6.0
9.0
7.0
31.0
920.0
343.0
8.0
7.0
6.0
11.0
7.0
758.0
523.0
9.0
8.0
6.0
5.0
10.0
23.0
872.0
389.0
4.0
4.0
10.0
7.0
6.0
700.0
581.0
7.0
7.0
8.0
0.0
8.0
19.0
825.0
452.0
5.0
8.0
7.0
4.0
9.0
661.0
636.0
5.0
9.0
6.0
13.0
11.0
14.0
806.0
510.0
6.0
2.0
6.0
7.0
7.0
607.0
725.0
10.0
9.0
8.0
8.0
8.0
6.0
768.0
571.0
6.0
4.0
4.0
3.0
2.0
536.0
786.0
10.0
5.0
10.0
7.0
10.0
5.0
707.0
609.0
4.0
4.0
5.0
4.0
3.0
459.0
838.0
5.0
4.0
8.0
0.0
6.0
12.0
645.0
642.0
4.0
7.0
9.0
7.0
10.0
360.0
920.0
4.0
4.0
8.0
11.0
11.0
8.0
600.0
683.0
8.0
7.0
6.0
7.0
4.0
240.0
1038.0
4.0
7.0
9.0
13.0
12.0
9.0
547.0
739.0
7.0
6.0
8.0
6.0
8.0
132.0
1165.0
13.0
7.0
13.0
7.0
10.0
7.0
516.0
810.0
3.0
4.0
6.0
6.0
7.0
78.0
1240.0
22.0
12.0
9.0
0.0
7.0
8.0
489.0
850.0
4.0
3.0
4.0
3.0
3.0
60.0
1238.0
39.0
10.0
9.0
8.0
6.0
5.0
434.0
883.0
2.0
4.0
4.0
1.0
8.0
31.0
1222.0
50.0
7.0
6.0
2.0
6.0
8.0
382.0
907.0
6.0
8.0
5.0
4.0
8.0
21.0
1202.0
66.0
11.0
6.0
9.0
8.0
5.0
348.0
933.0
8.0
6.0
5.0
8.0
7.0
14.0
1185.0
90.0
8.0
4.0
0.0
9.0
12.0
304.0
980.0
8.0
4.0
6.0
5.0
8.0
9.0
1182.0
118.0
10.0
10.0
10.0
10.0
10.0
271.0
1050.0
3.0
2.0
2.0
4.0
4.0
2.0
1174.0
155.0
9.0
11.0
7.0
5.0
8.0
237.0
1096.0
3.0
3.0
4.0
7.0
6.0
5.0
1135.0
190.0
3.0
5.0
6.0
6.0
7.0
200.0
1121.0
6.0
8.0
4.0
4.0
3.0
5.0
1085.0
220.0
7.0
10.0
0.0
6.0
2.0
163.0
1129.0
5.0
8.0
10.0
8.0
10.0
4.0
1034.0
249.0
7.0
7.0
5.0
7.0
9.0
122.0
1158.0
6.0
9.0
6.0
5.0
6.0
7.0
984.0
296.0
10.0
7.0
10.0
7.0
10.0
103.0
1160.0
28.0
4.0
6.0
8.0
4.0
7.0
962.0
341.0
7.0
11.0
9.0
9.0
6.0
73.0
1139.0
113.0
3.0
6.0
3.0
6.0
5.0
934.0
394.0
8.0
8.0
0.0
5.0
11.0
60.0
1083.0
203.0
3.0
4.0
4.0
0.0
3.0
886.0
460.0
8.0
9.0
9.0
6.0
8.0
46.0
1029.0
283.0
6.0
7.0
3.0
3.0
5.0
836.0
500.0
12.0
8.0
7.0
8.0
9.0
32.0
953.0
337.0
5.0
6.0
6.0
7.0
2.0
769.0
526.0
6.0
6.0
7.0
11.0
9.0
29.0
876.0
389.0
8.0
6.0
8.0
8.0
8.0
716.0
569.0
12.0
8.0
0.0
14.0
6.0
17.0
840.0
441.0
9.0
13.0
9.0
12.0
6.0
674.0
639.0
4.0
7.0
8.0
10.0
13.0
14.0
817.0
505.0
3.0
2.0
3.0
5.0
4.0
616.0
714.0
8.0
8.0
8.0
10.0
7.0
7.0
782.0
555.0
2.0
5.0
5.0
3.0
3.0
551.0
800.0
4.0
9.0
6.0
9.0
8.0
9.0
742.0
611.0
6.0
4.0
4.0
3.0
4.0
475.0
861.0
8.0
10.0
0.0
7.0
11.0
7.0
664.0
647.0
4.0
5.0
2.0
3.0
5.0
380.0
909.0
7.0
7.0
2.0
8.0
14.0
11.0
605.0
678.0
7.0
5.0
8.0
8.0
10.0
267.0
1011.0
8.0
10.0
9.0
12.0
7.0
12.0
562.0
732.0
5.0
5.0
5.0
4.0
8.0
151.0
1155.0
13.0
7.0
9.0
8.0
5.0
6.0
533.0
794.0
4.0
7.0
4.0
7.0
6.0
84.0
1239.0
22.0
8.0
0.0
3.0
7.0
8.0
498.0
847.0
1.0
0.0
3.0
4.0
5.0
54.0
1270.0
38.0
4.0
3.0
7.0
9.0
8.0
456.0
898.0
5.0
5.0
6.0
3.0
2.0
37.0
1256.0
45.0
8.0
10.0
10.0
8.0
7.0
399.0
915.0
1.0
3.0
4.0
2.0
6.0
27.0
1203.0
65.0
3.0
7.0
9.0
8.0
9.0
346.0
928.0
9.0
7.0
9.0
5.0
8.0
15.0
1180.0
88.0
11.0
0.0
11.0
9.0
7.0
309.0
979.0
8.0
8.0
4.0
4.0
7.0
12.0
1190.0
118.0
9.0
8.0
4.0
9.0
6.0
278.0
1043.0
7.0
6.0
8.0
8.0
4.0
4.0
1178.0
154.0
5.0
7.0
10.0
10.0
8.0
244.0
1095.0
2.0
4.0
3.0
4.0
4.0
5.0
1162.0
194.0
4.0
5.0
5.0
9.0
6.0
214.0
1136.0
6.0
5.0
3.0
2.0
3.0
5.0
1105.0
225.0
7.0
0.0
6.0
11.0
12.0
170.0
1143.0
5.0
9.0
8.0
7.0
10.0
9.0
1043.0
252.0
6.0
8.0
9.0
6.0
9.0
126.0
1156.0
12.0
7.0
9.0
8.0
7.0
3.0
994.0
285.0
6.0
7.0
10.0
11.0
7.0
110.0
1174.0
17.0
5.0
6.0
8.0
8.0
5.0
965.0
335.0
4.0
8.0
9.0
12.0
6.0
82.0
1145.0
93.0
6.0
9.0
4.0
3.0
4.0
938.0
392.0
5.0
0.0
10.0
11.0
9.0
59.0
1089.0
189.0
3.0
3.0
3.0
5.0
4.0
894.0
446.0
11.0
7.0
6.0
7.0
3.0
47.0
1039.0
268.0
6.0
4.0
3.0
2.0
2.0
843.0
483.0
10.0
8.0
12.0
12.0
8.0
34.0
955.0
324.0
6.0
7.0
4.0
6.0
2.0
779.0
513.0
5.0
6.0
13.0
7.0
5.0
22.0
892.0
375.0
11.0
8.0
6.0
7.0
8.0
723.0
560.0
10.0
0.0
9.0
14.0
7.0
18.0
851.0
426.0
10.0
13.0
8.0
2.0
7.0
676.0
622.0
9.0
11.0
4.0
7.0
9.0
13.0
820.0
487.0
5.0
5.0
6.0
5.0
6.0
631.0
688.0
7.0
11.0
6.0
5.0
6.0
8.0
787.0
539.0
4.0
2.0
2.0
5.0
3.0
564.0
776.0
6.0
5.0
5.0
7.0
7.0
6.0
747.0
603.0
5.0
4.0
1.0
2.0
5.0
494.0
840.0
7.0
0.0
4.0
12.0
11.0
3.0
669.0
638.0
6.0
3.0
3.0
7.0
9.0
404.0
890.0
7.0
2.0
5.0
6.0
8.0
12.0
617.0
668.0
9.0
6.0
10.0
9.0
8.0
286.0
988.0
8.0
6.0
5.0
10.0
6.0
5.0
572.0
718.0
7.0
3.0
7.0
7.0
3.0
166.0
1114.0
12.0
8.0
8.0
10.0
8.0
13.0
529.0
761.0
6.0
7.0
7.0
10.0
7.0
97.0
1204.0
20.0
0.0
6.0
6.0
6.0
8.0
496.0
828.0
4.0
6.0
5.0
3.0
5.0
64.0
1243.0
33.0
3.0
7.0
10.0
6.0
5.0
456.0
882.0
6.0
3.0
2.0
5.0
4.0
42.0
1246.0
41.0
8.0
11.0
7.0
11.0
13.0
399.0
901.0
9.0
5.0
9.0
8.0
9.0
27.0
1206.0
62.0
6.0
6.0
5.0
7.0
7.0
358.0
919.0
3.0
5.0
4.0
9.0
6.0
14.0
1186.0
79.0
0.0
8.0
8.0
6.0
7.0
319.0
954.0
3.0
6.0
6.0
6.0
4.0
10.0
1167.0
107.0
4.0
5.0
7.0
14.0
14.0
283.0
994.0
4.0
7.0
8.0
4.0
5.0
7.0
1152.0
134.0
9.0
6.0
13.0
16.0
7.0
245.0
1066.0
10.0
6.0
3.0
7.0
6.0
7.0
1150.0
175.0
7.0
8.0
6.0
5.0
4.0
217.0
1119.0
7.0
7.0
3.0
2.0
4.0
6.0
1106.0
210.0
0.0
12.0
12.0
11.0
9.0
173.0
1119.0
7.0
6.0
2.0
4.0
6.0
8.0
1039.0
238.0
3.0
2.0
8.0
7.0
3.0
141.0
1140.0
4.0
5.0
6.0
7.0
3.0
4.0
996.0
283.0
8.0
4.0
6.0
3.0
6.0
122.0
1151.0
14.0
6.0
5.0
4.0
8.0
8.0
957.0
318.0
9.0
6.0
7.0
9.0
10.0
94.0
1124.0
74.0
4.0
3.0
4.0
4.0
6.0
922.0
376.0
0.0
8.0
9.0
12.0
9.0
62.0
1086.0
172.0
10.0
12.0
9.0
6.0
8.0
906.0
419.0
11.0
10.0
8.0
5.0
6.0
46.0
1037.0
256.0
3.0
6.0
8.0
7.0
4.0
853.0
466.0
8.0
8.0
11.0
11.0
14.0
35.0
955.0
315.0
9.0
4.0
8.0
5.0
8.0
780.0
504.0
5.0
10.0
11.0
5.0
4.0
26.0
894.0
364.0
6.0
1.0
5.0
6.0
7.0
730.0
550.0
0.0
6.0
5.0
1.0
5.0
17.0
852.0
415.0
4.0
5.0
7.0
7.0
8.0
681.0
594.0
11.0
7.0
7.0
9.0
7.0
13.0
812.0
466.0
8.0
8.0
6.0
6.0
9.0
634.0
668.0
13.0
12.0
11.0
12.0
9.0
7.0
780.0
534.0
5.0
7.0
10.0
5.0
4.0
572.0
755.0
2.0
7.0
10.0
6.0
8.0
9.0
744.0
587.0
7.0
5.0
5.0
4.0
5.0
503.0
822.0
0.0
14.0
9.0
9.0
7.0
4.0
683.0
635.0
6.0
8.0
10.0
9.0
7.0
420.0
880.0
6.0
17.0
10.0
10.0
10.0
8.0
625.0
662.0
8.0
5.0
3.0
6.0
3.0
305.0
974.0
6.0
8.0
11.0
8.0
10.0
10.0
564.0
715.0
3.0
8.0
6.0
6.0
4.0
186.0
1088.0
5.0
9.0
5.0
8.0
12.0
10.0
527.0
756.0
5.0
5.0
5.0
5.0
5.0
99.0
1191.0
0.0
11.0
10.0
10.0
11.0
5.0
502.0
815.0
10.0
8.0
5.0
6.0
5.0
62.0
1243.0
26.0
5.0
7.0
8.0
6.0
7.0
461.0
870.0
4.0
7.0
7.0
9.0
5.0
46.0
1241.0
44.0
4.0
7.0
7.0
4.0
6.0
410.0
905.0
5.0
6.0
7.0
8.0
9.0
31.0
1222.0
62.0
12.0
7.0
7.0
9.0
8.0
365.0
917.0
7.0
6.0
7.0
6.0
4.0
18.0
1193.0
0.0
13.0
7.0
9.0
7.0
7.0
324.0
953.0
7.0
5.0
8.0
5.0
4.0
8.0
1176.0
95.0
6.0
4.0
6.0
10.0
9.0
286.0
995.0
3.0
3.0
3.0
3.0
6.0
5.0
1168.0
131.0
12.0
10.0
8.0
8.0
10.0
246.0
1065.0
6.0
7.0
9.0
5.0
4.0
4.0
1158.0
167.0
6.0
6.0
7.0
8.0
10.0
222.0
1113.0
4.0
4.0
6.0
8.0
7.0
6.0
1122.0
0.0
7.0
3.0
6.0
4.0
3.0
182.0
1150.0
3.0
3.0
5.0
7.0
3.0
3.0
1076.0
238.0
8.0
10.0
10.0
13.0
11.0
149.0
1144.0
7.0
8.0
4.0
5.0
4.0
3.0
1012.0
269.0
10.0
9.0
12.0
8.0
7.0
114.0
1162.0
8.0
2.0
6.0
8.0
4.0
4.0
968.0
311.0
5.0
4.0
6.0
9.0
6.0
100.0
1135.0
61.0
3.0
5.0
4.0
2.0
3.0
939.0
0.0
10.0
11.0
7.0
9.0
9.0
69.0
1098.0
159.0
4.0
5.0
9.0
3.0
5.0
913.0
410.0
11.0
8.0
7.0
7.0
8.0
42.0
1053.0
243.0
5.0
6.0
10.0
6.0
3.0
864.0
483.0
8.0
5.0
7.0
8.0
7.0
37.0
1008.0
310.0
2.0
5.0
6.0
4.0
8.0
815.0
517.0
7.0
5.0
9.0
5.0
5.0
24.0
924.0
360.0
6.0
7.0
4.0
5.0
3.0
748.0
0.0
10.0
11.0
4.0
10.0
10.0
12.0
869.0
408.0
4.0
5.0
7.0
5.0
7.0
699.0
590.0
9.0
7.0
6.0
9.0
10.0
16.0
815.0
463.0
6.0
7.0
7.0
9.0
7.0
644.0
662.0
9.0
5.0
10.0
11.0
15.0
13.0
803.0
515.0
11.0
9.0
4.0
6.0
6.0
587.0
745.0
5.0
9.0
12.0
8.0
12.0
6.0
759.0
579.0
12.0
6.0
6.0
3.0
6.0
522.0
0.0
5.0
6.0
9.0
12.0
8.0
10.0
721.0
635.0
6.0
4.0
5.0
3.0
5.0
433.0
902.0
9.0
10.0
8.0
11.0
12.0
7.0
640.0
671.0
10.0
5.0
6.0
7.0
4.0
331.0
951.0
7.0
6.0
6.0
10.0
6.0
4.0
586.0
696.0
7.0
8.0
6.0
5.0
7.0
210.0
1064.0
14.0
9.0
14.0
10.0
9.0
10.0
541.0
746.0
7.0
6.0
8.0
5.0
2.0
109.0
0.0
17.0
12.0
9.0
11.0
4.0
9.0
508.0
812.0
5.0
4.0
9.0
6.0
9.0
71.0
1243.0
26.0
7.0
5.0
15.0
10.0
6.0
474.0
866.0
7.0
9.0
6.0
7.0
2.0
49.0
1264.0
43.0
8.0
7.0
7.0
6.0
4.0
437.0
922.0
4.0
3.0
4.0
5.0
4.0
34.0
1249.0
52.0
8.0
6.0
11.0
12.0
12.0
375.0
933.0
6.0
3.0
6.0
6.0
4.0
15.0
0.0
76.0
9.0
7.0
9.0
9.0
6.0
331.0
953.0
8.0
5.0
6.0
8.0
9.0
14.0
1175.0
95.0
6.0
8.0
9.0
9.0
11.0
288.0
995.0
8.0
4.0
6.0
7.0
8.0
12.0
1179.0
127.0
6.0
10.0
4.0
9.0
10.0
260.0
1057.0
8.0
8.0
7.0
7.0
9.0
10.0
1161.0
165.0
7.0
9.0
7.0
7.0
10.0
224.0
1108.0
6.0
9.0
7.0
7.0
7.0
3.0
0.0
208.0
9.0
10.0
9.0
7.0
7.0
189.0
1158.0
5.0
5.0
2.0
6.0
7.0
5.0
1091.0
241.0
5.0
10.0
14.0
9.0
11.0
154.0
1152.0
2.0
4.0
7.0
5.0
6.0
4.0
1019.0
266.0
10.0
11.0
8.0
4.0
9.0
125.0
1155.0
5.0
4.0
7.0
6.0
5.0
6.0
975.0
298.0
8.0
9.0
6.0
14.0
10.0
101.0
1154.0
42.0
8.0
8.0
6.0
4.0
3.0
0.0
353.0
11.0
7.0
9.0
10.0
9.0
71.0
1104.0
144.0
7.0
6.0
5.0
8.0
8.0
911.0
408.0
7.0
11.0
9.0
7.0
9.0
50.0
1055.0
235.0
6.0
3.0
4.0
6.0
5.0
871.0
472.0
7.0
6.0
7.0
6.0
9.0
38.0
1018.0
303.0
2.0
3.0
5.0
6.0
3.0
821.0
507.0
10.0
10.0
6.0
9.0
11.0
28.0
933.0
353.0
8.0
8.0
3.0
6.0
5.0
0.0
536.0
12.0
6.0
9.0
7.0
7.0
18.0
873.0
399.0
7.0
2.0
4.0
3.0
3.0
699.0
582.0
3.0
6.0
12.0
6.0
9.0
10.0
830.0
449.0
5.0
7.0
7.0
5.0
5.0
652.0
631.0
6.0
7.0
7.0
9.0
9.0
12.0
782.0
502.0
4.0
5.0
6.0
8.0
5.0
593.0
711.0
5.0
4.0
5.0
6.0
11.0
13.0
750.0
563.0
6.0
9.0
6.0
7.0
8.0
0.0
796.0
2.0
5.0
4.0
2.0
3.0
5.0
706.0
616.0
4.0
6.0
7.0
6.0
6.0
449.0
852.0
11.0
13.0
10.0
10.0
11.0
17.0
641.0
643.0
3.0
6.0
6.0
6.0
8.0
350.0
928.0
11.0
8.0
8.0
14.0
8.0
16.0
594.0
683.0
6.0
9.0
5.0
5.0
4.0
225.0
1041.0
7.0
11.0
10.0
4.0
10.0
9.0
545.0
726.0
7.0
6.0
4.0
6.0
7.0
0.0
1149.0
11.0
6.0
9.0
8.0
10.0
13.0
508.0
772.0
6.0
3.0
10.0
5.0
3.0
74.0
1201.0
23.0
12.0
12.0
9.0
9.0
11.0
464.0
835.0
6.0
6.0
6.0
5.0
12.0
49.0
1228.0
32.0
9.0
5.0
10.0
9.0
5.0
428.0
887.0
7.0
7.0
7.0
6.0
11.0
29.0
1222.0
49.0
15.0
6.0
11.0
13.0
9.0
380.0
898.0
7.0
8.0
5.0
10.0
9.0
0.0
1186.0
73.0
17.0
14.0
11.0
11.0
9.0
337.0
928.0
5.0
8.0
14.0
8.0
9.0
15.0
1167.0
89.0
7.0
7.0
13.0
6.0
4.0
308.0
956.0
4.0
5.0
10.0
6.0
6.0
10.0
1144.0
123.0
8.0
7.0
6.0
7.0
8.0
279.0
992.0
6.0
6.0
7.0
5.0
11.0
11.0
1129.0
148.0
13.0
9.0
9.0
9.0
9.0
231.0
1060.0
3.0
5.0
6.0
4.0
8.0
0.0
1116.0
177.0
13.0
7.0
7.0
7.0
10.0
185.0
1118.0
9.0
9.0
6.0
9.0
6.0
9.0
1068.0
223.0
11.0
4.0
9.0
10.0
10.0
158.0
1119.0
4.0
8.0
10.0
3.0
7.0
6.0
1012.0
259.0
8.0
9.0
5.0
12.0
6.0
130.0
1134.0
3.0
7.0
8.0
6.0
6.0
9.0
964.0
299.0
4.0
8.0
7.0
8.0
4.0
112.0
1128.0
33.0
6.0
4.0
5.0
4.0
0.0
923.0
342.0
2.0
4.0
5.0
11.0
10.0
83.0
1082.0
112.0
6.0
10.0
8.0
10.0
11.0
890.0
381.0
9.0
6.0
9.0
15.0
10.0
51.0
1035.0
207.0
3.0
4.0
6.0
7.0
7.0
868.0
432.0
5.0
9.0
10.0
10.0
3.0
34.0
989.0
286.0
11.0
9.0
7.0
5.0
5.0
809.0
483.0
12.0
7.0
6.0
12.0
11.0
27.0
921.0
329.0
5.0
6.0
7.0
7.0
0.0
747.0
527.0
9.0
9.0
11.0
9.0
7.0
23.0
869.0
384.0
10.0
9.0
6.0
7.0
6.0
695.0
568.0
6.0
6.0
10.0
4.0
8.0
12.0
831.0
428.0
7.0
6.0
3.0
5.0
9.0
644.0
617.0
4.0
4.0
5.0
11.0
12.0
11.0
784.0
481.0
9.0
7.0
7.0
9.0
7.0
596.0
683.0
7.0
6.0
10.0
9.0
7.0
7.0
740.0
546.0
5.0
7.0
9.0
10.0
0.0
533.0
759.0
7.0
7.0
9.0
7.0
6.0
6.0
706.0
600.0
6.0
6.0
7.0
9.0
13.0
459.0
832.0
14.0
6.0
11.0
12.0
12.0
5.0
646.0
641.0
8.0
8.0
5.0
4.0
5.0
367.0
908.0
7.0
8.0
5.0
5.0
9.0
7.0
596.0
674.0
4.0
7.0
4.0
7.0
10.0
246.0
1017.0
8.0
6.0
9.0
9.0
10.0
7.0
561.0
705.0
9.0
5.0
7.0
5.0
0.0
138.0
1125.0
13.0
4.0
5.0
7.0
6.0
11.0
512.0
755.0
9.0
6.0
9.0
11.0
8.0
80.0
1182.0
26.0
10.0
10.0
9.0
6.0
7.0
472.0
818.0
6.0
8.0
4.0
4.0
5.0
52.0
1220.0
35.0
8.0
9.0
10.0
8.0
9.0
431.0
874.0
6.0
9.0
8.0
7.0
8.0
37.0
1218.0
50.0
8.0
8.0
8.0
10.0
15.0
383.0
905.0
6.0
2.0
1.0
1.0
0.0
25.0
1197.0
65.0
10.0
10.0
7.0
7.0
11.0
346.0
922.0
12.0
10.0
10.0
6.0
7.0
10.0
1170.0
94.0
13.0
9.0
12.0
7.0
6.0
311.0
954.0
4.0
5.0
9.0
4.0
7.0
5.0
1147.0
112.0
7.0
4.0
10.0
11.0
11.0
273.0
990.0
8.0
7.0
9.0
8.0
9.0
7.0
1133.0
144.0
10.0
8.0
10.0
13.0
13.0
233.0
1060.0
6.0
6.0
6.0
5.0
0.0
7.0
1120.0
180.0
6.0
8.0
11.0
11.0
7.0
197.0
1115.0
9.0
8.0
8.0
8.0
7.0
11.0
1087.0
216.0
5.0
4.0
6.0
10.0
11.0
160.0
1137.0
4.0
5.0
5.0
4.0
6.0
8.0
1041.0
251.0
13.0
14.0
6.0
9.0
9.0
131.0
1142.0
9.0
6.0
5.0
6.0
4.0
6.0
980.0
289.0
6.0
9.0
5.0
6.0
5.0
108.0
1139.0
22.0
8.0
5.0
4.0
0.0
3.0
931.0
331.0
7.0
5.0
6.0
7.0
8.0
85.0
1091.0
97.0
7.0
9.0
9.0
13.0
9.0
899.0
380.0
9.0
11.0
13.0
12.0
16.0
64.0
1048.0
193.0
5.0
1.0
5.0
2.0
7.0
875.0
426.0
13.0
15.0
9.0
8.0
6.0
41.0
1004.0
274.0
8.0
10.0
7.0
8.0
8.0
831.0
484.0
5.0
5.0
6.0
5.0
5.0
25.0
961.0
332.0
8.0
9.0
9.0
0.0
6.0
775.0
525.0
11.0
10.0
13.0
7.0
8.0
23.0
883.0
380.0
5.0
9.0
5.0
4.0
7.0
708.0
561.0
7.0
8.0
8.0
7.0
3.0
14.0
826.0
431.0
4.0
5.0
6.0
7.0
5.0
655.0
611.0
6.0
3.0
5.0
7.0
9.0
7.0
794.0
475.0
7.0
8.0
12.0
10.0
10.0
609.0
676.0
8.0
12.0
8.0
11.0
13.0
12.0
757.0
534.0
10.0
5.0
3.0
0.0
7.0
547.0
762.0
11.0
8.0
12.0
8.0
4.0
10.0
718.0
595.0
7.0
6.0
10.0
8.0
6.0
476.0
841.0
11.0
10.0
8.0
10.0
8.0
5.0
671.0
650.0
6.0
6.0
9.0
9.0
6.0
392.0
909.0
9.0
13.0
13.0
12.0
11.0
15.0
610.0
666.0
9.0
8.0
7.0
4.0
6.0
274.0
995.0
6.0
9.0
5.0
6.0
6.0
6.0
559.0
706.0
3.0
7.0
5.0
0.0
7.0
147.0
1113.0
11.0
6.0
11.0
9.0
10.0
9.0
520.0
752.0
9.0
7.0
8.0
7.0
7.0
89.0
1187.0
18.0
9.0
11.0
7.0
9.0
9.0
483.0
814.0
3.0
3.0
6.0
7.0
6.0
56.0
1216.0
35.0
11.0
6.0
12.0
12.0
8.0
439.0
870.0
10.0
8.0
8.0
8.0
7.0
40.0
1239.0
50.0
9.0
11.0
6.0
7.0
10.0
407.0
920.0
6.0
7.0
7.0
0.0
7.0
24.0
1218.0
63.0
6.0
13.0
7.0
11.0
7.0
349.0
931.0
7.0
5.0
7.0
8.0
4.0
14.0
1172.0
86.0
9.0
4.0
12.0
9.0
12.0
315.0
953.0
8.0
6.0
5.0
3.0
2.0
6.0
1153.0
109.0
11.0
9.0
3.0
8.0
5.0
274.0
996.0
5.0
6.0
8.0
7.0
5.0
8.0
1145.0
135.0
8.0
12.0
15.0
10.0
17.0
240.0
1051.0
6.0
7.0
4.0
0.0
3.0
6.0
1120.0
179.0
10.0
13.0
14.0
11.0
9.0
200.0
1108.0
5.0
7.0
9.0
8.0
6.0
8.0
1102.0
212.0
8.0
8.0
3.0
7.0
10.0
172.0
1149.0
6.0
8.0
8.0
6.0
5.0
7.0
1049.0
247.0
7.0
12.0
12.0
10.0
10.0
128.0
1141.0
8.0
9.0
9.0
3.0
6.0
7.0
978.0
281.0
8.0
6.0
7.0
11.0
11.0
104.0
1146.0
13.0
5.0
3.0
0.0
3.0
2.0
938.0
325.0
6.0
7.0
7.0
7.0
7.0
86.0
1108.0
75.0
3.0
5.0
2.0
4.0
7.0
904.0
371.0
8.0
13.0
11.0
9.0
8.0
66.0
1048.0
176.0
10.0
9.0
11.0
5.0
6.0
869.0
420.0
12.0
9.0
14.0
10.0
11.0
45.0
1010.0
255.0
9.0
9.0
4.0
6.0
8.0
834.0
474.0
8.0
9.0
8.0
7.0
7.0
29.0
976.0
325.0
8.0
8.0
0.0
6.0
6.0
779.0
521.0
15.0
13.0
9.0
13.0
10.0
24.0
887.0
367.0
7.0
8.0
4.0
7.0
7.0
717.0
549.0
5.0
4.0
12.0
10.0
6.0
18.0
837.0
414.0
5.0
3.0
5.0
2.0
5.0
664.0
603.0
8.0
8.0
4.0
2.0
5.0
13.0
797.0
466.0
2.0
4.0
5.0
6.0
4.0
609.0
660.0
8.0
12.0
11.0
7.0
10.0
11.0
752.0
524.0
5.0
7.0
0.0
6.0
7.0
549.0
739.0
8.0
8.0
13.0
10.0
7.0
9.0
722.0
576.0
10.0
10.0
10.0
7.0
7.0
486.0
819.0
10.0
6.0
7.0
9.0
5.0
6.0
674.0
639.0
6.0
16.0
9.0
5.0
8.0
408.0
891.0
14.0
14.0
11.0
12.0
14.0
12.0
616.0
659.0
7.0
3.0
8.0
6.0
7.0
290.0
971.0
7.0
6.0
8.0
8.0
6.0
10.0
570.0
698.0
1.0
3.0
0.0
5.0
2.0
169.0
1093.0
4.0
5.0
9.0
7.0
6.0
7.0
529.0
736.0
4.0
1.0
3.0
2.0
4.0
96.0
1161.0
13.0
8.0
6.0
5.0
5.0
4.0
480.0
787.0
5.0
3.0
4.0
4.0
7.0
63.0
1189.0
30.0
12.0
14.0
11.0
11.0
13.0
446.0
848.0
5.0
3.0
6.0
8.0
6.0
40.0
1219.0
49.0
13.0
11.0
10.0
8.0
9.0
400.0
904.0
8.0
11.0
0.0
8.0
10.0
24.0
1206.0
65.0
12.0
11.0
5.0
9.0
7.0
359.0
912.0
3.0
7.0
4.0
5.0
4.0
14.0
1170.0
81.0
12.0
12.0
9.0
8.0
7.0
319.0
943.0
4.0
6.0
7.0
1.0
1.0
9.0
1155.0
103.0
4.0
5.0
9.0
6.0
4.0
290.0
973.0
5.0
4.0
5.0
7.0
7.0
5.0
1132.0
132.0
4.0
3.0
6.0
3.0
9.0
252.0
1012.0
5.0
3.0
0.0
2.0
3.0
3.0
1101.0
173.0
13.0
5.0
8.0
10.0
6.0
212.0
1072.0
8.0
6.0
8.0
6.0
7.0
6.0
1093.0
206.0
13.0
17.0
11.0
13.0
8.0
177.0
1128.0
9.0
7.0
9.0
6.0
6.0
9.0
1049.0
236.0
9.0
15.0
14.0
14.0
14.0
147.0
1130.0
2.0
4.0
2.0
4.0
5.0
4.0
989.0
272.0
10.0
5.0
6.0
9.0
8.0
116.0
1138.0
9.0
3.0
0.0
10.0
7.0
5.0
951.0
311.0
7.0
2.0
2.0
6.0
4.0
98.0
1105.0
66.0
5.0
3.0
4.0
2.0
3.0
906.0
355.0
7.0
4.0
3.0
3.0
10.0
72.0
1044.0
154.0
5.0
5.0
3.0
5.0
4.0
871.0
409.0
6.0
9.0
9.0
14.0
7.0
54.0
1007.0
239.0
7.0
7.0
6.0
9.0
5.0
828.0
466.0
6.0
9.0
10.0
8.0
8.0
36.0
969.0
306.0
9.0
0.0
5.0
9.0
7.0
786.0
507.0
12.0
17.0
15.0
7.0
10.0
26.0
903.0
357.0
8.0
4.0
1.0
2.0
4.0
725.0
544.0
10.0
9.0
8.0
9.0
6.0
13.0
847.0
404.0
4.0
6.0
2.0
6.0
6.0
677.0
588.0
7.0
3.0
3.0
3.0
6.0
8.0
808.0
454.0
5.0
4.0
5.0
5.0
4.0
621.0
642.0
6.0
5.0
3.0
8.0
8.0
9.0
757.0
509.0
3.0
0.0
6.0
5.0
3.0
568.0
714.0
7.0
9.0
6.0
8.0
10.0
11.0
721.0
567.0
2.0
5.0
7.0
4.0
6.0
496.0
799.0
12.0
12.0
8.0
4.0
7.0
7.0
681.0
621.0
9.0
8.0
6.0
6.0
6.0
415.0
875.0
9.0
9.0
9.0
6.0
7.0
7.0
630.0
650.0
8.0
5.0
8.0
3.0
5.0
316.0
955.0
11.0
8.0
8.0
7.0
5.0
7.0
571.0
699.0
5.0
0.0
5.0
5.0
3.0
194.0
1066.0
8.0
2.0
1.0
5.0
6.0
5.0
528.0
733.0
2.0
1.0
2.0
0.0
2.0
101.0
1152.0
11.0
4.0
5.0
5.0
3.0
8.0
492.0
775.0
6.0
6.0
6.0
4.0
2.0
64.0
1193.0
23.0
14.0
8.0
8.0
10.0
10.0
446.0
838.0
4.0
4.0
6.0
4.0
4.0
41.0
1213.0
43.0
9.0
13.0
10.0
8.0
9.0
414.0
889.0
9.0
0.0
5.0
8.0
9.0
26.0
1217.0
57.0
10.0
12.0
8.0
10.0
8.0
370.0
920.0
3.0
3.0
3.0
4.0
7.0
13.0
1192.0
78.0
8.0
8.0
10.0
9.0
5.0
326.0
939.0
6.0
4.0
2.0
3.0
5.0
9.0
1156.0
100.0
6.0
5.0
4.0
3.0
5.0
291.0
969.0
4.0
3.0
4.0
0.0
2.0
5.0
1135.0
125.0
6.0
7.0
2.0
8.0
10.0
251.0
1012.0
2.0
0.0
4.0
4.0
3.0
3.0
1120.0
165.0
6.0
12.0
12.0
7.0
7.0
217.0
1073.0
5.0
2.0
3.0
5.0
4.0
3.0
1087.0
202.0
10.0
10.0
8.0
10.0
13.0
184.0
1118.0
8.0
8.0
9.0
6.0
5.0
5.0
1064.0
238.0
11.0
6.0
7.0
6.0
11.0
146.0
1151.0
11.0
12.0
8.0
8.0
6.0
5.0
1019.0
271.0
12.0
10.0
14.0
10.0
9.0
124.0
1150.0
7.0
0.0
5.0
6.0
4.0
4.0
963.0
308.0
5.0
9.0
5.0
6.0
5.0
91.0
1128.0
50.0
5.0
1.0
3.0
4.0
2.0
914.0
352.0
4.0
6.0
11.0
11.0
9.0
76.0
1054.0
144.0
1.0
3.0
2.0
5.0
4.0
880.0
398.0
8.0
11.0
9.0
10.0
6.0
51.0
1015.0
230.0
3.0
5.0
6.0
8.0
6.0
844.0
461.0
9.0
12.0
13.0
9.0
11.0
41.0
980.0
300.0
0.0
8.0
10.0
6.0
5.0
801.0
515.0
6.0
9.0
12.0
10.0
9.0
24.0
940.0
359.0
9.0
7.0
10.0
7.0
8.0
746.0
551.0
17.0
10.0
13.0
12.0
10.0
30.0
855.0
406.0
5.0
5.0
4.0
5.0
5.0
686.0
580.0
5.0
6.0
7.0
5.0
7.0
15.0
811.0
446.0
5.0
3.0
3.0
6.0
3.0
633.0
629.0
3.0
2.0
5.0
9.0
7.0
11.0
766.0
498.0
0.0
7.0
6.0
4.0
8.0
575.0
703.0
6.0
8.0
10.0
8.0
7.0
4.0
