1008342.0
1019423.0
1030504.0
1041584.0
1052665.0
1063746.0
1074826.0
1085907.0
1096988.0
1108068.0
1119149.0
1130230.0
1141310.0
1152391.0
1163472.0
1174553.0
1185633.0
1196714.0
1207794.0
1218875.0
1229956.0
1241036.0
1252117.0
1263198.0
1274279.0
1285360.0
1296440.0
1307521.0
1318601.0
1329682.0
1340763.0
1351843.0
1362924.0
1374004.0
1385085.0
1396166.0
1407247.0
1418327.0
1429408.0
1440489.0
1451570.0
1462650.0
1473731.0
1484812.0
1495892.0
1506974.0
1518053.0
1529134.0
1540215.0
1551295.0
1562376.0
1573456.0
1584537.0
1595618.0
1606698.0
1617779.0
1628860.0
1639941.0
1651021.0
1662102.0
1673183.0
1684264.0
1695344.0
1706425.0
1717505.0
1728586.0
1739667.0
1750747.0
1761828.0
1772909.0
1783990.0
1795070.0
1806151.0
1817231.0
1828312.0
1839393.0
1850473.0
1861554.0
1872635.0
1883716.0
1894796.0
1905877.0
1916958.0
1928038.0
1939119.0
1950199.0
1961280.0
1972361.0
1983441.0
1994522.0
2005603.0
2016684.0
2027764.0
2038845.0
2049926.0
2061006.0
2072087.0
2083168.0
2094248.0
2105329.0
2116410.0
2127490.0
2138571.0
2149652.0
2160732.0
2171813.0
2182894.0
2193974.0
2205055.0
2216136.0
2227217.0
2238297.0
2249378.0
2260458.0
2271539.0
2282620.0
2293700.0
2304781.0
2315862.0
2326943.0
2338023.0
2349104.0
2360185.0
2371265.0
2382346.0
2393427.0
2404507.0
2415588.0
2426668.0
2437749.0
2448830.0
2459910.0
2470991.0
2482072.0
2493153.0
2504233.0
2515314.0
2526395.0
2537476.0
2548556.0
2559637.0
2570717.0
2581798.0
2592879.0
2603959.0
2615040.0
2626121.0
2637201.0
2648282.0
2659363.0
2670444.0
2681525.0
2692605.0
2703685.0
2714766.0
2725847.0
2736927.0
2748008.0
2759089.0
2770169.0
2781250.0
2792331.0
2803411.0
2814492.0
2825573.0
2836653.0
2847734.0
2858815.0
2869896.0
2880976.0
2892057.0
2903138.0
2914218.0
2925299.0
2936380.0
2947460.0
2958541.0
2969621.0
2980702.0
2991783.0
3002865.0
3013944.0
3025025.0
3036106.0
3047186.0
3058267.0
3069348.0
3080428.0
3091509.0
3102590.0
3113670.0
3124751.0
3135832.0
3146912.0
3157993.0
3169073.0
3180154.0
3191235.0
3202316.0
3213396.0
3224477.0
3235558.0
3246638.0
3257719.0
3268800.0
3279881.0
3290961.0
3302042.0
3313122.0
3324203.0
3335284.0
3346364.0
3357445.0
3368526.0
3379606.0
3390687.0
3401768.0
3412848.0
3423929.0
3435010.0
3446090.0
3457171.0
3468252.0
3479333.0
3490413.0
3501494.0
3512575.0
3523655.0
3534736.0
3545817.0
3556897.0
3567978.0
3579059.0
3590139.0
3601220.0
3612300.0
3623381.0
3634462.0
3645542.0
3656623.0
3667705.0
3678785.0
3689866.0
3700946.0
3712026.0
3723107.0
3734188.0
3745269.0
3756349.0
3767430.0
3778511.0
3789591.0
3800672.0
3811753.0
3822833.0
3833914.0
3844995.0
3856075.0
3867156.0
3878237.0
3889318.0
3900398.0
3911479.0
3922559.0
3933640.0
3944721.0
3955801.0
3966882.0
3977963.0
3989043.0
4000124.0
4011205.0
4022286.0
4033366.0
4044447.0
4055527.0
4066608.0
4077689.0
4088770.0
4099850.0
4110931.0
4122012.0
4133092.0
4144173.0
4155254.0
4166334.0
4177415.0
4188496.0
4199576.0
4210657.0
4221738.0
4232818.0
4243899.0
4254979.0
4266060.0
4277141.0
4288222.0
4299302.0
4310383.0
4321464.0
4332544.0
4343625.0
4354705.0
4365787.0
4376867.0
4387948.0
4399028.0
4410109.0
4421190.0
4432270.0
4443351.0
4454432.0
4465512.0
4476594.0
4487674.0
4498754.0
4509835.0
4520916.0
4531996.0
4543077.0
4554158.0
4565238.0
4576319.0
4587400.0
4598481.0
4609561.0
4620642.0
4631723.0
4642804.0
4653884.0
4664966.0
4676045.0
4687126.0
4698207.0
4709287.0
4720368.0
4731449.0
4742529.0
4753610.0
4764691.0
4775771.0
4786852.0
4797932.0
4809013.0
4820094.0
4831174.0
4842255.0
4853336.0
4864417.0
4875498.0
4886578.0
4897659.0
4908739.0
4919820.0
4930901.0
4941981.0
4953062.0
4964143.0
4975223.0
4986304.0
4997385.0
5008465.0
5019546.0
5030627.0
5041707.0
5052788.0
5063869.0
5074949.0
5086030.0
5097111.0
5108191.0
5119272.0
5130353.0
5141434.0
5152514.0
5163595.0
5174676.0
5185756.0
5196837.0
5207917.0
5218998.0
5230079.0
5241159.0
5252240.0
5263321.0
5274402.0
5285482.0
5296563.0
5307644.0
5318724.0
5329805.0
5340885.0
5351966.0
5363047.0
5374128.0
5385208.0
5396289.0
5407370.0
5418450.0
5429531.0
5440612.0
5451692.0
5462773.0
5473854.0
5484934.0
5496015.0
5507096.0
5518176.0
5529257.0
5540337.0
5551418.0
5562499.0
5573580.0
5584660.0
5595741.0
5606822.0
5617902.0
5628983.0
5640063.0
5651144.0
5662226.0
5673306.0
5684386.0
5695467.0
5706548.0
5717629.0
5728719.0
5739790.0
5750870.0
5761951.0
5773032.0
5784113.0
5795193.0
5806274.0
5817355.0
5828436.0
5839516.0
5850596.0
5861677.0
5872758.0
5883839.0
5894919.0
5906000.0
5917081.0
5928161.0
5939242.0
5950323.0
5961403.0
5972484.0
5983564.0
5994645.0
6005726.0
6016807.0
6027887.0
6038968.0
6050049.0
6061129.0
6072210.0
6083291.0
6094371.0
6105452.0
6116533.0
6127613.0
6138694.0
6149775.0
6160855.0
6171936.0
6183017.0
6194097.0
6205178.0
6216259.0
6227339.0
6238420.0
6249501.0
6260582.0
6271663.0
6282743.0
6293823.0
6304904.0
6315985.0
6327065.0
6338146.0
6349227.0
6360308.0
6371388.0
6382469.0
6393550.0
6404630.0
6415711.0
6426792.0
6437872.0
6448953.0
6460034.0
6471115.0
6482195.0
6493275.0
6504356.0
6515437.0
6526518.0
6537598.0
6548680.0
6559760.0
6570840.0
6581921.0
6593002.0
6604082.0
6615163.0
6626244.0
6637324.0
6648405.0
6659487.0
6670567.0
6681647.0
6692728.0
6703808.0
6714889.0
6725970.0
6737050.0
6748131.0
6759212.0
6770292.0
6781373.0
6792454.0
6803534.0
6814615.0
6825696.0
6836776.0
6847857.0
6858939.0
6870019.0
6881099.0
6892180.0
6903260.0
6914341.0
6925422.0
6936503.0
6947583.0
6958664.0
6969745.0
6980825.0
6991906.0
7002987.0
7014067.0
7025148.0
7036228.0
7047309.0
7058390.0
7069471.0
7080552.0
7091632.0
7102713.0
7113793.0
7124874.0
7135954.0
7147035.0
7158116.0
7169197.0
7180277.0
7191358.0
7202439.0
7213519.0
7224600.0
7235681.0
7246761.0
7257842.0
7268923.0
7280003.0
7291084.0
7302165.0
7313245.0
7324326.0
7335407.0
7346487.0
7357568.0
7368649.0
7379730.0
7390810.0
7401891.0
7412972.0
7424052.0
7435133.0
7446213.0
7457294.0
7468375.0
7479455.0
7490536.0
7501617.0
7512698.0
7523778.0
7534859.0
7545940.0
7557020.0
7568101.0
7579181.0
7590262.0
7601343.0
7612424.0
7623504.0
7634585.0
7645666.0
7656747.0
7667828.0
7678907.0
7689988.0
7701069.0
7712150.0
7723230.0
7734311.0
7745392.0
7756472.0
7767553.0
7778634.0
7789714.0
7800795.0
7811876.0
7822956.0
7834037.0
7845118.0
7856198.0
7867279.0
7878360.0
7889440.0
7900521.0
7911602.0
7922682.0
7933763.0
7944844.0
7955924.0
7967005.0
7978086.0
7989167.0
8000247.0
8011328.0
8022409.0
8033489.0
8044570.0
8055650.0
8066731.0
8077812.0
8088892.0
8099973.0
8111054.0
8122134.0
8133215.0
8144296.0
8155376.0
8166457.0
8177538.0
8188619.0
8199699.0
8210780.0
8221861.0
8232941.0
8244022.0
8255103.0
8266183.0
8277264.0
8288345.0
8299425.0
8310506.0
8321586.0
8332667.0
8343748.0
8354829.0
8365909.0
8376990.0
8388071.0
8399151.0
8410232.0
8421313.0
8432393.0
8443474.0
8454556.0
8465636.0
8476716.0
8487797.0
8498878.0
8509958.0
8521039.0
8532119.0
8543200.0
8554281.0
8565361.0
8576442.0
8587523.0
8598604.0
8609684.0
8620765.0
8631845.0
8642926.0
8654008.0
8665088.0
8676169.0
8687249.0
8698330.0
8709410.0
8720491.0
8731571.0
8742652.0
8753733.0
8764814.0
8775894.0
8786975.0
8798056.0
8809136.0
8820217.0
8831298.0
8842378.0
8853459.0
8864540.0
8875620.0
8886701.0
8897782.0
8908863.0
8919943.0
8931024.0
8942104.0
8953185.0
8964266.0
8975346.0
8986427.0
8997508.0
9008588.0
9019672.0
9030750.0
9041831.0
9052914.0
9063992.0
9075072.0
9086153.0
9097234.0
9108314.0
9119395.0
9130476.0
9141556.0
9152637.0
9163718.0
9174798.0
9185879.0
9196960.0
9208041.0
9219121.0
9230202.0
9241283.0
9252363.0
9263444.0
9274525.0
9285605.0
9296686.0
9307767.0
9318848.0
9329928.0
9341009.0
9352089.0
9363170.0
9374251.0
9385331.0
9396412.0
9407493.0
9418573.0
9429654.0
9440735.0
9451815.0
9462897.0
9473977.0
9485057.0
9496138.0
9507219.0
9518299.0
9529380.0
9540461.0
9551541.0
9562622.0
9573703.0
9584783.0
9595864.0
9606945.0
9618025.0
9629106.0
9640187.0
9651269.0
9662349.0
9673429.0
9684509.0
9695590.0
9706671.0
9717751.0
9728832.0
9739913.0
9750994.0
9762074.0
9773155.0
9784235.0
9795316.0
9806397.0
9817478.0
9828558.0
9839639.0
9850720.0
9861800.0
9872881.0
9883961.0
9895042.0
9906123.0
9917204.0
9928284.0
9939365.0
9950446.0
9961526.0
9972607.0
9983688.0
9994768.0
10005849.0
10016930.0
10028010.0
10039091.0
10050172.0
10061253.0
10072333.0
10083414.0
10094494.0
10105575.0
10116656.0
10127736.0
10138817.0
10149899.0
10160978.0
10172059.0
10183140.0
10194220.0
10205301.0
10216382.0
10227462.0
10238543.0
10249624.0
10260705.0
10271785.0
10282866.0
10293946.0
10305027.0
10316108.0
10327188.0
10338269.0
10349350.0
10360431.0
10371511.0
10382592.0
10393673.0
10404753.0
10415834.0
10426914.0
10437995.0
10449076.0
10460157.0
10471238.0
10482318.0
10493399.0
10504479.0
10515560.0
10526640.0
10537721.0
10548802.0
10559883.0
10570964.0
10582044.0
10593125.0
10604205.0
10615286.0
10626367.0
10637447.0
10648529.0
10659609.0
10670690.0
10681770.0
10692851.0
10703931.0
10715012.0
10726093.0
10737173.0
10748254.0
10759334.0
10770415.0
10781496.0
10792577.0
10803657.0
10814739.0
10825819.0
10836900.0
10847980.0
10859061.0
10870142.0
10881222.0
10892303.0
10903384.0
10914464.0
10925545.0
10936625.0
10947706.0
10958787.0
10969867.0
10980948.0
10992029.0
11003110.0
11014190.0
11025271.0
11036351.0
11047432.0
11058513.0
11069593.0
11080674.0
11091755.0
11102836.0
11113916.0
11124997.0
11136078.0
11147158.0
11158239.0
11169320.0
11180400.0
11191481.0
11202562.0
11213642.0
11224723.0
11235804.0
11246884.0
11257965.0
11269046.0
11280126.0
11291207.0
11302288.0
11313368.0
11324450.0
11335530.0
11346610.0
11357691.0
11368772.0
11379853.0
11390933.0
11402014.0
11413095.0
11424175.0
11435256.0
11446337.0
11457418.0
11468498.0
11479579.0
11490659.0
11501740.0
11512821.0
11523901.0
11534982.0
11546062.0
11557143.0
11568224.0
11579305.0
11590385.0
11601466.0
11612547.0
11623627.0
11634708.0
11645790.0
11656870.0
11667950.0
11679031.0
11690111.0
11701192.0
11712273.0
11723353.0
11734434.0
11745514.0
11756595.0
11767676.0
11778757.0
11789837.0
11800918.0
11811999.0
11823079.0
11834160.0
11845241.0
11856322.0
11867402.0
11878483.0
11889563.0
11900644.0
11911725.0
11922805.0
11933886.0
11944967.0
11956048.0
11967128.0
11978209.0
11989289.0
12000370.0
12011451.0
12022531.0
12033612.0
12044693.0
12055774.0
12066854.0
12077935.0
12089016.0
12100096.0
12111177.0
12122258.0
12133338.0
12144419.0
12155499.0
12166580.0
12177661.0
12188742.0
12199822.0
12210903.0
12221983.0
12233064.0
12244145.0
12255226.0
12266306.0
12277387.0
12288468.0
12299549.0
12310629.0
12321710.0
12332790.0
12343871.0
12354952.0
12366032.0
12377113.0
12388194.0
12399274.0
12410355.0
12421436.0
12432516.0
12443597.0
12454678.0
12465758.0
12476839.0
12487920.0
12499000.0
12510081.0
12521162.0
12532243.0
12543323.0
12554404.0
12565484.0
12576565.0
12587646.0
12598727.0
12609807.0
12620888.0
12631969.0
12643050.0
12654130.0
12665210.0
12676291.0
12687372.0
12698453.0
12709533.0
12720614.0
12731695.0
12742775.0
12753856.0
12764937.0
12776017.0
12787098.0
12798179.0
12809260.0
12820340.0
12831421.0
12842501.0
12853582.0
12864663.0
12875743.0
12886824.0
12897905.0
12908985.0
12920066.0
12931147.0
12942227.0
12953308.0
12964389.0
12975469.0
12986550.0
12997631.0
13008711.0
13019792.0
13030873.0
13041953.0
13053034.0
13064115.0
13075195.0
13086276.0
13097357.0
13108438.0
13119518.0
13130599.0
13141680.0
13152760.0
13163841.0
13174921.0
13186002.0
13197083.0
13208164.0
13219244.0
13230325.0
13241406.0
13252486.0
13263567.0
13274648.0
13285728.0
13296809.0
13307890.0
13318970.0
13330051.0
13341132.0
13352212.0
13363293.0
13374374.0
13385454.0
13396535.0
13407616.0
13418696.0
13429777.0
13440858.0
13451939.0
13463019.0
13474100.0
13485180.0
13496261.0
13507342.0
13518422.0
13529503.0
13540584.0
13551664.0
13562745.0
13573826.0
13584906.0
13595987.0
13607068.0
13618148.0
13629229.0
13640312.0
13651391.0
13662471.0
13673552.0
13684633.0
13695713.0
13706794.0
13717875.0
13728955.0
13740037.0
13751117.0
13762197.0
13773278.0
13784359.0
13795439.0
13806520.0
13817600.0
13828681.0
13839763.0
13850843.0
13861924.0
13873004.0
13884085.0
13895165.0
13906246.0
13917326.0
13928407.0
13939488.0
13950569.0
13961649.0
13972730.0
13983811.0
13994891.0
14005972.0
14017053.0
14028133.0
14039214.0
14050295.0
14061376.0
14072456.0
14083537.0
14094617.0
14105698.0
14116779.0
14127859.0
14138940.0
14150021.0
14161101.0
14172182.0
14183263.0
14194343.0
14205424.0
14216505.0
14227586.0
14238666.0
14249747.0
14260827.0
14271908.0
14282989.0
14294070.0
14305151.0
14316231.0
14327312.0
14338392.0
14349473.0
14360553.0
14371634.0
14382715.0
14393795.0
14404876.0
14415957.0
14427037.0
14438118.0
14449200.0
14460280.0
14471360.0
14482441.0
14493522.0
14504602.0
14515683.0
14526764.0
14537844.0
14548925.0
14560006.0
14571086.0
14582167.0
14593248.0
14604328.0
14615409.0
14626490.0
14637572.0
14648652.0
14659732.0
14670812.0
14681893.0
14692974.0
14704054.0
14715135.0
14726216.0
14737296.0
14748377.0
14759458.0
14770539.0
14781619.0
14792700.0
14803781.0
14814861.0
14825942.0
14837023.0
14848103.0
14859184.0
14870264.0
14881345.0
14892426.0
14903507.0
14914587.0
14925668.0
14936749.0
14947829.0
14958910.0
14969991.0
14981071.0
14992152.0
15003232.0
15014313.0
15025394.0
15036475.0
15047555.0
15058636.0
15069717.0
15080797.0
15091878.0
15102958.0
15114039.0
15125120.0
15136201.0
15147281.0
15158362.0
15169443.0
15180523.0
15191604.0
15202685.0
15213765.0
15224846.0
15235927.0
15247008.0
15258088.0
15269169.0
15280249.0
15291330.0
15302411.0
15313491.0
15324572.0
15335653.0
15346733.0
15357814.0
15368895.0
15379975.0
15391056.0
15402137.0
15413217.0
15424298.0
15435381.0
15446460.0
15457540.0
15468621.0
15479702.0
15490782.0
15501863.0
15512944.0
15524024.0
15535105.0
15546185.0
15557266.0
15568347.0
15579427.0
15590509.0
15601589.0
15612670.0
15623750.0
15634831.0
15645912.0
15656993.0
15668073.0
15679154.0
15690234.0
15701315.0
15712396.0
15723476.0
15734557.0
15745638.0
15756718.0
15767799.0
15778880.0
15789960.0
15801043.0
15812122.0
15823202.0
15834283.0
15845364.0
15856444.0
15867525.0
15878606.0
15889686.0
15900768.0
15911848.0
15922928.0
15934009.0
15945090.0
15956170.0
15967251.0
15978332.0
15989413.0
16000493.0
16011574.0
16022655.0
16033735.0
16044816.0
16055896.0
16066977.0
16078058.0
16089139.0
16100220.0
16111300.0
16122381.0
16133461.0
16144542.0
16155623.0
16166703.0
16177784.0
16188865.0
16199945.0
16211026.0
16222107.0
16233187.0
16244268.0
16255349.0
16266429.0
16277510.0
16288590.0
16299671.0
16310752.0
16321833.0
16332913.0
16343994.0
16355075.0
16366155.0
16377236.0
16388317.0
16399397.0
16410478.0
16421559.0
16432639.0
16443721.0
16454801.0
16465881.0
16476962.0
16488043.0
16499123.0
16510204.0
16521285.0
16532365.0
16543446.0
16554527.0
16565607.0
16576688.0
16587769.0
16598849.0
16609930.0
16621012.0
16632093.0
16643172.0
16654253.0
16665333.0
16676414.0
16687495.0
16698576.0
16709656.0
16720737.0
16731818.0
16742898.0
16753979.0
16765059.0
16776140.0
16787221.0
16798302.0
16809382.0
16820463.0
16831545.0
16842625.0
16853705.0
16864786.0
16875867.0
16886947.0
16898028.0
16909108.0
16920189.0
16931270.0
16942350.0
16953431.0
16964512.0
16975592.0
16986673.0
16997754.0
17008834.0
17019915.0
17030996.0
17042077.0
17053157.0
17064238.0
17075318.0
17086399.0
17097480.0
17108560.0
17119641.0
17130722.0
17141802.0
17152883.0
17163964.0
17175044.0
17186125.0
17197206.0
17208287.0
17219367.0
17230450.0
17241529.0
17252609.0
17263690.0
17274771.0
17285851.0
17296932.0
17308012.0
17319093.0
17330174.0
17341255.0
17352335.0
17363416.0
17374497.0
17385577.0
17396658.0
17407739.0
17418819.0
17429900.0
17440981.0
17452061.0
17463142.0
17474223.0
17485303.0
17496384.0
17507465.0
17518545.0
17529626.0
17540706.0
17551788.0
17562868.0
17573949.0
17585029.0
17596110.0
17607191.0
17618271.0
17629354.0
17640434.0
17651513.0
17662594.0
17673675.0
17684756.0
17695836.0
17706917.0
17717998.0
17729078.0
17740159.0
17751239.0
17762320.0
17773401.0
17784481.0
17795562.0
17806643.0
17817724.0
17828804.0
17839885.0
17850966.0
17862046.0
17873127.0
17884207.0
17895288.0
17906370.0
17917450.0
17928530.0
17939611.0
17950692.0
17961774.0
17972853.0
17983934.0
17995014.0
18006095.0
18017176.0
18028256.0
18039337.0
18050418.0
18061498.0
18072579.0
18083660.0
18094740.0
18105821.0
18116902.0
18127982.0
18139063.0
18150144.0
18161225.0
18172305.0
18183386.0
18194466.0
18205547.0
18216628.0
18227709.0
18238789.0
18249870.0
18260951.0
18272031.0
18283112.0
18294192.0
18305273.0
18316354.0
18327435.0
18338515.0
18349596.0
18360677.0
18371758.0
18382838.0
18393918.0
18404999.0
18416080.0
18427161.0
18438241.0
18449322.0
18460403.0
18471484.0
18482564.0
18493645.0
18504725.0
18515806.0
18526887.0
18537967.0
18549048.0
18560129.0
18571210.0
18582290.0
18593371.0
18604451.0
18615532.0
18626614.0
18637694.0
18648774.0
18659855.0
18670935.0
18682016.0
18693097.0
18704177.0
18715258.0
18726339.0
18737419.0
18748500.0
18759581.0
18770661.0
18781742.0
18792823.0
18803904.0
18814984.0
18826065.0
18837146.0
18848226.0
18859307.0
18870387.0
18881468.0
18892549.0
18903630.0
18914710.0
18925791.0
18936872.0
18947952.0
18959033.0
18970113.0
18981194.0
18992275.0
19003356.0
19014436.0
19025518.0
19036598.0
19047678.0
19058759.0
19069840.0
19080920.0
19092001.0
19103082.0
19114162.0
19125243.0
19136323.0
19147404.0
19158485.0
19169565.0
19180646.0
19191727.0
19202808.0
19213888.0
19224969.0
19236050.0
19247130.0
19258211.0
19269292.0
19280372.0
19291453.0
19302534.0
19313614.0
19324695.0
19335776.0
19346857.0
19357937.0
19369018.0
19380098.0
19391179.0
19402260.0
19413341.0
19424421.0
19435502.0
19446582.0
19457663.0
19468744.0
19479825.0
19490905.0
19501986.0
19513067.0
19524147.0
19535228.0
19546308.0
19557389.0
19568470.0
19579550.0
19590631.0
19601712.0
19612793.0
19623875.0
19634955.0
19646035.0
19657115.0
19668196.0
19679277.0
19690357.0
19701438.0
19712519.0
19723599.0
19734680.0
19745761.0
19756841.0
19767922.0
19779003.0
19790083.0
19801164.0
19812248.0
19823326.0
19834407.0
19845487.0
19856568.0
19867648.0
19878729.0
19889809.0
19900890.0
19911971.0
19923052.0
19934132.0
19945213.0
19956294.0
19967375.0
19978455.0
19989536.0
20000616.0
20011697.0
20022778.0
20033859.0
20044939.0
20056020.0
20067100.0
20078181.0
20089262.0
20100342.0
20111423.0
20122505.0
20133584.0
20144665.0
20155746.0
20166826.0
20177907.0
20188988.0
20200068.0
20211149.0
20222230.0
20233310.0
20244391.0
20255472.0
20266552.0
20277633.0
20288714.0
20299794.0
20310875.0
20321956.0
20333036.0
20344117.0
20355198.0
20366278.0
20377359.0
20388440.0
20399520.0
20410601.0
20421682.0
20432764.0
20443843.0
20454924.0
20466004.0
20477085.0
20488166.0
20499246.0
20510327.0
20521408.0
20532488.0
20543569.0
20554650.0
20565730.0
20576811.0
20587892.0
20598973.0
20610053.0
20621136.0
20632214.0
20643295.0
20654376.0
20665457.0
20676537.0
20687618.0
20698699.0
20709779.0
20720860.0
20731940.0
20743021.0
20754102.0
20765183.0
20776263.0
20787344.0
20798425.0
20809505.0
20820586.0
20831668.0
20842748.0
20853828.0
20864908.0
20875989.0
20887070.0
20898151.0
20909231.0
20920312.0
20931393.0
20942474.0
20953554.0
20964635.0
20975715.0
20986796.0
20997877.0
21008958.0
21020038.0
21031119.0
21042200.0
21053280.0
21064361.0
21075441.0
21086522.0
21097603.0
21108684.0
21119764.0
21130845.0
21141926.0
21153006.0
21164087.0
21175167.0
21186248.0
21197329.0
21208410.0
21219490.0
21230571.0
21241652.0
21252733.0
21263813.0
21274893.0
21285974.0
21297055.0
21308136.0
21319216.0
21330297.0
21341378.0
21352458.0
21363539.0
21374620.0
21385700.0
21396781.0
21407862.0
21418942.0
21430023.0
21441104.0
21452185.0
21463265.0
21474346.0
21485426.0
21496507.0
21507588.0
21518668.0
21529749.0
21540830.0
21551911.0
21562991.0
21574072.0
21585152.0
21596233.0
21607314.0
21618395.0
21629476.0
21640556.0
21651636.0
21662717.0
21673798.0
21684879.0
21695959.0
21707040.0
21718121.0
21729201.0
21740282.0
21751363.0
21762443.0
21773524.0
21784604.0
21795685.0
21806766.0
21817847.0
21828928.0
21840008.0
21851089.0
21862169.0
21873250.0
21884331.0
21895411.0
21906492.0
21917572.0
21928653.0
21939734.0
21950815.0
21961895.0
21972976.0
21984057.0
21995137.0
22006218.0
22017299.0
22028380.0
22039460.0
22050541.0
22061621.0
22072702.0
22083783.0
22094863.0
22105944.0
22117025.0
22128105.0
22139186.0
22150267.0
22161347.0
22172428.0
22183509.0
22194589.0
22205670.0
22216751.0
22227832.0
22238912.0
22249993.0
22261074.0
22272154.0
22283236.0
22294316.0
22305396.0
22316477.0
22327557.0
22338638.0
22349719.0
22360800.0
22371880.0
22382962.0
22394042.0
22405122.0
22416203.0
22427284.0
22438364.0
22449445.0
22460526.0
22471606.0
22482687.0
22493768.0
22504848.0
22515929.0
22527010.0
22538090.0
22549171.0
22560252.0
22571332.0
22582413.0
22593494.0
22604574.0
22615656.0
22626736.0
22637817.0
22648897.0
22659978.0
22671058.0
22682139.0
22693220.0
22704301.0
22715381.0
22726462.0
22737542.0
22748623.0
22759704.0
22770784.0
22781865.0
22792947.0
22804027.0
22815107.0
22826188.0
22837268.0
22848349.0
22859430.0
22870510.0
22881591.0
22892672.0
22903753.0
22914833.0
22925914.0
22936994.0
22948076.0
22959156.0
22970237.0
22981317.0
22992398.0
23003479.0
23014560.0
23025640.0
23036721.0
23047801.0
23058882.0
23069963.0
23081043.0
23092124.0
23103205.0
23114285.0
23125366.0
23136447.0
23147527.0
23158608.0
23169689.0
23180769.0
23191850.0
23202931.0
23214012.0
23225092.0
23236173.0
23247254.0
23258334.0
23269415.0
23280495.0
23291576.0
23302657.0
23313738.0
23324818.0
23335899.0
23346980.0
23358060.0
23369141.0
23380222.0
23391302.0
23402383.0
23413464.0
23424544.0
23435625.0
23446705.0
23457786.0
23468867.0
23479948.0
23491028.0
23502109.0
23513190.0
23524270.0
23535351.0
23546432.0
23557512.0
23568593.0
23579674.0
23590754.0
23601835.0
23612916.0
23623997.0
23635077.0
23646158.0
23657238.0
23668319.0
23679400.0
23690480.0
23701561.0
23712642.0
23723722.0
23734803.0
23745884.0
23756964.0
23768045.0
23779126.0
23790206.0
23801287.0
23812368.0
23823448.0
23834529.0
23845610.0
23856690.0
23867771.0
23878852.0
23889932.0
23901013.0
23912094.0
23923175.0
23934255.0
23945336.0
23956416.0
23967497.0
23978578.0
23989658.0
24000739.0
24011820.0
24022900.0
24033981.0
24045062.0
24056143.0
24067223.0
24078304.0
24089384.0
24100465.0
24111546.0
24122627.0
24133707.0
24144788.0
24155868.0
24166949.0
24178030.0
24189111.0
24200191.0
24211272.0
24222353.0
24233433.0
24244514.0
24255595.0
24266675.0
24277756.0
24288837.0
24299917.0
24310998.0
24322079.0
24333159.0
24344240.0
24355321.0
24366401.0
24377482.0
24388563.0
24399644.0
24410724.0
24421805.0
24432886.0
24443966.0
24455047.0
24466127.0
24477208.0
24488289.0
24499370.0
24510450.0
24521531.0
24532612.0
24543692.0
24554773.0
24565854.0
24576934.0
24588015.0
24599096.0
24610178.0
24621258.0
24632338.0
24643418.0
24654499.0
24665580.0
24676660.0
24687741.0
24698822.0
24709902.0
24720983.0
24732064.0
24743145.0
24754225.0
24765306.0
24776386.0
24787467.0
24798548.0
24809629.0
24820710.0
24831790.0
24842870.0
24853951.0
24865032.0
24876112.0
24887193.0
24898274.0
24909354.0
24920435.0
24931516.0
24942597.0
24953677.0
24964758.0
24975839.0
24986919.0
24998000.0
25009083.0
25020161.0
25031242.0
25042322.0
25053403.0
25064484.0
25075564.0
25086645.0
25097726.0
25108806.0
25119887.0
25130968.0
25142049.0
25153129.0
25164210.0
25175290.0
25186371.0
25197452.0
25208533.0
25219613.0
25230694.0
25241775.0
25252855.0
25263936.0
25275017.0
25286097.0
25297178.0
25308259.0
25319339.0
25330420.0
25341501.0
25352582.0
25363662.0
25374743.0
25385823.0
25396904.0
25407985.0
25419066.0
25430146.0
25441227.0
25452307.0
25463388.0
25474469.0
25485549.0
25496630.0
25507711.0
25518791.0
25529872.0
25540953.0
25552033.0
25563114.0
25574195.0
25585276.0
25596356.0
25607438.0
25618518.0
25629598.0
25640679.0
25651759.0
25662840.0
25673921.0
25685002.0
25696082.0
25707163.0
25718244.0
25729324.0
25740405.0
25751485.0
25762566.0
25773648.0
25784728.0
25795808.0
25806889.0
25817970.0
25829050.0
25840131.0
25851212.0
25862292.0
25873373.0
25884454.0
25895534.0
25906615.0
25917696.0
25928776.0
25939857.0
25950938.0
25962018.0
25973099.0
25984180.0
25995260.0
26006341.0
26017422.0
26028502.0
26039583.0
26050664.0
26061744.0
26072825.0
26083906.0
26094986.0
26106067.0
26117148.0
26128229.0
26139309.0
26150390.0
26161471.0
26172551.0
26183632.0
26194713.0
26205795.0
26216874.0
26227955.0
26239035.0
26250116.0
26261197.0
26272277.0
26283358.0
26294438.0
26305519.0
26316600.0
26327681.0
26338761.0
26349842.0
26360923.0
26372003.0
26383084.0
26394165.0
26405246.0
26416326.0
26427407.0
26438489.0
26449568.0
26460649.0
26471729.0
26482810.0
26493891.0
26504971.0
26516052.0
26527133.0
26538213.0
26549294.0
26560375.0
26571456.0
26582536.0
26593617.0
26604698.0
26615779.0
26626859.0
26637940.0
26649020.0
26660101.0
26671182.0
26682262.0
26693343.0
26704423.0
26715504.0
26726585.0
26737666.0
26748746.0
26759827.0
26770907.0
26781988.0
26793069.0
26804150.0
26815231.0
26826311.0
26837392.0
26848472.0
26859553.0
26870634.0
26881714.0
26892795.0
26903875.0
26914956.0
26926037.0
26937118.0
26948199.0
26959279.0
26970360.0
26981440.0
26992521.0
27003602.0
27014683.0
27025763.0
27036844.0
27047924.0
27059005.0
27070086.0
27081166.0
27092247.0
27103328.0
27114408.0
27125489.0
27136570.0
27147651.0
27158731.0
27169812.0
27180892.0
27191973.0
27203054.0
27214135.0
27225216.0
27236296.0
27247376.0
27258457.0
27269538.0
27280618.0
27291699.0
27302780.0
27313861.0
27324941.0
27336022.0
27347102.0
27358183.0
27369264.0
27380344.0
27391425.0
27402506.0
27413587.0
27424667.0
27435748.0
27446829.0
27457909.0
27468990.0
27480071.0
27491151.0
27502232.0
27513313.0
27524393.0
27535474.0
27546555.0
27557635.0
27568716.0
27579797.0
27590877.0
27601959.0
27613039.0
27624119.0
27635200.0
27646281.0
27657362.0
27668442.0
27679523.0
27690604.0
27701684.0
27712765.0
27723845.0
27734926.0
27746007.0
27757087.0
27768168.0
27779249.0
27790330.0
27801410.0
27812491.0
27823572.0
27834652.0
27845733.0
27856814.0
27867894.0
27878975.0
27890056.0
27901136.0
27912217.0
27923298.0
27934379.0
27945459.0
27956540.0
27967620.0
27978701.0
27989782.0
28000862.0
28011943.0
28023024.0
28034104.0
28045185.0
28056265.0
28067346.0
28078427.0
28089508.0
28100588.0
28111669.0
28122750.0
28133830.0
28144911.0
28155992.0
28167072.0
28178153.0
28189234.0
28200314.0
28211395.0
28222476.0
28233556.0
28244637.0
28255718.0
28266798.0
28277879.0
28288960.0
28300040.0
28311121.0
28322202.0
28333283.0
28344363.0
28355444.0
28366525.0
28377605.0
28388686.0
28399767.0
28410847.0
28421928.0
28433009.0
28444089.0
28455170.0
28466251.0
28477331.0
28488412.0
28499493.0
28510573.0
28521654.0
28532735.0
28543815.0
28554896.0
28565977.0
28577057.0
28588138.0
28599220.0
28610300.0
28621380.0
28632461.0
28643541.0
28654622.0
28665703.0
28676783.0
28687864.0
28698945.0
28710025.0
28721106.0
28732187.0
28743267.0
28754348.0
28765429.0
28776509.0
28787590.0
28798671.0
28809752.0
28820832.0
28831913.0
28842993.0
28854074.0
28865155.0
28876235.0
28887316.0
28898397.0
28909477.0
28920558.0
28931639.0
28942719.0
28953800.0
28964881.0
28975962.0
28987042.0
28998123.0
29009204.0
29020284.0
29031365.0
29042445.0
29053526.0
29064607.0
29075688.0
29086768.0
29097849.0
29108930.0
29120010.0
29131091.0
29142171.0
29153252.0
29164333.0
29175414.0
29186494.0
29197575.0
29208656.0
29219736.0
29230817.0
29241898.0
29252978.0
29264061.0
29275140.0
29286220.0
29297301.0
29308382.0
29319462.0
29330543.0
29341624.0
29352704.0
29363785.0
29374866.0
29385946.0
29397027.0
29408108.0
29419188.0
29430269.0
29441350.0
29452431.0
29463511.0
29474592.0
29485672.0
29496753.0
29507834.0
29518915.0
29529995.0
29541076.0
29552157.0
29563237.0
29574318.0
29585398.0
29596480.0
29607561.0
29618641.0
29629721.0
29640802.0
29651883.0
29662963.0
29674044.0
29685124.0
29696205.0
29707286.0
29718367.0
29729447.0
29740528.0
29751609.0
29762689.0
29773770.0
29784850.0
29795931.0
29807013.0
29818093.0
29829173.0
29840254.0
29851335.0
29862415.0
29873496.0
29884577.0
29895657.0
29906738.0
29917819.0
29928899.0
29939980.0
29951061.0
29962141.0
29973222.0
29984303.0
29995384.0
30006464.0
30017545.0
30028626.0
30039706.0
30050787.0
30061868.0
30072948.0
30084029.0
30095110.0
30106190.0
30117271.0
30128352.0
30139432.0
30150513.0
30161594.0
30172674.0
30183755.0
30194836.0
30205916.0
30216997.0
30228078.0
30239158.0
30250239.0
30261320.0
30272400.0
30283481.0
30294562.0
30305642.0
30316723.0
30327804.0
30338885.0
30349965.0
30361046.0
30372126.0
30383207.0
30394288.0
30405369.0
30416449.0
30427530.0
30438610.0
30449691.0
30460772.0
30471852.0
30482933.0
30494014.0
30505094.0
30516175.0
30527256.0
30538336.0
30549417.0
30560498.0
30571579.0
30582659.0
30593740.0
30604821.0
30615902.0
30626982.0
30638062.0
30649143.0
30660224.0
30671305.0
30682385.0
30693466.0
30704547.0
30715627.0
30726708.0
30737788.0
30748869.0
30759950.0
30771030.0
30782111.0
30793194.0
30804273.0
30815353.0
30826434.0
30837515.0
30848595.0
30859676.0
30870756.0
30881837.0
30892918.0
30903998.0
30915079.0
30926160.0
30937241.0
30948321.0
30959402.0
30970482.0
30981563.0
30992644.0
31003725.0
31014805.0
31025886.0
31036966.0
31048047.0
31059128.0
31070208.0
31081289.0
31092370.0
31103451.0
31114531.0
31125612.0
31136693.0
31147774.0
31158854.0
31169935.0
31181016.0
31192096.0
31203177.0
31214258.0
31225338.0
31236419.0
31247499.0
31258580.0
31269661.0
31280741.0
31291822.0
31302903.0
31313984.0
31325064.0
31336145.0
31347225.0
31358306.0
31369387.0
31380468.0
31391548.0
31402629.0
31413710.0
31424791.0
31435871.0
31446952.0
31458032.0
31469113.0
31480194.0
31491274.0
31502355.0
31513436.0
31524516.0
31535597.0
31546678.0
31557758.0
31568839.0
31579920.0
31591001.0
31602081.0
31613162.0
31624243.0
31635323.0
31646404.0
31657484.0
31668565.0
31679646.0
31690726.0
31701807.0
31712888.0
31723969.0
31735049.0
31746130.0
31757210.0
31768291.0
31779372.0
31790453.0
31801534.0
31812614.0
31823694.0
31834775.0
31845856.0
31856937.0
31868017.0
31879098.0
31890179.0
31901259.0
31912340.0
31923421.0
31934501.0
31945582.0
31956663.0
31967743.0
31978824.0
31989905.0
32000985.0
32012066.0
32023146.0
32034227.0
32045308.0
32056389.0
32067469.0
32078550.0
32089632.0
32100711.0
32111792.0
32122872.0
32133953.0
32145034.0
32156115.0
32167195.0
32178276.0
32189358.0
32200438.0
32211518.0
32222599.0
32233679.0
32244760.0
32255841.0
32266921.0
32278002.0
32289083.0
32300163.0
32311244.0
32322325.0
32333405.0
32344486.0
32355567.0
32366647.0
32377728.0
32388809.0
32399890.0
32410970.0
32422051.0
32433132.0
32444212.0
32455293.0
32466373.0
32477454.0
32488535.0
32499616.0
32510696.0
32521777.0
32532858.0
32543938.0
32555019.0
32566099.0
32577180.0
32588262.0
32599342.0
32610423.0
32621503.0
32632584.0
32643664.0
32654745.0
32665826.0
32676906.0
32687987.0
32699068.0
32710148.0
32721229.0
32732310.0
32743390.0
32754472.0
32765552.0
32776632.0
32787713.0
32798794.0
32809874.0
32820955.0
32832036.0
32843117.0
32854198.0
32865278.0
32876358.0
32887439.0
32898520.0
32909601.0
32920681.0
32931762.0
32942842.0
32953924.0
32965004.0
32976084.0
32987165.0
32998247.0
33009327.0
33020407.0
33031488.0
33042568.0
33053649.0
33064730.0
33075811.0
33086891.0
33097972.0
33109052.0
33120133.0
33131214.0
33142295.0
33153375.0
33164456.0
33175537.0
33186617.0
33197698.0
33208779.0
33219859.0
33230940.0
33242021.0
33253102.0
33264182.0
33275263.0
33286343.0
33297424.0
33308505.0
33319585.0
33330666.0
33341747.0
33352827.0
33363908.0
33374989.0
33386069.0
33397150.0
33408231.0
33419312.0
33430392.0
33441473.0
33452553.0
33463634.0
33474715.0
33485795.0
33496876.0
33507957.0
33519038.0
33530118.0
33541199.0
33552280.0
33563360.0
33574441.0
33585523.0
33596603.0
33607683.0
33618763.0
33629844.0
33640925.0
33652006.0
33663086.0
33674167.0
33685248.0
33696328.0
33707409.0
33718489.0
33729571.0
33740651.0
33751732.0
33762812.0
33773893.0
33784974.0
33796055.0
33807135.0
33818216.0
33829296.0
33840377.0
33851458.0
33862538.0
33873619.0
33884700.0
33895780.0
33906861.0
33917942.0
33929022.0
33940103.0
33951184.0
33962264.0
33973345.0
33984428.0
33995507.0
34006587.0
34017668.0
34028749.0
34039830.0
34050910.0
34061990.0
34073071.0
34084152.0
34095232.0
34106313.0
34117394.0
34128475.0
34139555.0
34150636.0
34161716.0
34172797.0
34183878.0
34194958.0
34206039.0
34217120.0
34228201.0
34239281.0
34250362.0
34261442.0
34272523.0
34283604.0
34294685.0
34305765.0
34316846.0
34327927.0
34339007.0
34350088.0
34361169.0
34372249.0
34383330.0
34394411.0
34405491.0
34416572.0
34427653.0
34438733.0
34449814.0
34460895.0
34471975.0
34483056.0
34494137.0
34505217.0
34516298.0
34527379.0
34538459.0
34549540.0
34560621.0
34571701.0
34582783.0
34593863.0
34604943.0
34616024.0
34627105.0
34638186.0
34649266.0
34660347.0
34671428.0
34682508.0
34693589.0
34704670.0
34715750.0
34726831.0
34737912.0
34748992.0
34760073.0
34771154.0
34782235.0
34793315.0
34804395.0
34815477.0
34826557.0
34837638.0
34848718.0
34859799.0
34870880.0
34881960.0
34893041.0
34904121.0
34915203.0
34926283.0
34937364.0
34948444.0
34959525.0
34970606.0
34981686.0
34992768.0
35003848.0
35014928.0
35026009.0
35037090.0
35048170.0
35059251.0
35070332.0
35081412.0
35092493.0
35103574.0
35114654.0
35125735.0
35136816.0
35147896.0
35158977.0
35170058.0
35181139.0
35192219.0
35203300.0
35214380.0
35225461.0
35236542.0
35247622.0
35258703.0
35269784.0
35280864.0
35291945.0
35303026.0
35314106.0
35325187.0
35336268.0
35347349.0
35358429.0
35369510.0
35380590.0
35391672.0
35402752.0
35413833.0
35424913.0
35435994.0
35447075.0
35458155.0
35469236.0
35480317.0
35491397.0
35502478.0
35513559.0
35524639.0
35535720.0
35546801.0
35557881.0
35568962.0
35580044.0
35591124.0
35602204.0
35613285.0
35624365.0
35635446.0
35646527.0
35657607.0
35668688.0
35679769.0
35690849.0
35701930.0
35713011.0
35724091.0
35735172.0
35746253.0
35757333.0
35768414.0
35779495.0
35790575.0
35801656.0
35812737.0
35823818.0
35834898.0
35845979.0
35857059.0
35868140.0
35879221.0
35890301.0
35901382.0
35912463.0
35923544.0
35934624.0
35945705.0
35956785.0
35967866.0
35978947.0
35990028.0
36001108.0
36012189.0
36023270.0
36034350.0
36045431.0
36056511.0
36067592.0
36078673.0
36089754.0
36100834.0
36111915.0
36122996.0
36134076.0
36145157.0
36156238.0
36167318.0
36178399.0
36189480.0
36200560.0
36211641.0
36222722.0
36233802.0
36244883.0
36255964.0
36267044.0
36278125.0
36289206.0
36300286.0
36311367.0
36322448.0
36333529.0
36344609.0
36355690.0
36366770.0
36377851.0
36388932.0
36400012.0
36411094.0
36422174.0
36433255.0
36444335.0
36455416.0
36466497.0
36477577.0
36488658.0
36499739.0
36510819.0
36521900.0
36532980.0
36544061.0
36555142.0
36566223.0
36577304.0
36588384.0
36599465.0
36610545.0
36621626.0
36632707.0
36643787.0
36654868.0
36665949.0
36677029.0
36688110.0
36699191.0
36710271.0
36721352.0
36732433.0
36743513.0
36754594.0
36765675.0
36776755.0
36787836.0
36798917.0
36809997.0
36821078.0
36832159.0
36843239.0
36854320.0
36865401.0
36876481.0
36887562.0
36898643.0
36909724.0
36920804.0
36931885.0
36942965.0
36954046.0
36965127.0
36976209.0
36987289.0
36998369.0
37009450.0
37020530.0
37031611.0
37042692.0
37053772.0
37064853.0
37075935.0
37087014.0
37098095.0
37109176.0
37120256.0
37131337.0
37142418.0
37153498.0
37164579.0
37175660.0
37186741.0
37197821.0
37208902.0
37219982.0
37231063.0
37242144.0
37253224.0
37264305.0
37275386.0
37286466.0
37297547.0
37308628.0
37319708.0
37330789.0
37341870.0
37352950.0
37364031.0
37375112.0
37386193.0
37397273.0
37408354.0
37419434.0
37430515.0
37441596.0
37452676.0
37463757.0
37474838.0
37485919.0
37496999.0
37508080.0
37519160.0
37530241.0
37541322.0
37552402.0
37563483.0
37574564.0
37585645.0
37596725.0
37607806.0
37618887.0
37629967.0
37641048.0
37652128.0
37663209.0
37674290.0
37685371.0
37696451.0
37707532.0
37718613.0
37729693.0
37740774.0
37751854.0
37762935.0
37774016.0
37785097.0
37796177.0
37807258.0
37818339.0
37829419.0
37840500.0
37851581.0
37862661.0
37873742.0
37884822.0
37895904.0
37906984.0
37918065.0
37929145.0
37940226.0
37951307.0
37962387.0
37973468.0
37984549.0
37995629.0
38006710.0
38017791.0
38028871.0
38039952.0
38051033.0
38062113.0
38073194.0
38084275.0
38095355.0
38106436.0
38117517.0
38128598.0
38139678.0
38150759.0
38161840.0
38172921.0
38184001.0
38195081.0
38206163.0
38217243.0
38228324.0
38239404.0
38250485.0
38261566.0
38272646.0
38283727.0
38294808.0
38305889.0
38316969.0
38328050.0
38339130.0
38350211.0
38361292.0
38372373.0
38383453.0
38394534.0
38405614.0
38416695.0
38427776.0
38438856.0
38449937.0
38461018.0
38472099.0
38483179.0
38494260.0
38505340.0
38516421.0
38527502.0
38538582.0
38549663.0
38560744.0
38571826.0
38582907.0
38593986.0
38605066.0
38616147.0
38627228.0
38638309.0
38649389.0
38660470.0
38671551.0
38682631.0
38693712.0
38704792.0
38715873.0
38726954.0
38738034.0
38749115.0
38760196.0
38771277.0
38782358.0
38793438.0
38804519.0
38815599.0
38826680.0
38837760.0
38848841.0
38859922.0
38871003.0
38882083.0
38893164.0
38904244.0
38915325.0
38926406.0
38937487.0
38948567.0
38959648.0
38970729.0
38981809.0
38992890.0
39003971.0
39015051.0
39026132.0
39037213.0
39048293.0
39059374.0
39070455.0
39081535.0
39092616.0
39103697.0
39114777.0
39125858.0
39136939.0
39148019.0
39159100.0
39170181.0
39181262.0
39192342.0
39203423.0
39214503.0
39225584.0
39236666.0
39247745.0
39258826.0
39269907.0
39280988.0
39292068.0
39303149.0
39314230.0
39325310.0
39336391.0
39347471.0
39358552.0
39369633.0
39380714.0
39391794.0
39402875.0
39413956.0
39425036.0
39436117.0
39447198.0
39458278.0
39469359.0
39480439.0
39491521.0
39502601.0
39513682.0
39524762.0
39535843.0
39546924.0
39558004.0
39569085.0
39580166.0
39591246.0
39602327.0
39613408.0
39624488.0
39635569.0
39646649.0
39657730.0
39668811.0
39679892.0
39690972.0
39702053.0
39713134.0
39724214.0
39735295.0
39746376.0
39757456.0
39768537.0
39779618.0
39790698.0
39801779.0
39812860.0
39823941.0
39835021.0
39846102.0
39857183.0
39868263.0
39879344.0
39890425.0
39901505.0
39912586.0
39923667.0
39934747.0
39945828.0
39956909.0
39967989.0
39979071.0
39990151.0
40001231.0
40012312.0
40023392.0
40034473.0
40045554.0
40056634.0
40067715.0
40078796.0
40089877.0
40100957.0
40112038.0
40123119.0
40134199.0
40145280.0
40156362.0
40167441.0
40178522.0
40189603.0
40200683.0
40211764.0
40222845.0
40233925.0
40245006.0
40256087.0
40267167.0
40278248.0
40289329.0
40300409.0
40311490.0
40322571.0
40333651.0
40344732.0
40355813.0
40366894.0
40377975.0
40389055.0
40400135.0
40411216.0
40422297.0
40433377.0
40444458.0
40455539.0
40466620.0
40477700.0
40488781.0
40499862.0
40510942.0
40522023.0
40533103.0
40544184.0
40555265.0
40566346.0
40577426.0
40588507.0
40599588.0
40610668.0
40621749.0
40632830.0
40643910.0
40654991.0
40666072.0
40677152.0
40688233.0
40699314.0
40710394.0
40721475.0
40732556.0
40743636.0
40754717.0
40765798.0
40776879.0
40787959.0
40799040.0
40810120.0
40821201.0
40832282.0
40843362.0
40854443.0
40865524.0
40876605.0
40887685.0
40898766.0
40909846.0
40920927.0
40932008.0
40943089.0
40954169.0
40965250.0
40976331.0
40987411.0
40998492.0
41009573.0
41020653.0
41031734.0
41042814.0
41053895.0
41064976.0
41076056.0
41087137.0
41098218.0
41109299.0
41120379.0
41131460.0
41142541.0
41153621.0
41164702.0
41175783.0
41186863.0
41197944.0
41209025.0
41220105.0
41231186.0
41242267.0
41253347.0
41264428.0
41275508.0
41286590.0
41297670.0
41308751.0
41319831.0
41330912.0
41341993.0
41353073.0
41364154.0
41375235.0
41386315.0
41397396.0
41408477.0
41419557.0
41430638.0
41441719.0
41452800.0
41463880.0
41474961.0
41486042.0
41497123.0
41508203.0
41519284.0
41530364.0
41541445.0
41552526.0
41563607.0
41574687.0
41585768.0
41596848.0
41607929.0
41619009.0
41630090.0
41641171.0
41652252.0
41663332.0
41674413.0
41685494.0
41696574.0
41707655.0
41718735.0
41729816.0
41740897.0
41751978.0
41763058.0
41774140.0
41785220.0
41796300.0
41807381.0
41818462.0
41829542.0
41840623.0
41851704.0
41862784.0
41873865.0
41884946.0
41896026.0
41907107.0
41918188.0
41929268.0
41940349.0
41951430.0
41962511.0
41973591.0
41984672.0
41995752.0
42006833.0
42017914.0
42028994.0
42040075.0
42051156.0
42062237.0
42073317.0
42084398.0
42095478.0
42106559.0
42117640.0
42128720.0
42139801.0
42150882.0
42161962.0
42173044.0
42184124.0
42195204.0
42206285.0
42217366.0
42228447.0
42239527.0
42250608.0
42261689.0
42272769.0
42283850.0
42294930.0
42306011.0
42317092.0
42328173.0
42339253.0
42350334.0
42361415.0
42372496.0
42383576.0
42394657.0
42405737.0
42416818.0
42427899.0
42438979.0
42450060.0
42461141.0
42472221.0
42483302.0
42494383.0
42505463.0
42516544.0
42527625.0
42538705.0
42549786.0
42560867.0
42571948.0
42583028.0
42594109.0
42605190.0
42616270.0
42627351.0
42638432.0
42649512.0
42660593.0
42671674.0
42682754.0
42693835.0
42704916.0
42715996.0
42727077.0
42738157.0
42749238.0
42760319.0
42771400.0
42782480.0
42793561.0
42804642.0
42815722.0
42826803.0
42837884.0
42848964.0
42860045.0
42871126.0
42882206.0
42893287.0
42904368.0
42915448.0
42926529.0
42937609.0
42948690.0
42959771.0
42970852.0
42981932.0
42993013.0
43004094.0
43015174.0
43026255.0
43037336.0
43048416.0
43059497.0
43070578.0
43081658.0
43092739.0
43103820.0
43114900.0
43125981.0
43137062.0
43148142.0
43159223.0
43170304.0
43181385.0
43192465.0
43203546.0
43214626.0
43225707.0
43236788.0
43247869.0
43258949.0
43270030.0
43281111.0
43292191.0
43303272.0
43314352.0
43325433.0
43336514.0
43347594.0
43358675.0
43369756.0
43380837.0
43391917.0
43402998.0
43414078.0
43425159.0
43436240.0
43447321.0
43458401.0
43469482.0
43480563.0
43491643.0
43502724.0
43513805.0
43524885.0
43535966.0
43547047.0
43558128.0
43569209.0
43580289.0
43591369.0
43602450.0
43613531.0
43624611.0
43635692.0
43646773.0
43657853.0
43668934.0
43680015.0
43691095.0
43702176.0
43713257.0
43724337.0
43735418.0
43746499.0
43757580.0
43768661.0
43779741.0
43790821.0
43801902.0
43812983.0
43824063.0
43835144.0
43846225.0
43857305.0
43868386.0
43879467.0
43890548.0
43901628.0
43912709.0
43923790.0
43934870.0
43945951.0
43957032.0
43968112.0
43979193.0
43990274.0
44001354.0
44012435.0
44023516.0
44034596.0
44045677.0
44056757.0
44067838.0
44078919.0
44090000.0
44101080.0
44112161.0
44123241.0
44134322.0
44145403.0
44156484.0
44167564.0
44178645.0
44189726.0
44200806.0
44211887.0
44222968.0
44234048.0
44245129.0
44256210.0
44267290.0
44278371.0
44289452.0
44300532.0
44311613.0
44322694.0
44333775.0
44344855.0
44355936.0
44367017.0
44378097.0
44389178.0
44400259.0
44411339.0
44422420.0
44433501.0
44444581.0
44455662.0
44466742.0
44477824.0
44488904.0
44499984.0
44511065.0
44522146.0
44533227.0
44544307.0
44555389.0
44566469.0
44577550.0
44588630.0
44599710.0
44610791.0
44621872.0
44632953.0
44644033.0
44655114.0
44666195.0
44677276.0
44688356.0
44699437.0
44710517.0
44721598.0
44732679.0
44743759.0
44754840.0
44765921.0
44777001.0
44788082.0
44799163.0
44810243.0
44821324.0
44832405.0
44843485.0
44854566.0
44865647.0
44876727.0
44887808.0
44898889.0
44909969.0
44921050.0
44932131.0
44943212.0
44954292.0
44965373.0
44976453.0
44987534.0
44998615.0
45009696.0
45020776.0
45031857.0
45042938.0
45054018.0
45065099.0
45076179.0
45087260.0
45098341.0
45109421.0
45120502.0
45131583.0
45142664.0
45153745.0
45164825.0
45175906.0
45186986.0
45198067.0
45209148.0
45220228.0
45231309.0
45242390.0
45253470.0
45264551.0
45275632.0
45286712.0
45297793.0
45308874.0
45319954.0
45331035.0
45342116.0
45353196.0
45364277.0
45375358.0
45386438.0
45397519.0
45408600.0
45419680.0
45430761.0
45441842.0
45452922.0
45464003.0
45475084.0
45486164.0
45497245.0
45508326.0
45519406.0
45530487.0
45541568.0
45552650.0
45563729.0
45574810.0
45585891.0
45596971.0
45608052.0
45619132.0
45630213.0
45641294.0
45652375.0
45663455.0
45674536.0
45685617.0
45696697.0
45707778.0
45718859.0
45729939.0
45741020.0
45752101.0
45763181.0
45774262.0
45785343.0
45796423.0
45807504.0
45818585.0
45829665.0
45840746.0
45851827.0
45862907.0
45873988.0
45885069.0
45896149.0
45907230.0
45918311.0
45929391.0
45940472.0
45951553.0
45962634.0
45973714.0
45984795.0
45995875.0
46006956.0
46018037.0
46029117.0
46040198.0
46051279.0
46062359.0
46073440.0
46084521.0
46095602.0
46106682.0
46117763.0
46128844.0
46139924.0
46151005.0
46162086.0
46173166.0
46184247.0
46195328.0
46206408.0
46217489.0
46228569.0
46239650.0
46250731.0
46261812.0
46272892.0
46283973.0
46295053.0
46306134.0
46317215.0
46328295.0
46339376.0
46350457.0
46361538.0
46372618.0
46383699.0
46394779.0
46405860.0
46416941.0
46428022.0
46439102.0
46450183.0
46461264.0
46472344.0
46483425.0
46494505.0
46505586.0
46516667.0
46527748.0
46538828.0
46549910.0
46560990.0
46572070.0
46583151.0
46594232.0
46605312.0
46616393.0
46627474.0
46638555.0
46649635.0
46660716.0
46671797.0
46682877.0
46693958.0
46705038.0
46716119.0
46727200.0
46738281.0
46749361.0
46760442.0
46771522.0
46782603.0
46793684.0
46804765.0
46815845.0
46826926.0
46838007.0
46849087.0
46860168.0
46871249.0
46882329.0
46893410.0
46904491.0
46915571.0
46926652.0
46937732.0
46948814.0
46959894.0
46970975.0
46982055.0
46993136.0
47004217.0
47015297.0
47026378.0
47037459.0
47048540.0
47059620.0
47070701.0
47081781.0
47092862.0
47103943.0
47115023.0
47126104.0
47137185.0
47148265.0
47159346.0
47170427.0
47181508.0
47192588.0
47203669.0
47214749.0
47225830.0
47236911.0
47247992.0
47259072.0
47270153.0
47281234.0
47292314.0
47303395.0
47314475.0
47325556.0
47336637.0
47347718.0
47358798.0
47369879.0
47380960.0
47392040.0
47403121.0
47414202.0
47425282.0
47436363.0
47447443.0
47458524.0
47469605.0
47480686.0
47491766.0
47502847.0
47513928.0
47525008.0
47536089.0
47547170.0
47558251.0
47569331.0
47580412.0
47591492.0
47602573.0
47613654.0
47624734.0
47635815.0
47646896.0
47657976.0
47669057.0
47680138.0
47691218.0
47702299.0
47713380.0
47724460.0
47735541.0
47746622.0
47757702.0
47768783.0
47779864.0
47790944.0
47802025.0
47813106.0
47824186.0
47835267.0
47846348.0
47857428.0
47868509.0
47879590.0
47890670.0
47901751.0
47912832.0
47923913.0
47934993.0
47946074.0
47957155.0
47968235.0
47979316.0
47990396.0
48001477.0
48012558.0
48023638.0
48034719.0
48045800.0
48056880.0
48067961.0
48079042.0
48090123.0
48101203.0
48112284.0
48123365.0
48134445.0
48145526.0
48156607.0
48167687.0
48178768.0
48189849.0
48200929.0
48212010.0
48223091.0
48234171.0
48245252.0
48256333.0
48267413.0
48278494.0
48289575.0
48300655.0
48311736.0
48322817.0
48333897.0
48344978.0
48356059.0
48367139.0
48378220.0
48389301.0
48400382.0
48411462.0
48422543.0
48433624.0
48444704.0
48455785.0
48466865.0
48477946.0
48489027.0
48500108.0
48511188.0
48522269.0
48533349.0
48544431.0
48555511.0
48566592.0
48577672.0
48588753.0
48599834.0
48610914.0
48621995.0
48633075.0
48644156.0
48655237.0
48666318.0
48677398.0
48688479.0
48699560.0
48710640.0
48721721.0
48732802.0
48743883.0
48754964.0
48766044.0
48777124.0
48788205.0
48799286.0
48810366.0
48821447.0
48832528.0
48843608.0
48854689.0
48865770.0
48876850.0
48887931.0
48899012.0
48910093.0
48921173.0
48932254.0
48943334.0
48954415.0
48965496.0
48976576.0
48987657.0
48998738.0
49009819.0
49020899.0
49031980.0
49043061.0
49054141.0
49065222.0
49076303.0
49087383.0
49098464.0
49109546.0
49120625.0
49131706.0
49142787.0
49153868.0
49164948.0
49176029.0
49187109.0
49198190.0
49209272.0
49220351.0
49231432.0
49242513.0
49253593.0
49264674.0
49275755.0
49286835.0
49297916.0
49308996.0
49320077.0
49331158.0
49342239.0
49353320.0
49364400.0
49375481.0
49386561.0
49397642.0
49408723.0
49419803.0
49430884.0
49441965.0
49453045.0
49464126.0
49475207.0
49486287.0
49497368.0
49508449.0
49519530.0
49530610.0
49541692.0
49552772.0
49563852.0
49574933.0
49586013.0
49597094.0
49608175.0
49619255.0
49630336.0
49641417.0
49652498.0
49663578.0
49674659.0
49685739.0
49696820.0
49707901.0
49718982.0
49730062.0
49741144.0
49752224.0
49763304.0
49774385.0
49785466.0
49796546.0
49807627.0
49818708.0
49829788.0
49840869.0
49851950.0
49863030.0
49874111.0
49885192.0
49896272.0
49907353.0
49918434.0
49929514.0
49940595.0
49951676.0
49962756.0
49973837.0
49984918.0
49995998.0
50007079.0
50018160.0
50029240.0
50040321.0
50051402.0
50062482.0
50073563.0
50084644.0
50095724.0
50106805.0
50117886.0
50128967.0
50140047.0
50151129.0
50162209.0
50173289.0
50184370.0
50195451.0
50206531.0
50217612.0
50228692.0
50239773.0
50250854.0
50261935.0
50273015.0
50284096.0
50295177.0
50306257.0
50317338.0
50328419.0
50339500.0
50350581.0
50361661.0
50372741.0
50383822.0
50394903.0
50405983.0
50417064.0
50428145.0
50439225.0
50450306.0
50461387.0
50472467.0
50483548.0
50494629.0
50505709.0
50516790.0
50527871.0
50538952.0
50550032.0
50561113.0
50572193.0
50583274.0
50594355.0
50605435.0
50616516.0
50627597.0
50638678.0
50649758.0
50660839.0
50671919.0
50683001.0
50694081.0
50705161.0
50716242.0
50727323.0
50738407.0
50749484.0
50760565.0
50771646.0
50782726.0
50793807.0
50804887.0
50815968.0
50827049.0
50838130.0
50849210.0
50860291.0
50871371.0
50882452.0
50893533.0
50904614.0
50915694.0
50926775.0
50937856.0
50948937.0
50960017.0
50971098.0
50982178.0
50993259.0
51004340.0
51015420.0
51026501.0
51037582.0
51048662.0
51059743.0
51070824.0
51081904.0
51092985.0
51104066.0
51115146.0
51126227.0
51137308.0
51148389.0
51159469.0
51170550.0
51181630.0
51192711.0
51203792.0
51214873.0
51225953.0
51237034.0
51248115.0
51259196.0
51270276.0
51281357.0
51292437.0
51303518.0
51314598.0
51325679.0
51336760.0
51347841.0
51358921.0
51370003.0
51381082.0
51392163.0
51403244.0
51414325.0
51425405.0
51436486.0
51447566.0
51458647.0
51469729.0
51480808.0
51491889.0
51502970.0
51514051.0
51525131.0
51536213.0
51547293.0
51558373.0
51569454.0
51580535.0
51591615.0
51602696.0
51613776.0
51624857.0
51635938.0
51647019.0
51658099.0
51669180.0
51680261.0
51691341.0
51702422.0
51713503.0
51724583.0
51735664.0
51746745.0
51757825.0
51768906.0
51779987.0
51791068.0
51802148.0
51813229.0
51824309.0
51835390.0
51846471.0
51857551.0
51868632.0
51879713.0
51890794.0
51901874.0
51912955.0
51924035.0
51935116.0
51946198.0
51957278.0
51968358.0
51979439.0
51990520.0
52001600.0
52012681.0
52023761.0
52034843.0
52045923.0
52057004.0
52068084.0
52079165.0
52090246.0
52101326.0
52112407.0
52123488.0
52134568.0
52145650.0
52156730.0
52167810.0
52178891.0
52189972.0
52201052.0
52212133.0
52223214.0
52234294.0
52245375.0
52256456.0
52267536.0
52278617.0
52289698.0
52300779.0
52311859.0
52322940.0
52334021.0
52345101.0
52356182.0
52367263.0
52378343.0
52389424.0
52400505.0
52411585.0
52422666.0
52433747.0
52444827.0
52455908.0
52466989.0
52478069.0
52489150.0
52500231.0
52511311.0
52522392.0
52533473.0
52544553.0
52555634.0
52566715.0
52577795.0
52588876.0
52599956.0
52611037.0
52622118.0
52633199.0
52644280.0
52655360.0
52666441.0
52677521.0
52688602.0
52699683.0
52710763.0
52721844.0
52732925.0
52744005.0
52755086.0
52766167.0
52777247.0
52788328.0
52799409.0
52810489.0
52821570.0
52832651.0
52843731.0
52854812.0
52865893.0
52876973.0
52888054.0
52899135.0
52910216.0
52921296.0
52932377.0
52943458.0
52954538.0
52965619.0
52976699.0
52987780.0
52998861.0
53009942.0
53021022.0
53032103.0
53043184.0
53054264.0
53065345.0
53076425.0
53087506.0
53098587.0
53109668.0
53120748.0
53131829.0
53142910.0
53153990.0
53165071.0
53176152.0
53187232.0
53198313.0
53209394.0
53220474.0
53231555.0
53242636.0
53253716.0
53264797.0
53275878.0
53286958.0
53298039.0
53309120.0
53320200.0
53331284.0
53342362.0
53353442.0
53364523.0
53375604.0
53386684.0
53397765.0
53408846.0
53419926.0
53431007.0
53442088.0
53453168.0
53464249.0
53475330.0
53486410.0
53497491.0
53508572.0
53519652.0
53530734.0
53541815.0
53552895.0
53563975.0
53575056.0
53586137.0
53597217.0
53608298.0
53619379.0
53630459.0
53641540.0
53652621.0
53663701.0
53674782.0
53685863.0
53696943.0
53708024.0
53719105.0
53730185.0
53741266.0
53752346.0
53763427.0
53774508.0
53785589.0
53796669.0
53807750.0
53818831.0
53829911.0
53840992.0
53852073.0
53863153.0
53874234.0
53885315.0
53896395.0
53907476.0
53918557.0
53929638.0
53940718.0
53951799.0
53962879.0
53973960.0
53985041.0
53996121.0
54007202.0
54018283.0
54029364.0
54040444.0
54051525.0
54062606.0
54073686.0
54084767.0
54095847.0
54106928.0
54118009.0
54129090.0
54140170.0
54151251.0
54162332.0
54173412.0
54184493.0
54195574.0
54206654.0
54217735.0
54228816.0
54239896.0
54250977.0
54262058.0
54273138.0
54284219.0
54295300.0
54306380.0
54317461.0
54328542.0
54339622.0
54350703.0
54361784.0
54372864.0
54383945.0
54395026.0
54406106.0
54417187.0
54428268.0
54439349.0
54450429.0
54461510.0
54472590.0
54483671.0
54494752.0
54505832.0
54516913.0
54527995.0
54539075.0
54550155.0
54561236.0
54572316.0
54583397.0
54594478.0
54605559.0
54616639.0
54627720.0
54638800.0
54649881.0
54660962.0
54672042.0
54683123.0
54694204.0
54705285.0
54716365.0
54727446.0
54738527.0
54749607.0
54760688.0
54771769.0
54782849.0
54793930.0
54805010.0
54816091.0
54827172.0
54838253.0
54849334.0
54860415.0
54871494.0
54882575.0
54893656.0
54904737.0
54915817.0
54926898.0
54937979.0
54949059.0
54960140.0
54971221.0
54982301.0
54993382.0
55004463.0
55015543.0
55026624.0
55037705.0
55048785.0
55059866.0
55070947.0
55082027.0
55093108.0
55104189.0
55115270.0
55126350.0
55137431.0
55148512.0
55159592.0
55170673.0
55181754.0
55192834.0
55203915.0
55214996.0
55226076.0
55237157.0
55248238.0
55259318.0
55270399.0
55281480.0
55292560.0
55303641.0
55314722.0
55325802.0
55336884.0
55347964.0
55359044.0
55370125.0
55381206.0
55392286.0
55403367.0
55414448.0
55425528.0
55436609.0
55447689.0
55458770.0
55469851.0
55480932.0
55492012.0
55503093.0
55514174.0
55525255.0
55536336.0
55547416.0
55558496.0
55569577.0
55580658.0
55591739.0
55602819.0
55613900.0
55624980.0
55636061.0
55647142.0
55658223.0
55669303.0
55680384.0
55691464.0
55702545.0
55713626.0
55724707.0
55735787.0
55746868.0
55757949.0
55769029.0
55780110.0
55791191.0
55802271.0
55813352.0
55824432.0
55835513.0
55846594.0
55857675.0
55868755.0
55879836.0
55890917.0
55901997.0
55913079.0
55924159.0
55935239.0
55946320.0
55957400.0
55968481.0
55979562.0
55990643.0
56001723.0
56012804.0
56023885.0
56034965.0
56046046.0
56057127.0
56068207.0
56079288.0
56090369.0
56101449.0
56112530.0
56123611.0
56134692.0
56145772.0
56156853.0
56167933.0
56179014.0
56190096.0
56201175.0
56212256.0
56223337.0
56234418.0
56245498.0
56256579.0
56267659.0
56278740.0
56289821.0
56300902.0
56311982.0
56323063.0
56334144.0
56345224.0
56356305.0
56367385.0
56378466.0
56389547.0
56400628.0
56411708.0
56422789.0
56433870.0
56444951.0
56456031.0
56467112.0
56478192.0
56489273.0
56500354.0
56511434.0
56522516.0
56533596.0
56544676.0
56555757.0
56566838.0
56577918.0
56588999.0
56600080.0
56611160.0
56622241.0
56633322.0
56644402.0
56655483.0
56666564.0
56677644.0
56688725.0
56699806.0
56710886.0
56721967.0
56733048.0
56744128.0
56755209.0
56766290.0
56777370.0
56788451.0
56799532.0
56810612.0
56821693.0
56832774.0
56843855.0
56854935.0
56866016.0
56877096.0
56888177.0
56899258.0
56910339.0
56921420.0
56932500.0
56943580.0
56954661.0
56965742.0
56976823.0
56987903.0
56998984.0
57010064.0
57021145.0
57032226.0
57043306.0
57054387.0
57065468.0
57076548.0
57087629.0
57098710.0
57109791.0
57120871.0
57131953.0
57143033.0
57154113.0
57165194.0
57176275.0
57187355.0
57198436.0
57209517.0
57220597.0
57231678.0
57242759.0
57253839.0
57264920.0
57276001.0
57287081.0
57298162.0
57309243.0
57320324.0
57331404.0
57342485.0
57353566.0
57364646.0
57375727.0
57386808.0
57397888.0
57408969.0
57420049.0
57431130.0
57442211.0
57453291.0
57464372.0
57475453.0
57486534.0
57497614.0
57508695.0
57519777.0
57530857.0
57541938.0
57553017.0
57564098.0
57575179.0
57586260.0
57597340.0
57608421.0
57619502.0
57630582.0
57641663.0
57652744.0
57663824.0
57674905.0
57685985.0
57697066.0
57708147.0
57719228.0
57730308.0
57741389.0
57752470.0
57763550.0
57774631.0
57785712.0
57796792.0
57807873.0
57818954.0
57830034.0
57841115.0
57852196.0
57863276.0
57874357.0
57885438.0
57896518.0
57907599.0
57918680.0
57929760.0
57940841.0
57951922.0
57963003.0
57974083.0
57985164.0
57996244.0
58007325.0
58018406.0
58029487.0
58040567.0
58051648.0
58062729.0
58073809.0
58084890.0
58095970.0
58107051.0
58118132.0
58129213.0
58140293.0
58151374.0
58162455.0
58173535.0
58184616.0
58195696.0
58206777.0
58217858.0
58228939.0
58240019.0
58251100.0
58262181.0
58273261.0
58284342.0
58295423.0
58306503.0
58317584.0
58328666.0
58339745.0
58350827.0
58361907.0
58372987.0
58384068.0
58395149.0
58406229.0
58417310.0
58428391.0
58439472.0
58450553.0
58461633.0
58472714.0
58483794.0
58494875.0
58505956.0
58517037.0
58528118.0
58539198.0
58550279.0
58561359.0
58572440.0
58583520.0
58594601.0
58605682.0
58616762.0
58627843.0
58638924.0
58650004.0
58661085.0
58672166.0
58683246.0
58694327.0
58705407.0
58716488.0
58727569.0
58738650.0
58749730.0
58760811.0
58771892.0
58782972.0
58794053.0
58805134.0
58816214.0
58827295.0
58838376.0
58849456.0
58860537.0
58871618.0
58882698.0
58893779.0
58904860.0
58915941.0
58927021.0
58938102.0
58949183.0
58960263.0
58971344.0
58982424.0
58993505.0
59004586.0
59015667.0
59026747.0
59037828.0
59048909.0
59059989.0
59071070.0
59082151.0
59093231.0
59104312.0
59115392.0
59126474.0
59137554.0
59148634.0
59159715.0
59170796.0
59181877.0
59192957.0
59204038.0
59215119.0
59226199.0
59237280.0
59248360.0
59259441.0
59270522.0
59281603.0
59292683.0
59303764.0
59314845.0
59325926.0
59337006.0
59348087.0
59359167.0
59370248.0
59381329.0
59392409.0
59403490.0
59414571.0
59425651.0
59436732.0
59447813.0
59458893.0
59469974.0
59481055.0
59492135.0
59503216.0
59514298.0
59525378.0
59536458.0
59547539.0
59558620.0
59569700.0
59580781.0
59591861.0
59602942.0
59614023.0
59625103.0
59636184.0
59647265.0
59658346.0
59669426.0
59680508.0
59691588.0
59702668.0
59713749.0
59724830.0
59735911.0
59746991.0
59758072.0
59769152.0
59780233.0
59791314.0
59802394.0
59813475.0
59824556.0
59835637.0
59846717.0
59857798.0
59868878.0
59879959.0
59891040.0
59902120.0
59913201.0
59924282.0
59935363.0
59946443.0
59957524.0
59968604.0
