9
9
12
15
9
12
660
667
5
8
7
4
7
343
988
16
16
11
4
4
10
626
719
6
5
8
8
7
225
1099
10
7
10
6
6
12
550
751
4
3
2
2
6
115
1157
14
6
8
7
6
8
507
775
5
5
6
6
4
74
0
22
9
5
4
7
10
459
821
4
6
3
2
6
47
1221
40
13
8
7
10
9
422
892
9
7
4
3
3
26
1242
56
9
5
5
7
9
390
940
3
6
6
4
5
17
1248
85
14
12
8
7
8
356
991
6
12
9
8
3
13
0
99
8
12
11
8
7
301
997
3
2
6
6
8
6
1163
123
6
4
9
15
10
259
1011
3
4
3
3
4
6
1118
149
4
8
14
7
10
221
1059
5
1
9
8
7
3
1109
189
12
9
10
6
7
191
1118
2
3
5
3
8
9
0
239
7
7
5
10
8
159
1166
7
7
4
6
8
7
1055
279
13
13
9
12
13
123
1216
8
8
5
7
4
5
1001
315
9
11
4
10
8
96
1166
39
6
6
6
8
8
939
340
3
3
6
4
8
73
1078
125
6
4
3
3
5
0
387
5
8
12
8
10
54
1017
213
4
5
7
8
4
861
432
9
9
7
11
8
43
981
283
7
5
6
7
7
810
503
5
10
8
8
10
34
952
347
4
4
5
5
4
767
570
13
14
8
14
15
28
928
401
6
5
8
8
5
0
608
9
9
8
10
11
18
838
447
3
6
7
8
4
644
635
8
6
11
7
13
15
779
485
7
8
5
4
3
582
683
3
8
10
10
11
7
729
540
6
7
6
6
3
515
759
4
5
9
6
9
6
691
594
5
5
6
4
3
0
843
9
9
8
12
8
8
655
652
4
5
3
8
5
360
947
14
12
8
12
14
9
616
705
6
11
8
4
6
241
1061
10
15
9
12
8
12
549
735
10
6
5
4
5
125
1135
16
12
13
7
5
10
509
760
5
5
3
3
3
0
1175
18
5
7
7
7
6
462
796
8
8
10
8
7
51
1182
29
7
5
6
7
7
419
840
8
8
5
7
6
31
1198
53
6
7
8
9
10
384
902
7
8
7
5
4
14
1206
69
10
14
9
6
11
341
957
3
4
2
4
5
0
1188
88
14
15
9
7
7
303
970
1
5
3
5
7
8
1145
112
12
6
7
6
7
266
989
5
5
6
4
8
5
1114
142
5
4
6
7
9
229
1026
7
5
6
8
5
6
1073
180
6
9
9
10
8
198
1063
7
10
7
8
4
0
1057
215
9
10
5
5
3
168
1123
7
2
6
2
5
6
1034
261
9
7
9
8
9
123
1177
4
1
3
4
6
3
990
301
8
7
8
8
9
101
1151
28
5
4
8
9
6
937
327
6
13
13
9
7
77
1077
104
8
4
4
4
0
881
377
7
10
12
6
7
60
1014
185
5
2
5
7
4
837
421
6
6
8
12
8
43
969
258
6
8
6
4
3
799
478
5
8
8
10
7
34
935
328
5
7
6
7
4
764
537
11
13
12
7
6
26
897
386
4
5
7
5
0
714
575
12
7
7
4
9
17
832
439
3
5
4
6
7
650
625
11
10
10
11
9
10
783
479
8
4
8
8
4
594
668
7
5
7
8
8
9
727
522
7
3
10
6
5
529
728
10
3
6
15
9
12
687
575
6
5
5
5
0
458
816
10
10
7
6
5
4
655
636
6
5
4
4
7
376
916
9
5
11
10
6
7
614
685
3
4
3
5
7
260
1033
11
9
12
9
8
8
560
731
6
10
11
6
2
139
1134
13
2
4
8
10
13
514
757
5
1
6
8
0
80
1169
16
5
7
6
5
5
470
791
10
8
4
4
8
61
1179
25
8
7
10
6
9
428
834
3
6
8
7
5
30
1207
43
9
11
6
6
4
386
898
6
6
3
6
5
18
1209
69
8
7
10
8
8
350
954
3
3
6
3
0
6
1199
87
10
10
9
11
8
308
976
8
3
6
2
3
6
1157
115
8
7
8
10
7
271
990
7
6
3
3
4
7
1124
140
5
6
4
5
5
234
1025
5
4
3
8
8
4
1090
164
11
11
9
10
9
200
1063
5
4
6
6
0
3
1059
211
7
7
9
4
8
161
1121
4
8
8
6
8
10
1038
254
8
10
10
8
9
128
1171
8
4
5
8
4
5
1001
301
8
11
12
12
10
103
1180
15
4
5
5
4
4
950
336
6
6
7
10
9
82
1104
90
5
7
6
0
7
902
368
10
11
8
8
6
59
1025
173
10
5
5
6
6
845
413
7
10
12
13
8
49
972
248
7
4
3
5
6
810
466
5
3
8
4
7
31
945
312
6
5
5
6
9
769
527
7
12
10
7
9
25
911
377
3
4
6
0
8
730
586
9
12
13
9
12
22
865
432
3
4
3
5
4
671
632
7
5
15
9
12
14
799
468
7
3
2
7
4
601
663
10
12
9
9
16
6
742
518
2
3
3
3
4
532
721
5
7
5
6
9
9
691
573
5
3
4
0
5
472
808
5
6
9
1
6
7
664
628
7
5
9
8
10
395
912
10
8
4
9
8
6
630
680
8
7
8
4
4
291
1029
8
5
9
9
5
5
594
739
6
7
6
5
7
154
1148
14
7
8
9
11
11
524
757
4
6
7
0
5
85
1167
22
7
8
6
10
10
472
789
4
7
5
5
3
59
1177
29
5
8
6
8
9
432
836
4
5
7
6
5
37
1209
43
5
2
5
7
13
395
893
5
4
3
3
7
23
1217
68
8
9
8
10
13
365
943
4
5
3
0
5
19
1222
95
11
7
3
8
8
330
991
3
5
3
5
7
10
1191
108
9
12
11
7
11
281
1000
4
4
4
6
5
6
1124
138
7
9
12
8
8
238
1017
1
4
4
2
6
2
1087
169
4
8
7
4
10
203
1059
3
4
6
0
2
6
1073
204
5
7
6
9
6
176
1103
2
6
7
3
6
5
1039
246
8
7
9
9
11
139
1158
6
6
6
5
6
7
1022
297
10
7
7
8
10
110
1203
13
5
4
3
1
5
969
327
8
5
11
9
11
90
1115
78
5
4
0
4
3
903
365
6
8
11
11
7
65
1037
164
4
2
3
4
5
852
404
5
6
4
5
6
50
983
235
4
5
3
7
4
827
444
6
6
7
10
11
36
942
308
3
3
5
2
3
777
508
3
4
3
6
11
25
914
366
4
10
0
8
8
734
576
12
11
13
10
12
22
879
422
1
5
6
6
4
683
615
13
16
16
8
12
10
809
458
5
8
2
3
4
620
645
9
8
8
7
9
10
750
506
2
2
2
2
1
548
708
7
5
5
6
5
6
701
558
3
4
0
2
2
477
788
7
3
5
5
6
3
658
613
2
3
4
5
5
406
878
4
3
8
6
5
5
631
666
10
4
5
7
9
304
993
9
8
12
9
12
13
587
726
8
4
8
10
6
185
1102
13
11
8
11
8
9
529
741
1
5
0
6
4
97
1156
19
8
8
8
7
12
480
778
3
5
4
4
3
63
1174
21
7
6
7
6
7
445
811
4
5
4
2
2
44
1180
33
10
9
9
12
8
400
857
2
5
5
4
4
28
1195
56
6
6
4
4
8
358
924
4
5
0
5
6
15
1201
86
11
10
6
6
7
321
986
6
5
12
9
8
12
1174
107
10
10
7
6
3
288
984
0
1
1
3
3
2
1127
134
11
7
9
13
10
241
1011
5
4
3
1
0
2
1097
161
4
8
5
9
5
212
1042
2
2
0
4
4
3
1061
190
8
8
4
6
8
184
1074
4
4
2
4
5
3
1034
236
5
4
8
5
9
140
1142
2
5
3
2
5
4
1013
276
6
8
8
12
12
114
1182
9
8
5
8
7
6
964
317
7
13
8
7
7
91
1119
62
7
0
6
3
2
912
349
6
5
5
10
9
68
1041
153
3
0
1
1
6
856
400
7
9
9
7
6
52
982
223
3
4
3
4
5
815
437
6
8
11
7
3
38
937
291
1
1
2
1
5
777
499
7
6
7
7
5
27
906
353
6
0
3
6
7
731
561
7
9
4
5
11
22
877
412
9
8
10
5
1
692
593
9
7
5
9
9
11
813
453
5
5
2
2
4
627
644
7
11
5
6
7
9
761
500
5
4
5
5
5
567
692
3
6
4
1
4
4
702
550
4
0
5
4
5
485
768
6
11
7
9
10
7
659
605
3
3
4
3
5
421
849
8
5
4
6
4
3
630
652
5
2
0
4
4
320
966
11
9
9
3
7
9
590
707
8
5
9
4
7
205
1081
11
3
8
9
8
10
535
744
3
0
4
5
5
101
1164
7
5
6
6
4
8
497
770
2
3
0
5
2
68
1168
26
6
6
7
3
4
448
809
6
5
6
6
3
45
1179
31
5
8
8
8
8
409
849
5
2
3
4
3
29
1194
59
9
6
9
7
3
366
918
1
0
5
4
4
13
1203
79
8
7
11
6
7
335
968
8
3
5
7
6
8
1183
103
8
6
7
8
6
288
997
4
3
4
4
6
7
1148
122
5
7
5
3
3
255
1007
2
3
2
3
2
3
1109
152
7
8
6
6
9
212
1044
3
0
7
3
4
4
1074
179
5
8
12
2
7
184
1076
4
3
2
2
4
3
1045
227
7
5
10
9
5
149
1133
4
5
3
1
4
5
1016
275
5
5
7
7
5
121
1177
6
7
8
7
5
10
983
320
11
11
9
11
6
96
1167
49
0
4
9
8
5
935
355
9
6
10
6
9
71
1067
131
1
2
3
3
2
870
386
8
4
5
6
7
56
995
215
3
1
2
4
2
827
432
5
7
8
3
8
39
950
283
1
3
2
4
4
789
488
6
6
6
3
11
31
920
343
0
1
3
4
5
744
556
6
4
5
6
8
24
893
402
6
4
4
4
7
702
614
6
9
11
10
9
12
854
453
9
5
4
6
5
646
661
15
12
7
9
6
16
769
494
3
3
3
1
4
574
686
4
6
4
3
7
5
716
540
0
5
4
6
6
500
756
4
6
6
5
8
7
665
596
4
3
2
1
2
437
838
9
4
6
3
6
4
640
648
5
2
4
3
5
350
948
4
7
11
8
10
11
610
705
7
7
6
7
7
229
1081
9
6
9
5
7
7
566
754
0
4
3
6
4
111
1180
11
9
10
10
9
7
509
766
1
2
4
3
2
70
1173
25
4
5
7
10
10
457
806
3
4
6
2
3
52
1178
32
4
8
6
7
5
415
850
2
3
3
1
2
29
1201
52
3
2
5
4
6
374
916
0
3
3
2
0
13
1213
73
8
6
5
3
7
343
962
6
5
8
6
3
10
1201
107
11
9
8
11
11
305
1008
8
5
7
6
3
5
1176
121
10
10
6
13
6
261
1014
6
2
3
5
5
2
1117
147
3
4
4
5
5
220
1042
0
3
4
3
6
3
1079
178
9
5
9
8
11
189
1071
4
4
2
1
1
3
1052
222
9
3
9
5
9
148
1127
6
6
5
4
5
7
1023
271
10
11
8
8
7
124
1180
2
7
9
6
5
4
997
315
10
7
9
7
5
102
1185
0
4
6
6
9
6
944
351
7
7
6
6
4
73
1084
119
0
3
1
3
2
875
386
8
5
7
8
6
57
1006
204
3
5
3
1
3
830
427
5
6
6
9
10
49
957
267
3
5
6
3
2
802
472
5
10
7
6
9
35
918
0
3
0
1
4
5
752
538
5
3
7
10
8
23
894
389
4
4
3
3
4
706
603
5
5
2
7
10
18
864
444
4
7
9
6
7
650
651
8
12
9
9
10
11
782
487
3
2
4
3
5
584
681
4
3
5
6
8
6
724
0
4
5
5
3
5
525
733
5
7
5
7
11
4
675
587
6
4
1
4
2
445
824
6
6
5
6
10
7
639
634
0
2
1
2
1
362
923
3
4
5
7
10
10
598
692
5
5
6
2
5
256
1048
8
11
8
7
4
11
573
0
7
7
7
5
7
129
1155
15
14
6
9
6
9
513
760
3
2
0
3
2
74
1174
19
4
4
2
7
8
458
804
2
4
3
5
4
55
1180
26
4
7
6
3
3
421
834
8
5
6
5
2
34
1184
44
10
9
8
9
10
381
0
5
6
6
5
5
22
1183
71
8
5
7
10
9
342
944
2
3
4
2
4
10
1189
99
7
7
8
10
7
310
990
7
8
6
5
8
7
1166
116
8
11
9
8
5
267
1003
1
2
2
3
5
9
1118
149
4
8
7
6
9
228
0
3
3
4
4
4
5
1077
179
6
2
4
9
11
198
1048
2
4
6
6
2
3
1043
206
5
8
7
8
10
165
1093
4
5
4
5
5
2
1013
258
7
6
2
3
7
135
1149
2
2
2
3
1
1
987
296
5
5
3
7
9
103
0
22
5
4
3
2
3
945
336
7
7
7
6
3
78
1094
103
4
4
4
3
5
886
380
8
7
6
9
7
63
1011
188
3
9
6
7
8
838
420
9
6
4
8
8
49
959
249
4
3
4
4
6
799
457
8
5
4
7
8
32
0
318
9
5
4
5
2
757
513
7
9
6
3
9
22
889
377
0
1
1
3
2
708
587
9
9
5
7
7
15
861
431
9
5
8
3
4
666
625
8
5
4
4
7
9
789
485
1
4
3
3
3
605
669
9
9
7
8
9
8
0
525
3
4
5
7
6
532
727
5
6
5
4
7
11
686
569
6
8
6
4
4
458
799
4
6
5
10
5
7
640
620
4
5
7
2
5
375
897
10
3
7
6
4
4
602
681
3
1
3
5
2
273
1016
8
8
11
6
10
7
0
731
4
5
5
1
4
146
1145
4
6
4
6
6
5
521
764
2
1
2
2
3
81
1180
14
8
7
6
8
7
465
802
3
1
5
5
2
60
1176
28
5
5
8
6
5
430
831
6
8
6
5
3
39
1180
39
3
11
10
7
13
0
879
5
5
2
2
5
23
1194
63
5
7
14
7
6
346
937
5
3
4
4
2
13
1193
93
12
9
5
6
9
316
985
1
5
5
4
5
10
1173
114
4
7
8
5
2
271
1012
2
1
3
2
3
4
1146
125
10
10
4
5
6
0
1038
3
4
1
1
6
5
1102
167
5
3
2
4
4
198
1058
3
6
2
4
6
6
1056
205
4
5
13
10
8
161
1101
5
4
5
6
4
4
1037
250
10
9
6
10
10
130
1172
5
5
4
2
3
4
1017
302
7
6
8
11
3
0
1209
16
2
4
2
7
6
979
351
7
7
6
5
8
83
1158
96
5
7
5
4
5
925
389
10
7
9
7
11
67
1046
186
2
3
4
1
2
865
411
6
12
5
5
7
50
973
253
5
4
7
6
5
816
449
3
6
8
9
10
0
923
315
2
3
4
4
2
776
521
9
10
5
5
8
20
917
378
2
4
4
3
3
731
595
6
8
4
7
5
15
887
430
7
4
8
6
5
680
662
13
11
3
6
5
13
852
482
11
10
5
4
2
623
704
7
8
9
10
6
0
769
525
2
2
1
1
2
549
728
13
7
6
10
4
6
701
572
5
6
1
4
5
479
791
7
9
10
14
12
5
658
620
5
4
4
4
3
399
902
8
5
4
6
6
9
625
685
3
4
2
5
2
295
1025
11
9
7
4
5
0
595
741
7
4
6
6
6
168
1166
12
8
6
5
5
6
560
785
7
7
5
6
7
89
1223
17
12
11
7
11
6
486
817
2
4
4
4
1
65
1190
23
8
7
8
8
8
436
836
4
7
6
4
3
41
1193
39
6
5
7
8
0
399
887
4
5
4
3
3
27
1214
71
3
9
7
8
9
366
953
3
5
4
1
3
13
1224
97
5
3
5
5
8
340
993
6
4
5
7
11
9
1217
126
6
7
6
3
4
298
1049
5
4
9
7
5
5
1174
137
10
11
6
7
0
246
1046
1
3
1
3
3
3
1114
162
6
10
9
9
8
207
1065
3
3
5
3
9
7
1072
195
9
5
5
8
9
176
1105
2
1
2
3
3
4
1050
240
8
4
4
6
6
140
1165
2
4
4
4
4
5
1025
293
9
6
7
12
0
118
1206
11
7
1
3
6
8
1001
340
10
8
6
6
4
91
1185
82
6
5
2
6
7
941
386
10
9
11
11
11
65
1073
171
5
3
3
5
4
871
406
4
6
8
11
8
52
984
241
4
6
5
4
6
821
444
4
7
8
9
0
39
939
310
7
3
7
4
1
789
504
12
10
6
7
10
26
915
364
3
4
3
1
4
740
577
13
6
9
6
6
22
896
419
5
6
3
3
3
694
638
4
4
8
9
9
17
864
476
9
9
7
6
4
635
684
10
9
11
6
0
15
774
518
1
4
2
2
2
562
716
9
11
8
3
4
9
707
560
3
6
7
9
6
492
774
8
4
9
6
6
7
662
610
4
4
4
5
7
417
864
5
3
5
10
13
4
623
665
6
2
5
4
5
319
989
10
6
8
6
0
9
591
731
3
6
6
5
6
190
1135
8
8
5
3
5
6
561
782
8
4
3
6
6
99
1210
19
10
10
10
9
9
496
800
1
2
3
6
3
65
1195
21
7
9
13
8
3
443
832
7
4
5
5
5
44
1188
40
6
9
5
0
7
401
858
5
6
5
5
5
27
1190
60
6
4
7
10
12
355
905
6
7
7
5
5
14
1194
81
6
7
5
8
7
331
976
7
8
3
2
6
11
1199
110
14
8
6
8
11
300
1023
3
3
2
3
4
4
1172
136
11
12
9
0
11
250
1034
3
1
2
3
7
5
1113
158
7
12
9
10
10
213
1056
5
4
2
5
5
2
1072
191
7
5
6
8
8
177
1081
6
6
4
3
6
4
1040
222
6
6
4
7
7
145
1119
8
6
6
10
3
2
1018
273
7
10
7
0
6
116
1191
9
3
3
3
2
3
992
321
9
6
6
8
6
87
1187
58
5
4
3
3
2
943
365
10
12
11
11
8
72
1069
152
5
5
4
3
4
880
395
10
10
7
11
8
55
995
230
7
8
8
3
4
827
440
8
7
8
0
8
39
939
290
6
4
7
7
9
785
479
3
7
5
11
7
29
899
348
6
7
5
4
3
747
547
5
7
5
7
4
19
886
409
5
2
2
5
5
698
618
2
8
8
9
8
12
858
462
5
2
6
3
4
643
670
11
9
10
0
9
6
795
510
0
2
7
7
3
581
709
14
15
14
9
9
5
722
552
3
5
5
6
4
506
760
8
4
6
7
5
5
664
598
6
7
8
5
2
421
840
8
5
9
9
10
9
616
649
6
9
7
8
8
343
951
10
9
10
0
5
6
599
714
2
4
6
3
3
213
1104
6
6
10
7
5
8
563
763
5
3
2
5
6
102
1201
17
4
9
8
8
7
509
798
8
7
2
1
3
67
1209
14
9
6
10
11
6
454
824
5
6
6
6
6
47
1196
36
8
8
0
7
8
408
860
3
2
3
6
7
37
1184
49
8
4
9
14
11
364
909
6
7
6
4
5
16
1206
79
10
10
6
6
6
336
974
2
3
3
5
6
10
1207
106
8
8
8
7
7
302
1028
4
3
4
5
2
3
1185
135
11
11
0
8
12
264
1051
4
3
5
5
4
4
1150
156
6
13
10
9
11
217
1067
5
1
0
1
4
5
1087
184
8
6
3
5
8
189
1080
9
6
5
3
4
8
1044
223
6
6
9
10
12
149
1123
8
6
4
3
4
4
1032
268
10
8
0
6
6
123
1185
4
3
4
2
3
2
1003
317
10
9
5
4
6
99
1198
37
1
3
5
4
5
958
380
7
6
7
8
9
75
1121
140
3
4
1
2
6
907
409
8
12
8
10
12
61
1025
218
1
3
7
5
5
845
431
10
10
0
5
6
40
958
283
5
1
4
7
7
794
472
3
6
11
9
13
30
916
339
6
5
3
4
5
759
542
8
7
6
9
7
16
899
405
3
4
4
4
4
707
616
7
8
3
5
9
17
867
455
4
10
8
6
5
658
686
12
7
0
10
11
9
829
514
4
5
4
3
4
598
728
10
10
12
10
11
14
745
554
1
1
0
2
4
519
758
9
12
12
9
7
8
679
592
5
4
6
7
6
438
827
9
8
7
6
9
9
636
643
3
6
3
4
3
358
944
8
5
0
6
8
9
608
707
1
2
1
5
4
241
1079
10
9
7
7
10
3
569
762
7
5
3
6
8
120
1217
20
9
7
9
10
8
534
806
8
8
6
4
6
72
1234
18
5
5
8
9
10
473
829
3
5
3
2
5
48
1199
32
9
0
10
12
11
410
858
4
6
3
4
7
30
1192
48
7
8
8
13
8
371
909
3
5
3
5
4
19
1215
76
6
8
6
6
8
348
966
2
4
4
5
1
8
1216
97
9
7
6
8
5
318
1014
8
6
8
4
3
5
1213
130
7
0
6
7
12
276
1067
4
7
8
6
6
6
1162
153
6
5
8
7
7
230
1065
4
5
5
2
2
4
1099
175
10
9
8
5
9
194
1080
5
6
8
8
9
6
1055
212
8
7
9
11
10
150
1119
4
1
3
3
5
2
1034
260
8
0
7
8
4
126
1177
3
3
2
4
3
2
1005
310
9
11
5
9
9
99
1203
28
7
3
7
6
6
976
363
9
10
11
11
7
75
1146
127
5
7
9
6
3
918
403
8
12
7
7
9
61
1040
206
2
3
4
2
3
849
422
6
0
7
5
5
44
961
270
4
4
6
7
5
801
465
3
5
6
10
8
33
922
330
5
8
6
5
6
769
523
7
11
7
8
11
22
896
388
1
0
0
3
5
715
597
9
7
4
3
6
19
866
442
4
5
3
3
3
662
675
4
0
15
9
9
13
837
500
8
7
7
7
2
611
712
10
10
13
8
7
9
762
537
2
4
5
4
1
532
745
10
6
6
4
4
10
682
587
7
8
7
8
7
456
810
3
5
11
8
11
7
642
633
5
7
6
4
5
374
908
8
0
11
11
14
9
598
689
3
4
2
2
4
263
1048
10
5
8
10
6
8
574
749
3
3
1
4
4
132
1190
13
5
10
9
8
8
541
800
4
4
4
4
5
79
1225
24
12
7
6
7
9
481
824
3
3
1
2
4
53
1200
32
0
9
8
3
6
422
847
7
9
2
3
6
37
1193
40
4
3
9
13
9
381
877
5
6
4
7
6
22
1178
57
4
4
10
12
8
337
924
9
8
6
6
6
7
1184
91
11
13
8
11
6
313
992
4
4
5
2
2
7
1185
128
0
7
8
5
5
285
1045
2
4
3
2
1
2
1161
145
10
11
8
11
7
232
1059
4
6
3
6
7
6
1099
175
4
9
7
12
9
198
1072
3
6
8
6
7
6
1055
206
11
8
7
8
11
165
1099
2
5
8
7
5
3
1017
247
0
8
2
5
10
132
1139
4
6
5
4
5
4
999
293
7
15
9
8
7
104
1192
19
3
1
1
2
3
974
342
9
9
9
11
12
82
1149
101
2
0
4
4
1
919
390
11
7
13
8
11
64
1038
194
2
1
2
2
3
858
419
0
1
7
9
12
44
967
258
6
3
6
6
5
808
451
6
4
5
8
8
28
922
317
7
6
4
5
6
764
499
6
5
9
10
11
25
872
376
6
4
4
5
5
715
574
10
11
8
5
6
12
870
432
2
4
3
6
6
677
646
0
8
5
7
4
14
837
486
8
4
2
1
2
614
703
9
8
10
10
10
10
773
537
3
4
2
0
2
551
741
5
5
11
13
10
9
693
583
4
3
6
6
3
469
802
8
7
7
7
5
6
644
620
7
5
6
7
4
388
880
0
5
8
9
10
10
597
673
4
5
5
2
5
278
1014
12
7
17
4
7
6
570
738
0
1
0
1
4
151
1160
9
8
8
13
8
8
548
784
4
4
5
4
5
86
1216
20
11
6
4
8
5
487
818
3
3
4
3
5
60
1207
0
12
11
10
6
4
433
845
7
4
4
3
4
37
1198
42
8
8
6
9
5
388
875
4
2
8
5
3
26
1188
58
7
9
10
11
7
346
922
5
4
3
4
5
13
1194
84
7
8
9
8
10
311
989
3
6
6
4
3
9
1200
0
10
9
11
4
9
290
1040
4
6
4
4
3
3
1170
144
8
12
16
11
3
247
1064
2
3
3
4
7
3
1128
170
12
6
7
12
9
197
1083
4
2
4
5
6
8
1073
205
6
9
8
6
8
161
1106
7
3
6
3
6
9
1029
0
7
6
8
6
4
137
1138
5
6
4
6
2
4
1005
287
10
4
8
9
2
106
1190
13
3
5
5
3
3
978
339
10
8
7
6
6
80
1164
85
7
6
3
1
8
938
400
8
6
4
10
6
65
1092
181
6
7
3
5
4
889
0
10
9
9
9
9
52
1000
251
1
3
2
4
5
823
453
4
5
3
7
8
38
932
310
7
6
6
6
9
779
492
8
7
12
8
10
28
888
372
4
6
5
2
2
731
569
9
7
8
11
6
16
872
426
3
3
5
4
4
687
0
6
6
9
5
5
10
848
478
6
4
4
6
