7
7
6
7
7
591
676
2
7
5
8
4
7
734
533
5
4
5
7
6
525
755
9
8
10
7
9
7
700
586
5
7
5
6
4
458
835
6
10
10
8
10
6
656
637
12
8
6
9
7
372
932
11
10
10
11
6
7
621
0
10
10
12
9
15
260
1038
13
5
5
11
11
10
562
723
6
6
4
4
3
136
1126
16
11
11
6
6
12
508
759
4
4
3
5
6
77
1175
16
3
5
8
6
3
471
794
3
2
3
1
1
52
1184
30
6
4
5
6
8
428
0
5
5
8
4
2
34
1198
52
11
9
5
14
11
400
896
5
2
6
4
3
19
1219
73
14
12
12
6
7
355
952
9
8
8
7
9
11
1193
89
14
11
7
9
5
316
957
3
4
2
3
4
7
1147
119
10
8
9
7
8
278
0
7
2
4
3
5
5
1115
147
5
4
7
5
7
241
1023
4
3
4
7
4
6
1085
175
6
7
5
6
7
202
1065
2
6
7
6
3
3
1066
214
7
6
7
5
9
167
1122
8
12
9
5
2
5
1033
252
14
11
9
8
8
130
0
9
11
12
8
9
10
998
295
7
7
13
9
15
104
1150
18
6
3
3
5
6
940
328
7
4
5
6
6
83
1095
96
2
4
3
4
4
888
372
8
9
5
5
7
61
1030
173
3
3
5
4
3
848
417
2
6
6
4
13
50
0
256
6
4
7
3
5
814
462
9
9
7
6
11
31
948
320
5
5
3
4
5
775
525
8
12
15
7
8
27
908
381
9
6
8
4
9
724
567
13
11
8
7
7
19
845
429
6
4
6
7
4
659
615
5
8
10
8
6
10
0
475
5
1
4
3
4
600
669
8
6
5
5
5
3
745
517
3
5
7
5
2
535
728
2
4
8
6
6
7
692
575
5
2
6
6
4
466
813
9
6
12
9
9
7
659
631
6
4
3
8
10
386
910
11
10
16
14
12
7
0
687
8
11
9
8
6
283
1016
9
9
7
11
7
9
573
716
6
6
7
4
3
153
1123
10
10
6
8
6
5
517
755
1
3
4
5
2
81
1174
12
1
4
7
8
8
478
790
5
4
3
4
3
58
1184
29
4
4
3
7
5
0
834
1
4
5
1
4
38
1202
48
6
5
12
10
9
398
897
4
6
9
3
6
21
1218
72
12
7
10
11
12
363
951
9
7
7
7
6
22
1201
86
9
6
8
9
10
321
967
4
5
11
6
5
9
1164
108
11
5
6
6
10
0
992
4
1
4
6
1
5
1130
137
2
5
5
8
8
241
1026
6
4
1
1
3
4
1099
166
7
8
6
5
11
204
1068
4
5
3
4
6
3
1084
208
6
7
9
10
4
169
1134
5
8
5
7
5
3
1061
257
12
12
10
10
5
0
1191
6
13
10
11
8
9
1029
304
11
11
8
11
11
112
1223
20
2
6
6
6
7
983
342
12
9
7
8
10
81
1139
82
9
10
2
2
6
911
371
6
8
4
5
3
60
1050
170
7
5
4
2
7
864
410
6
6
7
12
6
0
989
243
6
6
7
5
6
836
465
6
5
8
9
8
31
971
317
6
3
5
5
7
794
544
16
6
8
7
7
30
946
379
10
3
5
8
10
749
604
11
14
11
12
10
17
913
441
8
7
9
6
8
694
649
12
9
7
11
9
0
828
473
7
7
8
7
7
623
670
10
2
8
4
7
8
756
517
4
8
6
3
5
555
719
8
6
7
8
12
8
709
576
9
4
5
8
9
492
813
1
5
5
6
6
6
682
634
10
7
8
9
6
419
916
6
6
5
10
9
0
656
688
5
6
10
7
8
315
1040
12
8
7
7
8
10
610
755
8
11
7
7
5
187
1147
12
18
10
11
5
10
537
771
6
9
7
7
6
92
1184
17
7
11
11
7
10
493
790
3
6
5
5
6
63
1189
25
8
7
7
11
0
443
837
7
8
6
5
6
42
1224
42
9
9
13
6
2
408
910
3
7
6
5
8
27
1249
67
8
6
9
12
13
383
962
8
6
6
10
9
21
1243
97
12
7
9
8
10
344
1007
5
9
6
11
5
12
1213
108
12
11
6
9
0
290
1012
10
10
9
6
7
6
1153
133
5
9
5
5
5
249
1028
5
9
2
3
2
5
1107
169
7
7
8
10
10
210
1071
9
5
8
6
3
4
1093
206
7
9
7
5
7
181
1136
6
7
8
7
5
9
1070
254
9
5
11
12
0
151
1187
7
5
5
7
8
9
1056
299
12
12
5
3
9
115
1244
7
5
7
7
10
9
999
331
9
9
12
11
11
91
1149
67
9
8
5
4
6
922
359
7
10
7
7
7
65
1057
157
3
5
4
3
3
870
398
7
7
11
10
0
52
1001
234
8
6
6
8
8
841
455
11
9
7
8
7
38
970
303
6
5
6
6
9
798
519
4
10
9
10
7
28
947
366
11
7
6
9
11
763
593
10
10
10
5
9
17
923
425
4
2
7
9
9
705
636
17
10
12
5
0
16
832
468
12
5
7
6
7
624
657
9
7
4
8
10
8
765
506
4
3
3
4
3
565
709
6
7
6
9
6
6
720
559
7
7
6
4
3
496
790
8
7
10
5
7
5
678
621
6
4
6
5
3
424
889
9
17
8
9
0
8
655
676
7
9
8
6
10
337
1010
13
11
9
10
17
14
624
728
4
7
8
6
5
209
1119
12
8
12
5
10
8
544
757
5
7
5
5
6
102
1171
14
9
7
8
9
10
495
786
4
5
4
4
7
68
1190
19
5
7
4
0
8
452
817
2
1
3
4
6
42
1195
36
3
5
5
11
6
406
867
5
3
3
3
7
24
1210
58
8
10
10
7
7
371
940
5
8
6
9
5
20
1227
79
5
8
15
9
7
345
993
7
3
5
5
5
18
1210
106
9
6
10
0
3
295
1003
4
7
9
4
3
4
1153
123
10
10
9
8
6
260
1017
3
3
5
5
5
4
1113
158
5
5
8
5
6
217
1051
3
4
3
3
2
5
1080
188
9
6
2
8
9
183
1090
5
1
7
6
4
4
1062
230
10
7
8
0
6
149
1162
4
8
5
6
10
8
1046
277
6
12
12
11
11
123
1217
9
7
8
10
11
5
996
319
6
11
8
8
7
93
1158
55
8
7
7
3
6
928
352
7
7
7
4
3
69
1071
139
5
4
1
1
5
881
394
3
8
5
0
4
52
1005
215
4
3
2
1
2
833
435
6
10
7
9
9
40
955
287
5
6
6
6
5
803
494
8
6
7
8
5
31
935
351
8
8
9
5
6
753
568
15
12
8
10
3
22
913
416
11
10
8
6
8
704
621
11
7
10
0
7
14
846
461
6
6
5
11
9
636
657
10
7
7
6
9
7
774
504
6
3
3
5
5
581
698
8
5
9
7
5
7
722
547
3
3
4
3
2
507
768
4
1
4
13
11
6
678
598
2
4
2
7
8
441
857
12
8
7
0
11
9
653
663
9
6
6
9
7
351
977
13
12
13
11
5
8
620
722
3
3
7
6
12
234
1091
15
9
10
13
8
6
559
756
6
8
7
8
7
115
1178
8
7
7
6
6
2
505
777
8
6
9
6
3
74
1189
19
4
4
0
5
9
456
817
4
2
4
4
4
47
1198
34
8
11
13
8
8
417
863
6
8
10
7
8
32
1217
57
6
10
5
2
11
390
930
7
8
11
9
8
26
1231
74
5
6
7
7
10
351
990
7
10
5
3
7
18
1216
103
9
9
0
6
6
305
1014
6
8
6
2
4
10
1194
122
12
7
8
10
11
259
1026
8
9
9
6
8
12
1127
153
8
8
10
8
4
221
1055
4
4
3
2
2
3
1089
183
4
12
12
7
7
193
1089
5
3
3
7
11
9
1077
226
11
8
0
7
6
158
1156
8
9
7
7
10
12
1058
272
4
9
9
8
8
127
1212
6
7
6
7
10
8
1016
320
12
11
12
10
8
103
1210
38
7
6
7
8
7
969
354
13
6
12
9
7
72
1105
130
10
13
10
8
10
901
381
6
8
0
5
3
56
1019
208
4
4
3
3
4
843
429
8
6
12
12
8
43
964
278
8
4
5
8
6
814
492
10
10
8
8
9
29
952
344
9
11
7
12
10
780
552
12
9
9
14
13
17
921
409
4
5
2
6
10
720
625
9
9
0
8
13
13
882
462
9
10
6
7
4
669
674
13
9
15
7
11
15
809
496
9
3
7
11
8
590
694
6
9
10
5
7
3
733
547
11
7
7
6
5
519
759
4
7
9
6
14
7
688
593
7
7
6
8
6
451
852
7
6
0
8
6
6
661
658
10
6
8
9
11
376
963
7
12
13
8
12
8
628
718
5
8
9
5
9
258
1098
11
7
10
12
8
9
596
767
5
3
6
4
9
138
1202
14
9
9
10
9
8
520
792
9
8
8
7
8
80
1193
23
9
0
6
11
4
458
818
5
7
7
5
8
54
1195
31
5
11
9
5
8
427
855
10
6
11
9
9
38
1225
51
6
7
4
2
5
393
932
14
9
6
7
6
26
1247
80
7
8
8
7
7
362
984
7
9
9
5
6
15
1234
105
10
0
9
10
8
319
1035
4
7
2
5
8
10
1207
120
12
12
8
11
12
269
1039
10
6
10
7
9
9
1129
153
5
9
7
8
6
237
1039
4
11
5
6
11
5
1093
177
12
9
11
7
13
197
1084
5
6
8
10
8
6
1085
225
6
0
9
8
7
162
1154
12
12
8
5
7
9
1064
267
8
6
9
8
9
134
1210
1
7
6
7
4
8
1026
318
14
13
12
8
11
100
1233
28
6
4
10
9
10
982
348
9
14
9
16
10
77
1125
114
4
8
9
11
8
907
378
8
0
7
5
5
58
1033
187
6
3
7
7
3
853
419
3
2
8
8
13
47
976
266
10
7
5
5
4
825
477
9
9
7
8
11
32
944
335
8
7
12
7
8
780
543
9
9
12
10
4
29
918
399
6
8
8
7
5
733
610
13
0
11
10
10
14
900
453
9
7
5
7
8
680
656
11
10
11
7
9
15
815
495
9
7
8
6
7
611
675
9
7
6
5
7
5
745
531
8
8
6
6
9
532
740
4
4
4
3
8
9
697
583
10
6
10
9
10
463
822
6
0
6
4
14
8
656
644
8
2
6
8
9
389
933
6
5
9
8
7
11
632
701
6
4
3
4
8
283
1057
8
6
8
13
11
14
591
761
6
2
6
11
9
149
1177
14
14
8
12
12
11
522
787
5
6
9
8
8
88
1188
14
0
7
7
4
3
473
805
11
7
10
7
4
56
1194
30
7
8
6
8
7
435
839
7
3
3
3
4
36
1193
44
10
12
11
7
10
392
886
11
9
11
5
8
23
1211
72
8
12
8
8
9
357
957
8
8
3
5
7
22
1228
92
0
7
4
12
9
321
1016
5
6
3
3
6
11
1199
120
12
15
11
10
13
274
1024
3
4
7
7
7
7
1142
145
7
6
5
5
6
243
1033
11
12
9
7
7
7
1098
178
5
7
7
11
10
203
1069
7
2
3
4
4
5
1064
210
0
7
9
9
8
171
1107
10
6
9
8
16
10
1042
255
9
9
4
8
6
133
1185
3
4
4
3
3
5
1026
300
9
7
9
10
6
101
1218
19
5
12
11
8
6
977
340
11
12
10
15
11
78
1125
95
5
4
3
7
6
908
374
0
7
11
12
10
56
1046
183
5
8
12
7
4
859
412
7
10
9
10
9
51
978
248
4
3
6
9
4
813
454
4
5
3
6
13
38
934
322
7
10
11
9
7
784
514
13
13
9
7
9
27
916
383
4
9
9
7
8
741
592
0
13
9
14
14
15
889
438
9
4
6
8
6
685
636
9
8
11
9
9
15
817
484
4
9
7
5
4
618
681
6
4
9
5
10
9
759
526
7
10
6
9
10
550
729
5
7
5
6
6
6
709
562
2
6
11
7
5
472
799
0
7
6
8
9
11
656
619
6
7
8
7
7
394
901
9
10
8
7
11
9
629
691
7
4
5
7
8
297
1029
8
12
13
13
7
8
594
740
8
6
5
7
7
170
1151
12
7
7
9
6
9
534
784
5
3
6
5
9
92
1198
0
7
7
8
10
5
483
804
5
6
8
7
9
66
1197
30
8
8
7
7
11
438
839
9
11
13
8
9
40
1200
39
4
7
11
13
11
401
885
8
8
9
10
9
23
1220
65
4
8
14
9
12
367
953
5
6
5
6
6
21
1227
0
11
10
14
9
7
328
1006
3
6
6
8
10
7
1203
117
9
7
7
9
12
292
1037
10
7
4
9
7
8
1173
143
7
11
7
6
6
242
1048
6
5
5
6
5
10
1120
170
3
4
10
4
8
210
1074
8
5
8
6
8
8
1077
0
11
11
14
7
12
179
1112
6
4
5
7
5
5
1058
244
11
7
8
15
7
142
1186
5
7
8
7
10
9
1039
292
8
14
10
11
12
111
1223
17
6
6
5
6
4
1004
337
9
10
11
5
10
83
1181
84
5
3
3
5
5
940
0
11
10
8
6
10
55
1079
171
9
9
5
5
2
880
409
5
10
8
8
7
52
992
243
6
4
8
9
10
832
445
8
11
9
9
10
39
947
314
8
3
5
5
6
798
506
9
6
9
8
13
32
928
377
6
9
8
10
7
756
0
9
11
9
9
11
20
898
433
5
5
8
6
9
696
656
4
12
11
7
8
10
858
487
5
2
7
5
6
636
695
10
7
8
12
9
7
778
528
7
9
5
8
3
563
730
7
12
11
6
8
9
712
571
6
9
9
3
4
491
0
8
12
10
9
9
11
669
625
5
5
7
6
6
422
889
8
4
9
9
11
7
641
687
6
7
6
4
8
323
1010
9
8
12
13
9
12
604
743
3
3
4
5
6
195
1161
11
6
10
10
8
8
567
799
3
5
3
3
4
101
0
14
7
8
11
6
8
498
817
10
10
5
4
4
63
1211
24
9
6
9
9
7
452
836
5
4
7
4
6
43
1203
40
8
6
13
10
10
405
888
5
7
8
8
7
27
1230
61
7
9
13
10
8
379
949
5
10
9
9
3
22
0
85
6
8
7
12
10
343
1000
6
5
5
6
4
10
1234
119
9
6
6
9
11
310
1052
6
4
5
6
4
8
1187
140
8
7
9
11
7
249
1058
5
4
9
7
8
6
1129
161
10
8
11
6
4
217
1070
10
10
4
7
8
8
0
191
11
13
10
9
8
176
1108
4
3
5
5
5
5
1064
244
9
13
12
6
7
142
1170
8
8
5
9
10
8
1044
280
8
8
10
6
3
111
1221
6
5
6
4
7
7
1005
344
10
9
11
6
10
87
1208
65
2
4
3
3
4
0
374
9
9
10
9
10
65
1097
157
8
6
3
8
6
887
401
10
6
7
9
9
56
1003
235
10
7
8
6
5
838
439
8
9
11
10
7
41
959
301
6
5
5
4
4
799
500
7
7
11
9
8
31
928
366
3
6
7
6
8
0
563
6
8
7
9
6
13
900
425
5
7
6
3
6
714
633
11
4
8
5
8
9
868
480
7
1
7
5
5
648
686
13
5
6
5
7
9
787
515
4
9
8
7
12
575
711
8
10
9
8
5
10
713
559
5
7
8
5
4
0
770
11
9
13
9
5
9
671
607
6
6
8
6
3
426
857
10
13
11
8
10
10
631
661
4
4
6
8
6
334
976
6
6
6
3
5
8
588
723
4
2
7
4
4
219
1097
4
4
5
9
7
3
558
777
5
6
4
5
6
0
1194
17
10
5
10
5
5
487
796
9
5
7
8
4
62
1196
24
8
11
11
10
13
450
824
8
9
11
8
8
45
1200
36
5
4
4
6
7
418
850
5
5
9
10
8
28
1196
55
4
6
4
8
6
380
899
6
6
4
6
4
0
1195
79
9
14
9
7
7
336
970
15
9
11
8
9
11
1196
106
10
7
7
4
8
303
1018
7
6
5
7
8
11
1167
128
9
10
10
10
9
250
1027
7
7
8
6
7
6
1116
161
14
6
10
10
7
225
1048
10
8
6
8
9
0
1084
194
7
6
7
6
5
194
1077
5
7
6
6
8
5
1048
232
5
6
6
11
15
155
1121
10
5
5
4
5
8
1018
267
11
9
12
12
17
115
1179
8
10
8
5
4
5
987
316
10
8
8
12
5
88
1180
49
6
5
4
6
0
946
346
12
10
9
11
7
73
1078
136
8
10
5
3
7
887
386
8
12
15
9
4
51
1013
212
9
7
7
7
9
837
435
7
9
10
11
7
46
959
276
9
5
5
4
7
786
493
9
7
8
7
6
37
910
340
5
6
7
4
0
745
541
10
9
7
6
7
23
879
405
5
10
12
8
8
711
597
9
10
7
7
2
10
844
470
6
6
9
6
5
651
652
15
10
11
14
8
16
783
500
7
7
7
6
6
588
697
9
8
12
7
10
9
727
547
4
6
9
6
0
506
768
10
7
9
10
8
5
684
592
11
7
7
4
7
436
841
5
9
6
12
15
8
636
640
7
5
4
4
7
348
936
9
9
9
8
4
11
587
704
12
11
4
4
9
238
1062
11
3
5
7
3
6
555
759
6
7
9
8
0
122
1180
14
8
9
7
6
10
504
799
10
7
7
4
5
75
1192
25
7
10
5
9
8
458
820
9
7
7
6
6
47
1199
36
8
10
9
6
6
424
854
9
10
4
5
8
33
1198
52
7
8
5
8
9
394
890
5
3
3
5
0
24
1201
73
12
13
9
10
10
340
964
8
8
9
8
7
10
1202
98
7
7
5
5
9
310
1007
5
2
7
5
4
9
1178
128
9
11
12
8
7
260
1043
4
9
8
9
6
4
1140
154
12
13
5
12
8
224
1054
6
5
5
6
0
5
1091
178
8
6
6
9
10
195
1075
4
6
3
2
5
4
1051
224
10
7
8
8
10
165
1117
7
5
7
7
7
7
1029
260
11
9
6
5
6
119
1174
10
7
8
10
8
3
999
307
6
2
4
8
7
94
1191
31
7
6
4
0
4
960
354
8
6
3
6
9
76
1128
126
6
4
9
6
4
920
385
9
9
11
5
9
54
1035
209
5
6
5
5
4
856
419
8
10
8
13
15
45
963
269
5
4
6
3
5
798
474
4
8
12
8
9
34
921
335
5
7
7
0
8
768
522
5
12
10
10
8
22
888
401
4
7
6
9
5
721
593
7
7
10
6
6
14
864
450
5
5
6
5
3
670
658
7
3
8
6
8
7
822
503
4
3
4
3
6
604
709
10
9
6
8
9
8
737
549
9
8
9
0
7
532
755
11
7
11
13
10
13
697
588
7
10
6
4
3
455
822
9
9
11
10
5
9
642
636
9
10
4
7
11
371
927
5
9
8
8
9
4
607
700
4
11
7
5
7
265
1043
4
8
11
9
10
5
571
753
6
9
5
0
3
132
1192
10
5
6
7
2
5
525
802
3
1
1
4
5
80
1223
22
8
5
13
7
7
472
821
6
4
10
7
8
55
1201
30
6
9
10
10
12
422
848
5
4
4
3
4
34
1200
44
9
10
3
10
13
396
890
7
7
5
0
8
27
1205
68
7
11
7
6
12
351
951
9
9
9
7
8
11
1208
96
6
7
5
8
6
314
1007
3
4
2
2
5
10
1195
133
6
2
3
3
5
284
1054
3
4
4
7
6
7
1167
149
5
9
7
7
8
227
1062
8
8
8
0
8
6
1103
180
12
13
13
12
10
202
1071
8
6
4
8
5
2
1063
211
8
4
7
6
8
168
1110
10
6
3
5
9
7
1038
250
4
7
5
8
8
128
1163
5
8
7
7
5
5
1006
300
3
3
8
6
6
95
1197
22
1
6
0
4
2
970
354
3
6
7
6
4
76
1146
107
1
3
3
3
3
924
388
11
4
8
14
9
53
1050
190
7
9
7
8
3
863
415
5
5
9
8
12
42
972
260
6
6
5
8
9
805
472
3
5
6
9
10
34
924
324
10
8
0
6
9
769
515
6
5
8
7
4
22
897
387
7
7
6
4
5
731
578
8
9
11
9
6
11
866
443
5
5
4
7
6
672
653
4
7
5
6
9
4
835
501
5
4
5
5
5
610
704
9
8
11
11
7
4
757
533
5
6
0
7
3
539
743
6
10
7
10
6
8
693
580
6
7
5
5
9
465
814
8
7
6
4
11
7
650
625
3
8
12
4
6
383
897
8
8
11
10
4
4
608
675
10
2
6
6
9
281
1019
11
12
8
4
2
9
570
741
3
4
0
6
10
157
1156
14
9
7
5
5
10
535
787
4
6
2
0
4
87
1209
15
8
6
11
7
7
473
815
8
5
7
9
6
57
1198
27
11
9
9
9
8
430
844
4
9
5
6
5
38
1204
43
10
11
9
7
16
406
870
6
4
0
3
4
22
1197
65
8
9
13
14
9
360
921
5
3
7
3
6
18
1182
91
10
6
7
11
15
307
987
9
5
6
5
6
11
1183
119
7
7
9
6
4
279
1039
2
3
4
5
4
10
1157
139
10
8
10
9
5
241
1043
8
8
0
7
6
7
1107
169
12
12
9
9
8
209
1066
7
6
5
6
5
5
1069
205
12
5
8
8
8
179
1095
6
8
5
2
1
2
1028
248
6
5
6
9
11
138
1138
8
6
8
7
10
7
994
290
8
12
11
11
13
105
1180
18
7
0
7
7
4
980
330
9
7
3
6
6
77
1157
90
8
4
7
7
8
931
368
10
8
9
9
6
58
1061
176
10
10
7
6
5
872
406
6
5
8
10
7
50
988
247
10
7
6
3
8
814
460
6
10
10
12
8
38
934
308
5
0
2
5
4
770
504
7
9
10
14
11
32
897
370
7
8
8
7
4
731
555
11
4
9
10
4
19
859
433
11
4
8
6
6
682
625
4
5
9
7
5
7
824
489
0
6
5
7
7
628
683
12
10
8
9
7
7
765
532
6
0
7
8
7
556
731
9
5
9
12
6
3
708
570
7
10
6
6
6
476
801
7
10
9
6
7
9
661
612
3
6
4
5
1
393
887
5
4
5
7
12
11
620
665
4
10
11
11
9
298
992
7
12
6
10
9
11
569
730
4
0
7
4
6
183
1124
10
7
6
7
7
7
533
782
3
4
3
4
4
94
1199
14
6
3
9
8
4
480
819
4
7
5
6
5
61
1203
21
5
6
6
10
10
451
833
10
5
5
5
4
42
1201
41
8
7
11
5
8
408
869
8
0
6
8
3
24
1202
57
9
7
8
11
11
375
907
5
6
7
8
5
18
1188
84
7
10
8
5
6
320
979
7
8
7
7
7
14
1188
111
6
7
7
12
10
285
1030
3
6
4
6
4
7
1163
139
6
7
6
7
6
243
1056
3
0
7
3
8
5
1128
164
7
7
12
9
5
211
1063
10
9
7
7
9
7
1071
203
8
9
7
5
2
182
1093
5
4
9
10
10
4
1028
246
9
10
17
13
7
149
1131
7
9
12
7
6
11
1011
276
12
8
11
5
7
101
1193
11
0
3
3
3
8
985
327
10
9
6
8
4
89
1171
70
3
6
3
3
5
947
380
5
7
7
5
6
69
1096
168
2
3
5
2
3
899
409
7
6
11
11
5
46
1011
242
10
7
10
7
9
827
449
6
9
9
3
11
36
945
302
0
7
9
7
9
782
494
3
10
10
11
5
32
896
366
5
6
8
7
2
747
548
6
4
5
7
9
22
875
419
11
4
11
7
6
694
619
9
11
7
2
5
6
841
482
5
5
3
5
3
636
696
1
5
8
7
6
8
799
529
0
3
1
2
3
574
746
10
11
9
11
12
11
716
569
5
6
6
7
8
494
783
6
6
13
13
12
11
665
609
10
12
7
4
6
414
864
4
4
5
10
6
9
625
655
4
12
10
7
6
322
976
10
9
13
10
4
9
585
722
0
6
6
8
5
205
1110
8
6
5
5
9
6
548
776
4
3
2
5
5
99
1220
16
9
8
7
9
9
508
830
2
1
2
2
1
65
1230
25
7
7
10
4
6
450
843
8
6
10
8
6
47
1198
42
8
5
8
14
16
403
867
0
9
7
5
6
29
1203
52
6
4
9
11
14
372
911
8
9
5
6
3
26
1194
81
9
9
7
11
12
331
974
8
5
4
5
5
12
1196
110
9
5
5
5
10
300
1021
2
3
2
4
4
6
1185
143
7
5
4
7
6
258
1073
0
3
3
3
0
6
1149
163
6
9
8
9
7
216
1077
8
2
7
7
6
5
1083
197
8
6
6
6
9
180
1092
5
4
6
2
7
9
1040
232
8
5
13
6
11
150
1133
6
6
10
11
9
10
1016
268
11
9
7
10
9
112
1185
0
4
5
8
7
8
992
313
5
11
7
8
9
85
1175
55
4
4
4
1
2
959
367
10
6
6
8
5
68
1111
155
2
1
5
5
3
908
406
7
8
9
8
7
49
1028
223
5
5
9
8
8
836
444
9
13
7
9
7
33
950
0
9
8
6
6
6
790
484
4
5
6
11
11
