3
6
699
607
8
11
8
6
5
7
848
468
4
5
0
3
2
649
676
6
6
10
9
10
6
808
523
4
4
5
3
2
587
746
2
4
6
5
3
5
759
573
2
5
5
3
5
524
791
13
10
12
4
5
11
685
605
8
9
0
12
7
425
853
10
10
14
12
9
5
628
645
7
8
4
3
3
330
949
9
9
3
6
8
7
589
691
7
5
6
6
5
214
1065
11
5
3
6
9
11
541
745
8
8
7
11
9
117
1170
11
8
10
6
10
6
489
806
5
4
0
4
4
69
1225
23
4
9
13
7
6
467
856
2
3
3
4
3
51
1215
37
14
5
11
8
10
413
873
9
6
6
4
8
31
1197
56
10
8
12
12
8
380
894
4
2
9
9
10
20
1191
72
6
8
4
8
10
348
929
6
8
0
2
6
10
1168
101
9
5
4
13
9
302
975
2
7
5
9
8
14
1154
131
9
8
12
9
4
253
1047
1
7
8
6
9
8
1144
157
6
8
10
6
7
226
1088
5
6
2
4
6
7
1109
186
7
9
9
7
8
185
1091
5
8
0
8
9
6
1052
228
7
9
12
9
8
164
1114
5
8
8
5
4
1
1012
263
7
4
9
6
7
129
1144
6
9
5
4
7
7
971
303
7
8
11
7
10
104
1142
40
8
10
8
4
13
944
348
10
10
15
11
9
69
1095
137
7
0
7
9
5
912
391
4
11
10
3
7
50
1049
221
4
4
3
4
4
855
442
8
8
7
8
6
35
975
283
7
1
6
10
5
802
477
10
12
10
11
8
30
913
337
3
4
5
3
3
748
529
7
11
6
11
6
22
874
389
6
0
5
7
7
701
580
7
10
10
8
5
21
824
449
8
7
7
8
9
648
640
10
6
10
6
4
12
792
502
7
6
11
9
7
597
716
7
6
4
7
7
3
762
559
5
5
6
4
5
534
773
13
7
12
7
7
9
688
603
4
0
10
7
7
451
833
8
10
11
8
4
8
634
637
7
7
6
6
2
353
926
9
11
10
7
6
7
597
678
2
6
8
7
8
232
1043
8
7
7
11
8
11
548
732
8
7
6
7
9
130
1151
15
6
13
11
5
7
506
789
8
0
7
7
3
78
1211
20
8
3
6
9
7
470
843
7
7
7
9
5
58
1221
34
6
7
7
6
6
424
877
8
9
6
4
4
39
1212
44
11
8
12
4
5
386
892
5
7
4
1
2
21
1195
65
11
10
10
9
8
353
922
5
0
4
5
4
13
1176
97
5
6
7
11
14
315
972
5
4
6
8
7
9
1154
129
8
9
10
7
9
255
1049
7
11
8
6
7
9
1149
156
6
6
2
4
5
229
1084
2
5
4
3
4
7
1116
190
8
9
7
6
8
193
1117
1
0
2
6
6
3
1075
219
11
10
10
10
9
163
1114
6
11
8
3
6
4
1025
248
11
12
8
8
7
129
1146
8
7
6
4
5
3
981
297
10
11
14
8
13
105
1151
28
3
7
5
5
5
948
341
18
14
6
10
9
74
1120
117
0
6
6
3
5
922
387
6
2
6
7
9
59
1066
203
2
6
4
6
5
871
452
9
4
6
7
8
40
1011
275
1
6
6
5
4
832
472
6
10
12
10
11
32
932
335
7
7
5
9
8
754
522
12
11
8
11
13
24
871
387
0
10
8
5
6
706
570
7
6
7
13
13
17
832
437
2
6
4
8
6
654
638
9
9
8
8
4
11
803
498
7
6
7
4
6
603
710
7
6
8
5
2
4
767
551
4
3
4
5
7
548
784
5
7
8
9
9
6
726
605
0
4
5
5
1
472
849
9
7
8
9
8
10
645
645
5
9
9
7
2
370
909
6
9
8
10
9
8
596
681
6
5
5
3
6
260
1017
9
10
15
9
14
10
556
725
5
7
5
9
5
145
1148
12
11
7
8
5
8
513
789
0
5
6
3
2
83
1217
17
7
5
8
8
6
481
841
4
3
4
6
4
59
1248
34
8
7
9
3
7
448
883
4
2
3
5
6
38
1235
50
10
5
9
8
10
385
902
8
10
7
9
8
26
1198
64
11
9
10
12
9
356
922
0
5
6
8
2
16
1180
87
6
7
7
12
9
309
969
1
4
7
10
5
12
1169
116
8
8
7
7
10
273
1027
8
8
9
6
4
10
1148
151
5
2
6
5
6
232
1081
4
5
4
3
5
3
1139
188
4
3
7
7
9
206
1124
0
1
3
1
4
5
1096
222
9
2
7
7
10
162
1133
9
4
10
11
10
10
1029
246
5
6
6
10
10
130
1145
6
7
7
6
6
5
985
292
5
11
10
15
13
112
1159
20
6
10
6
8
5
960
329
9
5
3
8
10
71
1125
0
10
8
8
8
5
926
380
6
10
11
3
4
59
1072
192
2
6
6
2
3
882
438
4
7
7
2
5
41
1029
265
4
6
5
3
3
840
473
6
11
8
10
7
28
941
324
12
10
8
8
8
768
508
8
10
6
8
9
24
879
0
7
8
8
7
7
720
557
7
6
12
10
7
20
841
429
7
7
3
8
5
668
617
7
8
12
11
6
11
804
481
10
7
10
10
6
619
686
11
8
6
10
5
7
767
539
5
4
3
4
5
559
760
5
4
7
7
8
7
731
0
4
6
4
2
4
482
830
9
11
8
7
5
10
650
631
7
6
8
5
11
390
886
7
12
13
14
9
7
610
665
3
4
9
5
7
275
1002
10
8
11
7
8
5
566
710
6
5
8
9
8
165
1115
14
9
6
6
5
6
517
0
4
6
5
6
10
91
1187
21
9
6
6
6
10
483
818
6
7
7
6
9
58
1230
27
9
4
6
3
9
448
874
4
5
6
4
3
45
1221
42
7
8
12
10
10
398
890
6
3
5
4
5
23
1195
60
7
6
10
8
12
357
0
5
9
9
8
9
22
1181
82
8
5
2
9
7
332
943
11
7
11
7
6
9
1151
118
8
7
6
7
5
291
985
6
4
8
8
4
5
1134
145
10
12
6
8
7
238
1051
6
4
6
6
6
5
1132
170
6
3
4
3
2
206
0
5
4
8
8
8
7
1088
208
11
9
8
10
8
166
1111
3
8
4
8
7
6
1031
242
15
7
10
11
11
134
1133
9
9
9
11
8
11
992
284
9
4
5
7
7
111
1148
14
10
4
8
5
9
954
325
4
3
5
4
10
93
0
83
11
7
4
8
7
918
367
10
9
8
13
10
59
1073
176
7
6
6
9
8
891
413
4
5
6
3
8
42
1027
252
5
5
2
7
6
843
459
7
10
10
12
9
35
944
313
8
8
7
6
6
782
495
12
9
9
10
12
28
0
367
5
8
11
6
7
725
551
7
6
9
11
6
16
851
412
10
11
16
8
7
669
605
6
5
7
7
10
11
809
465
7
9
9
11
6
621
664
6
7
12
10
12
15
772
523
5
6
9
7
11
569
740
8
4
5
3
5
4
0
589
5
4
9
7
8
501
802
7
7
12
7
10
8
662
625
10
8
8
8
2
412
872
12
10
8
8
10
6
618
658
7
11
8
9
8
302
976
6
8
6
7
9
8
571
699
5
10
12
6
8
176
1093
5
2
5
11
10
6
0
750
8
11
12
11
7
95
1177
19
13
9
9
11
8
490
813
8
4
9
5
5
59
1227
24
6
6
6
6
8
455
866
11
5
7
5
10
49
1224
37
6
5
9
8
6
403
900
8
6
3
6
9
29
1211
59
6
8
8
8
7
0
915
6
4
9
11
11
20
1176
84
9
7
6
7
6
329
945
9
9
7
7
10
10
1160
107
3
3
4
7
7
288
990
4
11
11
5
10
10
1150
136
11
11
14
13
15
240
1058
5
2
6
9
10
7
1145
167
12
7
8
3
7
0
1105
5
4
6
4
6
4
1112
212
4
2
2
6
5
172
1151
3
4
1
4
3
3
1074
238
8
10
9
9
7
146
1140
6
7
9
8
9
5
1004
278
8
5
8
3
9
120
1157
9
9
6
7
7
7
956
318
8
6
11
14
14
0
1138
63
3
10
12
11
6
933
370
6
9
8
11
13
68
1100
167
8
6
6
8
7
912
419
12
13
12
11
7
51
1053
248
6
6
5
3
4
872
476
7
8
3
7
11
38
1010
314
1
4
3
4
2
823
515
6
6
8
10
15
0
929
367
11
11
10
8
6
748
544
3
10
10
13
13
16
863
410
4
8
12
15
9
689
595
10
10
11
5
8
10
823
465
8
6
7
10
8
645
671
9
12
10
8
10
14
801
523
11
8
12
11
8
585
751
11
8
11
6
3
0
751
590
4
4
4
5
2
528
833
9
11
4
9
13
11
718
639
3
1
3
5
5
435
901
12
13
10
7
13
12
640
673
12
10
5
8
5
333
965
12
7
8
7
6
7
580
702
7
6
7
11
8
205
1072
10
11
12
9
7
0
534
756
6
6
9
13
7
107
1195
18
7
13
16
11
13
504
821
9
7
8
10
5
68
1254
25
13
11
8
12
12
474
873
5
2
4
3
5
45
1268
42
7
3
4
10
7
437
913
2
2
4
2
2
34
1247
61
13
8
10
12
0
375
936
8
6
8
10
4
21
1203
73
12
6
4
4
7
328
954
9
7
7
7
8
11
1165
103
14
10
7
12
10
295
995
8
5
8
10
9
9
1177
134
9
8
11
7
8
260
1065
8
8
4
7
13
8
1168
168
12
15
9
10
0
233
1115
1
6
6
3
3
1
1147
209
8
6
11
10
6
190
1161
3
4
2
5
4
5
1096
239
14
18
10
14
12
150
1157
6
8
6
11
10
6
1021
269
11
7
6
6
5
120
1154
10
9
8
5
5
8
972
307
12
9
6
12
0
95
1152
54
9
9
8
9
7
945
357
6
7
11
11
12
71
1106
151
9
9
10
8
6
917
409
10
8
9
14
10
51
1057
236
5
8
10
7
9
882
466
8
7
6
3
4
32
1020
303
2
5
4
2
3
833
509
11
10
8
10
0
29
935
357
8
10
8
10
15
756
536
6
12
6
9
11
17
875
397
10
10
8
8
11
696
581
8
11
9
9
8
15
824
455
9
8
6
5
9
651
645
7
8
9
5
13
15
791
515
11
11
11
6
8
589
738
11
7
7
11
0
11
757
572
6
8
7
6
8
533
813
5
3
6
13
10
6
716
636
2
5
5
6
9
458
876
13
8
9
9
8
9
641
662
5
11
6
7
10
348
942
9
5
14
7
7
8
587
691
8
7
9
6
5
222
1055
6
6
3
6
0
8
542
734
5
7
8
8
5
113
1152
15
9
10
7
4
9
497
789
7
7
5
7
7
72
1216
24
8
8
8
11
7
475
854
8
7
7
9
6
56
1245
41
11
7
6
6
10
439
905
5
6
8
10
8
33
1245
55
9
13
14
0
10
380
920
7
5
4
9
5
22
1197
74
8
6
10
9
11
349
938
10
9
8
6
7
15
1168
99
5
8
5
6
6
300
967
4
4
4
7
4
5
1142
126
12
5
11
15
7
271
1006
3
8
7
12
9
8
1133
163
13
8
11
0
4
233
1085
8
8
12
6
7
5
1127
196
11
12
10
5
9
193
1144
10
8
7
9
9
8
1093
229
10
16
13
7
10
162
1132
8
12
13
13
4
5
1022
261
3
4
4
7
4
120
1150
5
8
6
5
5
6
971
295
14
10
6
0
9
98
1142
34
5
4
3
7
3
936
332
8
10
8
11
4
80
1090
125
9
7
5
4
8
902
395
9
9
8
8
9
57
1054
217
12
9
8
10
6
881
451
10
15
11
8
6
40
1021
286
9
5
6
11
6
830
495
13
7
7
0
9
29
944
342
11
8
7
3
8
762
528
9
7
7
4
8
18
875
386
9
10
6
7
6
710
569
11
8
10
11
8
17
830
439
5
5
3
1
4
647
625
3
6
5
9
6
11
778
499
7
6
9
9
7
597
705
12
5
8
0
9
8
770
555
10
5
7
7
9
535
794
7
8
7
13
11
8
729
616
7
7
13
10
11
468
862
10
13
12
2
7
11
664
652
9
8
9
9
6
371
934
14
15
11
10
7
8
601
687
7
5
7
11
8
247
1032
9
6
4
0
6
7
551
720
6
5
2
2
5
128
1143
9
5
8
10
5
11
511
770
6
6
8
7
4
82
1203
26
8
9
8
14
13
482
839
8
13
8
8
10
54
1242
40
14
13
12
10
13
450
893
8
4
4
7
7
33
1241
51
12
9
0
4
7
394
920
7
9
6
11
10
29
1220
71
6
10
12
5
9
350
936
8
8
9
10
7
16
1179
94
9
9
10
9
9
307
975
5
4
5
7
4
4
1154
120
9
5
9
11
7
268
1015
7
5
6
9
8
11
1142
156
5
11
0
11
5
237
1081
8
9
13
11
6
7
1137
196
13
13
14
12
8
208
1134
5
10
10
7
4
9
1104
232
6
11
11
12
10
163
1174
8
9
6
6
8
4
1063
262
11
6
5
13
8
126
1169
1
4
8
5
8
8
988
300
10
11
0
6
6
102
1152
24
9
6
2
4
3
946
331
2
6
11
11
9
83
1105
104
7
5
4
6
9
914
388
9
7
12
9
7
57
1068
201
7
7
4
6
7
891
444
8
12
11
8
5
47
1030
278
5
5
8
7
5
843
505
6
10
0
8
10
27
986
337
11
7
8
9
7
791
539
11
10
10
5
12
27
902
387
6
4
11
7
4
720
573
7
8
6
8
8
12
835
435
8
5
4
4
3
660
615
9
11
11
8
7
14
795
488
8
8
4
4
9
612
693
8
6
0
12
12
6
773
544
7
11
11
12
9
550
787
18
12
10
13
20
12
735
605
2
5
5
7
6
482
873
6
9
9
13
7
6
695
665
7
5
6
7
7
400
941
11
9
11
10
7
11
616
690
7
5
7
8
12
275
1015
7
7
0
7
11
10
559
717
4
4
5
4
3
142
1127
15
7
13
11
7
12
520
769
4
6
4
8
5
86
1216
19
10
9
10
7
8
487
838
9
11
9
9
6
58
1246
36
13
12
10
13
12
455
888
9
8
8
4
2
39
1277
47
8
0
9
10
8
418
939
8
9
5
9
5
30
1239
73
12
10
12
15
10
356
949
5
8
8
9
7
17
1183
89
4
8
3
4
7
311
966
6
4
4
5
3
8
1160
115
9
8
7
8
9
277
1003
4
8
5
6
1
10
1153
149
7
0
13
7
8
240
1074
6
4
7
7
6
11
1150
186
11
12
16
15
7
213
1127
8
7
8
6
5
2
1124
230
11
7
10
9
7
175
1182
5
3
4
9
5
13
1070
255
14
16
8
14
8
137
1171
8
4
7
4
4
5
996
286
2
0
3
5
6
105
1161
12
2
3
5
4
7
948
322
9
7
12
6
10
81
1120
87
9
3
3
8
7
920
377
7
8
5
6
3
63
1065
183
5
6
7
5
10
893
422
8
12
9
9
16
44
1039
263
9
11
11
10
5
853
488
11
0
11
10
9
32
996
332
5
12
11
6
12
795
536
11
10
14
5
8
25
911
375
9
8
4
1
3
727
560
7
2
4
6
5
11
842
430
5
3
4
3
3
671
606
7
8
9
5
5
15
802
474
2
1
2
1
7
616
678
8
0
9
11
8
12
771
529
6
7
5
7
4
555
761
10
9
9
9
12
16
730
600
6
8
9
13
7
496
848
8
11
12
6
9
7
695
661
7
9
8
7
9
407
931
12
6
6
3
7
12
629
677
5
5
6
6
10
290
998
6
0
6
9
8
6
563
716
6
3
6
1
5
164
1108
10
8
10
6
11
10
523
760
4
8
3
2
5
84
1177
18
7
7
8
9
8
481
802
3
6
6
4
6
59
1222
26
5
7
8
6
9
452
871
6
6
11
14
6
42
1245
48
0
10
10
13
11
421
925
10
10
8
9
9
28
1238
68
11
6
12
10
7
363
933
8
8
6
5
5
17
1187
82
3
5
9
7
3
318
956
3
3
5
6
6
8
1165
106
7
4
9
5
6
286
982
3
3
5
5
5
4
1133
140
0
4
8
9
7
242
1034
3
2
5
4
7
5
1121
177
6
6
8
4
5
207
1106
12
5
11
7
10
7
1111
209
7
7
9
9
11
180
1150
9
11
6
9
8
10
1065
245
8
11
7
9
7
133
1161
3
7
7
4
4
2
999
282
0
8
4
8
9
110
1161
11
5
3
3
5
6
950
323
5
8
8
7
8
94
1113
74
5
3
3
6
5
913
355
9
8
9
9
9
73
1054
164
6
5
4
5
6
891
404
5
8
7
7
10
52
1020
248
7
5
5
5
6
852
469
0
11
8
10
6
34
993
316
7
8
9
10
10
799
517
9
8
10
8
8
27
919
361
6
8
9
6
2
743
547
3
6
9
3
4
17
854
419
4
3
1
6
6
678
601
7
6
11
10
9
12
804
462
7
4
4
7
6
612
652
0
10
7
5
5
6
755
520
5
7
5
5
4
559
742
5
10
7
9
6
9
731
579
7
5
8
10
10
507
815
12
12
15
12
9
14
693
633
9
14
12
6
7
419
904
13
7
7
6
13
4
638
672
10
6
9
6
7
314
981
0
3
7
6
4
7
573
710
3
3
2
4
4
192
1081
14
5
7
7
5
7
524
746
7
1
8
5
6
97
1167
13
10
9
9
11
7
491
790
4
3
1
3
3
64
1207
30
8
7
9
11
7
459
857
6
6
4
5
10
46
1241
0
6
11
7
8
7
422
913
11
10
14
13
12
35
1238
58
11
12
11
7
10
374
947
7
12
11
5
9
19
1211
80
6
9
7
12
5
328
963
4
2
3
5
6
13
1172
102
10
8
9
11
9
290
982
5
5
8
8
7
7
1141
0
7
8
10
9
10
254
1025
6
6
6
6
7
3
1129
168
5
7
8
9
6
223
1087
3
5
7
8
3
8
1110
203
13
8
14
8
5
182
1151
10
8
10
6
8
7
1083
248
6
5
12
10
8
154
1174
9
5
5
7
7
9
1032
0
10
9
7
9
7
121
1174
9
5
6
6
4
4
964
317
6
4
6
7
6
90
1131
60
2
1
5
5
5
925
350
7
10
7
10
8
72
1063
153
5
6
5
3
4
892
401
10
8
10
12
6
51
1031
234
8
6
3
7
5
856
0
8
8
9
8
9
41
1001
304
4
7
11
12
11
820
521
12
10
9
11
11
22
957
370
12
9
8
9
11
759
564
10
3
10
9
4
18
879
409
5
3
7
4
4
687
596
7
7
8
5
5
12
811
457
2
2
2
4
3
637
0
8
10
11
10
5
11
766
508
6
6
7
6
4
575
730
8
12
8
8
11
7
745
569
8
9
7
5
9
518
818
10
10
14
13
10
9
716
627
10
10
9
7
9
437
918
6
6
10
10
7
10
668
695
11
10
4
8
4
350
0
14
12
7
10
9
7
596
711
7
9
6
3
6
216
1075
7
6
7
5
3
3
533
744
3
5
4
9
5
109
1160
14
5
10
7
10
12
501
788
10
4
8
8
4
71
1219
24
11
6
6
1
10
468
851
11
6
9
6
7
48
0
41
14
16
6
9
9
439
907
7
4
9
7
11
41
1275
58
3
7
7
12
13
403
964
7
10
14
11
10
22
1236
85
16
11
10
11
9
341
968
9
6
9
7
7
12
1182
94
4
5
9
5
4
297
984
8
5
4
4
5
6
0
130
13
11
10
9
6
257
1024
6
2
5
3
2
5
1141
161
7
4
7
10
9
228
1086
10
7
9
5
8
9
1128
201
12
14
15
15
13
194
1140
7
11
10
11
10
12
1100
246
6
5
6
6
7
156
1197
7
8
9
10
5
7
0
275
14
10
10
8
6
123
1183
7
10
8
10
2
4
983
301
5
8
9
7
6
96
1151
40
3
2
3
7
4
926
353
9
8
11
10
8
70
1085
138
4
2
4
6
3
900
401
3
9
5
8
7
49
1042
220
4
3
7
6
4
0
456
8
10
13
10
16
43
1007
296
10
6
10
14
13
824
523
9
8
10
6
5
28
972
359
9
5
10
7
9
774
554
11
9
10
7
11
21
888
396
9
3
5
7
7
694
586
4
8
5
5
7
15
813
453
7
3
4
3
4
0
627
8
8
9
8
10
7
774
495
3
4
3
1
8
575
705
4
4
13
9
9
10
736
552
11
8
11
10
11
527
773
8
9
8
8
10
9
698
611
10
4
13
6
8
454
867
7
7
6
5
5
9
655
667
5
7
9
8
10
0
949
11
8
13
10
10
12
585
694
7
4
3
5
2
228
1042
12
11
5
11
7
10
545
728
3
3
3
4
6
118
1154
10
13
9
4
7
10
508
760
4
6
7
4
6
74
1177
20
5
4
7
9
8
460
812
3
5
5
5
4
0
1207
38
7
8
8
7
13
426
868
12
7
6
10
10
36
1219
52
10
10
9
6
8
386
927
7
9
13
8
10
24
1203
75
12
11
9
9
9
346
926
7
9
4
4
0
13
1169
97
9
6
11
12
9
307
963
3
5
5
8
4
0
1148
119
9
4
10
5
10
280
989
6
2
2
6
7
2
1109
154
6
7
8
5
9
236
1031
7
4
5
2
6
6
1081
188
13
11
11
10
13
191
1097
8
6
7
6
10
10
1071
223
9
13
15
14
11
167
1142
10
12
8
5
10
0
1033
261
10
12
14
11
7
126
1148
9
4
4
5
3
7
974
291
11
4
8
8
2
104
1140
25
3
3
8
4
6
927
338
6
8
6
11
8
74
1085
109
4
3
3
1
8
883
382
5
5
7
8
10
64
1015
195
3
5
3
3
0
851
427
9
9
13
13
12
45
986
269
8
9
7
7
9
819
479
6
7
10
10
10
32
949
338
6
5
5
4
8
769
528
11
17
14
10
11
19
887
386
8
9
5
6
7
701
570
11
8
15
11
6
14
822
438
3
1
4
6
0
644
621
4
6
5
7
7
11
774
487
6
7
5
5
6
583
687
6
6
8
5
6
11
737
531
5
2
4
2
3
519
762
10
15
13
11
8
8
698
591
8
10
7
7
9
460
843
12
13
10
6
14
10
661
649
10
6
5
7
0
370
931
11
6
11
9
7
13
599
689
9
14
12
8
5
254
1018
13
3
6
10
10
12
546
718
5
7
8
5
2
131
1133
8
8
6
7
6
8
511
754
3
5
6
5
4
79
1177
14
3
2
6
8
10
474
803
7
9
4
6
0
54
1198
32
6
14
12
12
15
432
868
8
12
9
7
12
38
1216
54
13
8
8
11
10
389
922
7
8
7
6
6
26
1215
71
12
9
7
10
11
356
944
13
10
8
9
9
17
1182
86
10
14
9
8
10
306
964
5
5
4
6
0
5
1148
116
4
11
11
5
3
280
984
5
5
1
5
3
7
1111
153
11
6
2
10
5
243
1029
2
4
4
5
5
6
1095
187
12
10
5
10
6
200
1094
7
11
8
10
11
10
1084
213
12
13
9
13
11
166
1148
9
13
10
13
0
8
1044
254
6
7
11
9
6
129
1179
3
13
9
8
9
12
1003
288
13
10
11
5
6
103
1155
25
6
3
2
7
8
937
331
7
8
6
7
7
80
1093
93
6
4
3
5
3
894
373
8
3
10
4
8
64
1030
180
4
9
10
0
5
868
419
11
7
15
10
10
42
1002
261
6
4
9
14
9
826
476
10
5
6
6
11
31
962
327
9
8
5
4
4
788
535
6
4
6
4
2
13
925
388
4
8
8
7
6
737
580
14
12
12
12
17
17
834
432
9
10
12
0
6
654
612
10
10
12
12
10
8
791
467
3
2
5
3
3
599
669
8
10
10
13
6
8
742
526
4
7
5
4
14
541
748
9
14
17
17
12
6
707
592
11
7
7
4
10
481
829
8
9
7
10
11
12
668
649
6
9
7
0
8
398
927
6
5
3
3
6
4
634
698
2
5
6
4
6
295
1019
4
13
7
8
14
9
562
721
7
7
11
9
9
147
1115
10
8
7
7
13
9
509
754
4
5
7
7
7
82
1176
14
7
5
6
11
10
482
797
10
9
8
0
9
59
1204
41
12
12
11
13
13
439
861
7
7
9
7
10
48
1219
55
9
13
9
7
7
404
917
3
3
6
8
9
26
1236
69
4
5
4
6
7
369
969
9
5
2
6
8
23
1209
96
9
13
9
12
13
322
966
6
9
4
0
8
9
1156
114
8
10
10
9
10
276
988
6
5
4
8
9
4
1125
146
3
6
6
11
10
245
1031
3
4
7
7
11
8
1108
172
8
11
15
12
15
203
1083
7
8
4
4
6
12
1086
216
11
12
12
9
8
169
1141
4
5
6
0
6
7
1065
257
9
10
8
3
7
139
1191
9
8
9
9
9
5
1026
287
12
16
17
14
7
112
1165
17
12
10
8
6
7
950
317
9
9
6
7
10
85
1103
76
4
6
4
5
4
903
359
10
4
9
6
8
65
1040
167
4
6
0
6
7
863
404
12
6
6
8
9
48
1002
250
10
