11081
22161
33242
44323
55404
66484
77565
88646
99726
110807
121887
132968
144049
155130
166211
177291
188372
199452
210533
221614
232694
243775
254856
265936
277018
288098
299178
310259
321340
332420
343501
354582
365662
376743
387824
398904
409985
421066
432146
443227
454308
465388
476470
487550
498634
509712
520793
531873
542954
554035
565115
576196
587277
598357
609438
620519
631600
642680
653761
664842
675923
687003
698084
709164
720245
731326
742406
753487
764567
775648
786729
797810
808890
819971
831052
842132
853213
864294
875374
886455
897536
908616
919697
930778
941858
952939
964020
975100
986181
997262
1008342
1019423
1030504
1041584
1052665
1063746
1074826
1085907
1096988
1108068
1119149
1130230
1141310
1152391
1163472
1174553
1185633
1196714
1207794
1218875
1229956
1241036
1252117
1263198
1274279
1285360
1296440
1307521
1318601
1329682
1340763
1351843
1362924
1374004
1385085
1396166
1407247
1418327
1429408
1440489
1451570
1462650
1473731
1484812
1495892
1506974
1518053
1529134
1540215
1551295
1562376
1573456
1584537
1595618
1606698
1617779
1628860
1639941
1651021
1662102
1673183
1684264
1695344
1706425
1717505
1728586
1739667
1750747
1761828
1772909
1783990
1795070
1806151
1817231
1828312
1839393
1850473
1861554
1872635
1883716
1894796
1905877
1916958
1928038
1939119
1950199
1961280
1972361
1983441
1994522
2005603
2016684
2027764
2038845
2049926
2061006
2072087
2083168
2094248
2105329
2116410
2127490
2138571
2149652
2160732
2171813
2182894
2193974
2205055
2216136
2227217
2238297
2249378
2260458
2271539
2282620
2293700
2304781
2315862
2326943
2338023
2349104
2360185
2371265
2382346
2393427
2404507
2415588
2426668
2437749
2448830
2459910
2470991
2482072
2493153
2504233
2515314
2526395
2537476
2548556
2559637
2570717
2581798
2592879
2603959
2615040
2626121
2637201
2648282
2659363
2670444
2681525
2692605
2703685
2714766
2725847
2736927
2748008
2759089
2770169
2781250
2792331
2803411
2814492
2825573
2836653
2847734
2858815
2869896
2880976
2892057
2903138
2914218
2925299
2936380
2947460
2958541
2969621
2980702
2991783
3002865
3013944
3025025
3036106
3047186
3058267
3069348
3080428
3091509
3102590
3113670
3124751
3135832
3146912
3157993
3169073
3180154
3191235
3202316
3213396
3224477
3235558
3246638
3257719
3268800
3279881
3290961
3302042
3313122
3324203
3335284
3346364
3357445
3368526
3379606
3390687
3401768
3412848
3423929
3435010
3446090
3457171
3468252
3479333
3490413
3501494
3512575
3523655
3534736
3545817
3556897
3567978
3579059
3590139
3601220
3612300
3623381
3634462
3645542
3656623
3667705
3678785
3689866
3700946
3712026
3723107
3734188
3745269
3756349
3767430
3778511
3789591
3800672
3811753
3822833
3833914
3844995
3856075
3867156
3878237
3889318
3900398
3911479
3922559
3933640
3944721
3955801
3966882
3977963
3989043
4000124
4011205
4022286
4033366
4044447
4055527
4066608
4077689
4088770
4099850
4110931
4122012
4133092
4144173
4155254
4166334
4177415
4188496
4199576
4210657
4221738
4232818
4243899
4254979
4266060
4277141
4288222
4299302
4310383
4321464
4332544
4343625
4354705
4365787
4376867
4387948
4399028
4410109
4421190
4432270
4443351
4454432
4465512
4476594
4487674
4498754
4509835
4520916
4531996
4543077
4554158
4565238
4576319
4587400
4598481
4609561
4620642
4631723
4642804
4653884
4664966
4676045
4687126
4698207
4709287
4720368
4731449
4742529
4753610
4764691
4775771
4786852
4797932
4809013
4820094
4831174
4842255
4853336
4864417
4875498
4886578
4897659
4908739
4919820
4930901
4941981
4953062
4964143
4975223
4986304
4997385
5008465
5019546
5030627
5041707
5052788
5063869
5074949
5086030
5097111
5108191
5119272
5130353
5141434
5152514
5163595
5174676
5185756
5196837
5207917
5218998
5230079
5241159
5252240
5263321
5274402
5285482
5296563
5307644
5318724
5329805
5340885
5351966
5363047
5374128
5385208
5396289
5407370
5418450
5429531
5440612
5451692
5462773
5473854
5484934
5496015
5507096
5518176
5529257
5540337
5551418
5562499
5573580
5584660
5595741
5606822
5617902
5628983
5640063
5651144
5662226
5673306
5684386
5695467
5706548
5717629
5728719
5739790
5750870
5761951
5773032
5784113
5795193
5806274
5817355
5828436
5839516
5850596
5861677
5872758
5883839
5894919
5906000
5917081
5928161
5939242
5950323
5961403
5972484
5983564
5994645
6005726
6016807
6027887
6038968
6050049
6061129
6072210
6083291
6094371
6105452
6116533
6127613
6138694
6149775
6160855
6171936
6183017
6194097
6205178
6216259
6227339
6238420
6249501
6260582
6271663
6282743
6293823
6304904
6315985
6327065
6338146
6349227
6360308
6371388
6382469
6393550
6404630
6415711
6426792
6437872
6448953
6460034
6471115
6482195
6493275
6504356
6515437
6526518
6537598
6548680
6559760
6570840
6581921
6593002
6604082
6615163
6626244
6637324
6648405
6659487
6670567
6681647
6692728
6703808
6714889
6725970
6737050
6748131
6759212
6770292
6781373
6792454
6803534
6814615
6825696
6836776
6847857
6858939
6870019
6881099
6892180
6903260
6914341
6925422
6936503
6947583
6958664
6969745
6980825
6991906
7002987
7014067
7025148
7036228
7047309
7058390
7069471
7080552
7091632
7102713
7113793
7124874
7135954
7147035
7158116
7169197
7180277
7191358
7202439
7213519
7224600
7235681
7246761
7257842
7268923
7280003
7291084
7302165
7313245
7324326
7335407
7346487
7357568
7368649
7379730
7390810
7401891
7412972
7424052
7435133
7446213
7457294
7468375
7479455
7490536
7501617
7512698
7523778
7534859
7545940
7557020
7568101
7579181
7590262
7601343
7612424
7623504
7634585
7645666
7656747
7667828
7678907
7689988
7701069
7712150
7723230
7734311
7745392
7756472
7767553
7778634
7789714
7800795
7811876
7822956
7834037
7845118
7856198
7867279
7878360
7889440
7900521
7911602
7922682
7933763
7944844
7955924
7967005
7978086
7989167
8000247
8011328
8022409
8033489
8044570
8055650
8066731
8077812
8088892
8099973
8111054
8122134
8133215
8144296
8155376
8166457
8177538
8188619
8199699
8210780
8221861
8232941
8244022
8255103
8266183
8277264
8288345
8299425
8310506
8321586
8332667
8343748
8354829
8365909
8376990
8388071
8399151
8410232
8421313
8432393
8443474
8454556
8465636
8476716
8487797
8498878
8509958
8521039
8532119
8543200
8554281
8565361
8576442
8587523
8598604
8609684
8620765
8631845
8642926
8654008
8665088
8676169
8687249
8698330
8709410
8720491
8731571
8742652
8753733
8764814
8775894
8786975
8798056
8809136
8820217
8831298
8842378
8853459
8864540
8875620
8886701
8897782
8908863
8919943
8931024
8942104
8953185
8964266
8975346
8986427
8997508
9008588
9019672
9030750
9041831
9052914
9063992
9075072
9086153
9097234
9108314
9119395
9130476
9141556
9152637
9163718
9174798
9185879
9196960
9208041
9219121
9230202
9241283
9252363
9263444
9274525
9285605
9296686
9307767
9318848
9329928
9341009
9352089
9363170
9374251
9385331
9396412
9407493
9418573
9429654
9440735
9451815
9462897
9473977
9485057
9496138
9507219
9518299
9529380
9540461
9551541
9562622
9573703
9584783
9595864
9606945
9618025
9629106
9640187
9651269
9662349
9673429
9684509
9695590
9706671
9717751
9728832
9739913
9750994
9762074
9773155
9784235
9795316
9806397
9817478
9828558
9839639
9850720
9861800
9872881
9883961
9895042
9906123
9917204
9928284
9939365
9950446
9961526
9972607
9983688
9994768
10005849
10016930
10028010
10039091
10050172
10061253
10072333
10083414
10094494
10105575
10116656
10127736
10138817
10149899
10160978
10172059
10183140
10194220
10205301
10216382
10227462
10238543
10249624
10260705
10271785
10282866
10293946
10305027
10316108
10327188
10338269
10349350
10360431
10371511
10382592
10393673
10404753
10415834
10426914
10437995
10449076
10460157
10471238
10482318
10493399
10504479
10515560
10526640
10537721
10548802
10559883
10570964
10582044
10593125
10604205
10615286
10626367
10637447
10648529
10659609
10670690
10681770
10692851
10703931
10715012
10726093
10737173
10748254
10759334
10770415
10781496
10792577
10803657
10814739
10825819
10836900
10847980
10859061
10870142
10881222
10892303
10903384
10914464
10925545
10936625
10947706
10958787
10969867
10980948
10992029
11003110
11014190
11025271
11036351
11047432
11058513
11069593
11080674
11091755
11102836
11113916
11124997
11136078
11147158
11158239
11169320
11180400
11191481
11202562
11213642
11224723
11235804
11246884
11257965
11269046
11280126
11291207
11302288
11313368
11324450
11335530
11346610
11357691
11368772
11379853
11390933
11402014
11413095
11424175
11435256
11446337
11457418
11468498
11479579
11490659
11501740
11512821
11523901
11534982
11546062
11557143
11568224
11579305
11590385
11601466
11612547
11623627
11634708
11645790
11656870
11667950
11679031
11690111
11701192
11712273
11723353
11734434
11745514
11756595
11767676
11778757
11789837
11800918
11811999
11823079
11834160
11845241
11856322
11867402
11878483
11889563
11900644
11911725
11922805
11933886
11944967
11956048
11967128
11978209
11989289
12000370
12011451
12022531
12033612
12044693
12055774
12066854
12077935
12089016
12100096
12111177
12122258
12133338
12144419
12155499
12166580
12177661
12188742
12199822
12210903
12221983
12233064
12244145
12255226
12266306
12277387
12288468
12299549
12310629
12321710
12332790
12343871
12354952
12366032
12377113
12388194
12399274
12410355
12421436
12432516
12443597
12454678
12465758
12476839
12487920
12499000
12510081
12521162
12532243
12543323
12554404
12565484
12576565
12587646
12598727
12609807
12620888
12631969
12643050
12654130
12665210
12676291
12687372
12698453
12709533
12720614
12731695
12742775
12753856
12764937
12776017
12787098
12798179
12809260
12820340
12831421
12842501
12853582
12864663
12875743
12886824
12897905
12908985
12920066
12931147
12942227
12953308
12964389
12975469
12986550
12997631
13008711
13019792
13030873
13041953
13053034
13064115
13075195
13086276
13097357
13108438
13119518
13130599
13141680
13152760
13163841
13174921
13186002
13197083
13208164
13219244
13230325
13241406
13252486
13263567
13274648
13285728
13296809
13307890
13318970
13330051
13341132
13352212
13363293
13374374
13385454
13396535
13407616
13418696
13429777
13440858
13451939
13463019
13474100
13485180
13496261
13507342
13518422
13529503
13540584
13551664
13562745
13573826
13584906
13595987
13607068
13618148
13629229
13640312
13651391
13662471
13673552
13684633
13695713
13706794
13717875
13728955
13740037
13751117
13762197
13773278
13784359
13795439
13806520
13817600
13828681
13839763
13850843
13861924
13873004
13884085
13895165
13906246
13917326
13928407
13939488
13950569
13961649
13972730
13983811
13994891
14005972
14017053
14028133
14039214
14050295
14061376
14072456
14083537
14094617
14105698
14116779
14127859
14138940
14150021
14161101
14172182
14183263
14194343
14205424
14216505
14227586
14238666
14249747
14260827
14271908
14282989
14294070
14305151
14316231
14327312
14338392
14349473
14360553
14371634
14382715
14393795
14404876
14415957
14427037
14438118
14449200
14460280
14471360
14482441
14493522
14504602
14515683
14526764
14537844
14548925
14560006
14571086
14582167
14593248
14604328
14615409
14626490
14637572
14648652
14659732
14670812
14681893
14692974
14704054
14715135
14726216
14737296
14748377
14759458
14770539
14781619
14792700
14803781
14814861
14825942
14837023
14848103
14859184
14870264
14881345
14892426
14903507
14914587
14925668
14936749
14947829
14958910
14969991
14981071
14992152
15003232
15014313
15025394
15036475
15047555
15058636
15069717
15080797
15091878
15102958
15114039
15125120
15136201
15147281
15158362
15169443
15180523
15191604
15202685
15213765
15224846
15235927
15247008
15258088
15269169
15280249
15291330
15302411
15313491
15324572
15335653
15346733
15357814
15368895
15379975
15391056
15402137
15413217
15424298
15435381
15446460
15457540
15468621
15479702
15490782
15501863
15512944
15524024
15535105
15546185
15557266
15568347
15579427
15590509
15601589
15612670
15623750
15634831
15645912
15656993
15668073
15679154
15690234
15701315
15712396
15723476
15734557
15745638
15756718
15767799
15778880
15789960
15801043
15812122
15823202
15834283
15845364
15856444
15867525
15878606
15889686
15900768
15911848
15922928
15934009
15945090
15956170
15967251
15978332
15989413
16000493
16011574
16022655
16033735
16044816
16055896
16066977
16078058
16089139
16100220
16111300
16122381
16133461
16144542
16155623
16166703
16177784
16188865
16199945
16211026
16222107
16233187
16244268
16255349
16266429
16277510
16288590
16299671
16310752
16321833
16332913
16343994
16355075
16366155
16377236
16388317
16399397
16410478
16421559
16432639
16443721
16454801
16465881
16476962
16488043
16499123
16510204
16521285
16532365
16543446
16554527
16565607
16576688
16587769
16598849
16609930
16621012
16632093
16643172
16654253
16665333
16676414
16687495
16698576
16709656
16720737
16731818
16742898
16753979
16765059
16776140
16787221
16798302
16809382
16820463
16831545
16842625
16853705
16864786
16875867
16886947
16898028
16909108
16920189
16931270
16942350
16953431
16964512
16975592
16986673
16997754
17008834
17019915
17030996
17042077
17053157
17064238
17075318
17086399
17097480
17108560
17119641
17130722
17141802
17152883
17163964
17175044
17186125
17197206
17208287
17219367
17230450
17241529
17252609
17263690
17274771
17285851
17296932
17308012
17319093
17330174
17341255
17352335
17363416
17374497
17385577
17396658
17407739
17418819
17429900
17440981
17452061
17463142
17474223
17485303
17496384
17507465
17518545
17529626
17540706
17551788
17562868
17573949
17585029
17596110
17607191
17618271
17629354
17640434
17651513
17662594
17673675
17684756
17695836
17706917
17717998
17729078
17740159
17751239
17762320
17773401
17784481
17795562
17806643
17817724
17828804
17839885
17850966
17862046
17873127
17884207
17895288
17906370
17917450
17928530
17939611
17950692
17961774
17972853
17983934
17995014
18006095
18017176
18028256
18039337
18050418
18061498
18072579
18083660
18094740
18105821
18116902
18127982
18139063
18150144
18161225
18172305
18183386
18194466
18205547
18216628
18227709
18238789
18249870
18260951
18272031
18283112
18294192
18305273
18316354
18327435
18338515
18349596
18360677
18371758
18382838
18393918
18404999
18416080
18427161
18438241
18449322
18460403
18471484
18482564
18493645
18504725
18515806
18526887
18537967
18549048
18560129
18571210
18582290
18593371
18604451
18615532
18626614
18637694
18648774
18659855
18670935
18682016
18693097
18704177
18715258
18726339
18737419
18748500
18759581
18770661
18781742
18792823
18803904
18814984
18826065
18837146
18848226
18859307
18870387
18881468
18892549
18903630
18914710
18925791
18936872
18947952
18959033
18970113
18981194
18992275
19003356
19014436
19025518
19036598
19047678
19058759
19069840
19080920
19092001
19103082
19114162
19125243
19136323
19147404
19158485
19169565
19180646
19191727
19202808
19213888
19224969
19236050
19247130
19258211
19269292
19280372
19291453
19302534
19313614
19324695
19335776
19346857
19357937
19369018
19380098
19391179
19402260
19413341
19424421
19435502
19446582
19457663
19468744
19479825
19490905
19501986
19513067
19524147
19535228
19546308
19557389
19568470
19579550
19590631
19601712
19612793
19623875
19634955
19646035
19657115
19668196
19679277
19690357
19701438
19712519
19723599
19734680
19745761
19756841
19767922
19779003
19790083
19801164
19812248
19823326
19834407
19845487
19856568
19867648
19878729
19889809
19900890
19911971
19923052
19934132
19945213
19956294
19967375
19978455
19989536
20000616
20011697
20022778
20033859
20044939
20056020
20067100
20078181
20089262
20100342
20111423
20122505
20133584
20144665
20155746
20166826
20177907
20188988
20200068
20211149
20222230
20233310
20244391
20255472
20266552
20277633
20288714
20299794
20310875
20321956
20333036
20344117
20355198
20366278
20377359
20388440
20399520
20410601
20421682
20432764
20443843
20454924
20466004
20477085
20488166
20499246
20510327
20521408
20532488
20543569
20554650
20565730
20576811
20587892
20598973
20610053
20621136
20632214
20643295
20654376
20665457
20676537
20687618
20698699
20709779
20720860
20731940
20743021
20754102
20765183
20776263
20787344
20798425
20809505
20820586
20831668
20842748
20853828
20864908
20875989
20887070
20898151
20909231
20920312
20931393
20942474
20953554
20964635
20975715
20986796
20997877
21008958
21020038
21031119
21042200
21053280
21064361
21075441
21086522
21097603
21108684
21119764
21130845
21141926
21153006
21164087
21175167
21186248
21197329
21208410
21219490
21230571
21241652
21252733
21263813
21274893
21285974
21297055
21308136
21319216
21330297
21341378
21352458
21363539
21374620
21385700
21396781
21407862
21418942
21430023
21441104
21452185
21463265
21474346
21485426
21496507
21507588
21518668
21529749
21540830
21551911
21562991
21574072
21585152
21596233
21607314
21618395
21629476
21640556
21651636
21662717
21673798
21684879
21695959
21707040
21718121
21729201
21740282
21751363
21762443
21773524
21784604
21795685
21806766
21817847
21828928
21840008
21851089
21862169
21873250
21884331
21895411
21906492
21917572
21928653
21939734
21950815
21961895
21972976
21984057
21995137
22006218
22017299
22028380
22039460
22050541
22061621
22072702
22083783
22094863
22105944
22117025
22128105
22139186
22150267
22161347
22172428
22183509
22194589
22205670
22216751
22227832
22238912
22249993
22261074
22272154
22283236
22294316
22305396
22316477
22327557
22338638
22349719
22360800
22371880
22382962
22394042
22405122
22416203
22427284
22438364
22449445
22460526
22471606
22482687
22493768
22504848
22515929
22527010
22538090
22549171
22560252
22571332
22582413
22593494
22604574
22615656
22626736
22637817
22648897
22659978
22671058
22682139
22693220
22704301
22715381
22726462
22737542
22748623
22759704
22770784
22781865
22792947
22804027
22815107
22826188
22837268
22848349
22859430
22870510
22881591
22892672
22903753
22914833
22925914
22936994
22948076
22959156
22970237
22981317
22992398
23003479
23014560
23025640
23036721
23047801
23058882
23069963
23081043
23092124
23103205
23114285
23125366
23136447
23147527
23158608
23169689
23180769
23191850
23202931
23214012
23225092
23236173
23247254
23258334
23269415
23280495
23291576
23302657
23313738
23324818
23335899
23346980
23358060
23369141
23380222
23391302
23402383
23413464
23424544
23435625
23446705
23457786
23468867
23479948
23491028
23502109
23513190
23524270
23535351
23546432
23557512
23568593
23579674
23590754
23601835
23612916
23623997
23635077
23646158
23657238
23668319
23679400
23690480
23701561
23712642
23723722
23734803
23745884
23756964
23768045
23779126
23790206
23801287
23812368
23823448
23834529
23845610
23856690
23867771
23878852
23889932
23901013
23912094
23923175
23934255
23945336
23956416
23967497
23978578
23989658
24000739
24011820
24022900
24033981
24045062
24056143
24067223
24078304
24089384
24100465
24111546
24122627
24133707
24144788
24155868
24166949
24178030
24189111
24200191
24211272
24222353
24233433
24244514
24255595
24266675
24277756
24288837
24299917
24310998
24322079
24333159
24344240
24355321
24366401
24377482
24388563
24399644
24410724
24421805
24432886
24443966
24455047
24466127
24477208
24488289
24499370
24510450
24521531
24532612
24543692
24554773
24565854
24576934
24588015
24599096
24610178
24621258
24632338
24643418
24654499
24665580
24676660
24687741
24698822
24709902
24720983
24732064
24743145
24754225
24765306
24776386
24787467
24798548
24809629
24820710
24831790
24842870
24853951
24865032
24876112
24887193
24898274
24909354
24920435
24931516
24942597
24953677
24964758
24975839
24986919
24998000
25009083
25020161
25031242
25042322
25053403
25064484
25075564
25086645
25097726
25108806
25119887
25130968
25142049
25153129
25164210
25175290
25186371
25197452
25208533
25219613
25230694
25241775
25252855
25263936
25275017
25286097
25297178
25308259
25319339
25330420
25341501
25352582
25363662
25374743
25385823
25396904
25407985
25419066
25430146
25441227
25452307
25463388
25474469
25485549
25496630
25507711
25518791
25529872
25540953
25552033
25563114
25574195
25585276
25596356
25607438
25618518
25629598
25640679
25651759
25662840
25673921
25685002
25696082
25707163
25718244
25729324
25740405
25751485
25762566
25773648
25784728
25795808
25806889
25817970
25829050
25840131
25851212
25862292
25873373
25884454
25895534
25906615
25917696
25928776
25939857
25950938
25962018
25973099
25984180
25995260
26006341
26017422
26028502
26039583
26050664
26061744
26072825
26083906
26094986
26106067
26117148
26128229
26139309
26150390
26161471
26172551
26183632
26194713
26205795
26216874
26227955
26239035
26250116
26261197
26272277
26283358
26294438
26305519
26316600
26327681
26338761
26349842
26360923
26372003
26383084
26394165
26405246
26416326
26427407
26438489
26449568
26460649
26471729
26482810
26493891
26504971
26516052
26527133
26538213
26549294
26560375
26571456
26582536
26593617
26604698
26615779
26626859
26637940
26649020
26660101
26671182
26682262
26693343
26704423
26715504
26726585
26737666
26748746
26759827
26770907
26781988
26793069
26804150
26815231
26826311
26837392
26848472
26859553
26870634
26881714
26892795
26903875
26914956
26926037
26937118
26948199
26959279
26970360
26981440
26992521
27003602
27014683
27025763
27036844
27047924
27059005
27070086
27081166
27092247
27103328
27114408
27125489
27136570
27147651
27158731
27169812
27180892
27191973
27203054
27214135
27225216
27236296
27247376
27258457
27269538
27280618
27291699
27302780
27313861
27324941
27336022
27347102
27358183
27369264
27380344
27391425
27402506
27413587
27424667
27435748
27446829
27457909
27468990
27480071
27491151
27502232
27513313
27524393
27535474
27546555
27557635
27568716
27579797
27590877
27601959
27613039
27624119
27635200
27646281
27657362
27668442
27679523
27690604
27701684
27712765
27723845
27734926
27746007
27757087
27768168
27779249
27790330
27801410
27812491
27823572
27834652
27845733
27856814
27867894
27878975
27890056
27901136
27912217
27923298
27934379
27945459
27956540
27967620
27978701
27989782
28000862
28011943
28023024
28034104
28045185
28056265
28067346
28078427
28089508
28100588
28111669
28122750
28133830
28144911
28155992
28167072
28178153
28189234
28200314
28211395
28222476
28233556
28244637
28255718
28266798
28277879
28288960
28300040
28311121
28322202
28333283
28344363
28355444
28366525
28377605
28388686
28399767
28410847
28421928
28433009
28444089
28455170
28466251
28477331
28488412
28499493
28510573
28521654
28532735
28543815
28554896
28565977
28577057
28588138
28599220
28610300
28621380
28632461
28643541
28654622
28665703
28676783
28687864
28698945
28710025
28721106
28732187
28743267
28754348
28765429
28776509
28787590
28798671
28809752
28820832
28831913
28842993
28854074
28865155
28876235
28887316
28898397
28909477
28920558
28931639
28942719
28953800
28964881
28975962
28987042
28998123
29009204
29020284
29031365
29042445
29053526
29064607
29075688
29086768
29097849
29108930
29120010
29131091
29142171
29153252
29164333
29175414
29186494
29197575
29208656
29219736
29230817
29241898
29252978
29264061
29275140
29286220
29297301
29308382
29319462
29330543
29341624
29352704
29363785
29374866
29385946
29397027
29408108
29419188
29430269
29441350
29452431
29463511
29474592
29485672
29496753
29507834
29518915
29529995
29541076
29552157
29563237
29574318
29585398
29596480
29607561
29618641
29629721
29640802
29651883
29662963
29674044
29685124
29696205
29707286
29718367
29729447
29740528
29751609
29762689
29773770
29784850
29795931
29807013
29818093
29829173
29840254
29851335
29862415
29873496
29884577
29895657
29906738
29917819
29928899
29939980
29951061
29962141
29973222
29984303
29995384
30006464
30017545
30028626
30039706
30050787
30061868
30072948
30084029
30095110
30106190
30117271
30128352
30139432
30150513
30161594
30172674
30183755
30194836
30205916
30216997
30228078
30239158
30250239
30261320
30272400
30283481
30294562
30305642
30316723
30327804
30338885
30349965
30361046
30372126
30383207
30394288
30405369
30416449
30427530
30438610
30449691
30460772
30471852
30482933
30494014
30505094
30516175
30527256
30538336
30549417
30560498
30571579
30582659
30593740
30604821
30615902
30626982
30638062
30649143
30660224
30671305
30682385
30693466
30704547
30715627
30726708
30737788
30748869
30759950
30771030
30782111
30793194
30804273
30815353
30826434
30837515
30848595
30859676
30870756
30881837
30892918
30903998
30915079
30926160
30937241
30948321
30959402
30970482
30981563
30992644
31003725
31014805
31025886
31036966
31048047
31059128
31070208
31081289
31092370
31103451
31114531
31125612
31136693
31147774
31158854
31169935
31181016
31192096
31203177
31214258
31225338
31236419
31247499
31258580
31269661
31280741
31291822
31302903
31313984
31325064
31336145
31347225
31358306
31369387
31380468
31391548
31402629
31413710
31424791
31435871
31446952
31458032
31469113
31480194
31491274
31502355
31513436
31524516
31535597
31546678
31557758
31568839
31579920
31591001
31602081
31613162
31624243
31635323
31646404
31657484
31668565
31679646
31690726
31701807
31712888
31723969
31735049
31746130
31757210
31768291
31779372
31790453
31801534
31812614
31823694
31834775
31845856
31856937
31868017
31879098
31890179
31901259
31912340
31923421
31934501
31945582
31956663
31967743
31978824
31989905
32000985
32012066
32023146
32034227
32045308
32056389
32067469
32078550
32089632
32100711
32111792
32122872
32133953
32145034
32156115
32167195
32178276
32189358
32200438
32211518
32222599
32233679
32244760
32255841
32266921
32278002
32289083
32300163
32311244
32322325
32333405
32344486
32355567
32366647
32377728
32388809
32399890
32410970
32422051
32433132
32444212
32455293
32466373
32477454
32488535
32499616
32510696
32521777
32532858
32543938
32555019
32566099
32577180
32588262
32599342
32610423
32621503
32632584
32643664
32654745
32665826
32676906
32687987
32699068
32710148
32721229
32732310
32743390
32754472
32765552
32776632
32787713
32798794
32809874
32820955
32832036
32843117
32854198
32865278
32876358
32887439
32898520
32909601
32920681
32931762
32942842
32953924
32965004
32976084
32987165
32998247
33009327
33020407
33031488
33042568
33053649
33064730
33075811
33086891
33097972
33109052
33120133
33131214
33142295
33153375
33164456
33175537
33186617
33197698
33208779
33219859
33230940
33242021
33253102
33264182
33275263
33286343
33297424
33308505
33319585
33330666
33341747
33352827
33363908
33374989
33386069
33397150
33408231
33419312
33430392
33441473
33452553
33463634
33474715
33485795
33496876
33507957
33519038
33530118
33541199
33552280
33563360
33574441
33585523
33596603
33607683
33618763
33629844
33640925
33652006
33663086
33674167
33685248
33696328
33707409
33718489
33729571
33740651
33751732
33762812
33773893
33784974
33796055
33807135
33818216
33829296
33840377
33851458
33862538
33873619
33884700
33895780
33906861
33917942
33929022
33940103
33951184
33962264
33973345
33984428
33995507
34006587
34017668
34028749
34039830
34050910
34061990
34073071
34084152
34095232
34106313
34117394
34128475
34139555
34150636
34161716
34172797
34183878
34194958
34206039
34217120
34228201
34239281
34250362
34261442
34272523
34283604
34294685
34305765
34316846
34327927
34339007
34350088
34361169
34372249
34383330
34394411
34405491
34416572
34427653
34438733
34449814
34460895
34471975
34483056
34494137
34505217
34516298
34527379
34538459
34549540
34560621
34571701
34582783
34593863
34604943
34616024
34627105
34638186
34649266
34660347
34671428
34682508
34693589
34704670
34715750
34726831
34737912
34748992
34760073
34771154
34782235
34793315
34804395
34815477
34826557
34837638
34848718
34859799
34870880
34881960
34893041
34904121
34915203
34926283
34937364
34948444
34959525
34970606
34981686
34992768
35003848
35014928
35026009
35037090
35048170
35059251
35070332
35081412
35092493
35103574
35114654
35125735
35136816
35147896
35158977
35170058
35181139
35192219
35203300
35214380
35225461
35236542
35247622
35258703
35269784
35280864
35291945
35303026
35314106
35325187
35336268
35347349
35358429
35369510
35380590
35391672
35402752
35413833
35424913
35435994
35447075
35458155
35469236
35480317
35491397
35502478
35513559
35524639
35535720
35546801
35557881
35568962
35580044
35591124
35602204
35613285
35624365
35635446
35646527
35657607
35668688
35679769
35690849
35701930
35713011
35724091
35735172
35746253
35757333
35768414
35779495
35790575
35801656
35812737
35823818
35834898
35845979
35857059
35868140
35879221
35890301
35901382
35912463
35923544
35934624
35945705
35956785
35967866
35978947
35990028
36001108
36012189
36023270
36034350
36045431
36056511
36067592
36078673
36089754
36100834
36111915
36122996
36134076
36145157
36156238
36167318
36178399
36189480
36200560
36211641
36222722
36233802
36244883
36255964
36267044
36278125
36289206
36300286
36311367
36322448
36333529
36344609
36355690
36366770
36377851
36388932
36400012
36411094
36422174
36433255
36444335
36455416
36466497
36477577
36488658
36499739
36510819
36521900
36532980
36544061
36555142
36566223
36577304
36588384
36599465
36610545
36621626
36632707
36643787
36654868
36665949
36677029
36688110
36699191
36710271
36721352
36732433
36743513
36754594
36765675
36776755
36787836
36798917
36809997
36821078
36832159
36843239
36854320
36865401
36876481
36887562
36898643
36909724
36920804
36931885
36942965
36954046
36965127
36976209
36987289
36998369
37009450
37020530
37031611
37042692
37053772
37064853
37075935
37087014
37098095
37109176
37120256
37131337
37142418
37153498
37164579
37175660
37186741
37197821
37208902
37219982
37231063
37242144
37253224
37264305
37275386
37286466
37297547
37308628
37319708
37330789
37341870
37352950
37364031
37375112
37386193
37397273
37408354
37419434
37430515
37441596
37452676
37463757
37474838
37485919
37496999
37508080
37519160
37530241
37541322
37552402
37563483
37574564
37585645
37596725
37607806
37618887
37629967
37641048
37652128
37663209
37674290
37685371
37696451
37707532
37718613
37729693
37740774
37751854
37762935
37774016
37785097
37796177
37807258
37818339
37829419
37840500
37851581
37862661
37873742
37884822
37895904
37906984
37918065
37929145
37940226
37951307
37962387
37973468
37984549
37995629
38006710
38017791
38028871
38039952
38051033
38062113
38073194
38084275
38095355
38106436
38117517
38128598
38139678
38150759
38161840
38172921
38184001
38195081
38206163
38217243
38228324
38239404
38250485
38261566
38272646
38283727
38294808
38305889
38316969
38328050
38339130
38350211
38361292
38372373
38383453
38394534
38405614
38416695
38427776
38438856
38449937
38461018
38472099
38483179
38494260
38505340
38516421
38527502
38538582
38549663
38560744
38571826
38582907
38593986
38605066
38616147
38627228
38638309
38649389
38660470
38671551
38682631
38693712
38704792
38715873
38726954
38738034
38749115
38760196
38771277
38782358
38793438
38804519
38815599
38826680
38837760
38848841
38859922
38871003
38882083
38893164
38904244
38915325
38926406
38937487
38948567
38959648
38970729
38981809
38992890
39003971
39015051
39026132
39037213
39048293
39059374
39070455
39081535
39092616
39103697
39114777
39125858
39136939
39148019
39159100
39170181
39181262
39192342
39203423
39214503
39225584
39236666
39247745
39258826
39269907
39280988
39292068
39303149
39314230
39325310
39336391
39347471
39358552
39369633
39380714
39391794
39402875
39413956
39425036
39436117
39447198
39458278
39469359
39480439
39491521
39502601
39513682
39524762
39535843
39546924
39558004
39569085
39580166
39591246
39602327
39613408
39624488
39635569
39646649
39657730
39668811
39679892
39690972
39702053
39713134
39724214
39735295
39746376
39757456
39768537
39779618
39790698
39801779
39812860
39823941
39835021
39846102
39857183
39868263
39879344
39890425
39901505
39912586
39923667
39934747
39945828
39956909
39967989
39979071
39990151
40001231
40012312
40023392
40034473
40045554
40056634
40067715
40078796
40089877
40100957
40112038
40123119
40134199
40145280
40156362
40167441
40178522
40189603
40200683
40211764
40222845
40233925
40245006
40256087
40267167
40278248
40289329
40300409
40311490
40322571
40333651
40344732
40355813
40366894
40377975
40389055
40400135
40411216
40422297
40433377
40444458
40455539
40466620
40477700
40488781
40499862
40510942
40522023
40533103
40544184
40555265
40566346
40577426
40588507
40599588
40610668
40621749
40632830
40643910
40654991
40666072
40677152
40688233
40699314
40710394
40721475
40732556
40743636
40754717
40765798
40776879
40787959
40799040
40810120
40821201
40832282
40843362
40854443
40865524
40876605
40887685
40898766
40909846
40920927
40932008
40943089
40954169
40965250
40976331
40987411
40998492
41009573
41020653
41031734
41042814
41053895
41064976
41076056
41087137
41098218
41109299
41120379
41131460
41142541
41153621
41164702
41175783
41186863
41197944
41209025
41220105
41231186
41242267
41253347
41264428
41275508
41286590
41297670
41308751
41319831
41330912
41341993
41353073
41364154
41375235
41386315
41397396
41408477
41419557
41430638
41441719
41452800
41463880
41474961
41486042
41497123
41508203
41519284
41530364
41541445
41552526
41563607
41574687
41585768
41596848
41607929
41619009
41630090
41641171
41652252
41663332
41674413
41685494
41696574
41707655
41718735
41729816
41740897
41751978
41763058
41774140
41785220
41796300
41807381
41818462
41829542
41840623
41851704
41862784
41873865
41884946
41896026
41907107
41918188
41929268
41940349
41951430
41962511
41973591
41984672
41995752
42006833
42017914
42028994
42040075
42051156
42062237
42073317
42084398
42095478
42106559
42117640
42128720
42139801
42150882
42161962
42173044
42184124
42195204
42206285
42217366
42228447
42239527
42250608
42261689
42272769
42283850
42294930
42306011
42317092
42328173
42339253
42350334
42361415
42372496
42383576
42394657
42405737
42416818
42427899
42438979
42450060
42461141
42472221
42483302
42494383
42505463
42516544
42527625
42538705
42549786
42560867
42571948
42583028
42594109
42605190
42616270
42627351
42638432
42649512
42660593
42671674
42682754
42693835
42704916
42715996
42727077
42738157
42749238
42760319
42771400
42782480
42793561
42804642
42815722
42826803
42837884
42848964
42860045
42871126
42882206
42893287
42904368
42915448
42926529
42937609
42948690
42959771
42970852
42981932
42993013
43004094
43015174
43026255
43037336
43048416
43059497
43070578
43081658
43092739
43103820
43114900
43125981
43137062
43148142
43159223
43170304
43181385
43192465
43203546
43214626
43225707
43236788
43247869
43258949
43270030
43281111
43292191
43303272
43314352
43325433
43336514
43347594
43358675
43369756
43380837
43391917
43402998
43414078
43425159
43436240
43447321
43458401
43469482
43480563
43491643
43502724
43513805
43524885
43535966
43547047
43558128
43569209
43580289
43591369
43602450
43613531
43624611
43635692
43646773
43657853
43668934
43680015
43691095
43702176
43713257
43724337
43735418
43746499
43757580
43768661
43779741
43790821
43801902
43812983
43824063
43835144
43846225
43857305
43868386
43879467
43890548
43901628
43912709
43923790
43934870
43945951
43957032
43968112
43979193
43990274
44001354
44012435
44023516
44034596
44045677
44056757
44067838
44078919
44090000
44101080
44112161
44123241
44134322
44145403
44156484
44167564
44178645
44189726
44200806
44211887
44222968
44234048
44245129
44256210
44267290
44278371
44289452
44300532
44311613
44322694
44333775
44344855
44355936
44367017
44378097
44389178
44400259
44411339
44422420
44433501
44444581
44455662
44466742
44477824
44488904
44499984
44511065
44522146
44533227
44544307
44555389
44566469
44577550
44588630
44599710
44610791
44621872
44632953
44644033
44655114
44666195
44677276
44688356
44699437
44710517
44721598
44732679
44743759
44754840
44765921
44777001
44788082
44799163
44810243
44821324
44832405
44843485
44854566
44865647
44876727
44887808
44898889
44909969
44921050
44932131
44943212
44954292
44965373
44976453
44987534
44998615
45009696
45020776
45031857
45042938
45054018
45065099
45076179
45087260
45098341
45109421
45120502
45131583
45142664
45153745
45164825
45175906
45186986
45198067
45209148
45220228
45231309
45242390
45253470
45264551
45275632
45286712
45297793
45308874
45319954
45331035
45342116
45353196
45364277
45375358
45386438
45397519
45408600
45419680
45430761
45441842
45452922
45464003
45475084
45486164
45497245
45508326
45519406
45530487
45541568
45552650
45563729
45574810
45585891
45596971
45608052
45619132
45630213
45641294
45652375
45663455
45674536
45685617
45696697
45707778
45718859
45729939
45741020
45752101
45763181
45774262
45785343
45796423
45807504
45818585
45829665
45840746
45851827
45862907
45873988
45885069
45896149
45907230
45918311
45929391
45940472
45951553
45962634
45973714
45984795
45995875
46006956
46018037
46029117
46040198
46051279
46062359
46073440
46084521
46095602
46106682
46117763
46128844
46139924
46151005
46162086
46173166
46184247
46195328
46206408
46217489
46228569
46239650
46250731
46261812
46272892
46283973
46295053
46306134
46317215
46328295
46339376
46350457
46361538
46372618
46383699
46394779
46405860
46416941
46428022
46439102
46450183
46461264
46472344
46483425
46494505
46505586
46516667
46527748
46538828
46549910
46560990
46572070
46583151
46594232
46605312
46616393
46627474
46638555
46649635
46660716
46671797
46682877
46693958
46705038
46716119
46727200
46738281
46749361
46760442
46771522
46782603
46793684
46804765
46815845
46826926
46838007
46849087
46860168
46871249
46882329
46893410
46904491
46915571
46926652
46937732
46948814
46959894
46970975
46982055
46993136
47004217
47015297
47026378
47037459
47048540
47059620
47070701
47081781
47092862
47103943
47115023
47126104
47137185
47148265
47159346
47170427
47181508
47192588
47203669
47214749
47225830
47236911
47247992
47259072
47270153
47281234
47292314
47303395
47314475
47325556
47336637
47347718
47358798
47369879
47380960
47392040
47403121
47414202
47425282
47436363
47447443
47458524
47469605
47480686
47491766
47502847
47513928
47525008
47536089
47547170
47558251
47569331
47580412
47591492
47602573
47613654
47624734
47635815
47646896
47657976
47669057
47680138
47691218
47702299
47713380
47724460
47735541
47746622
47757702
47768783
47779864
47790944
47802025
47813106
47824186
47835267
47846348
47857428
47868509
47879590
47890670
47901751
47912832
47923913
47934993
47946074
47957155
47968235
47979316
47990396
48001477
48012558
48023638
48034719
48045800
48056880
48067961
48079042
48090123
48101203
48112284
48123365
48134445
48145526
48156607
48167687
48178768
48189849
48200929
48212010
48223091
48234171
48245252
48256333
48267413
48278494
48289575
48300655
48311736
48322817
48333897
48344978
48356059
48367139
48378220
48389301
48400382
48411462
48422543
48433624
48444704
48455785
48466865
48477946
48489027
48500108
48511188
48522269
48533349
48544431
48555511
48566592
48577672
48588753
48599834
48610914
48621995
48633075
48644156
48655237
48666318
48677398
48688479
48699560
48710640
48721721
48732802
48743883
48754964
48766044
48777124
48788205
48799286
48810366
48821447
48832528
48843608
48854689
48865770
48876850
48887931
48899012
48910093
48921173
48932254
48943334
48954415
48965496
48976576
48987657
48998738
49009819
49020899
49031980
49043061
49054141
49065222
49076303
49087383
49098464
49109546
49120625
49131706
49142787
49153868
49164948
49176029
49187109
49198190
49209272
49220351
49231432
49242513
49253593
49264674
49275755
49286835
49297916
49308996
49320077
49331158
49342239
49353320
49364400
49375481
49386561
49397642
49408723
49419803
49430884
49441965
49453045
49464126
49475207
49486287
49497368
49508449
49519530
49530610
49541692
49552772
49563852
49574933
49586013
49597094
49608175
49619255
49630336
49641417
49652498
49663578
49674659
49685739
49696820
49707901
49718982
49730062
49741144
49752224
49763304
49774385
49785466
49796546
49807627
49818708
49829788
49840869
49851950
49863030
49874111
49885192
49896272
49907353
49918434
49929514
49940595
49951676
49962756
49973837
49984918
49995998
50007079
50018160
50029240
50040321
50051402
50062482
50073563
50084644
50095724
50106805
50117886
50128967
50140047
50151129
50162209
50173289
50184370
50195451
50206531
50217612
50228692
50239773
50250854
50261935
50273015
50284096
50295177
50306257
50317338
50328419
50339500
50350581
50361661
50372741
50383822
50394903
50405983
50417064
50428145
50439225
50450306
50461387
50472467
50483548
50494629
50505709
50516790
50527871
50538952
50550032
50561113
50572193
50583274
50594355
50605435
50616516
50627597
50638678
50649758
50660839
50671919
50683001
50694081
50705161
50716242
50727323
50738407
50749484
50760565
50771646
50782726
50793807
50804887
50815968
50827049
50838130
50849210
50860291
50871371
50882452
50893533
50904614
50915694
50926775
50937856
50948937
50960017
50971098
50982178
50993259
51004340
51015420
51026501
51037582
51048662
51059743
51070824
51081904
51092985
51104066
51115146
51126227
51137308
51148389
51159469
51170550
51181630
51192711
51203792
51214873
51225953
51237034
51248115
51259196
51270276
51281357
51292437
51303518
51314598
51325679
51336760
51347841
51358921
51370003
51381082
51392163
51403244
51414325
51425405
51436486
51447566
51458647
51469729
51480808
51491889
51502970
51514051
51525131
51536213
51547293
51558373
51569454
51580535
51591615
51602696
51613776
51624857
51635938
51647019
51658099
51669180
51680261
51691341
51702422
51713503
51724583
51735664
51746745
51757825
51768906
51779987
51791068
51802148
51813229
51824309
51835390
51846471
51857551
51868632
51879713
51890794
51901874
51912955
51924035
51935116
51946198
51957278
51968358
51979439
51990520
52001600
52012681
52023761
52034843
52045923
52057004
52068084
52079165
52090246
52101326
52112407
52123488
52134568
52145650
52156730
52167810
52178891
52189972
52201052
52212133
52223214
52234294
52245375
52256456
52267536
52278617
52289698
52300779
52311859
52322940
52334021
52345101
52356182
52367263
52378343
52389424
52400505
52411585
52422666
52433747
52444827
52455908
52466989
52478069
52489150
52500231
52511311
52522392
52533473
52544553
52555634
52566715
52577795
52588876
52599956
52611037
52622118
52633199
52644280
52655360
52666441
52677521
52688602
52699683
52710763
52721844
52732925
52744005
52755086
52766167
52777247
52788328
52799409
52810489
52821570
52832651
52843731
52854812
52865893
52876973
52888054
52899135
52910216
52921296
52932377
52943458
52954538
52965619
52976699
52987780
52998861
53009942
53021022
53032103
53043184
53054264
53065345
53076425
53087506
53098587
53109668
53120748
53131829
53142910
53153990
53165071
53176152
53187232
53198313
53209394
53220474
53231555
53242636
53253716
53264797
53275878
53286958
53298039
53309120
53320200
53331284
53342362
53353442
53364523
53375604
53386684
53397765
53408846
53419926
53431007
53442088
53453168
53464249
53475330
53486410
53497491
53508572
53519652
53530734
53541815
53552895
53563975
53575056
53586137
53597217
53608298
53619379
53630459
53641540
53652621
53663701
53674782
53685863
53696943
53708024
53719105
53730185
53741266
53752346
53763427
53774508
53785589
53796669
53807750
53818831
53829911
53840992
53852073
53863153
53874234
53885315
53896395
53907476
53918557
53929638
53940718
53951799
53962879
53973960
53985041
53996121
54007202
54018283
54029364
54040444
54051525
54062606
54073686
54084767
54095847
54106928
54118009
54129090
54140170
54151251
54162332
54173412
54184493
54195574
54206654
54217735
54228816
54239896
54250977
54262058
54273138
54284219
54295300
54306380
54317461
54328542
54339622
54350703
54361784
54372864
54383945
54395026
54406106
54417187
54428268
54439349
54450429
54461510
54472590
54483671
54494752
54505832
54516913
54527995
54539075
54550155
54561236
54572316
54583397
54594478
54605559
54616639
54627720
54638800
54649881
54660962
54672042
54683123
54694204
54705285
54716365
54727446
54738527
54749607
54760688
54771769
54782849
54793930
54805010
54816091
54827172
54838253
54849334
54860415
54871494
54882575
54893656
54904737
54915817
54926898
54937979
54949059
54960140
54971221
54982301
54993382
55004463
55015543
55026624
55037705
55048785
55059866
55070947
55082027
55093108
55104189
55115270
55126350
55137431
55148512
55159592
55170673
55181754
55192834
55203915
55214996
55226076
55237157
55248238
55259318
55270399
55281480
55292560
55303641
55314722
55325802
55336884
55347964
55359044
55370125
55381206
55392286
55403367
55414448
55425528
55436609
55447689
55458770
55469851
55480932
55492012
55503093
55514174
55525255
55536336
55547416
55558496
55569577
55580658
55591739
55602819
55613900
55624980
55636061
55647142
55658223
55669303
55680384
55691464
55702545
55713626
55724707
55735787
55746868
55757949
55769029
55780110
55791191
55802271
55813352
55824432
55835513
55846594
55857675
55868755
55879836
55890917
55901997
55913079
55924159
55935239
55946320
55957400
55968481
55979562
55990643
56001723
56012804
56023885
56034965
56046046
56057127
56068207
56079288
56090369
56101449
56112530
56123611
56134692
56145772
56156853
56167933
56179014
56190096
56201175
56212256
56223337
56234418
56245498
56256579
56267659
56278740
56289821
56300902
56311982
56323063
56334144
56345224
56356305
56367385
56378466
56389547
56400628
56411708
56422789
56433870
56444951
56456031
56467112
56478192
56489273
56500354
56511434
56522516
56533596
56544676
56555757
56566838
56577918
56588999
56600080
56611160
56622241
56633322
56644402
56655483
56666564
56677644
56688725
56699806
56710886
56721967
56733048
56744128
56755209
56766290
56777370
56788451
56799532
56810612
56821693
56832774
56843855
56854935
56866016
56877096
56888177
56899258
56910339
56921420
56932500
56943580
56954661
56965742
56976823
56987903
56998984
57010064
57021145
57032226
57043306
57054387
57065468
57076548
57087629
57098710
57109791
57120871
57131953
57143033
57154113
57165194
57176275
57187355
57198436
57209517
57220597
57231678
57242759
57253839
57264920
57276001
57287081
57298162
57309243
57320324
57331404
57342485
57353566
57364646
57375727
57386808
57397888
57408969
57420049
57431130
57442211
57453291
57464372
57475453
57486534
57497614
57508695
57519777
57530857
57541938
57553017
57564098
57575179
57586260
57597340
57608421
57619502
57630582
57641663
57652744
57663824
57674905
57685985
57697066
57708147
57719228
57730308
57741389
57752470
57763550
57774631
57785712
57796792
57807873
57818954
57830034
57841115
57852196
57863276
57874357
57885438
57896518
57907599
57918680
57929760
57940841
57951922
57963003
57974083
57985164
57996244
58007325
58018406
58029487
58040567
58051648
58062729
58073809
58084890
58095970
58107051
58118132
58129213
58140293
58151374
58162455
58173535
58184616
58195696
58206777
58217858
58228939
58240019
58251100
58262181
58273261
58284342
58295423
58306503
58317584
58328666
58339745
58350827
58361907
58372987
58384068
58395149
58406229
58417310
58428391
58439472
58450553
58461633
58472714
58483794
58494875
58505956
58517037
58528118
58539198
58550279
58561359
58572440
58583520
58594601
58605682
58616762
58627843
58638924
58650004
58661085
58672166
58683246
58694327
58705407
58716488
58727569
58738650
58749730
58760811
58771892
58782972
58794053
58805134
58816214
58827295
58838376
58849456
58860537
58871618
58882698
58893779
58904860
58915941
58927021
58938102
58949183
58960263
58971344
58982424
58993505
59004586
59015667
59026747
59037828
59048909
59059989
59071070
59082151
59093231
59104312
59115392
59126474
59137554
59148634
59159715
59170796
59181877
59192957
59204038
59215119
59226199
59237280
59248360
59259441
59270522
59281603
59292683
59303764
59314845
59325926
59337006
59348087
59359167
59370248
59381329
59392409
59403490
59414571
59425651
59436732
59447813
59458893
59469974
59481055
59492135
59503216
59514298
59525378
59536458
59547539
59558620
59569700
59580781
59591861
59602942
59614023
59625103
59636184
59647265
59658346
59669426
59680508
59691588
59702668
59713749
59724830
59735911
59746991
59758072
59769152
59780233
59791314
59802394
59813475
59824556
59835637
59846717
59857798
59868878
59879959
59891040
59902120
59913201
59924282
59935363
59946443
59957524
59968604
