196.0
6.0
9.0
6.0
11.0
4.0
168.0
1124.0
4.0
7.0
5.0
5.0
6.0
5.0
1066.0
247.0
9.0
11.0
10.0
10.0
9.0
144.0
1180.0
4.0
5.0
7.0
4.0
5.0
6.0
0.0
303.0
14.0
12.0
8.0
11.0
3.0
121.0
1235.0
7.0
3.0
2.0
5.0
3.0
1.0
1019.0
351.0
9.0
8.0
3.0
5.0
5.0
92.0
1210.0
73.0
2.0
3.0
4.0
2.0
6.0
966.0
379.0
10.0
7.0
12.0
9.0
13.0
66.0
1090.0
164.0
7.0
5.0
4.0
2.0
4.0
886.0
407.0
9.0
5.0
5.0
8.0
5.0
50.0
1000.0
237.0
5.0
6.0
8.0
8.0
5.0
0.0
444.0
10.0
6.0
9.0
6.0
8.0
32.0
953.0
306.0
4.0
4.0
6.0
4.0
5.0
800.0
502.0
9.0
8.0
6.0
8.0
7.0
19.0
934.0
371.0
3.0
3.0
4.0
5.0
6.0
763.0
576.0
11.0
7.0
13.0
8.0
6.0
14.0
913.0
428.0
7.0
6.0
3.0
3.0
3.0
716.0
650.0
10.0
13.0
9.0
9.0
6.0
12.0
876.0
488.0
4.0
5.0
6.0
3.0
5.0
0.0
690.0
11.0
8.0
9.0
10.0
8.0
5.0
789.0
527.0
4.0
1.0
2.0
5.0
6.0
584.0
715.0
6.0
5.0
2.0
6.0
3.0
2.0
715.0
572.0
6.0
7.0
7.0
5.0
6.0
508.0
765.0
6.0
5.0
4.0
4.0
6.0
5.0
654.0
622.0
5.0
6.0
8.0
7.0
9.0
422.0
865.0
9.0
7.0
6.0
5.0
7.0
6.0
624.0
678.0
2.0
1.0
2.0
1.0
3.0
0.0
984.0
7.0
8.0
7.0
14.0
7.0
10.0
596.0
736.0
9.0
6.0
11.0
5.0
6.0
205.0
1145.0
15.0
11.0
4.0
10.0
8.0
9.0
569.0
797.0
3.0
2.0
5.0
5.0
5.0
109.0
1212.0
16.0
14.0
8.0
13.0
13.0
10.0
491.0
816.0
2.0
3.0
2.0
3.0
5.0
68.0
1188.0
26.0
9.0
8.0
7.0
12.0
11.0
434.0
834.0
4.0
6.0
6.0
4.0
6.0
0.0
1178.0
38.0
6.0
6.0
6.0
7.0
5.0
387.0
867.0
1.0
1.0
2.0
4.0
4.0
33.0
1168.0
52.0
13.0
11.0
11.0
8.0
9.0
345.0
911.0
7.0
8.0
5.0
5.0
8.0
25.0
1178.0
77.0
8.0
4.0
8.0
4.0
5.0
315.0
983.0
3.0
4.0
2.0
4.0
3.0
9.0
1200.0
109.0
8.0
4.0
5.0
10.0
10.0
289.0
1031.0
3.0
4.0
2.0
5.0
6.0
0.0
1171.0
130.0
6.0
9.0
10.0
8.0
3.0
244.0
1041.0
3.0
3.0
4.0
8.0
4.0
7.0
1114.0
154.0
6.0
7.0
4.0
2.0
5.0
208.0
1055.0
5.0
9.0
2.0
6.0
4.0
4.0
1063.0
188.0
8.0
6.0
11.0
13.0
6.0
175.0
1080.0
3.0
6.0
7.0
3.0
5.0
6.0
1025.0
226.0
8.0
6.0
9.0
11.0
7.0
145.0
1113.0
7.0
4.0
3.0
5.0
5.0
0.0
1014.0
276.0
5.0
8.0
4.0
6.0
7.0
115.0
1187.0
5.0
2.0
2.0
5.0
3.0
4.0
985.0
327.0
5.0
9.0
8.0
7.0
10.0
93.0
1181.0
57.0
8.0
6.0
8.0
6.0
7.0
946.0
361.0
9.0
8.0
7.0
8.0
8.0
72.0
1075.0
150.0
5.0
9.0
7.0
5.0
6.0
883.0
393.0
8.0
6.0
8.0
6.0
8.0
52.0
995.0
223.0
6.0
8.0
5.0
5.0
0.0
824.0
431.0
6.0
8.0
6.0
8.0
9.0
33.0
938.0
286.0
2.0
4.0
5.0
8.0
11.0
778.0
473.0
9.0
7.0
10.0
9.0
11.0
29.0
896.0
343.0
6.0
5.0
1.0
4.0
4.0
747.0
529.0
5.0
6.0
3.0
4.0
6.0
16.0
880.0
410.0
0.0
2.0
1.0
2.0
5.0
708.0
604.0
11.0
8.0
6.0
3.0
6.0
8.0
849.0
467.0
6.0
2.0
7.0
5.0
0.0
648.0
658.0
8.0
7.0
7.0
8.0
4.0
8.0
778.0
517.0
3.0
3.0
4.0
7.0
7.0
585.0
697.0
7.0
5.0
5.0
4.0
6.0
7.0
716.0
557.0
3.0
6.0
8.0
7.0
5.0
511.0
746.0
6.0
9.0
8.0
8.0
11.0
7.0
651.0
607.0
5.0
7.0
8.0
2.0
4.0
434.0
821.0
13.0
8.0
10.0
10.0
11.0
9.0
611.0
655.0
7.0
3.0
4.0
6.0
0.0
350.0
932.0
5.0
4.0
6.0
9.0
5.0
3.0
588.0
717.0
6.0
6.0
3.0
5.0
4.0
226.0
1082.0
11.0
7.0
3.0
8.0
6.0
10.0
559.0
764.0
9.0
8.0
3.0
6.0
6.0
118.0
1183.0
18.0
11.0
10.0
8.0
11.0
5.0
500.0
798.0
3.0
4.0
3.0
4.0
5.0
79.0
1193.0
17.0
7.0
5.0
6.0
5.0
3.0
441.0
835.0
6.0
5.0
5.0
6.0
0.0
53.0
1175.0
33.0
6.0
3.0
6.0
5.0
8.0
393.0
859.0
6.0
6.0
4.0
6.0
5.0
33.0
1171.0
46.0
9.0
8.0
12.0
9.0
5.0
354.0
907.0
4.0
8.0
5.0
7.0
4.0
22.0
1195.0
77.0
4.0
6.0
4.0
6.0
6.0
326.0
974.0
0.0
6.0
5.0
3.0
3.0
12.0
1210.0
102.0
10.0
9.0
7.0
7.0
7.0
298.0
1027.0
4.0
4.0
7.0
4.0
0.0
5.0
1179.0
130.0
4.0
9.0
7.0
5.0
10.0
264.0
1049.0
3.0
6.0
10.0
9.0
6.0
3.0
1144.0
156.0
4.0
7.0
4.0
10.0
10.0
221.0
1059.0
5.0
6.0
8.0
6.0
3.0
4.0
1080.0
188.0
7.0
4.0
5.0
7.0
3.0
181.0
1078.0
7.0
4.0
6.0
3.0
6.0
4.0
1034.0
223.0
6.0
9.0
10.0
7.0
10.0
146.0
1113.0
7.0
6.0
6.0
4.0
0.0
6.0
1019.0
273.0
3.0
4.0
5.0
4.0
4.0
119.0
1185.0
2.0
1.0
3.0
5.0
7.0
7.0
997.0
314.0
8.0
6.0
3.0
6.0
8.0
92.0
1194.0
40.0
7.0
10.0
4.0
6.0
7.0
962.0
371.0
4.0
6.0
5.0
5.0
4.0
73.0
1125.0
135.0
4.0
7.0
7.0
7.0
5.0
915.0
403.0
12.0
10.0
9.0
10.0
5.0
54.0
1034.0
212.0
6.0
5.0
9.0
0.0
3.0
846.0
429.0
7.0
9.0
6.0
7.0
9.0
43.0
957.0
280.0
5.0
6.0
4.0
5.0
6.0
792.0
464.0
8.0
8.0
7.0
6.0
5.0
25.0
905.0
342.0
8.0
7.0
4.0
7.0
4.0
759.0
535.0
6.0
6.0
7.0
12.0
6.0
15.0
892.0
404.0
3.0
1.0
6.0
1.0
4.0
717.0
594.0
5.0
6.0
5.0
7.0
4.0
11.0
866.0
460.0
4.0
5.0
7.0
0.0
4.0
662.0
680.0
7.0
4.0
6.0
8.0
12.0
10.0
829.0
518.0
4.0
3.0
2.0
2.0
6.0
607.0
712.0
10.0
10.0
9.0
9.0
7.0
7.0
741.0
556.0
5.0
4.0
5.0
2.0
6.0
526.0
749.0
3.0
4.0
6.0
6.0
4.0
4.0
669.0
597.0
5.0
6.0
6.0
7.0
10.0
448.0
809.0
7.0
7.0
7.0
8.0
7.0
8.0
620.0
647.0
5.0
5.0
8.0
0.0
5.0
372.0
923.0
8.0
6.0
3.0
6.0
7.0
3.0
600.0
705.0
6.0
3.0
2.0
1.0
5.0
250.0
1060.0
7.0
6.0
9.0
7.0
8.0
3.0
566.0
765.0
7.0
7.0
2.0
5.0
3.0
134.0
1200.0
16.0
9.0
9.0
10.0
9.0
10.0
531.0
817.0
3.0
4.0
3.0
7.0
8.0
83.0
1223.0
21.0
7.0
12.0
9.0
7.0
5.0
459.0
839.0
3.0
6.0
3.0
0.0
5.0
56.0
1192.0
34.0
4.0
1.0
5.0
7.0
8.0
395.0
868.0
5.0
3.0
5.0
5.0
6.0
39.0
1174.0
51.0
6.0
8.0
7.0
10.0
4.0
360.0
907.0
4.0
0.0
7.0
4.0
3.0
25.0
1203.0
69.0
4.0
6.0
7.0
7.0
9.0
337.0
966.0
3.0
6.0
8.0
6.0
6.0
9.0
1210.0
91.0
10.0
11.0
5.0
8.0
7.0
299.0
1024.0
9.0
8.0
4.0
0.0
6.0
10.0
1208.0
136.0
8.0
9.0
9.0
5.0
11.0
278.0
1068.0
3.0
3.0
7.0
4.0
8.0
8.0
1166.0
155.0
10.0
9.0
9.0
6.0
7.0
226.0
1070.0
3.0
2.0
2.0
3.0
2.0
1.0
1094.0
189.0
6.0
3.0
4.0
0.0
7.0
192.0
1079.0
6.0
9.0
6.0
8.0
6.0
9.0
1045.0
215.0
8.0
7.0
7.0
7.0
5.0
157.0
1119.0
8.0
5.0
3.0
0.0
3.0
5.0
1030.0
260.0
7.0
5.0
7.0
9.0
8.0
123.0
1178.0
3.0
3.0
2.0
3.0
9.0
5.0
1003.0
311.0
10.0
10.0
5.0
6.0
9.0
103.0
1200.0
31.0
9.0
7.0
8.0
7.0
6.0
979.0
364.0
8.0
6.0
8.0
7.0
6.0
75.0
1156.0
122.0
3.0
2.0
4.0
6.0
6.0
927.0
394.0
6.0
6.0
13.0
7.0
10.0
61.0
1038.0
199.0
1.0
3.0
0.0
4.0
6.0
854.0
427.0
10.0
10.0
6.0
10.0
10.0
42.0
970.0
268.0
6.0
5.0
3.0
4.0
5.0
801.0
458.0
6.0
4.0
4.0
6.0
5.0
26.0
911.0
330.0
4.0
6.0
12.0
7.0
3.0
762.0
514.0
9.0
4.0
6.0
7.0
9.0
19.0
882.0
394.0
3.0
3.0
3.0
3.0
4.0
723.0
587.0
11.0
9.0
12.0
5.0
6.0
8.0
864.0
454.0
4.0
4.0
0.0
8.0
7.0
674.0
651.0
8.0
8.0
9.0
10.0
11.0
9.0
832.0
503.0
4.0
3.0
8.0
9.0
7.0
614.0
705.0
8.0
12.0
10.0
8.0
4.0
9.0
743.0
547.0
5.0
2.0
1.0
5.0
4.0
535.0
734.0
9.0
6.0
4.0
8.0
7.0
9.0
680.0
588.0
6.0
5.0
1.0
5.0
7.0
462.0
794.0
7.0
7.0
6.0
2.0
6.0
7.0
621.0
639.0
8.0
7.0
0.0
9.0
8.0
375.0
893.0
7.0
9.0
5.0
7.0
7.0
7.0
592.0
689.0
4.0
4.0
5.0
6.0
3.0
275.0
1027.0
4.0
2.0
7.0
7.0
6.0
6.0
566.0
746.0
6.0
7.0
5.0
5.0
5.0
142.0
1177.0
13.0
10.0
6.0
5.0
6.0
5.0
526.0
804.0
7.0
4.0
6.0
7.0
6.0
88.0
1216.0
19.0
6.0
9.0
10.0
6.0
7.0
462.0
832.0
5.0
6.0
0.0
6.0
6.0
61.0
1187.0
26.0
4.0
8.0
7.0
6.0
7.0
408.0
851.0
3.0
4.0
6.0
4.0
4.0
43.0
1174.0
46.0
4.0
5.0
8.0
11.0
11.0
358.0
885.0
3.0
7.0
8.0
4.0
9.0
25.0
1169.0
63.0
7.0
14.0
12.0
6.0
9.0
324.0
927.0
7.0
7.0
8.0
4.0
5.0
17.0
1177.0
87.0
7.0
10.0
7.0
8.0
6.0
306.0
994.0
2.0
1.0
0.0
5.0
2.0
6.0
1193.0
112.0
9.0
14.0
7.0
5.0
8.0
269.0
1043.0
5.0
5.0
6.0
7.0
7.0
5.0
1158.0
148.0
11.0
12.0
9.0
4.0
8.0
230.0
1052.0
8.0
3.0
6.0
6.0
7.0
7.0
1095.0
175.0
5.0
3.0
6.0
1.0
6.0
184.0
1072.0
5.0
8.0
5.0
5.0
5.0
7.0
1045.0
207.0
5.0
10.0
11.0
9.0
8.0
161.0
1092.0
6.0
5.0
0.0
6.0
5.0
6.0
1011.0
244.0
11.0
11.0
6.0
7.0
13.0
133.0
1131.0
3.0
6.0
5.0
9.0
6.0
4.0
996.0
293.0
8.0
7.0
4.0
4.0
4.0
101.0
1185.0
18.0
2.0
3.0
2.0
2.0
4.0
967.0
344.0
10.0
9.0
7.0
7.0
6.0
82.0
1144.0
102.0
8.0
9.0
6.0
7.0
3.0
927.0
377.0
5.0
10.0
8.0
6.0
7.0
57.0
1050.0
190.0
7.0
0.0
4.0
4.0
4.0
861.0
419.0
9.0
7.0
4.0
6.0
4.0
45.0
969.0
253.0
5.0
3.0
5.0
6.0
8.0
806.0
448.0
8.0
8.0
10.0
7.0
11.0
30.0
914.0
314.0
7.0
8.0
6.0
10.0
8.0
765.0
490.0
9.0
8.0
13.0
10.0
12.0
23.0
865.0
373.0
8.0
5.0
5.0
5.0
6.0
728.0
554.0
7.0
9.0
5.0
8.0
5.0
14.0
861.0
437.0
5.0
0.0
7.0
8.0
6.0
686.0
627.0
8.0
11.0
8.0
5.0
6.0
11.0
828.0
493.0
2.0
7.0
7.0
4.0
4.0
622.0
685.0
6.0
6.0
4.0
8.0
7.0
6.0
754.0
541.0
5.0
2.0
3.0
4.0
3.0
554.0
727.0
3.0
5.0
4.0
7.0
8.0
6.0
687.0
586.0
7.0
5.0
7.0
8.0
5.0
477.0
784.0
6.0
5.0
4.0
7.0
4.0
7.0
631.0
625.0
4.0
0.0
3.0
6.0
4.0
391.0
860.0
8.0
6.0
8.0
10.0
7.0
6.0
597.0
672.0
7.0
5.0
4.0
6.0
6.0
287.0
998.0
6.0
4.0
5.0
6.0
6.0
7.0
563.0
736.0
4.0
2.0
3.0
4.0
3.0
161.0
1142.0
12.0
8.0
9.0
8.0
9.0
9.0
534.0
789.0
4.0
2.0
6.0
7.0
3.0
90.0
1207.0
22.0
9.0
10.0
10.0
5.0
6.0
472.0
830.0
2.0
0.0
7.0
0.0
