2.0
3.0
4.0
3.0
3.0
1022.0
263.0
7.0
14.0
11.0
6.0
9.0
126.0
1178.0
8.0
3.0
6.0
5.0
3.0
3.0
1001.0
310.0
9.0
8.0
6.0
6.0
4.0
102.0
1200.0
0.0
4.0
4.0
5.0
4.0
8.0
966.0
370.0
9.0
5.0
6.0
6.0
8.0
75.0
1148.0
123.0
7.0
2.0
4.0
5.0
5.0
918.0
394.0
15.0
11.0
8.0
10.0
10.0
56.0
1035.0
202.0
6.0
4.0
5.0
6.0
5.0
839.0
425.0
9.0
11.0
5.0
9.0
7.0
41.0
960.0
260.0
3.0
4.0
2.0
2.0
7.0
803.0
450.0
9.0
8.0
7.0
6.0
6.0
22.0
915.0
0.0
4.0
2.0
3.0
5.0
2.0
764.0
512.0
8.0
8.0
10.0
7.0
11.0
21.0
888.0
393.0
5.0
4.0
3.0
3.0
5.0
725.0
586.0
4.0
5.0
9.0
9.0
9.0
13.0
875.0
443.0
8.0
7.0
4.0
5.0
2.0
674.0
655.0
9.0
7.0
16.0
9.0
8.0
9.0
838.0
501.0
4.0
6.0
6.0
8.0
7.0
615.0
698.0
11.0
8.0
11.0
13.0
10.0
12.0
746.0
0.0
7.0
4.0
7.0
5.0
3.0
534.0
736.0
10.0
15.0
8.0
7.0
4.0
8.0
684.0
584.0
2.0
3.0
4.0
6.0
5.0
451.0
803.0
5.0
6.0
11.0
8.0
8.0
7.0
636.0
634.0
6.0
2.0
3.0
2.0
2.0
372.0
894.0
14.0
11.0
14.0
11.0
10.0
12.0
589.0
693.0
1.0
3.0
5.0
6.0
7.0
269.0
1031.0
7.0
9.0
6.0
7.0
8.0
8.0
565.0
0.0
5.0
5.0
7.0
6.0
5.0
144.0
1165.0
12.0
7.0
7.0
4.0
6.0
9.0
531.0
804.0
7.0
6.0
8.0
9.0
7.0
86.0
1209.0
18.0
7.0
11.0
6.0
7.0
11.0
461.0
820.0
6.0
6.0
5.0
6.0
3.0
53.0
1193.0
28.0
10.0
10.0
8.0
7.0
10.0
414.0
850.0
6.0
4.0
4.0
4.0
1.0
41.0
1182.0
43.0
7.0
11.0
13.0
9.0
3.0
374.0
0.0
7.0
9.0
6.0
6.0
5.0
27.0
1171.0
61.0
3.0
4.0
8.0
10.0
9.0
336.0
927.0
4.0
4.0
5.0
5.0
4.0
13.0
1181.0
91.0
12.0
11.0
5.0
8.0
11.0
302.0
996.0
6.0
4.0
9.0
10.0
10.0
7.0
1185.0
118.0
7.0
11.0
12.0
12.0
9.0
270.0
1051.0
7.0
8.0
6.0
4.0
2.0
5.0
1158.0
141.0
5.0
6.0
5.0
7.0
12.0
229.0
0.0
2.0
5.0
6.0
6.0
3.0
5.0
1098.0
169.0
10.0
8.0
12.0
14.0
11.0
199.0
1067.0
8.0
7.0
5.0
4.0
3.0
5.0
1047.0
214.0
11.0
6.0
6.0
5.0
7.0
175.0
1090.0
9.0
8.0
5.0
9.0
6.0
8.0
1017.0
254.0
7.0
6.0
4.0
7.0
12.0
132.0
1128.0
7.0
5.0
6.0
7.0
8.0
6.0
993.0
299.0
11.0
10.0
6.0
4.0
6.0
101.0
0.0
15.0
6.0
3.0
1.0
4.0
6.0
972.0
346.0
6.0
7.0
13.0
12.0
14.0
79.0
1149.0
103.0
4.0
6.0
8.0
6.0
6.0
928.0
383.0
6.0
9.0
11.0
3.0
8.0
59.0
1054.0
184.0
2.0
4.0
7.0
6.0
5.0
860.0
418.0
12.0
6.0
14.0
9.0
13.0
55.0
963.0
253.0
2.0
6.0
4.0
7.0
8.0
804.0
456.0
8.0
5.0
14.0
12.0
10.0
27.0
0.0
307.0
8.0
7.0
7.0
9.0
9.0
753.0
500.0
9.0
9.0
11.0
10.0
9.0
23.0
883.0
368.0
6.0
6.0
7.0
3.0
4.0
725.0
561.0
7.0
10.0
8.0
8.0
7.0
15.0
856.0
438.0
6.0
5.0
5.0
5.0
7.0
679.0
632.0
4.0
7.0
8.0
9.0
7.0
11.0
832.0
487.0
6.0
5.0
7.0
3.0
6.0
619.0
687.0
7.0
10.0
8.0
6.0
6.0
10.0
0.0
533.0
4.0
5.0
3.0
6.0
5.0
550.0
733.0
13.0
9.0
9.0
11.0
10.0
13.0
705.0
574.0
3.0
5.0
5.0
4.0
3.0
470.0
799.0
6.0
8.0
5.0
11.0
7.0
6.0
654.0
616.0
4.0
2.0
3.0
3.0
5.0
385.0
884.0
5.0
6.0
8.0
12.0
10.0
9.0
602.0
672.0
3.0
1.0
5.0
3.0
4.0
279.0
1005.0
7.0
7.0
15.0
13.0
9.0
11.0
0.0
731.0
4.0
9.0
5.0
9.0
6.0
163.0
1147.0
12.0
6.0
8.0
7.0
6.0
2.0
533.0
792.0
3.0
2.0
5.0
6.0
2.0
91.0
1213.0
12.0
3.0
6.0
6.0
7.0
11.0
480.0
828.0
6.0
6.0
8.0
11.0
7.0
68.0
1214.0
31.0
10.0
8.0
9.0
6.0
6.0
420.0
858.0
7.0
11.0
3.0
7.0
5.0
47.0
1190.0
43.0
5.0
3.0
5.0
5.0
8.0
0.0
892.0
3.0
1.0
2.0
7.0
6.0
29.0
1189.0
59.0
4.0
3.0
5.0
7.0
5.0
334.0
942.0
10.0
5.0
6.0
11.0
10.0
16.0
1209.0
88.0
9.0
10.0
11.0
12.0
6.0
317.0
1008.0
13.0
4.0
4.0
5.0
6.0
15.0
1209.0
116.0
13.0
7.0
7.0
6.0
9.0
294.0
1058.0
3.0
3.0
4.0
3.0
6.0
6.0
1198.0
147.0
10.0
6.0
9.0
9.0
7.0
0.0
1090.0
7.0
7.0
6.0
9.0
9.0
9.0
1151.0
174.0
7.0
12.0
11.0
8.0
14.0
209.0
1105.0
4.0
6.0
4.0
6.0
7.0
7.0
1082.0
209.0
8.0
5.0
9.0
9.0
8.0
170.0
1108.0
5.0
7.0
6.0
3.0
2.0
6.0
1028.0
242.0
3.0
7.0
9.0
10.0
8.0
135.0
1143.0
2.0
4.0
5.0
4.0
3.0
1.0
1018.0
294.0
7.0
10.0
9.0
8.0
10.0
0.0
1203.0
14.0
9.0
11.0
6.0
8.0
8.0
998.0
357.0
8.0
13.0
10.0
16.0
8.0
92.0
1199.0
92.0
3.0
5.0
6.0
5.0
1.0
965.0
409.0
9.0
8.0
14.0
12.0
12.0
71.0
1120.0
189.0
5.0
9.0
4.0
6.0
9.0
905.0
447.0
21.0
17.0
14.0
13.0
10.0
45.0
1030.0
248.0
3.0
7.0
2.0
5.0
5.0
834.0
462.0
8.0
10.0
5.0
8.0
4.0
0.0
953.0
304.0
2.0
4.0
4.0
6.0
7.0
782.0
498.0
6.0
5.0
8.0
9.0
10.0
26.0
903.0
369.0
3.0
2.0
2.0
4.0
5.0
750.0
568.0
6.0
6.0
11.0
12.0
12.0
13.0
896.0
432.0
9.0
4.0
5.0
8.0
9.0
704.0
652.0
9.0
5.0
8.0
10.0
7.0
12.0
884.0
489.0
5.0
8.0
5.0
1.0
4.0
642.0
720.0
10.0
10.0
9.0
11.0
13.0
0.0
831.0
544.0
5.0
5.0
5.0
4.0
5.0
584.0
778.0
4.0
13.0
7.0
6.0
13.0
3.0
743.0
582.0
6.0
4.0
6.0
6.0
4.0
496.0
805.0
7.0
7.0
4.0
6.0
5.0
8.0
661.0
623.0
4.0
3.0
2.0
2.0
3.0
410.0
865.0
12.0
9.0
6.0
10.0
8.0
8.0
615.0
676.0
1.0
4.0
4.0
6.0
5.0
320.0
997.0
8.0
12.0
5.0
14.0
8.0
0.0
592.0
739.0
4.0
6.0
6.0
4.0
3.0
194.0
1155.0
13.0
7.0
11.0
9.0
5.0
6.0
564.0
804.0
8.0
2.0
6.0
7.0
8.0
99.0
1261.0
16.0
7.0
4.0
7.0
8.0
3.0
522.0
850.0
5.0
2.0
6.0
7.0
5.0
68.0
1259.0
30.0
11.0
9.0
10.0
9.0
6.0
447.0
869.0
8.0
7.0
4.0
6.0
7.0
43.0
1217.0
41.0
10.0
8.0
4.0
9.0
0.0
393.0
890.0
5.0
3.0
6.0
4.0
2.0
31.0
1187.0
61.0
7.0
7.0
9.0
8.0
9.0
347.0
933.0
4.0
4.0
11.0
7.0
6.0
21.0
1219.0
77.0
6.0
4.0
6.0
11.0
7.0
326.0
998.0
7.0
5.0
6.0
3.0
4.0
10.0
1224.0
120.0
7.0
8.0
2.0
7.0
9.0
295.0
1062.0
5.0
6.0
7.0
6.0
8.0
7.0
1222.0
147.0
6.0
6.0
4.0
7.0
0.0
269.0
1103.0
6.0
5.0
7.0
7.0
6.0
3.0
1173.0
173.0
6.0
9.0
10.0
10.0
11.0
219.0
1102.0
4.0
6.0
3.0
4.0
4.0
5.0
1093.0
204.0
6.0
9.0
5.0
8.0
10.0
170.0
1116.0
6.0
2.0
2.0
3.0
4.0
3.0
1038.0
237.0
5.0
5.0
9.0
10.0
9.0
140.0
1149.0
3.0
5.0
5.0
4.0
2.0
5.0
1026.0
290.0
9.0
9.0
6.0
9.0
0.0
123.0
1207.0
6.0
6.0
6.0
5.0
5.0
6.0
1002.0
340.0
7.0
9.0
10.0
7.0
7.0
91.0
1201.0
71.0
5.0
1.0
8.0
4.0
7.0
972.0
400.0
7.0
5.0
9.0
11.0
12.0
73.0
1131.0
174.0
2.0
8.0
9.0
6.0
4.0
919.0
431.0
13.0
5.0
9.0
7.0
4.0
50.0
1038.0
242.0
5.0
6.0
5.0
6.0
6.0
843.0
452.0
6.0
9.0
10.0
13.0
0.0
34.0
955.0
296.0
7.0
4.0
3.0
4.0
5.0
797.0
481.0
3.0
5.0
8.0
6.0
4.0
21.0
905.0
360.0
5.0
5.0
1.0
2.0
3.0
748.0
550.0
9.0
6.0
4.0
5.0
8.0
17.0
884.0
429.0
2.0
4.0
4.0
6.0
6.0
710.0
627.0
8.0
8.0
12.0
9.0
9.0
15.0
867.0
479.0
2.0
3.0
4.0
4.0
3.0
660.0
705.0
9.0
6.0
8.0
7.0
0.0
12.0
835.0
533.0
5.0
5.0
7.0
7.0
6.0
591.0
753.0
7.0
11.0
11.0
11.0
9.0
3.0
739.0
577.0
4.0
7.0
6.0
3.0
4.0
511.0
784.0
4.0
9.0
4.0
9.0
5.0
4.0
665.0
619.0
2.0
2.0
4.0
4.0
3.0
421.0
848.0
10.0
4.0
4.0
8.0
3.0
6.0
619.0
663.0
3.0
4.0
3.0
2.0
2.0
333.0
955.0
10.0
8.0
7.0
6.0
0.0
7.0
585.0
719.0
5.0
6.0
5.0
6.0
5.0
204.0
1116.0
9.0
8.0
10.0
7.0
4.0
4.0
560.0
784.0
4.0
3.0
3.0
4.0
4.0
110.0
1241.0
16.0
6.0
6.0
10.0
10.0
7.0
528.0
845.0
3.0
7.0
3.0
6.0
1.0
73.0
1256.0
28.0
10.0
14.0
8.0
9.0
8.0
452.0
863.0
7.0
3.0
4.0
8.0
8.0
47.0
1216.0
36.0
8.0
7.0
7.0
0.0
7.0
404.0
880.0
1.0
3.0
3.0
3.0
4.0
36.0
1187.0
52.0
10.0
11.0
7.0
7.0
6.0
354.0
908.0
5.0
5.0
6.0
2.0
6.0
27.0
1167.0
75.0
7.0
5.0
9.0
13.0
5.0
308.0
955.0
8.0
6.0
2.0
1.0
2.0
9.0
1193.0
103.0
8.0
5.0
6.0
7.0
9.0
287.0
1026.0
5.0
5.0
4.0
6.0
3.0
8.0
1203.0
134.0
5.0
8.0
10.0
0.0
7.0
268.0
1082.0
6.0
5.0
4.0
4.0
5.0
6.0
1167.0
161.0
11.0
10.0
13.0
10.0
10.0
213.0
1091.0
4.0
2.0
4.0
4.0
2.0
0.0
1088.0
197.0
5.0
10.0
7.0
4.0
5.0
179.0
1100.0
3.0
3.0
5.0
4.0
3.0
4.0
1044.0
224.0
10.0
7.0
3.0
6.0
10.0
148.0
1111.0
7.0
3.0
5.0
4.0
5.0
4.0
996.0
265.0
8.0
8.0
4.0
0.0
9.0
115.0
1158.0
7.0
5.0
5.0
5.0
2.0
2.0
987.0
322.0
13.0
11.0
10.0
9.0
12.0
96.0
1182.0
51.0
4.0
3.0
7.0
6.0
8.0
969.0
379.0
11.0
8.0
8.0
7.0
9.0
78.0
1132.0
160.0
4.0
3.0
3.0
5.0
2.0
919.0
419.0
9.0
11.0
5.0
9.0
5.0
54.0
1046.0
230.0
4.0
8.0
7.0
1.0
4.0
850.0
448.0
11.0
8.0
7.0
0.0
5.0
39.0
965.0
289.0
4.0
3.0
2.0
3.0
2.0
803.0
478.0
8.0
4.0
8.0
4.0
3.0
21.0
901.0
349.0
7.0
6.0
7.0
3.0
7.0
745.0
519.0
3.0
5.0
2.0
5.0
7.0
16.0
864.0
401.0
3.0
4.0
3.0
1.0
3.0
709.0
594.0
12.0
11.0
10.0
10.0
6.0
17.0
848.0
468.0
8.0
6.0
4.0
3.0
4.0
663.0
673.0
10.0
11.0
13.0
0.0
10.0
8.0
833.0
523.0
1.0
7.0
6.0
3.0
4.0
607.0
734.0
5.0
11.0
4.0
8.0
11.0
8.0
750.0
574.0
1.0
2.0
3.0
6.0
5.0
525.0
782.0
7.0
11.0
7.0
6.0
12.0
6.0
683.0
611.0
2.0
6.0
8.0
7.0
1.0
445.0
840.0
4.0
4.0
7.0
6.0
5.0
9.0
625.0
651.0
9.0
5.0
7.0
6.0
6.0
347.0
912.0
4.0
6.0
6.0
0.0
6.0
8.0
571.0
707.0
5.0
1.0
4.0
3.0
4.0
236.0
1073.0
9.0
6.0
8.0
9.0
11.0
9.0
556.0
768.0
4.0
4.0
3.0
6.0
6.0
122.0
1211.0
14.0
9.0
8.0
10.0
6.0
6.0
525.0
832.0
4.0
1.0
4.0
5.0
6.0
75.0
1250.0
24.0
7.0
10.0
10.0
12.0
11.0
462.0
865.0
8.0
7.0
7.0
5.0
5.0
54.0
1228.0
35.0
5.0
7.0
0.0
5.0
7.0
415.0
