4.0
1072.0
239.0
6.0
9.0
5.0
8.0
9.0
146.0
1169.0
8.0
5.0
5.0
5.0
7.0
4.0
1028.0
273.0
8.0
8.0
13.0
10.0
8.0
123.0
1160.0
5.0
2.0
4.0
3.0
0.0
4.0
962.0
307.0
6.0
10.0
9.0
7.0
7.0
90.0
1131.0
40.0
1.0
5.0
3.0
3.0
4.0
917.0
342.0
4.0
9.0
6.0
5.0
10.0
67.0
1070.0
136.0
5.0
3.0
5.0
4.0
3.0
893.0
402.0
11.0
4.0
10.0
6.0
11.0
44.0
1035.0
224.0
1.0
3.0
6.0
6.0
4.0
862.0
452.0
7.0
10.0
6.0
8.0
7.0
42.0
1005.0
295.0
5.0
7.0
5.0
0.0
2.0
819.0
521.0
5.0
6.0
10.0
7.0
10.0
32.0
960.0
349.0
3.0
5.0
5.0
3.0
8.0
769.0
545.0
6.0
11.0
10.0
12.0
6.0
18.0
877.0
404.0
4.0
5.0
2.0
2.0
4.0
697.0
570.0
11.0
6.0
7.0
7.0
4.0
14.0
810.0
450.0
3.0
6.0
3.0
3.0
2.0
645.0
612.0
9.0
5.0
9.0
8.0
10.0
11.0
763.0
505.0
5.0
6.0
4.0
0.0
2.0
586.0
705.0
10.0
9.0
8.0
6.0
6.0
10.0
741.0
565.0
4.0
0.0
1.0
5.0
7.0
523.0
790.0
5.0
8.0
4.0
12.0
8.0
7.0
707.0
619.0
7.0
4.0
3.0
1.0
2.0
460.0
888.0
10.0
8.0
8.0
5.0
7.0
6.0
677.0
672.0
4.0
4.0
6.0
1.0
3.0
367.0
960.0
8.0
13.0
10.0
9.0
15.0
11.0
592.0
707.0
1.0
4.0
5.0
0.0
7.0
237.0
1032.0
6.0
8.0
13.0
9.0
5.0
7.0
526.0
736.0
4.0
3.0
4.0
4.0
4.0
121.0
1127.0
12.0
5.0
10.0
7.0
6.0
6.0
478.0
784.0
5.0
3.0
3.0
5.0
6.0
76.0
1201.0
23.0
5.0
8.0
4.0
12.0
12.0
450.0
854.0
3.0
6.0
5.0
4.0
6.0
56.0
1227.0
39.0
6.0
7.0
8.0
10.0
4.0
420.0
902.0
4.0
6.0
6.0
0.0
3.0
37.0
1248.0
52.0
6.0
8.0
6.0
4.0
9.0
388.0
950.0
3.0
5.0
8.0
9.0
5.0
25.0
1221.0
72.0
9.0
8.0
5.0
4.0
10.0
328.0
959.0
5.0
4.0
4.0
6.0
5.0
20.0
1165.0
93.0
7.0
5.0
7.0
7.0
5.0
285.0
977.0
3.0
3.0
2.0
2.0
3.0
9.0
1134.0
126.0
7.0
7.0
5.0
8.0
6.0
247.0
1021.0
5.0
4.0
4.0
0.0
4.0
4.0
1135.0
149.0
10.0
7.0
6.0
9.0
11.0
215.0
1073.0
6.0
4.0
4.0
4.0
3.0
5.0
1121.0
192.0
5.0
6.0
6.0
12.0
9.0
197.0
1131.0
4.0
2.0
5.0
4.0
5.0
4.0
1096.0
238.0
6.0
9.0
13.0
7.0
6.0
159.0
1179.0
4.0
4.0
6.0
7.0
8.0
1.0
1041.0
272.0
12.0
9.0
9.0
4.0
9.0
126.0
1163.0
9.0
7.0
5.0
0.0
5.0
8.0
973.0
300.0
5.0
3.0
5.0
4.0
5.0
91.0
1147.0
33.0
4.0
4.0
3.0
3.0
3.0
926.0
330.0
10.0
8.0
9.0
5.0
7.0
73.0
1088.0
117.0
2.0
1.0
4.0
2.0
4.0
901.0
381.0
6.0
4.0
4.0
9.0
6.0
53.0
1035.0
209.0
3.0
3.0
4.0
3.0
5.0
863.0
446.0
7.0
7.0
10.0
4.0
8.0
36.0
1003.0
283.0
5.0
4.0
0.0
8.0
6.0
836.0
495.0
11.0
6.0
7.0
8.0
9.0
31.0
968.0
347.0
4.0
3.0
5.0
7.0
9.0
772.0
537.0
7.0
13.0
13.0
9.0
7.0
22.0
880.0
392.0
6.0
4.0
6.0
6.0
5.0
708.0
566.0
5.0
5.0
7.0
6.0
9.0
9.0
818.0
440.0
3.0
5.0
3.0
4.0
1.0
651.0
601.0
8.0
13.0
10.0
8.0
6.0
12.0
762.0
496.0
1.0
4.0
0.0
3.0
4.0
595.0
677.0
7.0
7.0
6.0
5.0
10.0
5.0
737.0
553.0
5.0
3.0
2.0
4.0
3.0
536.0
766.0
9.0
4.0
6.0
4.0
6.0
6.0
712.0
611.0
7.0
5.0
8.0
4.0
7.0
477.0
851.0
10.0
10.0
8.0
5.0
11.0
6.0
682.0
666.0
5.0
5.0
1.0
1.0
2.0
380.0
939.0
5.0
9.0
9.0
7.0
8.0
5.0
600.0
696.0
6.0
6.0
0.0
4.0
4.0
257.0
1010.0
4.0
9.0
5.0
8.0
7.0
7.0
535.0
731.0
4.0
4.0
4.0
3.0
4.0
138.0
1117.0
12.0
8.0
9.0
13.0
7.0
12.0
475.0
770.0
4.0
6.0
6.0
7.0
4.0
86.0
1148.0
20.0
9.0
8.0
8.0
9.0
7.0
446.0
814.0
2.0
3.0
5.0
4.0
7.0
56.0
1194.0
29.0
9.0
7.0
8.0
5.0
5.0
413.0
879.0
4.0
3.0
0.0
3.0
3.0
34.0
1222.0
54.0
7.0
4.0
5.0
7.0
7.0
379.0
935.0
7.0
5.0
6.0
8.0
9.0
23.0
1216.0
68.0
6.0
8.0
11.0
10.0
10.0
327.0
949.0
4.0
2.0
5.0
6.0
6.0
22.0
1164.0
87.0
6.0
8.0
7.0
9.0
5.0
293.0
966.0
3.0
3.0
3.0
5.0
5.0
8.0
1136.0
120.0
5.0
7.0
10.0
9.0
5.0
253.0
995.0
1.0
4.0
0.0
6.0
2.0
5.0
1106.0
140.0
9.0
10.0
10.0
15.0
11.0
222.0
1033.0
3.0
7.0
3.0
2.0
6.0
5.0
1097.0
181.0
6.0
10.0
10.0
7.0
4.0
195.0
1102.0
6.0
4.0
8.0
7.0
3.0
4.0
1081.0
231.0
7.0
8.0
7.0
10.0
6.0
159.0
1160.0
8.0
6.0
8.0
5.0
4.0
3.0
1043.0
256.0
6.0
9.0
11.0
10.0
5.0
129.0
1153.0
6.0
5.0
0.0
6.0
3.0
8.0
976.0
288.0
6.0
6.0
6.0
7.0
1.0
97.0
1144.0
22.0
2.0
0.0
4.0
5.0
3.0
928.0
329.0
11.0
6.0
7.0
10.0
9.0
75.0
1081.0
98.0
2.0
6.0
4.0
4.0
4.0
887.0
366.0
11.0
10.0
10.0
10.0
12.0
60.0
1022.0
187.0
3.0
5.0
5.0
4.0
6.0
857.0
424.0
5.0
4.0
6.0
4.0
9.0
42.0
995.0
267.0
5.0
0.0
6.0
7.0
5.0
829.0
478.0
6.0
5.0
4.0
5.0
6.0
34.0
958.0
332.0
6.0
6.0
2.0
3.0
5.0
784.0
519.0
4.0
2.0
5.0
8.0
4.0
17.0
897.0
384.0
5.0
4.0
4.0
3.0
3.0
720.0
559.0
5.0
8.0
6.0
5.0
5.0
10.0
825.0
436.0
3.0
1.0
5.0
2.0
2.0
660.0
593.0
7.0
7.0
8.0
5.0
8.0
10.0
765.0
490.0
4.0
0.0
3.0
2.0
4.0
607.0
648.0
10.0
12.0
9.0
13.0
10.0
9.0
719.0
540.0
1.0
2.0
3.0
4.0
5.0
539.0
737.0
6.0
3.0
5.0
4.0
6.0
3.0
704.0
593.0
2.0
4.0
1.0
4.0
5.0
481.0
830.0
11.0
7.0
10.0
12.0
5.0
9.0
670.0
650.0
6.0
4.0
6.0
6.0
7.0
397.0
913.0
6.0
13.0
9.0
8.0
7.0
10.0
610.0
689.0
2.0
0.0
3.0
3.0
3.0
279.0
1002.0
7.0
9.0
5.0
4.0
9.0
7.0
547.0
723.0
7.0
3.0
6.0
6.0
7.0
152.0
1102.0
11.0
5.0
5.0
9.0
7.0
8.0
491.0
762.0
3.0
4.0
3.0
4.0
4.0
89.0
1149.0
18.0
6.0
8.0
13.0
11.0
8.0
449.0
808.0
5.0
5.0
4.0
5.0
5.0
64.0
1196.0
31.0
10.0
6.0
5.0
5.0
8.0
430.0
873.0
5.0
0.0
0.0
5.0
6.0
43.0
1226.0
51.0
11.0
10.0
9.0
5.0
4.0
389.0
929.0
7.0
6.0
2.0
4.0
5.0
27.0
1225.0
64.0
6.0
5.0
3.0
3.0
6.0
349.0
957.0
9.0
4.0
4.0
4.0
4.0
18.0
1195.0
79.0
8.0
8.0
6.0
6.0
4.0
302.0
972.0
8.0
9.0
3.0
5.0
4.0
11.0
1145.0
109.0
7.0
8.0
4.0
7.0
9.0
258.0
994.0
3.0
0.0
0.0
3.0
4.0
2.0
1114.0
134.0
10.0
10.0
11.0
11.0
9.0
223.0
1035.0
1.0
2.0
2.0
6.0
8.0
6.0
1116.0
171.0
7.0
6.0
6.0
4.0
9.0
201.0
1097.0
3.0
3.0
4.0
6.0
8.0
6.0
1086.0
221.0
6.0
5.0
6.0
7.0
7.0
169.0
1150.0
6.0
8.0
6.0
4.0
6.0
6.0
1063.0
261.0
4.0
3.0
6.0
4.0
7.0
135.0
1188.0
3.0
0.0
1.0
5.0
7.0
7.0
1013.0
299.0
8.0
7.0
6.0
7.0
10.0
106.0
1167.0
14.0
3.0
3.0
5.0
3.0
6.0
947.0
327.0
4.0
5.0
7.0
8.0
6.0
78.0
1102.0
85.0
2.0
4.0
5.0
6.0
3.0
892.0
365.0
3.0
8.0
9.0
6.0
6.0
61.0
1036.0
174.0
6.0
9.0
7.0
7.0
4.0
868.0
427.0
3.0
5.0
9.0
6.0
7.0
44.0
1006.0
255.0
0.0
4.0
3.0
5.0
8.0
844.0
473.0
10.0
7.0
11.0
5.0
7.0
37.0
979.0
320.0
4.0
2.0
6.0
7.0
5.0
805.0
539.0
9.0
5.0
6.0
8.0
13.0
22.0
944.0
383.0
5.0
3.0
1.0
4.0
5.0
747.0
573.0
8.0
6.0
11.0
9.0
6.0
14.0
859.0
430.0
6.0
5.0
3.0
6.0
2.0
678.0
593.0
8.0
7.0
6.0
6.0
4.0
7.0
789.0
479.0
0.0
2.0
5.0
6.0
7.0
613.0
643.0
6.0
8.0
10.0
8.0
5.0
9.0
736.0
527.0
5.0
3.0
5.0
4.0
5.0
559.0
736.0
8.0
10.0
9.0
6.0
5.0
5.0
710.0
592.0
4.0
4.0
3.0
7.0
6.0
493.0
824.0
9.0
7.0
5.0
7.0
9.0
5.0
686.0
642.0
6.0
3.0
7.0
3.0
2.0
414.0
927.0
8.0
7.0
6.0
8.0
9.0
10.0
649.0
698.0
0.0
4.0
4.0
5.0
6.0
311.0
1006.0
7.0
7.0
6.0
9.0
10.0
5.0
568.0
726.0
4.0
7.0
5.0
3.0
5.0
173.0
1100.0
6.0
3.0
6.0
9.0
5.0
5.0
504.0
759.0
5.0
3.0
3.0
5.0
4.0
98.0
1149.0
13.0
7.0
5.0
9.0
12.0
8.0
457.0
810.0
3.0
6.0
4.0
3.0
8.0
62.0
1208.0
34.0
5.0
7.0
6.0
8.0
10.0
437.0
867.0
0.0
3.0
4.0
6.0
4.0
43.0
1234.0
47.0
9.0
10.0
3.0
9.0
7.0
408.0
921.0
6.0
6.0
7.0
5.0
4.0
34.0
1250.0
65.0
9.0
10.0
6.0
5.0
5.0
375.0
971.0
5.0
3.0
2.0
3.0
4.0
15.0
1229.0
80.0
7.0
6.0
7.0
8.0
6.0
315.0
985.0
6.0
6.0
3.0
4.0
5.0
9.0
1166.0
100.0
4.0
5.0
4.0
7.0
8.0
269.0
996.0
0.0
3.0
2.0
3.0
3.0
5.0
1126.0
129.0
8.0
9.0
9.0
8.0
3.0
231.0
1035.0
3.0
5.0
3.0
5.0
7.0
7.0
1121.0
168.0
6.0
4.0
3.0
4.0
6.0
201.0
1095.0
6.0
4.0
5.0
10.0
1.0
3.0
1099.0
215.0
5.0
8.0
7.0
6.0
6.0
173.0
1145.0
7.0
6.0
2.0
6.0
7.0
8.0
1084.0
260.0
5.0
10.0
8.0
3.0
5.0
144.0
1205.0
0.0
1.0
3.0
4.0
8.0
5.0
1031.0
292.0
9.0
6.0
9.0
8.0
6.0
115.0
1180.0
9.0
6.0
5.0
4.0
3.0
3.0
956.0
322.0
4.0
3.0
6.0
8.0
4.0
83.0
1118.0
71.0
6.0
5.0
4.0
5.0
4.0
906.0
355.0
7.0
8.0
7.0
6.0
8.0
65.0
1046.0
162.0
2.0
3.0
5.0
4.0
5.0
876.0
408.0
7.0
9.0
7.0
6.0
8.0
46.0
1012.0
0.0
5.0
6.0
6.0
3.0
3.0
835.0
465.0
10.0
8.0
8.0
6.0
5.0
33.0
980.0
309.0
6.0
9.0
8.0
4.0
5.0
800.0
525.0
4.0
6.0
2.0
4.0
4.0
22.0
945.0
373.0
2.0
9.0
5.0
2.0
2.0
748.0
558.0
9.0
6.0
6.0
9.0
8.0
14.0
856.0
416.0
5.0
5.0
3.0
3.0
2.0
683.0
581.0
9.0
9.0
5.0
5.0
4.0
7.0
788.0
0.0
5.0
3.0
2.0
2.0
1.0
625.0
626.0
10.0
7.0
2.0
8.0
8.0
5.0
742.0
520.0
1.0
4.0
6.0
2.0
1.0
564.0
705.0
6.0
3.0
8.0
8.0
3.0
7.0
722.0
573.0
2.0
3.0
6.0
5.0
7.0
500.0
803.0
5.0
7.0
7.0
7.0
6.0
6.0
682.0
636.0
7.0
5.0
6.0
5.0
5.0
428.0
898.0
11.0
9.0
6.0
6.0
4.0
10.0
655.0
0.0
5.0
5.0
4.0
5.0
3.0
326.0
991.0
7.0
5.0
9.0
7.0
4.0
7.0
576.0
717.0
5.0
8.0
7.0
13.0
10.0
200.0
1068.0
7.0
8.0
7.0
6.0
6.0
3.0
512.0
748.0
2.0
3.0
4.0
3.0
6.0
103.0
1144.0
17.0
7.0
8.0
11.0
10.0
9.0
461.0
789.0
6.0
5.0
8.0
5.0
7.0
68.0
1153.0
21.0
8.0
7.0
8.0
11.0
10.0
422.0
0.0
6.0
5.0
