1008341.0
1019421.0
1030502.0
1041582.0
1052663.0
1063744.0
1074825.0
1085905.0
1096986.0
1108066.0
1119147.0
1130228.0
1141309.0
1152389.0
1163470.0
1174550.0
1185631.0
1196712.0
1207792.0
1218873.0
1229954.0
1241034.0
1252115.0
1263196.0
1274276.0
1285357.0
1296438.0
1307518.0
1318599.0
1329680.0
1340761.0
1351841.0
1362922.0
1374002.0
1385083.0
1396164.0
1407244.0
1418325.0
1429406.0
1440486.0
1451567.0
1462648.0
1473728.0
1484809.0
1495890.0
1506971.0
1518051.0
1529132.0
1540213.0
1551293.0
1562374.0
1573454.0
1584535.0
1595616.0
1606696.0
1617777.0
1628858.0
1639939.0
1651019.0
1662100.0
1673181.0
1684261.0
1695342.0
1706422.0
1717503.0
1728584.0
1739665.0
1750746.0
1761826.0
1772907.0
1783987.0
1795068.0
1806149.0
1817229.0
1828310.0
1839391.0
1850471.0
1861553.0
1872634.0
1883714.0
1894795.0
1905876.0
1916956.0
1928037.0
1939118.0
1950198.0
1961279.0
1972360.0
1983440.0
1994521.0
2005602.0
2016682.0
2027763.0
2038844.0
2049924.0
2061005.0
2072086.0
2083166.0
2094247.0
2105328.0
2116408.0
2127489.0
2138570.0
2149651.0
2160731.0
2171812.0
2182892.0
2193973.0
2205054.0
2216134.0
2227215.0
2238296.0
2249376.0
2260457.0
2271538.0
2282618.0
2293699.0
2304780.0
2315860.0
2326941.0
2338023.0
2349103.0
2360183.0
2371264.0
2382344.0
2393425.0
2404506.0
2415586.0
2426667.0
2437748.0
2448828.0
2459909.0
2470990.0
2482070.0
2493151.0
2504232.0
2515312.0
2526393.0
2537474.0
2548555.0
2559635.0
2570716.0
2581796.0
2592877.0
2603958.0
2615038.0
2626119.0
2637200.0
2648280.0
2659361.0
2670442.0
2681523.0
2692603.0
2703684.0
2714765.0
2725845.0
2736926.0
2748007.0
2759087.0
2770168.0
2781249.0
2792329.0
2803410.0
2814490.0
2825571.0
2836652.0
2847732.0
2858813.0
2869894.0
2880975.0
2892055.0
2903136.0
2914216.0
2925297.0
2936378.0
2947459.0
2958539.0
2969620.0
2980701.0
2991781.0
3002862.0
3013942.0
3025023.0
3036104.0
3047185.0
3058265.0
3069346.0
3080427.0
3091507.0
3102588.0
3113668.0
3124749.0
3135830.0
3146911.0
3157991.0
3169072.0
3180153.0
3191233.0
3202314.0
3213395.0
3224475.0
3235556.0
3246637.0
3257717.0
3268798.0
3279879.0
3290959.0
3302040.0
3313121.0
3324201.0
3335283.0
3346363.0
3357444.0
3368524.0
3379605.0
3390685.0
3401766.0
3412847.0
3423927.0
3435009.0
3446089.0
3457170.0
3468250.0
3479331.0
3490411.0
3501493.0
3512573.0
3523654.0
3534734.0
3545815.0
3556896.0
3567976.0
3579057.0
3590138.0
3601218.0
3612299.0
3623380.0
3634460.0
3645541.0
3656621.0
3667703.0
3678783.0
3689864.0
3700944.0
3712025.0
3723106.0
3734186.0
3745267.0
3756347.0
3767428.0
3778509.0
3789590.0
3800670.0
3811751.0
3822832.0
3833912.0
3844993.0
3856074.0
3867154.0
3878235.0
3889315.0
3900397.0
3911477.0
3922558.0
3933638.0
3944720.0
3955800.0
3966880.0
3977961.0
3989042.0
4000122.0
4011203.0
4022283.0
4033364.0
4044445.0
4055526.0
4066606.0
4077687.0
4088768.0
4099848.0
4110929.0
4122010.0
4133090.0
4144171.0
4155252.0
4166333.0
4177413.0
4188494.0
4199574.0
4210655.0
4221736.0
4232816.0
4243897.0
4254978.0
4266058.0
4277139.0
4288220.0
4299300.0
4310381.0
4321462.0
4332544.0
4343624.0
4354709.0
4365785.0
4376865.0
4387946.0
4399027.0
4410107.0
4421188.0
4432269.0
4443349.0
4454430.0
4465511.0
4476591.0
4487672.0
4498753.0
4509833.0
4520914.0
4531995.0
4543075.0
4554156.0
4565236.0
4576317.0
4587398.0
4598479.0
4609559.0
4620640.0
4631721.0
4642801.0
4653882.0
4664963.0
4676043.0
4687124.0
4698205.0
4709285.0
4720366.0
4731447.0
4742527.0
4753608.0
4764689.0
4775769.0
4786850.0
4797931.0
4809011.0
4820092.0
4831173.0
4842253.0
4853334.0
4864415.0
4875495.0
4886576.0
4897657.0
4908737.0
4919818.0
4930899.0
4941980.0
4953060.0
4964141.0
4975222.0
4986302.0
4997383.0
5008463.0
5019544.0
5030625.0
5041705.0
5052786.0
5063867.0
5074947.0
5086028.0
5097109.0
5108189.0
5119270.0
5130351.0
5141432.0
5152512.0
5163593.0
5174673.0
5185754.0
5196835.0
5207915.0
5218996.0
5230077.0
5241158.0
5252238.0
5263319.0
5274399.0
5285480.0
5296561.0
5307641.0
5318722.0
5329836.0
5340884.0
5351964.0
5363045.0
5374125.0
5385206.0
5396287.0
5407368.0
5418448.0
5429529.0
5440610.0
5451690.0
5462771.0
5473851.0
5484932.0
5496014.0
5507093.0
5518174.0
5529255.0
5540336.0
5551416.0
5562497.0
5573578.0
5584658.0
5595739.0
5606820.0
5617900.0
5628981.0
5640062.0
5651142.0
5662224.0
5673303.0
5684384.0
5695465.0
5706546.0
5717626.0
5728707.0
5739788.0
5750868.0
5761949.0
5773029.0
5784110.0
5795191.0
5806272.0
5817352.0
5828433.0
5839514.0
5850594.0
5861678.0
5872756.0
5883836.0
5894917.0
5905998.0
5917078.0
5928159.0
5939240.0
5950320.0
5961401.0
5972482.0
5983562.0
5994643.0
6005724.0
6016804.0
6027885.0
6038966.0
6050047.0
6061127.0
6072208.0
6083289.0
6094369.0
6105450.0
6116530.0
6127611.0
6138692.0
6149773.0
6160854.0
6171934.0
6183015.0
6194095.0
6205176.0
6216257.0
6227337.0
6238418.0
6249499.0
6260579.0
6271660.0
6282741.0
6293821.0
6304902.0
6315982.0
6327065.0
6338144.0
6349225.0
6360305.0
6371386.0
6382467.0
6393547.0
6404628.0
6415708.0
6426789.0
6437870.0
6448951.0
6460031.0
6471112.0
6482192.0
6493274.0
6504354.0
6515435.0
6526516.0
6537596.0
6548677.0
6559757.0
6570838.0
6581919.0
6592999.0
6604080.0
6615161.0
6626241.0
6637322.0
6648403.0
6659486.0
6670564.0
6681645.0
6692725.0
6703806.0
6714887.0
6725968.0
6737049.0
6748129.0
6759209.0
6770290.0
6781371.0
6792451.0
6803532.0
6814613.0
6825693.0
6836774.0
6847855.0
6858936.0
6870016.0
6881097.0
6892178.0
6903258.0
6914339.0
6925420.0
6936500.0
6947581.0
6958661.0
6969742.0
6980823.0
6991903.0
7002984.0
7014065.0
7025146.0
7036226.0
7047307.0
7058387.0
7069468.0
7080549.0
7091630.0
7102710.0
7113791.0
7124872.0
7135952.0
7147033.0
7158114.0
7169194.0
7180275.0
7191356.0
7202436.0
7213517.0
7224598.0
7235678.0
7246759.0
7257840.0
7268920.0
7280001.0
7291081.0
7302162.0
7313243.0
7324325.0
7335405.0
7346485.0
7357566.0
7368646.0
7379727.0
7390808.0
7401888.0
7412969.0
7424050.0
7435130.0
7446211.0
7457292.0
7468372.0
7479453.0
7490534.0
7501614.0
7512695.0
7523776.0
7534856.0
7545937.0
7557018.0
7568098.0
7579179.0
7590260.0
7601340.0
7612421.0
7623502.0
7634582.0
7645663.0
7656744.0
7667824.0
7678905.0
7689986.0
7701067.0
7712147.0
7723228.0
7734309.0
7745389.0
7756470.0
7767551.0
7778631.0
7789712.0
7800792.0
7811873.0
7822954.0
7834034.0
7845115.0
7856196.0
7867277.0
7878357.0
7889438.0
7900518.0
7911599.0
7922680.0
7933760.0
7944841.0
7955922.0
7967003.0
7978083.0
7989164.0
8000244.0
8011325.0
8022406.0
8033486.0
8044567.0
8055648.0
8066729.0
8077809.0
8088890.0
8099971.0
8111051.0
8122132.0
8133213.0
8144293.0
8155374.0
8166454.0
8177535.0
8188616.0
8199697.0
8210777.0
8221858.0
8232939.0
8244019.0
8255100.0
8266181.0
8277261.0
8288342.0
8299423.0
8310503.0
8321585.0
8332665.0
8343745.0
8354826.0
8365907.0
8376988.0
8388068.0
8399149.0
8410229.0
8421310.0
8432391.0
8443471.0
8454552.0
8465633.0
8476713.0
8487795.0
8498875.0
8509955.0
8521036.0
8532117.0
8543197.0
8554278.0
8565359.0
8576439.0
8587520.0
8598601.0
8609681.0
8620762.0
8631843.0
8642923.0
8654004.0
8665085.0
8676166.0
8687246.0
8698327.0
8709408.0
8720488.0
8731569.0
8742650.0
8753730.0
8764811.0
8775892.0
8786972.0
8798053.0
8809134.0
8820215.0
8831295.0
8842376.0
8853456.0
8864537.0
8875617.0
8886698.0
8897779.0
8908860.0
8919940.0
8931021.0
8942102.0
8953182.0
8964263.0
8975344.0
8986424.0
8997505.0
9008586.0
9019666.0
9030747.0
9041828.0
9052908.0
9063989.0
9075070.0
9086150.0
9097231.0
9108312.0
9119392.0
9130473.0
9141554.0
9152635.0
9163715.0
9174796.0
9185876.0
9196957.0
9208038.0
9219118.0
9230199.0
9241280.0
9252360.0
9263441.0
9274522.0
9285602.0
9296683.0
9307764.0
9318846.0
9329926.0
9341006.0
9352086.0
9363167.0
9374248.0
9385328.0
9396409.0
9407490.0
9418570.0
9429651.0
9440732.0
9451813.0
9462893.0
9473974.0
9485055.0
9496135.0
9507216.0
9518297.0
9529377.0
9540458.0
9551538.0
9562619.0
9573700.0
9584781.0
9595861.0
9606942.0
9618022.0
9629103.0
9640184.0
9651265.0
9662345.0
9673426.0
9684507.0
9695587.0
9706668.0
9717749.0
9728829.0
9739910.0
9750991.0
9762071.0
9773152.0
9784233.0
9795313.0
9806394.0
9817475.0
9828555.0
9839636.0
9850717.0
9861797.0
9872878.0
9883958.0
9895039.0
9906120.0
9917201.0
9928281.0
9939362.0
9950443.0
9961523.0
9972604.0
9983685.0
9994765.0
10005846.0
10016927.0
10028007.0
10039088.0
10050169.0
10061249.0
10072330.0
10083411.0
10094491.0
10105572.0
10116653.0
10127734.0
10138814.0
10149896.0
10160975.0
10172056.0
10183137.0
10194217.0
10205298.0
10216379.0
10227459.0
10238540.0
10249621.0
10260701.0
10271782.0
10282863.0
10293943.0
10305024.0
10316106.0
10327186.0
10338266.0
10349347.0
10360427.0
10371508.0
10382589.0
10393670.0
10404750.0
10415831.0
10426912.0
10437992.0
10449073.0
10460153.0
10471234.0
10482315.0
10493396.0
10504476.0
10515557.0
10526638.0
10537718.0
10548799.0
10559879.0
10570960.0
10582041.0
10593121.0
10604202.0
10615283.0
10626364.0
10637444.0
10648527.0
10659606.0
10670686.0
10681767.0
10692848.0
10703928.0
10715009.0
10726090.0
10737170.0
10748251.0
10759332.0
10770412.0
10781493.0
10792574.0
10803654.0
10814738.0
10825816.0
10836896.0
10847977.0
10859058.0
10870139.0
10881219.0
10892300.0
10903381.0
10914461.0
10925542.0
10936622.0
10947703.0
10958784.0
10969864.0
10980945.0
10992026.0
11003106.0
11014187.0
11025268.0
11036349.0
11047429.0
11058510.0
11069591.0
11080671.0
11091752.0
11102832.0
11113914.0
11124995.0
11136074.0
11147156.0
11158236.0
11169317.0
11180397.0
11191478.0
11202559.0
11213639.0
11224720.0
11235800.0
11246881.0
11257962.0
11269043.0
11280123.0
11291204.0
11302285.0
11313366.0
11324446.0
11335527.0
11346607.0
11357688.0
11368769.0
11379849.0
11390930.0
11402011.0
11413091.0
11424172.0
11435252.0
11446333.0
11457414.0
11468495.0
11479576.0
11490656.0
11501737.0
11512817.0
11523898.0
11534979.0
11546059.0
11557140.0
11568221.0
11579301.0
11590382.0
11601463.0
11612544.0
11623624.0
11634705.0
11645785.0
11656866.0
11667947.0
11679027.0
11690108.0
11701189.0
11712270.0
11723350.0
11734431.0
11745511.0
11756592.0
11767673.0
11778754.0
11789834.0
11800915.0
11811996.0
11823076.0
11834157.0
11845237.0
11856318.0
11867399.0
11878479.0
11889560.0
11900641.0
11911722.0
11922802.0
11933883.0
11944963.0
11956044.0
11967125.0
11978206.0
11989286.0
12000367.0
12011448.0
12022528.0
12033609.0
12044690.0
12055770.0
12066851.0
12077932.0
12089012.0
12100093.0
12111174.0
12122254.0
12133335.0
12144415.0
12155496.0
12166577.0
12177658.0
12188739.0
12199819.0
12210900.0
12221980.0
12233061.0
12244141.0
12255222.0
12266303.0
12277384.0
12288464.0
12299545.0
12310627.0
12321707.0
12332787.0
12343868.0
12354948.0
12366029.0
12377110.0
12388190.0
12399271.0
12410352.0
12421432.0
12432513.0
12443594.0
12454674.0
12465755.0
12476836.0
12487916.0
12498997.0
12510078.0
12521158.0
12532239.0
12543320.0
12554401.0
12565481.0
12576562.0
12587642.0
12598723.0
12609804.0
12620884.0
12631965.0
12643046.0
12654126.0
12665207.0
12676288.0
12687368.0
12698449.0
12709530.0
12720611.0
12731691.0
12742772.0
12753853.0
12764933.0
12776014.0
12787095.0
12798175.0
12809257.0
12820337.0
12831417.0
12842498.0
12853579.0
12864659.0
12875740.0
12886821.0
12897901.0
12908982.0
12920063.0
12931143.0
12942224.0
12953305.0
12964385.0
12975466.0
12986546.0
12997627.0
13008708.0
13019789.0
13030869.0
13041950.0
13053031.0
13064111.0
13075192.0
13086273.0
13097353.0
13108435.0
13119515.0
13130595.0
13141676.0
13152757.0
13163837.0
13174918.0
13185999.0
13197079.0
13208160.0
13219241.0
13230321.0
13241402.0
13252483.0
13263563.0
13274644.0
13285725.0
13296805.0
13307920.0
13318967.0
13330047.0
13341128.0
13352209.0
13363289.0
13374370.0
13385451.0
13396531.0
13407612.0
13418693.0
13429773.0
13440854.0
13451935.0
13463015.0
13474097.0
13485177.0
13496257.0
13507338.0
13518419.0
13529500.0
13540580.0
13551661.0
13562741.0
13573822.0
13584903.0
13595984.0
13607064.0
13618145.0
13629225.0
13640307.0
13651387.0
13662467.0
13673548.0
13684629.0
13695710.0
13706790.0
13717871.0
13728952.0
13740032.0
13751113.0
13762193.0
13773274.0
13784355.0
13795436.0
13806517.0
13817597.0
13828678.0
13839759.0
13850839.0
13861920.0
13873000.0
13884081.0
13895161.0
13906242.0
13917323.0
13928404.0
13939484.0
13950565.0
13961646.0
13972726.0
13983807.0
13994887.0
14005968.0
14017049.0
14028130.0
14039211.0
14050291.0
14061372.0
14072452.0
14083533.0
14094614.0
14105694.0
14116775.0
14127856.0
14138937.0
14150017.0
14161098.0
14172178.0
14183259.0
14194340.0
14205420.0
14216501.0
14227582.0
14238662.0
14249743.0
14260824.0
14271904.0
14282985.0
14294066.0
14305147.0
14316227.0
14327308.0
14338389.0
14349469.0
14360550.0
14371631.0
14382711.0
14393792.0
14404872.0
14415953.0
14427034.0
14438115.0
14449195.0
14460276.0
14471357.0
14482437.0
14493518.0
14504599.0
14515680.0
14526760.0
14537841.0
14548921.0
14560002.0
14571083.0
14582163.0
14593244.0
14604324.0
14615405.0
14626486.0
14637567.0
14648647.0
14659728.0
14670809.0
14681889.0
14692970.0
14704051.0
14715131.0
14726212.0
14737293.0
14748373.0
14759454.0
14770535.0
14781615.0
14792696.0
14803777.0
14814857.0
14825938.0
14837019.0
14848099.0
14859180.0
14870261.0
14881341.0
14892422.0
14903503.0
14914584.0
14925664.0
14936745.0
14947825.0
14958906.0
14969988.0
14981067.0
14992148.0
15003229.0
15014309.0
15025390.0
15036471.0
15047551.0
15058632.0
15069713.0
15080793.0
15091874.0
15102955.0
15114036.0
15125116.0
15136197.0
15147277.0
15158358.0
15169439.0
15180519.0
15191600.0
15202681.0
15213762.0
15224842.0
15235923.0
15247004.0
15258084.0
15269165.0
15280246.0
15291326.0
15302408.0
15313488.0
15324568.0
15335649.0
15346729.0
15357810.0
15368891.0
15379972.0
15391052.0
15402133.0
15413214.0
15424294.0
15435375.0
15446456.0
15457536.0
15468617.0
15479698.0
15490778.0
15501859.0
15512940.0
15524020.0
15535101.0
15546182.0
15557262.0
15568343.0
15579424.0
15590504.0
15601585.0
15612666.0
15623746.0
15634827.0
15645908.0
15656988.0
15668069.0
15679150.0
15690230.0
15701311.0
15712392.0
15723472.0
15734553.0
15745634.0
15756714.0
15767795.0
15778876.0
15789956.0
15801037.0
15812118.0
15823198.0
15834279.0
15845360.0
15856441.0
15867521.0
15878602.0
15889682.0
15900763.0
15911844.0
15922924.0
15934005.0
15945086.0
15956167.0
15967249.0
15978328.0
15989408.0
16000489.0
16011570.0
16022650.0
16033731.0
16044812.0
16055892.0
16066973.0
16078054.0
16089135.0
16100215.0
16111296.0
16122377.0
16133457.0
16144538.0
16155619.0
16166699.0
16177780.0
16188861.0
16199941.0
16211022.0
16222103.0
16233183.0
16244264.0
16255345.0
16266425.0
16277506.0
16288587.0
16299669.0
16310749.0
16321829.0
16332909.0
16343990.0
16355071.0
16366151.0
16377232.0
16388313.0
16399393.0
16410474.0
16421555.0
16432635.0
16443716.0
16454797.0
16465878.0
16476958.0
16488039.0
16499119.0
16510201.0
16521281.0
16532361.0
16543442.0
16554523.0
16565603.0
16576684.0
16587765.0
16598845.0
16609926.0
16621007.0
16632088.0
16643168.0
16654249.0
16665329.0
16676410.0
16687491.0
16698571.0
16709652.0
16720734.0
16731813.0
16742894.0
16753975.0
16765056.0
16776136.0
16787217.0
16798298.0
16809378.0
16820459.0
16831539.0
16842620.0
16853701.0
16864782.0
16875862.0
16886943.0
16898024.0
16909104.0
16920185.0
16931265.0
16942346.0
16953427.0
16964507.0
16975588.0
16986669.0
16997750.0
17008830.0
17019911.0
17030992.0
17042072.0
17053153.0
17064234.0
17075314.0
17086395.0
17097476.0
17108556.0
17119637.0
17130718.0
17141798.0
17152879.0
17163959.0
17175040.0
17186121.0
17197202.0
17208282.0
17219363.0
17230444.0
17241524.0
17252605.0
17263686.0
17274766.0
17285847.0
17296929.0
17308009.0
17319089.0
17330170.0
17341250.0
17352331.0
17363412.0
17374492.0
17385573.0
17396654.0
17407734.0
17418815.0
17429896.0
17440977.0
17452057.0
17463138.0
17474218.0
17485299.0
17496380.0
17507461.0
17518541.0
17529622.0
17540703.0
17551783.0
17562864.0
17573944.0
17585025.0
17596106.0
17607186.0
17618267.0
17629348.0
17640428.0
17651509.0
17662590.0
17673671.0
17684751.0
17695832.0
17706913.0
17717993.0
17729074.0
17740155.0
17751235.0
17762316.0
17773397.0
17784477.0
17795558.0
17806639.0
17817719.0
17828800.0
17839881.0
17850961.0
17862042.0
17873122.0
17884203.0
17895284.0
17906365.0
17917445.0
17928526.0
17939607.0
17950687.0
17961769.0
17972849.0
17983929.0
17995010.0
18006091.0
18017171.0
18028252.0
18039333.0
18050413.0
18061494.0
18072575.0
18083656.0
18094736.0
18105817.0
18116897.0
18127978.0
18139059.0
18150139.0
18161220.0
18172300.0
18183380.0
18194461.0
18205542.0
18216623.0
18227703.0
18238784.0
18249865.0
18260945.0
18272026.0
18283107.0
18294188.0
18305268.0
18316349.0
18327429.0
18338510.0
18349590.0
18360671.0
18371752.0
18382833.0
18393913.0
18404994.0
18416075.0
18427155.0
18438236.0
18449317.0
18460397.0
18471478.0
18482559.0
18493639.0
18504720.0
18515801.0
18526881.0
18537962.0
18549043.0
18560123.0
18571204.0
18582285.0
18593365.0
18604446.0
18615527.0
18626607.0
18637688.0
18648769.0
18659849.0
18670930.0
18682011.0
18693092.0
18704172.0
18715253.0
18726333.0
18737414.0
18748495.0
18759575.0
18770656.0
18781737.0
18792817.0
18803898.0
18814979.0
18826059.0
18837140.0
18848221.0
18859301.0
18870382.0
18881463.0
18892544.0
18903625.0
18914705.0
18925785.0
18936866.0
18947947.0
18959028.0
18970108.0
18981189.0
18992270.0
19003350.0
19014431.0
19025512.0
19036592.0
19047673.0
19058753.0
19069834.0
19080915.0
19091995.0
19103077.0
19114157.0
19125238.0
19136318.0
19147399.0
19158480.0
19169560.0
19180641.0
19191722.0
19202802.0
19213883.0
19224964.0
19236044.0
19247125.0
19258206.0
19269286.0
19280367.0
19291448.0
19302529.0
19313609.0
19324690.0
19335770.0
19346851.0
19357932.0
19369012.0
19380093.0
19391174.0
19402254.0
19413335.0
19424416.0
19435496.0
19446577.0
19457658.0
19468738.0
19479819.0
19490900.0
19501981.0
19513061.0
19524142.0
19535222.0
19546303.0
19557384.0
19568464.0
19579545.0
19590626.0
19601706.0
19612787.0
19623868.0
19634949.0
19646029.0
19657110.0
19668191.0
19679271.0
19690352.0
19701432.0
19712513.0
19723594.0
19734674.0
19745755.0
19756836.0
19767916.0
19778997.0
19790078.0
19801159.0
19812239.0
19823320.0
19834401.0
19845481.0
19856562.0
19867643.0
19878723.0
19889804.0
19900885.0
19911965.0
19923046.0
19934127.0
19945207.0
19956288.0
19967369.0
