1008342.0
1019422.0
1030502.0
1041583.0
1052664.0
1063744.0
1074825.0
1085906.0
1096986.0
1108067.0
1119148.0
1130229.0
1141309.0
1152390.0
1163471.0
1174551.0
1185632.0
1196712.0
1207793.0
1218874.0
1229955.0
1241035.0
1252116.0
1263196.0
1274277.0
1285358.0
1296438.0
1307519.0
1318600.0
1329681.0
1340761.0
1351842.0
1362922.0
1374003.0
1385084.0
1396165.0
1407246.0
1418326.0
1429407.0
1440487.0
1451568.0
1462649.0
1473729.0
1484810.0
1495891.0
1506972.0
1518052.0
1529133.0
1540213.0
1551294.0
1562375.0
1573455.0
1584536.0
1595617.0
1606698.0
1617778.0
1628859.0
1639939.0
1651020.0
1662101.0
1673181.0
1684262.0
1695343.0
1706423.0
1717504.0
1728585.0
1739665.0
1750746.0
1761827.0
1772907.0
1783988.0
1795069.0
1806150.0
1817231.0
1828312.0
1839392.0
1850473.0
1861554.0
1872634.0
1883715.0
1894796.0
1905876.0
1916957.0
1928038.0
1939119.0
1950199.0
1961280.0
1972360.0
1983441.0
1994522.0
2005603.0
2016683.0
2027764.0
2038844.0
2049925.0
2061006.0
2072087.0
2083167.0
2094248.0
2105328.0
2116409.0
2127490.0
2138571.0
2149651.0
2160732.0
2171813.0
2182893.0
2193974.0
2205055.0
2216135.0
2227216.0
2238297.0
2249377.0
2260458.0
2271538.0
2282619.0
2293700.0
2304780.0
2315861.0
2326942.0
2338023.0
2349103.0
2360184.0
2371265.0
2382345.0
2393426.0
2404506.0
2415587.0
2426668.0
2437749.0
2448829.0
2459910.0
2470991.0
2482071.0
2493152.0
2504232.0
2515313.0
2526394.0
2537474.0
2548555.0
2559636.0
2570717.0
2581797.0
2592878.0
2603959.0
2615039.0
2626120.0
2637201.0
2648281.0
2659362.0
2670443.0
2681524.0
2692604.0
2703685.0
2714765.0
2725846.0
2736926.0
2748007.0
2759088.0
2770169.0
2781249.0
2792330.0
2803411.0
2814491.0
2825572.0
2836653.0
2847733.0
2858814.0
2869895.0
2880975.0
2892056.0
2903137.0
2914217.0
2925298.0
2936379.0
2947459.0
2958540.0
2969621.0
2980701.0
2991782.0
3002864.0
3013944.0
3025024.0
3036105.0
3047185.0
3058266.0
3069347.0
3080428.0
3091508.0
3102589.0
3113669.0
3124750.0
3135831.0
3146911.0
3157992.0
3169073.0
3180153.0
3191234.0
3202315.0
3213396.0
3224476.0
3235557.0
3246637.0
3257718.0
3268799.0
3279880.0
3290960.0
3302041.0
3313121.0
3324202.0
3335283.0
3346364.0
3357444.0
3368525.0
3379605.0
3390686.0
3401768.0
3412848.0
3423928.0
3435009.0
3446090.0
3457170.0
3468251.0
3479331.0
3490412.0
3501493.0
3512573.0
3523654.0
3534735.0
3545816.0
3556896.0
3567977.0
3579058.0
3590138.0
3601219.0
3612300.0
3623380.0
3634461.0
3645542.0
3656622.0
3667703.0
3678784.0
3689864.0
3700945.0
3712026.0
3723106.0
3734187.0
3745268.0
3756349.0
3767429.0
3778510.0
3789590.0
3800671.0
3811752.0
3822832.0
3833913.0
3844994.0
3856074.0
3867157.0
3878236.0
3889316.0
3900397.0
3911478.0
3922558.0
3933639.0
3944720.0
3955801.0
3966882.0
3977962.0
3989043.0
4000125.0
4011204.0
4022285.0
4033365.0
4044446.0
4055527.0
4066607.0
4077688.0
4088769.0
4099849.0
4110930.0
4122011.0
4133091.0
4144172.0
4155253.0
4166333.0
4177414.0
4188494.0
4199575.0
4210656.0
4221737.0
4232817.0
4243898.0
4254979.0
4266059.0
4277141.0
4288221.0
4299301.0
4310382.0
4321463.0
4332544.0
4343624.0
4354705.0
4365785.0
4376866.0
4387947.0
4399027.0
4410108.0
4421189.0
4432269.0
4443350.0
4454431.0
4465511.0
4476592.0
4487673.0
4498753.0
4509834.0
4520915.0
4531995.0
4543076.0
4554157.0
4565237.0
4576318.0
4587400.0
4598480.0
4609560.0
4620641.0
4631722.0
4642802.0
4653883.0
4664963.0
4676044.0
4687125.0
4698205.0
4709286.0
4720367.0
4731447.0
4742528.0
4753609.0
4764689.0
4775770.0
4786851.0
4797932.0
4809013.0
4820093.0
4831174.0
4842254.0
4853335.0
4864416.0
4875496.0
4886577.0
4897658.0
4908738.0
4919819.0
4930900.0
4941980.0
4953061.0
4964141.0
4975223.0
4986303.0
4997384.0
5008465.0
5019545.0
5030626.0
5041706.0
5052787.0
5063868.0
5074948.0
5086029.0
5097109.0
5108190.0
5119271.0
5130352.0
5141432.0
5152513.0
5163594.0
5174674.0
5185755.0
5196836.0
5207916.0
5218997.0
5230078.0
5241158.0
5252239.0
5263320.0
5274400.0
5285481.0
5296562.0
5307642.0
5318723.0
5329804.0
5340884.0
5351965.0
5363046.0
5374126.0
5385207.0
5396288.0
5407368.0
5418449.0
5429530.0
5440610.0
5451691.0
5462772.0
5473853.0
5484933.0
5496014.0
5507094.0
5518175.0
5529256.0
5540337.0
5551417.0
5562498.0
5573578.0
5584659.0
5595740.0
5606820.0
5617901.0
5628982.0
5640063.0
5651143.0
5662224.0
5673304.0
5684385.0
5695466.0
5706546.0
5717627.0
5728708.0
5739789.0
5750869.0
5761950.0
5773031.0
5784111.0
5795192.0
5806273.0
5817353.0
5828435.0
5839514.0
5850595.0
5861676.0
5872756.0
5883837.0
5894918.0
5905999.0
5917079.0
5928160.0
5939240.0
5950321.0
5961402.0
5972483.0
5983563.0
5994645.0
6005725.0
6016805.0
6027886.0
6038967.0
6050047.0
6061128.0
6072209.0
6083289.0
6094370.0
6105451.0
6116531.0
6127612.0
6138693.0
6149773.0
6160854.0
6171935.0
6183016.0
6194096.0
6205177.0
6216257.0
6227338.0
6238419.0
6249499.0
6260580.0
6271661.0
6282741.0
6293822.0
6304903.0
6315983.0
6327064.0
6338146.0
6349225.0
6360306.0
6371387.0
6382468.0
6393549.0
6404630.0
6415710.0
6426790.0
6437871.0
6448952.0
6460032.0
6471113.0
6482193.0
6493274.0
6504355.0
6515436.0
6526516.0
6537597.0
6548677.0
6559758.0
6570839.0
6581920.0
6593000.0
6604081.0
6615161.0
6626242.0
6637323.0
6648403.0
6659484.0
6670565.0
6681646.0
6692726.0
6703807.0
6714888.0
6725968.0
6737049.0
6748130.0
6759210.0
6770291.0
6781372.0
6792453.0
6803533.0
6814614.0
6825694.0
6836775.0
6847856.0
6858939.0
6870017.0
6881098.0
6892178.0
6903259.0
6914340.0
6925420.0
6936501.0
6947582.0
6958663.0
6969743.0
6980824.0
6991905.0
7002986.0
7014066.0
7025146.0
7036227.0
7047308.0
7058388.0
7069469.0
7080550.0
7091630.0
7102711.0
7113792.0
7124872.0
7135953.0
7147034.0
7158115.0
7169195.0
7180276.0
7191357.0
7202437.0
7213518.0
7224598.0
7235679.0
7246760.0
7257840.0
7268921.0
7280002.0
7291082.0
7302163.0
7313244.0
7324325.0
7335405.0
7346486.0
7357567.0
7368647.0
7379728.0
7390809.0
7401889.0
7412970.0
7424050.0
7435131.0
7446212.0
7457292.0
7468374.0
7479454.0
7490534.0
7501615.0
7512696.0
7523777.0
7534857.0
7545938.0
7557019.0
7568099.0
7579180.0
7590261.0
7601342.0
7612422.0
7623503.0
7634583.0
7645664.0
7656745.0
7667825.0
7678906.0
7689987.0
7701067.0
7712148.0
7723229.0
7734309.0
7745390.0
7756471.0
7767551.0
7778632.0
7789713.0
7800793.0
7811874.0
7822955.0
7834035.0
7845116.0
7856197.0
7867277.0
7878358.0
7889439.0
7900520.0
7911600.0
7922681.0
7933761.0
7944842.0
7955923.0
7967003.0
7978084.0
7989166.0
8000246.0
8011327.0
8022407.0
8033488.0
8044568.0
8055649.0
8066729.0
8077810.0
8088891.0
8099971.0
8111052.0
8122133.0
8133214.0
8144294.0
8155375.0
8166455.0
8177536.0
8188617.0
8199698.0
8210779.0
8221859.0
8232939.0
8244021.0
8255101.0
8266181.0
8277262.0
8288343.0
8299423.0
8310504.0
8321585.0
8332666.0
8343746.0
8354827.0
8365907.0
8376988.0
8388069.0
8399150.0
8410230.0
8421311.0
8432391.0
8443472.0
8454553.0
8465634.0
8476714.0
8487795.0
8498875.0
8509956.0
8521037.0
8532118.0
8543198.0
8554279.0
8565360.0
8576440.0
8587521.0
8598602.0
8609682.0
8620763.0
8631844.0
8642924.0
8654005.0
8665086.0
8676166.0
8687247.0
8698328.0
8709409.0
8720489.0
8731570.0
8742650.0
8753731.0
8764812.0
8775893.0
8786973.0
8798054.0
8809135.0
8820216.0
8831296.0
8842377.0
8853457.0
8864538.0
8875619.0
8886699.0
8897780.0
8908860.0
8919941.0
8931022.0
8942103.0
8953183.0
8964264.0
8975345.0
8986426.0
8997507.0
9008586.0
9019667.0
9030748.0
9041829.0
9052909.0
9063990.0
9075071.0
9086151.0
9097232.0
9108312.0
9119393.0
9130474.0
9141554.0
9152635.0
9163716.0
9174797.0
9185877.0
9196958.0
9208039.0
9219119.0
9230200.0
9241281.0
9252361.0
9263442.0
9274523.0
9285603.0
9296684.0
9307765.0
9318845.0
9329926.0
9341007.0
9352087.0
9363168.0
9374249.0
9385330.0
9396410.0
9407491.0
9418571.0
9429652.0
9440733.0
9451813.0
9462894.0
9473975.0
9485055.0
9496136.0
9507217.0
9518297.0
9529378.0
9540459.0
9551539.0
9562620.0
9573701.0
9584782.0
9595863.0
9606943.0
9618023.0
9629104.0
9640185.0
9651266.0
9662346.0
9673427.0
9684508.0
9695588.0
9706669.0
9717750.0
9728830.0
9739911.0
9750991.0
9762072.0
9773153.0
9784234.0
9795314.0
9806395.0
9817475.0
9828556.0
9839637.0
9850718.0
9861798.0
9872879.0
9883960.0
9895041.0
9906121.0
9917201.0
9928282.0
9939363.0
9950444.0
9961524.0
9972605.0
9983687.0
9994767.0
10005847.0
10016928.0
10028008.0
10039089.0
10050169.0
10061250.0
10072331.0
10083412.0
10094492.0
10105573.0
10116654.0
10127734.0
10138815.0
10149896.0
10160976.0
10172057.0
10183138.0
10194219.0
10205299.0
10216380.0
10227460.0
10238541.0
10249622.0
10260702.0
10271783.0
10282864.0
10293944.0
10305025.0
10316106.0
10327186.0
10338267.0
10349348.0
10360428.0
10371509.0
10382590.0
10393670.0
10404751.0
10415832.0
10426913.0
10437993.0
10449074.0
10460154.0
10471235.0
10482316.0
10493396.0
10504477.0
10515558.0
10526639.0
10537719.0
10548800.0
10559881.0
10570961.0
10582042.0
10593122.0
10604203.0
10615284.0
10626364.0
10637445.0
10648526.0
10659606.0
10670687.0
10681768.0
10692848.0
10703929.0
10715010.0
10726091.0
10737171.0
10748252.0
10759333.0
10770413.0
10781494.0
10792574.0
10803655.0
10814736.0
10825817.0
10836897.0
10847978.0
10859059.0
10870139.0
10881221.0
10892301.0
10903381.0
10914462.0
10925543.0
10936623.0
10947704.0
10958785.0
10969865.0
10980947.0
10992027.0
11003108.0
11014188.0
11025269.0
11036349.0
11047430.0
11058511.0
11069591.0
11080672.0
11091753.0
11102833.0
11113914.0
11124995.0
11136075.0
11147156.0
11158237.0
11169317.0
11180398.0
11191479.0
11202560.0
11213640.0
11224721.0
11235802.0
11246882.0
11257963.0
11269043.0
11280124.0
11291205.0
11302286.0
11313366.0
11324447.0
11335528.0
11346608.0
11357689.0
11368769.0
11379850.0
11390931.0
11402012.0
11413092.0
11424173.0
11435254.0
11446334.0
11457415.0
11468495.0
11479576.0
11490657.0
11501738.0
11512818.0
11523899.0
11534980.0
11546060.0
11557141.0
11568221.0
11579302.0
11590383.0
11601464.0
11612544.0
11623625.0
11634706.0
11645786.0
11656867.0
11667948.0
11679028.0
11690109.0
11701190.0
11712271.0
11723351.0
11734432.0
11745512.0
11756593.0
11767674.0
11778755.0
11789835.0
11800916.0
11811998.0
11823077.0
11834158.0
11845238.0
11856319.0
11867400.0
11878480.0
11889561.0
11900642.0
11911722.0
11922803.0
11933884.0
11944964.0
11956045.0
11967126.0
11978207.0
11989287.0
12000368.0
12011449.0
12022529.0
12033610.0
12044691.0
12055771.0
12066852.0
12077933.0
12089013.0
12100094.0
12111174.0
12122255.0
12133336.0
12144417.0
12155497.0
12166578.0
12177662.0
12188739.0
12199820.0
12210901.0
12221982.0
12233062.0
12244143.0
12255223.0
12266304.0
12277385.0
12288465.0
12299546.0
12310627.0
12321708.0
12332788.0
12343869.0
12354949.0
12366030.0
12377111.0
12388192.0
12399272.0
12410353.0
12421433.0
12432514.0
12443595.0
12454675.0
12465756.0
12476837.0
12487917.0
12498998.0
12510079.0
12521159.0
12532240.0
12543321.0
12554401.0
12565482.0
12576563.0
12587643.0
12598724.0
12609805.0
12620885.0
12631966.0
12643047.0
12654127.0
12665208.0
12676289.0
12687369.0
12698450.0
12709531.0
12720612.0
12731692.0
12742773.0
12753854.0
12764934.0
12776015.0
12787096.0
12798176.0
12809257.0
12820337.0
12831418.0
12842499.0
12853579.0
12864660.0
12875741.0
12886822.0
12897902.0
12908983.0
12920064.0
12931144.0
12942225.0
12953305.0
12964386.0
12975468.0
12986548.0
12997628.0
13008709.0
13019789.0
13030870.0
13041951.0
13053032.0
13064112.0
13075193.0
13086274.0
13097355.0
13108435.0
13119516.0
13130596.0
13141677.0
13152757.0
13163838.0
13174919.0
13186000.0
13197080.0
13208161.0
13219242.0
13230322.0
13241403.0
13252484.0
13263564.0
13274645.0
13285726.0
13296806.0
13307887.0
13318968.0
13330048.0
13341129.0
13352210.0
13363290.0
13374371.0
13385452.0
13396532.0
13407613.0
13418694.0
13429774.0
13440855.0
13451936.0
13463017.0
13474097.0
13485178.0
13496258.0
13507339.0
13518420.0
13529500.0
13540581.0
13551662.0
13562742.0
13573823.0
13584904.0
13595984.0
13607065.0
13618146.0
13629226.0
13640307.0
13651388.0
13662468.0
13673549.0
13684630.0
13695710.0
13706791.0
13717872.0
13728953.0
13740033.0
13751114.0
13762195.0
13773277.0
13784357.0
13795437.0
13806517.0
13817598.0
13828679.0
13839759.0
13850840.0
13861921.0
13873002.0
13884082.0
13895163.0
13906243.0
13917324.0
13928404.0
13939485.0
13950566.0
13961647.0
13972729.0
13983808.0
13994889.0
14005969.0
14017050.0
14028131.0
14039211.0
14050292.0
14061373.0
14072453.0
14083534.0
14094615.0
14105695.0
14116776.0
14127857.0
14138937.0
14150018.0
14161099.0
14172180.0
14183261.0
14194341.0
14205422.0
14216502.0
14227583.0
14238663.0
14249744.0
14260825.0
14271906.0
14282986.0
14294067.0
14305148.0
14316228.0
14327309.0
14338389.0
14349470.0
14360551.0
14371632.0
14382712.0
14393793.0
14404874.0
14415954.0
14427035.0
14438115.0
14449196.0
14460277.0
14471358.0
14482438.0
14493519.0
14504600.0
14515680.0
14526761.0
14537841.0
14548922.0
14560003.0
14571084.0
14582164.0
14593245.0
14604325.0
14615406.0
14626487.0
14637568.0
14648648.0
14659729.0
14670810.0
14681890.0
14692971.0
14704052.0
14715132.0
14726213.0
14737294.0
14748374.0
14759455.0
14770536.0
14781616.0
14792697.0
14803779.0
14814858.0
14825939.0
14837020.0
14848100.0
14859181.0
14870262.0
14881342.0
14892423.0
14903504.0
14914584.0
14925665.0
14936746.0
14947826.0
14958907.0
14969988.0
14981069.0
14992149.0
15003230.0
15014310.0
15025391.0
15036472.0
15047553.0
15058633.0
15069714.0
15080795.0
15091875.0
15102956.0
15114037.0
15125117.0
15136198.0
15147279.0
15158359.0
15169441.0
15180521.0
15191601.0
15202682.0
15213763.0
15224843.0
15235924.0
15247004.0
15258085.0
15269166.0
15280247.0
15291327.0
15302408.0
15313488.0
15324570.0
15335650.0
15346731.0
15357811.0
15368892.0
15379973.0
15391053.0
15402134.0
15413214.0
15424295.0
15435376.0
15446457.0
15457537.0
15468618.0
15479699.0
15490779.0
15501860.0
15512940.0
15524021.0
15535103.0
15546183.0
15557263.0
15568344.0
15579425.0
15590505.0
15601586.0
15612667.0
15623747.0
15634829.0
15645909.0
15656989.0
15668070.0
15679151.0
15690232.0
15701312.0
15712393.0
15723473.0
15734554.0
15745635.0
15756715.0
15767796.0
15778877.0
15789958.0
15801038.0
15812119.0
15823199.0
15834280.0
15845361.0
15856442.0
15867522.0
15878603.0
15889684.0
15900764.0
15911845.0
15922926.0
15934006.0
15945087.0
15956167.0
15967249.0
15978330.0
15989409.0
16000490.0
16011571.0
16022652.0
16033732.0
16044813.0
16055893.0
16066974.0
16078055.0
16089135.0
16100217.0
16111297.0
16122378.0
16133458.0
16144539.0
16155620.0
16166700.0
16177781.0
16188862.0
16199942.0
16211023.0
16222104.0
16233184.0
16244265.0
16255346.0
16266426.0
16277507.0
16288588.0
16299668.0
16310749.0
16321830.0
16332910.0
16343991.0
16355072.0
16366153.0
16377233.0
16388314.0
16399394.0
16410475.0
16421556.0
16432636.0
16443717.0
16454798.0
16465878.0
16476959.0
16488040.0
16499121.0
16510201.0
16521282.0
16532363.0
16543443.0
16554524.0
16565605.0
16576685.0
16587766.0
16598847.0
16609927.0
16621008.0
16632089.0
16643169.0
16654250.0
16665330.0
16676411.0
16687492.0
16698573.0
16709654.0
16720734.0
16731815.0
16742895.0
16753976.0
16765058.0
16776137.0
16787218.0
16798299.0
16809379.0
16820460.0
16831541.0
16842621.0
16853702.0
16864783.0
16875863.0
16886944.0
16898025.0
16909105.0
16920186.0
16931267.0
16942347.0
16953428.0
16964509.0
16975589.0
16986670.0
16997751.0
17008831.0
17019912.0
17030993.0
17042073.0
17053154.0
17064235.0
17075315.0
17086396.0
17097477.0
17108557.0
17119638.0
17130719.0
17141799.0
17152880.0
17163961.0
17175041.0
17186122.0
17197203.0
17208283.0
17219364.0
17230445.0
17241526.0
17252606.0
17263687.0
17274768.0
17285848.0
17296929.0
17308009.0
17319090.0
17330171.0
17341252.0
17352332.0
17363413.0
17374494.0
17385575.0
17396655.0
17407735.0
17418816.0
17429897.0
17440978.0
17452058.0
17463139.0
17474220.0
17485300.0
17496381.0
17507462.0
17518542.0
17529623.0
17540704.0
17551784.0
17562865.0
17573946.0
17585026.0
17596107.0
17607188.0
17618268.0
17629349.0
17640430.0
17651510.0
17662591.0
17673672.0
17684752.0
17695833.0
17706914.0
17717994.0
17729075.0
17740156.0
17751236.0
17762317.0
17773398.0
17784478.0
17795560.0
17806640.0
17817720.0
17828801.0
17839882.0
17850962.0
17862043.0
17873124.0
17884204.0
17895285.0
17906366.0
17917446.0
17928527.0
17939608.0
17950689.0
17961770.0
17972850.0
17983931.0
17995011.0
18006092.0
18017173.0
18028253.0
18039334.0
18050415.0
18061495.0
18072576.0
18083657.0
18094737.0
18105818.0
18116899.0
18127979.0
18139060.0
18150140.0
18161221.0
18172302.0
18183383.0
18194463.0
18205544.0
18216625.0
18227705.0
18238786.0
18249867.0
18260947.0
18272028.0
18283108.0
18294189.0
18305270.0
18316351.0
18327431.0
18338512.0
18349593.0
18360673.0
18371754.0
18382835.0
18393915.0
18404996.0
18416077.0
18427157.0
18438238.0
18449319.0
18460399.0
18471480.0
18482561.0
18493641.0
18504722.0
18515803.0
18526883.0
18537964.0
18549045.0
18560125.0
18571206.0
18582287.0
18593367.0
18604448.0
18615529.0
18626609.0
18637690.0
18648771.0
18659851.0
18670932.0
18682013.0
18693093.0
18704174.0
18715255.0
18726335.0
18737416.0
18748497.0
18759578.0
18770659.0
18781739.0
18792820.0
18803900.0
18814981.0
18826062.0
18837142.0
18848223.0
18859303.0
18870384.0
18881465.0
18892546.0
18903626.0
18914707.0
18925787.0
18936868.0
18947949.0
18959031.0
18970111.0
18981191.0
18992272.0
19003352.0
19014433.0
19025514.0
19036594.0
19047675.0
19058756.0
19069836.0
19080917.0
19091998.0
19103078.0
19114159.0
19125239.0
19136320.0
19147401.0
19158482.0
19169562.0
19180643.0
19191724.0
19202804.0
19213885.0
19224965.0
19236046.0
19247127.0
19258208.0
19269288.0
19280369.0
19291450.0
19302530.0
19313611.0
19324692.0
19335773.0
19346853.0
19357934.0
19369015.0
19380095.0
19391177.0
19402257.0
19413337.0
19424418.0
19435498.0
19446580.0
19457660.0
19468740.0
19479821.0
19490902.0
19501983.0
19513063.0
19524144.0
19535224.0
19546305.0
19557386.0
19568467.0
19579547.0
19590628.0
19601708.0
19612789.0
19623870.0
19634951.0
19646031.0
19657112.0
19668192.0
19679273.0
19690354.0
19701435.0
19712515.0
19723596.0
19734677.0
19745757.0
19756838.0
19767919.0
19778999.0
19790080.0
19801161.0
19812241.0
19823322.0
19834403.0
19845483.0
19856564.0
19867645.0
19878725.0
19889806.0
19900887.0
19911967.0
19923048.0
19934129.0
19945209.0
19956291.0
19967371.0
19978451.0
