9.0
11.0
7.0
155.0
1128.0
2.0
4.0
9.0
7.0
6.0
5.0
1012.0
260.0
6.0
7.0
7.0
3.0
8.0
124.0
1165.0
2.0
3.0
5.0
5.0
3.0
3.0
994.0
316.0
7.0
0.0
8.0
11.0
8.0
98.0
1200.0
31.0
6.0
8.0
6.0
5.0
6.0
975.0
372.0
10.0
12.0
13.0
9.0
11.0
79.0
1147.0
139.0
4.0
4.0
7.0
5.0
4.0
943.0
430.0
4.0
5.0
3.0
5.0
3.0
60.0
1091.0
226.0
4.0
6.0
8.0
3.0
3.0
880.0
463.0
10.0
9.0
12.0
9.0
7.0
42.0
1003.0
282.0
5.0
9.0
7.0
5.0
2.0
814.0
476.0
2.0
0.0
7.0
5.0
6.0
28.0
922.0
338.0
3.0
8.0
5.0
8.0
5.0
762.0
511.0
6.0
10.0
6.0
7.0
5.0
16.0
873.0
398.0
6.0
6.0
4.0
2.0
4.0
716.0
579.0
10.0
6.0
7.0
6.0
9.0
17.0
847.0
455.0
4.0
4.0
4.0
4.0
3.0
671.0
657.0
7.0
1.0
8.0
8.0
7.0
10.0
830.0
516.0
2.0
3.0
5.0
5.0
4.0
617.0
745.0
6.0
0.0
13.0
5.0
6.0
9.0
801.0
571.0
4.0
2.0
4.0
5.0
4.0
544.0
800.0
15.0
15.0
9.0
11.0
10.0
7.0
709.0
606.0
5.0
3.0
5.0
6.0
3.0
458.0
842.0
3.0
4.0
5.0
6.0
2.0
11.0
635.0
651.0
8.0
7.0
5.0
4.0
4.0
366.0
907.0
7.0
9.0
7.0
5.0
7.0
3.0
585.0
693.0
4.0
6.0
5.0
6.0
5.0
256.0
1034.0
11.0
0.0
7.0
4.0
9.0
15.0
550.0
745.0
3.0
5.0
7.0
5.0
3.0
134.0
1178.0
17.0
12.0
6.0
10.0
11.0
11.0
525.0
811.0
4.0
5.0
5.0
3.0
1.0
79.0
1264.0
22.0
10.0
7.0
9.0
14.0
15.0
493.0
878.0
2.0
3.0
2.0
4.0
5.0
65.0
1262.0
35.0
10.0
14.0
10.0
11.0
10.0
432.0
883.0
6.0
9.0
5.0
7.0
6.0
33.0
1212.0
50.0
0.0
3.0
6.0
13.0
9.0
367.0
912.0
8.0
5.0
7.0
8.0
4.0
26.0
1178.0
67.0
5.0
5.0
6.0
2.0
6.0
317.0
938.0
3.0
4.0
5.0
5.0
4.0
13.0
1154.0
90.0
9.0
8.0
6.0
6.0
8.0
292.0
973.0
9.0
10.0
6.0
3.0
6.0
10.0
1175.0
123.0
6.0
10.0
8.0
6.0
10.0
260.0
1052.0
4.0
6.0
4.0
2.0
3.0
3.0
1180.0
161.0
0.0
7.0
8.0
4.0
7.0
235.0
1110.0
5.0
9.0
13.0
6.0
8.0
5.0
1147.0
183.0
4.0
8.0
9.0
6.0
9.0
200.0
1109.0
4.0
3.0
4.0
5.0
4.0
3.0
1070.0
217.0
13.0
8.0
10.0
5.0
9.0
163.0
1112.0
6.0
3.0
3.0
6.0
8.0
6.0
1016.0
247.0
6.0
7.0
6.0
7.0
5.0
123.0
1141.0
4.0
2.0
2.0
3.0
5.0
4.0
980.0
289.0
0.0
8.0
6.0
4.0
12.0
98.0
1159.0
24.0
5.0
6.0
4.0
4.0
3.0
959.0
348.0
7.0
8.0
9.0
9.0
6.0
76.0
1135.0
115.0
3.0
6.0
7.0
7.0
4.0
933.0
407.0
9.0
6.0
9.0
16.0
11.0
61.0
1090.0
208.0
6.0
4.0
5.0
5.0
4.0
889.0
450.0
9.0
9.0
10.0
9.0
7.0
43.0
1011.0
274.0
6.0
4.0
6.0
3.0
3.0
828.0
477.0
0.0
7.0
8.0
11.0
8.0
31.0
941.0
329.0
6.0
8.0
7.0
4.0
5.0
770.0
509.0
8.0
5.0
4.0
7.0
9.0
21.0
867.0
386.0
4.0
2.0
4.0
5.0
4.0
719.0
540.0
5.0
7.0
8.0
10.0
3.0
15.0
827.0
437.0
5.0
4.0
5.0
4.0
4.0
672.0
626.0
5.0
6.0
10.0
7.0
7.0
7.0
820.0
501.0
4.0
4.0
1.0
7.0
5.0
621.0
717.0
0.0
14.0
9.0
10.0
15.0
8.0
795.0
565.0
4.0
4.0
6.0
7.0
7.0
558.0
787.0
10.0
11.0
7.0
12.0
5.0
8.0
717.0
606.0
6.0
7.0
9.0
5.0
6.0
476.0
833.0
7.0
6.0
3.0
6.0
10.0
7.0
648.0
643.0
3.0
5.0
8.0
6.0
1.0
383.0
896.0
5.0
7.0
4.0
3.0
7.0
4.0
590.0
679.0
2.0
2.0
6.0
3.0
3.0
274.0
988.0
0.0
2.0
7.0
9.0
11.0
8.0
543.0
729.0
3.0
5.0
7.0
4.0
4.0
149.0
1148.0
13.0
9.0
5.0
7.0
9.0
4.0
521.0
801.0
5.0
4.0
6.0
4.0
4.0
87.0
1239.0
21.0
8.0
10.0
11.0
10.0
9.0
495.0
862.0
4.0
4.0
6.0
6.0
8.0
57.0
1253.0
32.0
4.0
9.0
7.0
9.0
8.0
433.0
894.0
10.0
7.0
4.0
10.0
9.0
43.0
1234.0
0.0
7.0
4.0
7.0
8.0
5.0
385.0
917.0
5.0
2.0
6.0
6.0
4.0
28.0
1197.0
61.0
7.0
3.0
7.0
9.0
7.0
330.0
937.0
2.0
2.0
2.0
5.0
6.0
20.0
1171.0
75.0
4.0
6.0
10.0
8.0
11.0
295.0
979.0
6.0
3.0
4.0
4.0
2.0
6.0
1188.0
116.0
8.0
10.0
5.0
6.0
6.0
276.0
1049.0
5.0
3.0
4.0
8.0
5.0
5.0
1186.0
0.0
10.0
10.0
9.0
12.0
7.0
249.0
1107.0
5.0
5.0
4.0
4.0
8.0
7.0
1157.0
184.0
9.0
11.0
6.0
12.0
10.0
215.0
1130.0
3.0
5.0
5.0
3.0
2.0
7.0
1107.0
218.0
8.0
5.0
11.0
14.0
8.0
166.0
1139.0
4.0
3.0
6.0
6.0
3.0
2.0
1035.0
256.0
3.0
7.0
11.0
10.0
6.0
134.0
1142.0
1.0
1.0
2.0
2.0
2.0
3.0
987.0
0.0
5.0
5.0
8.0
10.0
10.0
104.0
1168.0
15.0
3.0
2.0
4.0
5.0
4.0
969.0
347.0
6.0
8.0
10.0
7.0
6.0
82.0
1158.0
97.0
3.0
3.0
6.0
7.0
7.0
948.0
401.0
9.0
8.0
8.0
12.0
12.0
59.0
1108.0
196.0
2.0
7.0
4.0
5.0
6.0
908.0
456.0
7.0
7.0
7.0
8.0
9.0
49.0
1055.0
273.0
4.0
5.0
4.0
6.0
8.0
854.0
0.0
13.0
15.0
9.0
13.0
7.0
38.0
961.0
319.0
2.0
1.0
5.0
5.0
7.0
783.0
509.0
8.0
9.0
5.0
4.0
7.0
25.0
891.0
380.0
4.0
3.0
5.0
4.0
4.0
736.0
541.0
12.0
9.0
9.0
7.0
8.0
14.0
851.0
430.0
3.0
5.0
5.0
5.0
6.0
683.0
636.0
6.0
9.0
11.0
5.0
4.0
8.0
835.0
494.0
3.0
4.0
2.0
4.0
3.0
638.0
0.0
9.0
8.0
12.0
9.0
8.0
7.0
809.0
552.0
4.0
4.0
3.0
4.0
5.0
580.0
792.0
7.0
6.0
2.0
5.0
8.0
10.0
760.0
611.0
7.0
4.0
5.0
7.0
2.0
500.0
855.0
11.0
14.0
11.0
15.0
14.0
8.0
676.0
643.0
3.0
5.0
5.0
7.0
7.0
405.0
893.0
8.0
6.0
5.0
5.0
7.0
6.0
607.0
677.0
3.0
4.0
4.0
3.0
4.0
298.0
0.0
8.0
8.0
6.0
6.0
10.0
12.0
555.0
732.0
6.0
3.0
5.0
3.0
5.0
168.0
1138.0
16.0
6.0
7.0
11.0
8.0
9.0
534.0
793.0
1.0
4.0
5.0
6.0
4.0
100.0
1231.0
22.0
10.0
9.0
11.0
11.0
10.0
505.0
853.0
2.0
4.0
4.0
6.0
6.0
63.0
1279.0
32.0
6.0
7.0
5.0
3.0
4.0
458.0
907.0
7.0
4.0
3.0
4.0
6.0
45.0
0.0
46.0
9.0
12.0
11.0
11.0
13.0
403.0
918.0
5.0
3.0
4.0
2.0
2.0
31.0
1208.0
62.0
6.0
7.0
8.0
5.0
7.0
347.0
943.0
7.0
2.0
3.0
4.0
4.0
19.0
1180.0
78.0
7.0
12.0
8.0
8.0
8.0
307.0
981.0
1.0
2.0
4.0
3.0
5.0
13.0
1199.0
113.0
7.0
8.0
7.0
9.0
4.0
286.0
1047.0
5.0
2.0
3.0
3.0
3.0
6.0
0.0
156.0
6.0
5.0
2.0
6.0
8.0
254.0
1113.0
3.0
3.0
6.0
4.0
6.0
7.0
1179.0
189.0
6.0
12.0
9.0
7.0
7.0
219.0
1151.0
4.0
3.0
7.0
9.0
2.0
5.0
1134.0
215.0
11.0
9.0
9.0
5.0
13.0
175.0
1150.0
4.0
8.0
3.0
8.0
5.0
1.0
1055.0
245.0
6.0
7.0
2.0
10.0
7.0
143.0
1141.0
4.0
2.0
4.0
3.0
4.0
4.0
0.0
277.0
8.0
8.0
5.0
7.0
5.0
108.0
1174.0
10.0
3.0
3.0
0.0
2.0
4.0
974.0
333.0
7.0
9.0
4.0
9.0
12.0
90.0
1157.0
82.0
2.0
4.0
2.0
3.0
3.0
953.0
391.0
7.0
8.0
9.0
10.0
7.0
68.0
1111.0
179.0
5.0
5.0
3.0
3.0
6.0
918.0
454.0
10.0
7.0
10.0
7.0
7.0
48.0
1070.0
263.0
5.0
7.0
6.0
4.0
6.0
0.0
486.0
8.0
5.0
8.0
8.0
5.0
34.0
975.0
313.0
8.0
5.0
4.0
3.0
2.0
796.0
503.0
8.0
6.0
6.0
8.0
7.0
23.0
902.0
365.0
4.0
3.0
6.0
2.0
5.0
742.0
528.0
5.0
5.0
7.0
4.0
8.0
14.0
850.0
423.0
5.0
3.0
3.0
4.0
6.0
691.0
608.0
4.0
7.0
10.0
7.0
5.0
10.0
827.0
484.0
2.0
5.0
8.0
6.0
7.0
0.0
689.0
6.0
4.0
4.0
7.0
8.0
9.0
804.0
542.0
2.0
2.0
4.0
4.0
4.0
581.0
778.0
11.0
7.0
9.0
11.0
9.0
11.0
766.0
605.0
5.0
5.0
6.0
7.0
4.0
509.0
839.0
8.0
12.0
8.0
9.0
10.0
5.0
684.0
631.0
3.0
4.0
5.0
5.0
6.0
417.0
877.0
8.0
7.0
4.0
3.0
6.0
8.0
616.0
670.0
4.0
2.0
3.0
4.0
3.0
0.0
957.0
6.0
11.0
5.0
7.0
3.0
8.0
562.0
712.0
3.0
4.0
5.0
4.0
4.0
185.0
1085.0
9.0
5.0
2.0
7.0
6.0
9.0
521.0
764.0
4.0
4.0
3.0
5.0
6.0
101.0
1185.0
15.0
10.0
6.0
8.0
6.0
13.0
489.0
832.0
7.0
8.0
4.0
4.0
7.0
72.0
1241.0
24.0
9.0
8.0
9.0
6.0
8.0
455.0
880.0
7.0
4.0
5.0
1.0
5.0
0.0
1224.0
41.0
8.0
10.0
8.0
12.0
8.0
390.0
890.0
5.0
3.0
2.0
5.0
3.0
29.0
1186.0
53.0
5.0
3.0
2.0
6.0
5.0
342.0
921.0
3.0
3.0
3.0
6.0
1.0
20.0
1163.0
76.0
6.0
7.0
10.0
7.0
5.0
309.0
942.0
3.0
4.0
2.0
1.0
5.0
16.0
1139.0
101.0
12.0
9.0
5.0
9.0
14.0
265.0
987.0
3.0
4.0
2.0
3.0
2.0
0.0
1142.0
134.0
5.0
8.0
6.0
5.0
4.0
245.0
1051.0
4.0
2.0
4.0
2.0
2.0
4.0
1141.0
168.0
8.0
6.0
7.0
8.0
7.0
211.0
1106.0
8.0
6.0
8.0
4.0
6.0
10.0
1102.0
204.0
6.0
10.0
6.0
6.0
10.0
179.0
1106.0
5.0
3.0
4.0
6.0
6.0
5.0
1036.0
232.0
7.0
10.0
7.0
9.0
7.0
142.0
1117.0
2.0
4.0
4.0
4.0
5.0
0.0
983.0
272.0
7.0
8.0
8.0
8.0
6.0
114.0
1135.0
6.0
6.0
8.0
9.0
5.0
5.0
944.0
304.0
8.0
8.0
12.0
13.0
12.0
87.0
1118.0
61.0
5.0
2.0
3.0
2.0
3.0
920.0
363.0
10.0
11.0
7.0
7.0
5.0
66.0
1081.0
155.0
3.0
4.0
5.0
7.0
4.0
895.0
414.0
6.0
8.0
9.0
8.0
11.0
51.0
1032.0
237.0
3.0
8.0
6.0
7.0
0.0
847.0
457.0
5.0
8.0
6.0
10.0
5.0
34.0
967.0
300.0
4.0
4.0
3.0
3.0
2.0
797.0
483.0
7.0
5.0
7.0
8.0
5.0
18.0
897.0
353.0
1.0
4.0
2.0
3.0
2.0
744.0
514.0
10.0
7.0
7.0
5.0
8.0
17.0
836.0
414.0
1.0
3.0
2.0
3.0
6.0
685.0
562.0
5.0
7.0
8.0
10.0
11.0
13.0
794.0
461.0
1.0
5.0
2.0
3.0
0.0
640.0
643.0
9.0
6.0
9.0
8.0
7.0
8.0
781.0
520.0
4.0
5.0
6.0
2.0
8.0
586.0
731.0
6.0
7.0
10.0
9.0
9.0
10.0
746.0
582.0
4.0
1.0
8.0
4.0
10.0
510.0
795.0
9.0
9.0
6.0
9.0
7.0
6.0
679.0
620.0
7.0
6.0
4.0
3.0
1.0
431.0
853.0
8.0
10.0
10.0
10.0
5.0
4.0
616.0
655.0
3.0
5.0
4.0
4.0
0.0
333.0
929.0
5.0
6.0
4.0
6.0
8.0
8.0
557.0
699.0
7.0
7.0
4.0
3.0
6.0
216.0
1033.0
6.0
8.0
13.0
18.0
12.0
8.0
512.0
750.0
3.0
2.0
3.0
6.0
4.0
110.0
1167.0
12.0
8.0
5.0
11.0
5.0
2.0
485.0
811.0
4.0
1.0
1.0
5.0
5.0
71.0
1218.0
22.0
1.0
7.0
9.0
8.0
7.0
446.0
866.0
6.0
4.0
6.0
5.0
0.0
52.0
1222.0
38.0
