7.0
6.0
7.0
179.0
1143.0
4.0
4.0
7.0
6.0
5.0
4.0
1096.0
251.0
8.0
8.0
5.0
8.0
6.0
145.0
1215.0
2.0
6.0
7.0
5.0
3.0
4.0
1067.0
306.0
8.0
0.0
6.0
8.0
10.0
127.0
1243.0
10.0
5.0
2.0
5.0
5.0
6.0
1011.0
339.0
12.0
12.0
8.0
7.0
10.0
93.0
1171.0
53.0
4.0
6.0
6.0
7.0
4.0
936.0
357.0
11.0
7.0
7.0
5.0
9.0
63.0
1071.0
150.0
4.0
4.0
2.0
4.0
2.0
888.0
383.0
8.0
9.0
6.0
8.0
10.0
48.0
1008.0
229.0
3.0
1.0
4.0
3.0
5.0
846.0
458.0
9.0
0.0
6.0
7.0
3.0
38.0
986.0
294.0
5.0
4.0
4.0
7.0
5.0
817.0
511.0
9.0
5.0
10.0
9.0
6.0
22.0
967.0
361.0
3.0
3.0
3.0
6.0
3.0
788.0
586.0
9.0
7.0
6.0
12.0
10.0
18.0
941.0
420.0
5.0
6.0
6.0
3.0
6.0
721.0
633.0
7.0
12.0
7.0
10.0
8.0
16.0
850.0
477.0
8.0
3.0
5.0
5.0
5.0
653.0
648.0
3.0
0.0
7.0
8.0
6.0
9.0
772.0
518.0
5.0
3.0
4.0
4.0
6.0
579.0
693.0
10.0
10.0
10.0
7.0
5.0
5.0
718.0
562.0
6.0
4.0
5.0
4.0
3.0
511.0
778.0
4.0
4.0
9.0
8.0
5.0
4.0
685.0
623.0
2.0
6.0
9.0
6.0
4.0
441.0
882.0
7.0
7.0
11.0
8.0
13.0
10.0
670.0
676.0
4.0
6.0
6.0
9.0
9.0
360.0
1007.0
3.0
0.0
6.0
9.0
10.0
10.0
635.0
740.0
7.0
4.0
4.0
8.0
4.0
231.0
1119.0
8.0
8.0
9.0
10.0
9.0
7.0
550.0
772.0
5.0
3.0
2.0
2.0
6.0
112.0
1173.0
12.0
7.0
3.0
5.0
6.0
8.0
477.0
802.0
1.0
3.0
4.0
5.0
4.0
71.0
1185.0
17.0
13.0
12.0
5.0
5.0
6.0
439.0
826.0
7.0
3.0
1.0
4.0
5.0
53.0
1177.0
30.0
0.0
4.0
7.0
9.0
6.0
381.0
878.0
4.0
2.0
5.0
4.0
6.0
34.0
1215.0
52.0
8.0
7.0
5.0
8.0
9.0
370.0
947.0
5.0
6.0
4.0
3.0
4.0
23.0
1239.0
82.0
11.0
6.0
8.0
7.0
7.0
350.0
1005.0
4.0
3.0
9.0
4.0
4.0
9.0
1231.0
97.0
9.0
8.0
8.0
5.0
5.0
297.0
1008.0
1.0
3.0
4.0
2.0
6.0
10.0
1164.0
124.0
0.0
7.0
5.0
8.0
5.0
245.0
1029.0
5.0
4.0
4.0
5.0
1.0
2.0
1115.0
148.0
5.0
4.0
7.0
7.0
6.0
211.0
1049.0
5.0
3.0
4.0
3.0
4.0
2.0
1076.0
187.0
3.0
6.0
10.0
8.0
12.0
171.0
1094.0
3.0
2.0
5.0
3.0
9.0
9.0
1065.0
235.0
9.0
8.0
4.0
6.0
4.0
159.0
1161.0
4.0
3.0
3.0
3.0
1.0
3.0
1055.0
285.0
0.0
11.0
6.0
7.0
4.0
129.0
1225.0
8.0
6.0
5.0
7.0
6.0
8.0
1005.0
325.0
7.0
11.0
10.0
9.0
9.0
96.0
1183.0
38.0
4.0
4.0
5.0
7.0
1.0
938.0
352.0
4.0
6.0
5.0
5.0
7.0
68.0
1080.0
137.0
8.0
5.0
6.0
6.0
4.0
888.0
381.0
3.0
5.0
2.0
5.0
5.0
49.0
1002.0
211.0
2.0
4.0
1.0
4.0
4.0
832.0
434.0
0.0
5.0
8.0
11.0
7.0
35.0
961.0
282.0
3.0
7.0
7.0
5.0
5.0
815.0
490.0
7.0
8.0
10.0
6.0
7.0
25.0
958.0
348.0
6.0
2.0
6.0
5.0
5.0
784.0
560.0
9.0
10.0
7.0
7.0
8.0
20.0
935.0
414.0
7.0
7.0
10.0
10.0
8.0
727.0
619.0
14.0
9.0
8.0
8.0
6.0
14.0
861.0
465.0
6.0
7.0
4.0
5.0
5.0
666.0
650.0
0.0
11.0
6.0
6.0
9.0
4.0
792.0
508.0
6.0
6.0
4.0
5.0
9.0
594.0
688.0
7.0
6.0
5.0
5.0
4.0
7.0
712.0
557.0
3.0
3.0
2.0
2.0
4.0
518.0
746.0
6.0
9.0
6.0
9.0
4.0
9.0
674.0
604.0
4.0
4.0
7.0
6.0
6.0
457.0
851.0
11.0
12.0
8.0
7.0
6.0
6.0
656.0
674.0
3.0
4.0
6.0
8.0
5.0
377.0
967.0
0.0
8.0
9.0
8.0
10.0
8.0
629.0
729.0
4.0
6.0
10.0
7.0
7.0
248.0
1095.0
10.0
9.0
6.0
6.0
8.0
9.0
565.0
766.0
7.0
7.0
5.0
7.0
4.0
130.0
1172.0
12.0
7.0
8.0
6.0
6.0
5.0
498.0
799.0
8.0
6.0
6.0
5.0
4.0
82.0
1189.0
16.0
4.0
4.0
8.0
8.0
5.0
436.0
830.0
3.0
4.0
4.0
2.0
5.0
51.0
1184.0
0.0
3.0
3.0
7.0
7.0
16.0
397.0
873.0
2.0
3.0
8.0
3.0
5.0
33.0
1224.0
54.0
11.0
5.0
4.0
7.0
8.0
375.0
944.0
7.0
7.0
4.0
8.0
7.0
22.0
1247.0
81.0
13.0
9.0
9.0
14.0
9.0
364.0
996.0
5.0
6.0
4.0
6.0
4.0
8.0
1236.0
99.0
9.0
10.0
11.0
10.0
9.0
306.0
1036.0
3.0
2.0
1.0
4.0
5.0
9.0
1199.0
0.0
6.0
6.0
10.0
9.0
4.0
266.0
1034.0
3.0
7.0
7.0
9.0
5.0
8.0
1138.0
148.0
6.0
7.0
5.0
7.0
6.0
216.0
1065.0
5.0
4.0
1.0
4.0
5.0
1.0
1096.0
169.0
5.0
7.0
7.0
11.0
6.0
180.0
1095.0
7.0
5.0
6.0
4.0
4.0
3.0
1083.0
234.0
4.0
4.0
10.0
7.0
9.0
163.0
1168.0
1.0
3.0
5.0
5.0
6.0
6.0
1066.0
0.0
10.0
10.0
9.0
6.0
8.0
129.0
1230.0
5.0
3.0
6.0
4.0
8.0
6.0
1023.0
334.0
12.0
7.0
9.0
6.0
11.0
105.0
1226.0
29.0
3.0
5.0
3.0
1.0
4.0
980.0
365.0
11.0
8.0
8.0
5.0
5.0
80.0
1115.0
125.0
4.0
1.0
2.0
4.0
3.0
910.0
384.0
5.0
7.0
12.0
9.0
4.0
53.0
1029.0
205.0
7.0
3.0
7.0
5.0
5.0
850.0
0.0
7.0
8.0
10.0
9.0
5.0
35.0
981.0
270.0
5.0
3.0
7.0
6.0
2.0
823.0
492.0
7.0
9.0
12.0
9.0
11.0
27.0
970.0
339.0
7.0
4.0
8.0
6.0
7.0
794.0
557.0
7.0
8.0
9.0
9.0
3.0
16.0
948.0
406.0
4.0
4.0
4.0
3.0
4.0
745.0
627.0
5.0
7.0
7.0
8.0
4.0
8.0
914.0
454.0
6.0
6.0
7.0
8.0
1.0
683.0
0.0
14.0
10.0
13.0
6.0
10.0
14.0
816.0
504.0
8.0
7.0
6.0
3.0
2.0
610.0
685.0
8.0
10.0
8.0
4.0
8.0
8.0
733.0
550.0
6.0
7.0
5.0
3.0
4.0
542.0
729.0
7.0
7.0
11.0
5.0
10.0
8.0
686.0
599.0
4.0
3.0
5.0
4.0
3.0
473.0
844.0
10.0
14.0
11.0
9.0
6.0
7.0
673.0
662.0
9.0
6.0
8.0
7.0
6.0
389.0
0.0
6.0
5.0
6.0
7.0
8.0
11.0
649.0
717.0
8.0
6.0
7.0
4.0
4.0
271.0
1095.0
10.0
7.0
9.0
13.0
11.0
7.0
603.0
774.0
5.0
3.0
4.0
5.0
3.0
147.0
1206.0
21.0
13.0
16.0
6.0
10.0
14.0
522.0
803.0
7.0
7.0
7.0
8.0
5.0
88.0
1203.0
18.0
9.0
7.0
6.0
9.0
5.0
458.0
829.0
6.0
4.0
7.0
8.0
2.0
58.0
0.0
26.0
4.0
4.0
7.0
7.0
5.0
413.0
875.0
4.0
6.0
0.0
4.0
4.0
43.0
1236.0
51.0
5.0
10.0
13.0
13.0
6.0
389.0
939.0
5.0
9.0
7.0
4.0
6.0
26.0
1255.0
73.0
9.0
2.0
7.0
8.0
8.0
366.0
997.0
5.0
5.0
6.0
5.0
5.0
17.0
1257.0
96.0
5.0
4.0
3.0
10.0
7.0
320.0
1051.0
4.0
7.0
3.0
5.0
5.0
7.0
0.0
124.0
15.0
10.0
12.0
10.0
11.0
273.0
1043.0
3.0
5.0
6.0
7.0
6.0
7.0
1151.0
144.0
4.0
5.0
7.0
6.0
8.0
227.0
1061.0
8.0
11.0
9.0
6.0
9.0
5.0
1101.0
171.0
7.0
9.0
4.0
8.0
8.0
184.0
1105.0
4.0
7.0
5.0
6.0
4.0
4.0
1090.0
224.0
5.0
4.0
8.0
13.0
8.0
163.0
1158.0
3.0
5.0
5.0
6.0
7.0
4.0
0.0
280.0
8.0
11.0
9.0
8.0
6.0
139.0
1227.0
5.0
5.0
3.0
2.0
5.0
4.0
1042.0
332.0
7.0
4.0
7.0
6.0
11.0
111.0
1246.0
22.0
5.0
3.0
2.0
1.0
4.0
991.0
362.0
15.0
12.0
9.0
6.0
7.0
85.0
1137.0
104.0
3.0
4.0
3.0
4.0
4.0
919.0
375.0
7.0
10.0
4.0
7.0
7.0
62.0
1041.0
185.0
5.0
6.0
7.0
6.0
8.0
0.0
414.0
8.0
5.0
5.0
8.0
11.0
39.0
986.0
266.0
11.0
7.0
4.0
2.0
4.0
830.0
471.0
10.0
3.0
6.0
5.0
7.0
27.0
963.0
326.0
4.0
2.0
4.0
5.0
5.0
794.0
540.0
9.0
6.0
7.0
11.0
10.0
18.0
945.0
394.0
3.0
6.0
5.0
7.0
4.0
757.0
615.0
8.0
10.0
9.0
6.0
5.0
14.0
914.0
451.0
5.0
3.0
1.0
4.0
2.0
0.0
657.0
9.0
13.0
9.0
10.0
8.0
12.0
828.0
493.0
4.0
3.0
4.0
5.0
5.0
618.0
676.0
10.0
12.0
7.0
8.0
7.0
12.0
740.0
537.0
9.0
7.0
11.0
11.0
6.0
554.0
722.0
3.0
2.0
6.0
4.0
3.0
9.0
690.0
590.0
4.0
6.0
6.0
4.0
6.0
478.0
817.0
7.0
6.0
3.0
3.0
6.0
3.0
661.0
646.0
4.0
3.0
4.0
3.0
4.0
0.0
922.0
8.0
10.0
8.0
11.0
11.0
10.0
646.0
706.0
5.0
6.0
5.0
5.0
5.0
306.0
1065.0
13.0
7.0
7.0
7.0
8.0
5.0
612.0
761.0
3.0
4.0
7.0
6.0
4.0
162.0
1179.0
12.0
12.0
10.0
6.0
11.0
8.0
532.0
784.0
6.0
5.0
5.0
5.0
1.0
95.0
1185.0
15.0
8.0
7.0
9.0
9.0
9.0
456.0
817.0
6.0
3.0
6.0
4.0
7.0
0.0
1180.0
24.0
8.0
11.0
5.0
8.0
5.0
415.0
837.0
4.0
5.0
5.0
5.0
3.0
41.0
1170.0
39.0
9.0
8.0
13.0
8.0
10.0
365.0
883.0
6.0
4.0
5.0
8.0
5.0
29.0
1191.0
68.0
10.0
4.0
4.0
8.0
7.0
346.0
947.0
7.0
8.0
2.0
5.0
4.0
14.0
1215.0
85.0
8.0
5.0
5.0
8.0
5.0
308.0
1005.0
6.0
5.0
7.0
6.0
6.0
0.0
1184.0
112.0
5.0
10.0
9.0
5.0
7.0
272.0
1013.0
4.0
6.0
3.0
4.0
7.0
5.0
1135.0
131.0
8.0
7.0
7.0
7.0
7.0
234.0
1032.0
4.0
4.0
3.0
9.0
7.0
6.0
1087.0
168.0
5.0
7.0
9.0
9.0
6.0
189.0
1059.0
2.0
3.0
4.0
2.0
6.0
7.0
1046.0
207.0
9.0
8.0
11.0
20.0
11.0
171.0
1093.0
4.0
3.0
4.0
8.0
5.0
0.0
1040.0
249.0
8.0
9.0
7.0
6.0
7.0
131.0
1169.0
5.0
5.0
3.0
2.0
4.0
4.0
1014.0
299.0
3.0
4.0
3.0
4.0
5.0
109.0
1207.0
15.0
7.0
7.0
6.0
7.0
3.0
967.0
339.0
9.0
6.0
10.0
3.0
4.0
83.0
1128.0
79.0
5.0
5.0
4.0
6.0
3.0
911.0
367.0
4.0
8.0
5.0
6.0
6.0
64.0
1034.0
169.0
5.0
8.0
6.0
4.0
0.0
856.0
406.0
6.0
8.0
8.0
4.0
11.0
42.0
973.0
243.0
4.0
4.0
5.0
4.0
4.0
811.0
439.0
8.0
8.0
11.0
14.0
11.0
37.0
926.0
308.0
5.0
5.0
5.0
3.0
5.0
783.0
501.0
9.0
6.0
6.0
4.0
8.0
20.0
918.0
376.0
3.0
3.0
2.0
1.0
2.0
741.0
571.0
3.0
4.0
7.0
7.0
8.0
17.0
878.0
435.0
6.0
6.0
7.0
4.0
0.0
693.0
617.0
11.0
10.0
5.0
8.0
5.0
8.0
818.0
479.0
4.0
3.0
5.0
5.0
5.0
627.0
663.0
3.0
5.0
7.0
7.0
4.0
3.0
745.0
529.0
3.0
7.0
7.0
5.0
8.0
553.0
706.0
5.0
3.0
2.0
5.0
6.0
6.0
686.0
574.0
6.0
4.0
4.0
2.0
4.0
482.0
769.0
11.0
11.0
13.0
10.0
14.0
4.0
640.0
622.0
5.0
5.0
6.0
6.0
0.0
402.0
880.0
5.0
2.0
6.0
7.0
7.0
10.0
617.0
687.0
1.0
2.0
3.0
5.0
3.0
310.0
1002.0
8.0
10.0
7.0
7.0
7.0
9.0
585.0
739.0
9.0
4.0
2.0
2.0
5.0
178.0
1131.0
11.0
9.0
5.0
6.0
4.0
7.0
529.0
774.0
6.0
3.0
2.0
1.0
4.0
102.0
1175.0
15.0
7.0
4.0
3.0
14.0
6.0
461.0
812.0
4.0
5.0
3.0
6.0
0.0
68.0
1175.0
19.0
