1008340.0
1019421.0
1030501.0
1041582.0
1052663.0
1063743.0
1074824.0
1085905.0
1096985.0
1108066.0
1119147.0
1130227.0
1141308.0
1152389.0
1163469.0
1174550.0
1185631.0
1196711.0
1207792.0
1218873.0
1229953.0
1241034.0
1252115.0
1263196.0
1274276.0
1285357.0
1296437.0
1307518.0
1318599.0
1329679.0
1340760.0
1351841.0
1362922.0
1374002.0
1385083.0
1396163.0
1407244.0
1418325.0
1429405.0
1440486.0
1451567.0
1462647.0
1473728.0
1484809.0
1495890.0
1506970.0
1518051.0
1529131.0
1540212.0
1551293.0
1562374.0
1573455.0
1584535.0
1595616.0
1606697.0
1617777.0
1628858.0
1639938.0
1651019.0
1662100.0
1673181.0
1684262.0
1695343.0
1706423.0
1717504.0
1728585.0
1739665.0
1750746.0
1761826.0
1772907.0
1783988.0
1795069.0
1806149.0
1817230.0
1828311.0
1839392.0
1850472.0
1861552.0
1872633.0
1883714.0
1894795.0
1905875.0
1916956.0
1928037.0
1939117.0
1950198.0
1961279.0
1972359.0
1983440.0
1994521.0
2005602.0
2016683.0
2027763.0
2038843.0
2049924.0
2061005.0
2072085.0
2083166.0
2094247.0
2105327.0
2116408.0
2127489.0
2138570.0
2149650.0
2160731.0
2171812.0
2182892.0
2193973.0
2205054.0
2216134.0
2227215.0
2238296.0
2249376.0
2260457.0
2271537.0
2282618.0
2293699.0
2304780.0
2315860.0
2326941.0
2338022.0
2349102.0
2360183.0
2371264.0
2382344.0
2393425.0
2404506.0
2415587.0
2426667.0
2437748.0
2448828.0
2459909.0
2470990.0
2482070.0
2493151.0
2504234.0
2515312.0
2526393.0
2537474.0
2548554.0
2559635.0
2570716.0
2581797.0
2592877.0
2603958.0
2615039.0
2626119.0
2637200.0
2648280.0
2659361.0
2670443.0
2681522.0
2692603.0
2703683.0
2714764.0
2725845.0
2736926.0
2748006.0
2759087.0
2770168.0
2781248.0
2792329.0
2803410.0
2814491.0
2825571.0
2836652.0
2847732.0
2858813.0
2869894.0
2880974.0
2892055.0
2903136.0
2914216.0
2925297.0
2936378.0
2947458.0
2958539.0
2969620.0
2980701.0
2991781.0
3002863.0
3013943.0
3025023.0
3036104.0
3047185.0
3058265.0
3069346.0
3080427.0
3091507.0
3102588.0
3113669.0
3124749.0
3135830.0
3146910.0
3157991.0
3169072.0
3180153.0
3191233.0
3202314.0
3213395.0
3224475.0
3235556.0
3246636.0
3257717.0
3268798.0
3279879.0
3290959.0
3302040.0
3313121.0
3324202.0
3335282.0
3346363.0
3357443.0
3368524.0
3379605.0
3390685.0
3401766.0
3412847.0
3423928.0
3435008.0
3446088.0
3457169.0
3468250.0
3479331.0
3490411.0
3501492.0
3512573.0
3523653.0
3534734.0
3545815.0
3556895.0
3567976.0
3579057.0
3590137.0
3601218.0
3612299.0
3623379.0
3634461.0
3645541.0
3656621.0
3667702.0
3678783.0
3689863.0
3700944.0
3712025.0
3723106.0
3734187.0
3745267.0
3756347.0
3767428.0
3778509.0
3789590.0
3800670.0
3811751.0
3822832.0
3833912.0
3844993.0
3856073.0
3867154.0
3878235.0
3889315.0
3900396.0
3911477.0
3922558.0
3933638.0
3944719.0
3955800.0
3966880.0
3977961.0
3989041.0
4000124.0
4011204.0
4022284.0
4033364.0
4044445.0
4055526.0
4066606.0
4077687.0
4088768.0
4099848.0
4110929.0
4122010.0
4133090.0
4144171.0
4155252.0
4166332.0
4177413.0
4188494.0
4199574.0
4210656.0
4221736.0
4232816.0
4243897.0
4254978.0
4266058.0
4277139.0
4288220.0
4299300.0
4310381.0
4321462.0
4332542.0
4343623.0
4354704.0
4365784.0
4376865.0
4387946.0
4399026.0
4410107.0
4421188.0
4432268.0
4443349.0
4454430.0
4465511.0
4476591.0
4487672.0
4498753.0
4509833.0
4520914.0
4531995.0
4543075.0
4554156.0
4565237.0
4576317.0
4587398.0
4598479.0
4609559.0
4620640.0
4631721.0
4642801.0
4653882.0
4664964.0
4676043.0
4687124.0
4698205.0
4709285.0
4720366.0
4731446.0
4742527.0
4753608.0
4764689.0
4775769.0
4786850.0
4797931.0
4809011.0
4820092.0
4831173.0
4842253.0
4853334.0
4864414.0
4875495.0
4886576.0
4897657.0
4908737.0
4919818.0
4930899.0
4941979.0
4953060.0
4964141.0
4975221.0
4986302.0
4997384.0
5008464.0
5019544.0
5030625.0
5041705.0
5052786.0
5063867.0
5074947.0
5086028.0
5097109.0
5108189.0
5119270.0
5130351.0
5141431.0
5152512.0
5163593.0
5174673.0
5185754.0
5196835.0
5207916.0
5218996.0
5230077.0
5241158.0
5252238.0
5263319.0
5274400.0
5285480.0
5296561.0
5307642.0
5318722.0
5329807.0
5340883.0
5351964.0
5363045.0
5374125.0
5385206.0
5396287.0
5407368.0
5418448.0
5429529.0
5440610.0
5451690.0
5462771.0
5473851.0
5484932.0
5496013.0
5507094.0
5518174.0
5529255.0
5540336.0
5551416.0
5562497.0
5573577.0
5584658.0
5595739.0
5606820.0
5617900.0
5628981.0
5640062.0
5651142.0
5662223.0
5673304.0
5684384.0
5695466.0
5706546.0
5717626.0
5728707.0
5739788.0
5750868.0
5761949.0
5773030.0
5784110.0
5795191.0
5806272.0
5817353.0
5828433.0
5839514.0
5850595.0
5861675.0
5872756.0
5883837.0
5894917.0
5905998.0
5917078.0
5928159.0
5939240.0
5950321.0
5961401.0
5972482.0
5983562.0
5994644.0
6005724.0
6016804.0
6027885.0
6038966.0
6050047.0
6061127.0
6072208.0
6083289.0
6094369.0
6105450.0
6116530.0
6127611.0
6138692.0
6149773.0
6160854.0
6171934.0
6183015.0
6194095.0
6205176.0
6216257.0
6227337.0
6238418.0
6249499.0
6260580.0
6271660.0
6282741.0
6293821.0
6304902.0
6315983.0
6327064.0
6338144.0
6349225.0
6360305.0
6371386.0
6382467.0
6393547.0
6404628.0
6415709.0
6426789.0
6437870.0
6448951.0
6460031.0
6471112.0
6482193.0
6493273.0
6504354.0
6515435.0
6526516.0
6537596.0
6548677.0
6559757.0
6570838.0
6581919.0
6593000.0
6604080.0
6615161.0
6626241.0
6637322.0
6648403.0
6659484.0
6670564.0
6681645.0
6692726.0
6703806.0
6714887.0
6725967.0
6737048.0
6748129.0
6759210.0
6770290.0
6781371.0
6792452.0
6803532.0
6814613.0
6825694.0
6836774.0
6847855.0
6858936.0
6870016.0
6881097.0
6892178.0
6903258.0
6914339.0
6925420.0
6936500.0
6947581.0
6958662.0
6969742.0
6980823.0
6991905.0
7002985.0
7014065.0
7025146.0
7036226.0
7047307.0
7058388.0
7069468.0
7080549.0
7091630.0
7102710.0
7113791.0
7124872.0
7135953.0
7147033.0
7158114.0
7169194.0
7180275.0
7191357.0
7202437.0
7213517.0
7224598.0
7235679.0
7246759.0
7257840.0
7268920.0
7280001.0
7291082.0
7302163.0
7313243.0
7324324.0
7335404.0
7346485.0
7357566.0
7368646.0
7379727.0
7390808.0
7401889.0
7412969.0
7424050.0
7435130.0
7446211.0
7457292.0
7468372.0
7479453.0
7490534.0
7501615.0
7512695.0
7523776.0
7534857.0
7545937.0
7557018.0
7568099.0
7579179.0
7590260.0
7601341.0
7612421.0
7623502.0
7634583.0
7645663.0
7656746.0
7667824.0
7678905.0
7689986.0
7701066.0
7712147.0
7723228.0
7734309.0
7745389.0
7756470.0
7767551.0
7778631.0
7789712.0
7800793.0
7811873.0
7822954.0
7834035.0
7845115.0
7856196.0
7867277.0
7878357.0
7889438.0
7900519.0
7911600.0
7922680.0
7933761.0
7944841.0
7955922.0
7967003.0
7978083.0
7989198.0
8000245.0
8011325.0
8022406.0
8033487.0
8044567.0
8055648.0
8066729.0
8077809.0
8088890.0
8099971.0
8111052.0
8122132.0
8133213.0
8144293.0
8155374.0
8166455.0
8177536.0
8188616.0
8199697.0
8210777.0
8221858.0
8232939.0
8244020.0
8255100.0
8266181.0
8277262.0
8288342.0
8299423.0
8310504.0
8321585.0
8332665.0
8343745.0
8354826.0
8365907.0
8376988.0
8388068.0
8399149.0
8410230.0
8421310.0
8432391.0
8443472.0
8454552.0
8465633.0
8476714.0
8487794.0
8498875.0
8509956.0
8521036.0
8532117.0
8543198.0
8554278.0
8565359.0
8576440.0
8587521.0
8598602.0
8609682.0
8620762.0
8631843.0
8642924.0
8654008.0
8665085.0
8676166.0
8687247.0
8698327.0
8709408.0
8720488.0
8731569.0
8742650.0
8753730.0
8764811.0
8775892.0
8786973.0
8798054.0
8809134.0
8820215.0
8831295.0
8842376.0
8853456.0
8864537.0
8875618.0
8886699.0
8897779.0
8908860.0
8919941.0
8931021.0
8942102.0
8953183.0
8964263.0
8975344.0
8986425.0
8997505.0
9008587.0
9019667.0
9030747.0
9041828.0
9052908.0
9063989.0
9075070.0
9086151.0
9097231.0
9108312.0
9119393.0
9130473.0
9141554.0
9152635.0
9163715.0
9174796.0
9185877.0
9196958.0
9208038.0
9219119.0
9230199.0
9241280.0
9252361.0
9263441.0
9274522.0
9285603.0
9296683.0
9307764.0
9318845.0
9329925.0
9341006.0
9352087.0
9363167.0
9374248.0
9385329.0
9396409.0
9407490.0
9418571.0
9429651.0
9440732.0
9451813.0
9462893.0
9473974.0
9485055.0
9496135.0
9507216.0
9518297.0
9529377.0
9540458.0
9551539.0
9562620.0
9573700.0
9584781.0
9595862.0
9606942.0
9618023.0
9629103.0
9640184.0
9651265.0
9662346.0
9673426.0
9684507.0
9695588.0
9706668.0
9717751.0
9728830.0
9739910.0
9750991.0
9762072.0
9773152.0
9784233.0
9795314.0
9806394.0
9817476.0
9828556.0
9839636.0
9850717.0
9861798.0
9872878.0
9883959.0
9895039.0
9906120.0
9917201.0
9928282.0
9939362.0
9950443.0
9961524.0
9972604.0
9983686.0
9994766.0
10005846.0
10016927.0
10028008.0
10039088.0
10050169.0
10061250.0
10072330.0
10083411.0
10094492.0
10105572.0
10116653.0
10127734.0
10138814.0
10149895.0
10160976.0
10172056.0
10183137.0
10194218.0
10205299.0
10216379.0
10227460.0
10238540.0
10249621.0
10260702.0
10271782.0
10282863.0
10293944.0
10305024.0
10316106.0
10327186.0
10338267.0
10349347.0
10360428.0
10371508.0
10382589.0
10393671.0
10404751.0
10415831.0
10426912.0
10437993.0
10449073.0
10460154.0
10471234.0
10482317.0
10493396.0
10504476.0
10515557.0
10526638.0
10537719.0
10548799.0
10559880.0
10570961.0
10582041.0
10593122.0
10604203.0
10615283.0
10626364.0
10637445.0
10648526.0
10659606.0
10670687.0
10681767.0
10692848.0
10703929.0
10715009.0
10726090.0
10737171.0
10748251.0
10759332.0
10770413.0
10781494.0
10792574.0
10803655.0
10814735.0
10825816.0
10836897.0
10847977.0
10859058.0
10870139.0
10881219.0
10892300.0
10903381.0
10914461.0
10925542.0
10936623.0
10947704.0
10958784.0
10969865.0
10980947.0
10992026.0
11003107.0
11014188.0
11025268.0
11036349.0
11047429.0
11058510.0
11069591.0
11080672.0
11091752.0
11102833.0
11113913.0
11124994.0
11136075.0
11147156.0
11158237.0
11169317.0
11180398.0
11191478.0
11202559.0
11213639.0
11224720.0
11235801.0
11246882.0
11257962.0
11269043.0
11280124.0
11291204.0
11302285.0
11313366.0
11324446.0
11335527.0
11346608.0
11357689.0
11368769.0
11379850.0
11390930.0
11402011.0
11413092.0
11424172.0
11435253.0
11446334.0
11457414.0
11468495.0
11479576.0
11490656.0
11501737.0
11512818.0
11523898.0
11534979.0
11546060.0
11557140.0
11568221.0
11579302.0
11590383.0
11601463.0
11612544.0
11623625.0
11634705.0
11645786.0
11656866.0
11667947.0
11679028.0
11690109.0
11701189.0
11712270.0
11723351.0
11734431.0
11745512.0
11756593.0
11767673.0
11778754.0
11789835.0
11800915.0
11811996.0
11823077.0
11834157.0
11845238.0
11856318.0
11867399.0
11878480.0
11889561.0
11900641.0
11911722.0
11922803.0
11933883.0
11944964.0
11956044.0
11967125.0
11978207.0
11989287.0
12000368.0
12011448.0
12022529.0
12033609.0
12044690.0
12055770.0
12066851.0
12077932.0
12089013.0
12100093.0
12111174.0
12122255.0
12133335.0
12144416.0
12155497.0
12166577.0
12177658.0
12188739.0
12199820.0
12210900.0
12221981.0
12233061.0
12244142.0
12255223.0
12266303.0
12277384.0
12288465.0
12299545.0
12310626.0
12321707.0
12332788.0
12343868.0
12354949.0
12366030.0
12377110.0
12388191.0
12399272.0
12410352.0
12421433.0
12432514.0
12443594.0
12454675.0
12465756.0
12476836.0
12487917.0
12498997.0
12510078.0
12521159.0
12532240.0
12543320.0
12554401.0
12565481.0
12576563.0
12587643.0
12598723.0
12609804.0
12620885.0
12631966.0
12643047.0
12654127.0
12665208.0
12676288.0
12687369.0
12698450.0
12709530.0
12720611.0
12731692.0
12742772.0
12753853.0
12764934.0
12776014.0
12787095.0
12798176.0
12809257.0
12820337.0
12831418.0
12842498.0
12853579.0
12864660.0
12875740.0
12886821.0
12897902.0
12908983.0
12920063.0
12931144.0
12942224.0
12953305.0
12964386.0
12975468.0
12986548.0
12997628.0
13008709.0
13019789.0
13030870.0
13041951.0
13053031.0
13064112.0
13075193.0
13086273.0
13097354.0
13108435.0
13119515.0
13130596.0
13141676.0
13152757.0
13163838.0
13174919.0
13185999.0
13197080.0
13208161.0
13219242.0
13230322.0
13241402.0
13252483.0
13263564.0
13274644.0
13285725.0
13296806.0
13307887.0
13318968.0
13330048.0
13341129.0
13352209.0
13363290.0
13374372.0
13385452.0
13396532.0
13407613.0
13418693.0
13429774.0
13440855.0
13451935.0
13463016.0
13474097.0
13485177.0
13496258.0
13507339.0
13518419.0
13529500.0
13540581.0
13551661.0
13562742.0
13573823.0
13584904.0
13595984.0
13607065.0
13618146.0
13629226.0
13640307.0
13651388.0
13662468.0
13673549.0
13684629.0
13695710.0
13706791.0
13717872.0
13728952.0
13740033.0
13751114.0
13762194.0
13773275.0
13784356.0
13795436.0
13806517.0
13817598.0
13828678.0
13839759.0
13850840.0
13861920.0
13873001.0
13884081.0
13895162.0
13906243.0
13917324.0
13928404.0
13939485.0
13950566.0
13961646.0
13972728.0
13983808.0
13994888.0
14005969.0
14017050.0
14028130.0
14039211.0
14050292.0
14061372.0
14072453.0
14083534.0
14094614.0
14105695.0
14116776.0
14127856.0
14138937.0
14150018.0
14161098.0
14172179.0
14183260.0
14194341.0
14205421.0
14216502.0
14227582.0
14238663.0
14249744.0
14260824.0
14271905.0
14282986.0
14294066.0
14305147.0
14316228.0
14327309.0
14338389.0
14349470.0
14360550.0
14371631.0
14382712.0
14393792.0
14404873.0
14415954.0
14427034.0
14438115.0
14449196.0
14460276.0
14471358.0
14482438.0
14493519.0
14504599.0
14515680.0
14526760.0
14537841.0
14548922.0
14560003.0
14571083.0
14582164.0
14593245.0
14604325.0
14615406.0
14626487.0
14637567.0
14648648.0
14659729.0
14670809.0
14681890.0
14692971.0
14704051.0
14715132.0
14726212.0
14737293.0
14748374.0
14759455.0
14770535.0
14781616.0
14792697.0
14803778.0
14814858.0
14825939.0
14837019.0
14848100.0
14859181.0
14870261.0
14881342.0
14892423.0
14903503.0
14914585.0
14925665.0
14936745.0
14947826.0
14958907.0
14969989.0
14981068.0
14992149.0
15003230.0
15014310.0
15025391.0
15036471.0
15047552.0
15058633.0
15069714.0
15080794.0
15091875.0
15102956.0
15114036.0
15125117.0
15136198.0
15147278.0
15158359.0
15169439.0
15180520.0
15191601.0
15202682.0
15213762.0
15224843.0
15235924.0
15247004.0
15258085.0
15269166.0
15280246.0
15291327.0
15302408.0
15313488.0
15324569.0
15335650.0
15346730.0
15357811.0
15368892.0
15379972.0
15391053.0
15402134.0
15413214.0
15424295.0
15435375.0
15446456.0
15457537.0
15468618.0
15479698.0
15490779.0
15501860.0
15512940.0
15524021.0
15535102.0
15546182.0
15557263.0
15568344.0
15579424.0
15590505.0
15601586.0
15612666.0
15623747.0
15634828.0
15645908.0
15656989.0
15668070.0
15679150.0
15690231.0
15701312.0
15712392.0
15723473.0
15734554.0
15745635.0
15756715.0
15767796.0
15778876.0
15789957.0
15801038.0
15812119.0
15823199.0
15834280.0
15845360.0
15856441.0
15867522.0
15878602.0
15889683.0
15900764.0
15911844.0
15922925.0
15934006.0
15945087.0
15956167.0
15967281.0
15978329.0
15989409.0
16000490.0
16011570.0
16022651.0
16033732.0
16044813.0
16055893.0
16066974.0
16078055.0
16089135.0
16100216.0
16111296.0
16122377.0
16133458.0
16144539.0
16155619.0
16166700.0
16177781.0
16188861.0
16199942.0
16211023.0
16222103.0
16233184.0
16244265.0
16255346.0
16266426.0
16277507.0
16288587.0
16299668.0
16310749.0
16321829.0
16332910.0
16343991.0
16355071.0
16366152.0
16377233.0
16388313.0
16399394.0
16410475.0
16421556.0
16432636.0
16443717.0
16454797.0
16465879.0
16476959.0
16488040.0
16499120.0
16510201.0
16521282.0
16532362.0
16543443.0
16554523.0
16565604.0
16576686.0
16587765.0
16598846.0
16609927.0
16621007.0
16632089.0
16643169.0
16654250.0
16665330.0
16676411.0
16687492.0
16698572.0
16709653.0
16720734.0
16731814.0
16742895.0
16753975.0
16765056.0
16776137.0
16787218.0
16798299.0
16809379.0
16820460.0
16831540.0
16842621.0
16853701.0
16864782.0
16875863.0
16886944.0
16898024.0
16909105.0
16920186.0
16931266.0
16942347.0
16953428.0
16964509.0
16975589.0
16986670.0
16997750.0
17008831.0
17019912.0
17030993.0
17042073.0
17053154.0
17064234.0
17075315.0
17086396.0
17097476.0
17108557.0
17119638.0
17130720.0
17141799.0
17152880.0
17163961.0
17175041.0
17186122.0
17197202.0
17208283.0
17219364.0
17230445.0
17241526.0
17252606.0
17263687.0
17274767.0
17285848.0
17296929.0
17308009.0
17319090.0
17330171.0
17341252.0
17352332.0
17363413.0
17374494.0
17385574.0
17396655.0
17407735.0
17418816.0
17429897.0
17440977.0
17452058.0
17463139.0
17474219.0
17485300.0
17496381.0
17507461.0
17518542.0
17529623.0
17540703.0
17551784.0
17562865.0
17573946.0
17585026.0
17596107.0
17607187.0
17618268.0
17629349.0
17640429.0
17651510.0
17662591.0
17673671.0
17684752.0
17695833.0
17706913.0
17717994.0
17729075.0
17740156.0
17751236.0
17762317.0
17773397.0
17784478.0
17795559.0
17806639.0
17817720.0
17828801.0
17839881.0
17850962.0
17862043.0
17873123.0
17884204.0
17895285.0
17906366.0
17917446.0
17928527.0
17939607.0
17950688.0
17961770.0
17972850.0
17983930.0
17995011.0
18006091.0
18017172.0
18028253.0
18039333.0
18050414.0
18061495.0
18072576.0
18083656.0
18094737.0
18105818.0
18116898.0
18127979.0
18139060.0
18150140.0
18161221.0
18172302.0
18183383.0
18194463.0
18205544.0
18216625.0
18227705.0
18238785.0
18249866.0
18260947.0
18272028.0
18283108.0
18294189.0
18305270.0
18316350.0
18327431.0
18338511.0
18349592.0
18360673.0
18371755.0
18382834.0
18393915.0
18404996.0
18416077.0
18427157.0
18438238.0
18449318.0
18460399.0
18471480.0
18482560.0
18493641.0
18504722.0
18515802.0
18526884.0
18537964.0
18549045.0
18560125.0
18571206.0
18582287.0
18593367.0
18604448.0
18615528.0
18626609.0
18637690.0
18648771.0
18659851.0
18670932.0
18682013.0
18693093.0
18704174.0
18715255.0
18726335.0
18737416.0
18748497.0
18759577.0
18770658.0
18781739.0
18792820.0
18803900.0
18814981.0
18826061.0
18837142.0
18848223.0
18859303.0
18870384.0
18881465.0
18892545.0
18903626.0
18914707.0
18925787.0
18936868.0
18947949.0
18959031.0
18970110.0
18981192.0
18992271.0
19003352.0
19014433.0
19025513.0
19036594.0
19047675.0
19058756.0
19069836.0
19080917.0
19091997.0
19103078.0
19114159.0
19125240.0
19136320.0
19147401.0
19158482.0
19169562.0
19180643.0
19191723.0
19202804.0
19213885.0
19224966.0
19236046.0
19247127.0
19258208.0
19269288.0
19280369.0
19291450.0
19302530.0
19313611.0
19324692.0
19335772.0
19346853.0
19357934.0
19369014.0
19380095.0
19391176.0
19402256.0
19413337.0
19424418.0
19435498.0
19446579.0
19457660.0
19468740.0
19479821.0
19490902.0
19501982.0
19513063.0
19524144.0
19535224.0
19546305.0
19557386.0
19568466.0
19579547.0
19590628.0
19601709.0
19612789.0
19623870.0
19634950.0
19646031.0
19657112.0
19668192.0
19679273.0
19690354.0
19701434.0
19712515.0
19723596.0
19734676.0
19745757.0
19756838.0
19767919.0
19778999.0
19790080.0
19801160.0
19812241.0
19823322.0
19834402.0
19845483.0
19856564.0
19867645.0
19878725.0
19889806.0
19900887.0
19911967.0
19923048.0
19934128.0
19945209.0
19956292.0
19967371.0
