10
6
6
360
911
7
6
1
7
7
26
1176
65
6
10
9
8
6
322
961
3
6
6
4
4
11
1212
98
11
7
5
7
7
301
1028
2
3
4
9
7
5
1214
135
9
11
5
9
8
276
1086
5
7
5
5
3
4
1200
170
5
0
7
6
6
239
1130
6
4
5
4
5
3
1148
202
13
7
11
7
8
197
1128
5
3
7
7
5
4
1066
222
5
8
9
11
7
155
1128
2
4
9
7
6
5
1012
260
6
7
7
3
8
124
1165
2
3
5
5
3
3
994
316
7
0
8
11
8
98
1200
31
6
8
6
5
6
975
372
10
12
13
9
11
79
1147
139
4
4
7
5
4
943
430
4
5
3
5
3
60
1091
226
4
6
8
3
3
880
463
10
9
12
9
7
42
1003
282
5
9
7
5
2
814
476
2
0
7
5
6
28
922
338
3
8
5
8
5
762
511
6
10
6
7
5
16
873
398
6
6
4
2
4
716
579
10
6
7
6
9
17
847
455
4
4
4
4
3
671
657
7
1
8
8
7
10
830
516
2
3
5
5
4
617
745
6
0
13
5
6
9
801
571
4
2
4
5
4
544
800
15
15
9
11
10
7
709
606
5
3
5
6
3
458
842
3
4
5
6
2
11
635
651
8
7
5
4
4
366
907
7
9
7
5
7
3
585
693
4
6
5
6
5
256
1034
11
0
7
4
9
15
550
745
3
5
7
5
3
134
1178
17
12
6
10
11
11
525
811
4
5
5
3
1
79
1264
22
10
7
9
14
15
493
878
2
3
2
4
5
65
1262
35
10
14
10
11
10
432
883
6
9
5
7
6
33
1212
50
0
3
6
13
9
367
912
8
5
7
8
4
26
1178
67
5
5
6
2
6
317
938
3
4
5
5
4
13
1154
90
9
8
6
6
8
292
973
9
10
6
3
6
10
1175
123
6
10
8
6
10
260
1052
4
6
4
2
3
3
1180
161
0
7
8
4
7
235
1110
5
9
13
6
8
5
1147
183
4
8
9
6
9
200
1109
4
3
4
5
4
3
1070
217
13
8
10
5
9
163
1112
6
3
3
6
8
6
1016
247
6
7
6
7
5
123
1141
4
2
2
3
5
4
980
289
0
8
6
4
12
98
1159
24
5
6
4
4
3
959
348
7
8
9
9
6
76
1135
115
3
6
7
7
4
933
407
9
6
9
16
11
61
1090
208
6
4
5
5
4
889
450
9
9
10
9
7
43
1011
274
6
4
6
3
3
828
477
0
7
8
11
8
31
941
329
6
8
7
4
5
770
509
8
5
4
7
9
21
867
386
4
2
4
5
4
719
540
5
7
8
10
3
15
827
437
5
4
5
4
4
672
626
5
6
10
7
7
7
820
501
4
4
1
7
5
621
717
0
14
9
10
15
8
795
565
4
4
6
7
7
558
787
10
11
7
12
5
8
717
606
6
7
9
5
6
476
833
7
6
3
6
10
7
648
643
3
5
8
6
1
383
896
5
7
4
3
7
4
590
679
2
2
6
3
3
274
988
0
2
7
9
11
8
543
729
3
5
7
4
4
149
1148
13
9
5
7
9
4
521
801
5
4
6
4
4
87
1239
21
8
10
11
10
9
495
862
4
4
6
6
8
57
1253
32
4
9
7
9
8
433
894
10
7
4
10
9
43
1234
0
7
4
7
8
5
385
917
5
2
6
6
4
28
1197
61
7
3
7
9
7
330
937
2
2
2
5
6
20
1171
75
4
6
10
8
11
295
979
6
3
4
4
2
6
1188
116
8
10
5
6
6
276
1049
5
3
4
8
5
5
1186
0
10
10
9
12
7
249
1107
5
5
4
4
8
7
1157
184
9
11
6
12
10
215
1130
3
5
5
3
2
7
1107
218
8
5
11
14
8
166
1139
4
3
6
6
3
2
1035
256
3
7
11
10
6
134
1142
1
1
2
2
2
3
987
0
5
5
8
10
10
104
1168
15
3
2
4
5
4
969
347
6
8
10
7
6
82
1158
97
3
3
6
7
7
948
401
9
8
8
12
12
59
1108
196
2
7
4
5
6
908
456
7
7
7
8
9
49
1055
273
4
5
4
6
8
854
0
13
15
9
13
7
38
961
319
2
1
5
5
7
783
509
8
9
5
4
7
25
891
380
4
3
5
4
4
736
541
12
9
9
7
8
14
851
430
3
5
5
5
6
683
636
6
9
11
5
4
8
835
494
3
4
2
4
3
638
0
9
8
12
9
8
7
809
552
4
4
3
4
5
580
792
7
6
2
5
8
10
760
611
7
4
5
7
2
500
855
11
14
11
15
14
8
676
643
3
5
5
7
7
405
893
8
6
5
5
7
6
607
677
3
4
4
3
4
298
0
8
8
6
6
10
12
555
732
6
3
5
3
5
168
1138
16
6
7
11
8
9
534
793
1
4
5
6
4
100
1231
22
10
9
11
11
10
505
853
2
4
4
6
6
63
1279
32
6
7
5
3
4
458
907
7
4
3
4
6
45
0
46
9
12
11
11
13
403
918
5
3
4
2
2
31
1208
62
6
7
8
5
7
347
943
7
2
3
4
4
19
1180
78
7
12
8
8
8
307
981
1
2
4
3
5
13
1199
113
7
8
7
9
4
286
1047
5
2
3
3
3
6
0
156
6
5
2
6
8
254
1113
3
3
6
4
6
7
1179
189
6
12
9
7
7
219
1151
4
3
7
9
2
5
1134
215
11
9
9
5
13
175
1150
4
8
3
8
5
1
1055
245
6
7
2
10
7
143
1141
4
2
4
3
4
4
0
277
8
8
5
7
5
108
1174
10
3
3
0
2
4
974
333
7
9
4
9
12
90
1157
82
2
4
2
3
3
953
391
7
8
9
10
7
68
1111
179
5
5
3
3
6
918
454
10
7
10
7
7
48
1070
263
5
7
6
4
6
0
486
8
5
8
8
5
34
975
313
8
5
4
3
2
796
503
8
6
6
8
7
23
902
365
4
3
6
2
5
742
528
5
5
7
4
8
14
850
423
5
3
3
4
6
691
608
4
7
10
7
5
10
827
484
2
5
8
6
7
0
689
6
4
4
7
8
9
804
542
2
2
4
4
4
581
778
11
7
9
11
9
11
766
605
5
5
6
7
4
509
839
8
12
8
9
10
5
684
631
3
4
5
5
6
417
877
8
7
4
3
6
8
616
670
4
2
3
4
3
0
957
6
11
5
7
3
8
562
712
3
4
5
4
4
185
1085
9
5
2
7
6
9
521
764
4
4
3
5
6
101
1185
15
10
6
8
6
13
489
832
7
8
4
4
7
72
1241
24
9
8
9
6
8
455
880
7
4
5
1
5
0
1224
41
8
10
8
12
8
390
890
5
3
2
5
3
29
1186
53
5
3
2
6
5
342
921
3
3
3
6
1
20
1163
76
6
7
10
7
5
309
942
3
4
2
1
5
16
1139
101
12
9
5
9
14
265
987
3
4
2
3
2
0
1142
134
5
8
6
5
4
245
1051
4
2
4
2
2
4
1141
168
8
6
7
8
7
211
1106
8
6
8
4
6
10
1102
204
6
10
6
6
10
179
1106
5
3
4
6
6
5
1036
232
7
10
7
9
7
142
1117
2
4
4
4
5
0
983
272
7
8
8
8
6
114
1135
6
6
8
9
5
5
944
304
8
8
12
13
12
87
1118
61
5
2
3
2
3
920
363
10
11
7
7
5
66
1081
155
3
4
5
7
4
895
414
6
8
9
8
11
51
1032
237
3
8
6
7
0
847
457
5
8
6
10
5
34
967
300
4
4
3
3
2
797
483
7
5
7
8
5
18
897
353
1
4
2
3
2
744
514
10
7
7
5
8
17
836
414
1
3
2
3
6
685
562
5
7
8
10
11
13
794
461
1
5
2
3
0
640
643
9
6
9
8
7
8
781
520
4
5
6
2
8
586
731
6
7
10
9
9
10
746
582
4
1
8
4
10
510
795
9
9
6
9
7
6
679
620
7
6
4
3
1
431
853
8
10
10
10
5
4
616
655
3
5
4
4
0
333
929
5
6
4
6
8
8
557
699
7
7
4
3
6
216
1033
6
8
13
18
12
8
512
750
3
2
3
6
4
110
1167
12
8
5
11
5
2
485
811
4
1
1
5
5
71
1218
22
1
7
9
8
7
446
866
6
4
6
5
0
52
1222
38
