7
9
5
386
905
6
2
3
4
5
33
1233
56
5
7
5
2
6
367
956
6
7
7
5
2
17
1244
88
7
4
9
7
11
335
1021
8
6
6
7
8
12
1227
102
7
12
12
8
7
291
1022
5
5
3
4
3
5
1157
129
5
0
9
8
5
243
1044
4
2
4
3
4
2
1120
149
11
6
3
6
7
206
1083
4
3
1
3
5
3
1115
205
8
5
7
6
7
179
1143
4
4
7
6
5
4
1096
251
8
8
5
8
6
145
1215
2
6
7
5
3
4
1067
306
8
0
6
8
10
127
1243
10
5
2
5
5
6
1011
339
12
12
8
7
10
93
1171
53
4
6
6
7
4
936
357
11
7
7
5
9
63
1071
150
4
4
2
4
2
888
383
8
9
6
8
10
48
1008
229
3
1
4
3
5
846
458
9
0
6
7
3
38
986
294
5
4
4
7
5
817
511
9
5
10
9
6
22
967
361
3
3
3
6
3
788
586
9
7
6
12
10
18
941
420
5
6
6
3
6
721
633
7
12
7
10
8
16
850
477
8
3
5
5
5
653
648
3
0
7
8
6
9
772
518
5
3
4
4
6
579
693
10
10
10
7
5
5
718
562
6
4
5
4
3
511
778
4
4
9
8
5
4
685
623
2
6
9
6
4
441
882
7
7
11
8
13
10
670
676
4
6
6
9
9
360
1007
3
0
6
9
10
10
635
740
7
4
4
8
4
231
1119
8
8
9
10
9
7
550
772
5
3
2
2
6
112
1173
12
7
3
5
6
8
477
802
1
3
4
5
4
71
1185
17
13
12
5
5
6
439
826
7
3
1
4
5
53
1177
30
0
4
7
9
6
381
878
4
2
5
4
6
34
1215
52
8
7
5
8
9
370
947
5
6
4
3
4
23
1239
82
11
6
8
7
7
350
1005
4
3
9
4
4
9
1231
97
9
8
8
5
5
297
1008
1
3
4
2
6
10
1164
124
0
7
5
8
5
245
1029
5
4
4
5
1
2
1115
148
5
4
7
7
6
211
1049
5
3
4
3
4
2
1076
187
3
6
10
8
12
171
1094
3
2
5
3
9
9
1065
235
9
8
4
6
4
159
1161
4
3
3
3
1
3
1055
285
0
11
6
7
4
129
1225
8
6
5
7
6
8
1005
325
7
11
10
9
9
96
1183
38
4
4
5
7
1
938
352
4
6
5
5
7
68
1080
137
8
5
6
6
4
888
381
3
5
2
5
5
49
1002
211
2
4
1
4
4
832
434
0
5
8
11
7
35
961
282
3
7
7
5
5
815
490
7
8
10
6
7
25
958
348
6
2
6
5
5
784
560
9
10
7
7
8
20
935
414
7
7
10
10
8
727
619
14
9
8
8
6
14
861
465
6
7
4
5
5
666
650
0
11
6
6
9
4
792
508
6
6
4
5
9
594
688
7
6
5
5
4
7
712
557
3
3
2
2
4
518
746
6
9
6
9
4
9
674
604
4
4
7
6
6
457
851
11
12
8
7
6
6
656
674
3
4
6
8
5
377
967
0
8
9
8
10
8
629
729
4
6
10
7
7
248
1095
10
9
6
6
8
9
565
766
7
7
5
7
4
130
1172
12
7
8
6
6
5
498
799
8
6
6
5
4
82
1189
16
4
4
8
8
5
436
830
3
4
4
2
5
51
1184
0
3
3
7
7
16
397
873
2
3
8
3
5
33
1224
54
11
5
4
7
8
375
944
7
7
4
8
7
22
1247
81
13
9
9
14
9
364
996
5
6
4
6
4
8
1236
99
9
10
11
10
9
306
1036
3
2
1
4
5
9
1199
0
6
6
10
9
4
266
1034
3
7
7
9
5
8
1138
148
6
7
5
7
6
216
1065
5
4
1
4
5
1
1096
169
5
7
7
11
6
180
1095
7
5
6
4
4
3
1083
234
4
4
10
7
9
163
1168
1
3
5
5
6
6
1066
0
10
10
9
6
8
129
1230
5
3
6
4
8
6
1023
334
12
7
9
6
11
105
1226
29
3
5
3
1
4
980
365
11
8
8
5
5
80
1115
125
4
1
2
4
3
910
384
5
7
12
9
4
53
1029
205
7
3
7
5
5
850
0
7
8
10
9
5
35
981
270
5
3
7
6
2
823
492
7
9
12
9
11
27
970
339
7
4
8
6
7
794
557
7
8
9
9
3
16
948
406
4
4
4
3
4
745
627
5
7
7
8
4
8
914
454
6
6
7
8
1
683
0
14
10
13
6
10
14
816
504
8
7
6
3
2
610
685
8
10
8
4
8
8
733
550
6
7
5
3
4
542
729
7
7
11
5
10
8
686
599
4
3
5
4
3
473
844
10
14
11
9
6
7
673
662
9
6
8
7
6
389
0
6
5
6
7
8
11
649
717
8
6
7
4
4
271
1095
10
7
9
13
11
7
603
774
5
3
4
5
3
147
1206
21
13
16
6
10
14
522
803
7
7
7
8
5
88
1203
18
9
7
6
9
5
458
829
6
4
7
8
2
58
0
26
4
4
7
7
5
413
875
4
6
0
4
4
43
1236
51
5
10
13
13
6
389
939
5
9
7
4
6
26
1255
73
9
2
7
8
8
366
997
5
5
6
5
5
17
1257
96
5
4
3
10
7
320
1051
4
7
3
5
5
7
0
124
15
10
12
10
11
273
1043
3
5
6
7
6
7
1151
144
4
5
7
6
8
227
1061
8
11
9
6
9
5
1101
171
7
9
4
8
8
184
1105
4
7
5
6
4
4
1090
224
5
4
8
13
8
163
1158
3
5
5
6
7
4
0
280
8
11
9
8
6
139
1227
5
5
3
2
5
4
1042
332
7
4
7
6
11
111
1246
22
5
3
2
1
4
991
362
15
12
9
6
7
85
1137
104
3
4
3
4
4
919
375
7
10
4
7
7
62
1041
185
5
6
7
6
8
0
414
8
5
5
8
11
39
986
266
11
7
4
2
4
830
471
10
3
6
5
7
27
963
326
4
2
4
5
5
794
540
9
6
7
11
10
18
945
394
3
6
5
7
4
757
615
8
10
9
6
5
14
914
451
5
3
1
4
2
0
657
9
13
9
10
8
12
828
493
4
3
4
5
5
618
676
10
12
7
8
7
12
740
537
9
7
11
11
6
554
722
3
2
6
4
3
9
690
590
4
6
6
4
6
478
817
7
6
3
3
6
3
661
646
4
3
4
3
4
0
922
8
10
8
11
11
10
646
706
5
6
5
5
5
306
1065
13
7
7
7
8
5
612
761
3
4
7
6
4
162
1179
12
12
10
6
11
8
532
784
6
5
5
5
1
95
1185
15
8
7
9
9
9
456
817
6
3
6
4
7
0
1180
24
8
11
5
8
5
415
837
4
5
5
5
3
41
1170
39
9
8
13
8
10
365
883
6
4
5
8
5
29
1191
68
10
4
4
8
7
346
947
7
8
2
5
4
14
1215
85
8
5
5
8
5
308
1005
6
5
7
6
6
0
1184
112
5
10
9
5
7
272
1013
4
6
3
4
7
5
1135
131
8
7
7
7
7
234
1032
4
4
3
9
7
6
1087
168
5
7
9
9
6
189
1059
2
3
4
2
6
7
1046
207
9
8
11
20
11
171
1093
4
3
4
8
5
0
1040
249
8
9
7
6
7
131
1169
5
5
3
2
4
4
1014
299
3
4
3
4
5
109
1207
15
7
7
6
7
3
967
339
9
6
10
3
4
83
1128
79
5
5
4
6
3
911
367
4
8
5
6
6
64
1034
169
5
8
6
4
0
856
406
6
8
8
4
11
42
973
243
4
4
5
4
4
811
439
8
8
11
14
11
37
926
308
5
5
5
3
5
783
501
9
6
6
4
8
20
918
376
3
3
2
1
2
741
571
3
4
7
7
8
17
878
435
6
6
7
4
0
693
617
11
10
5
8
5
8
818
479
4
3
5
5
5
627
663
3
5
7
7
4
3
745
529
3
7
7
5
8
553
706
5
3
2
5
6
6
686
574
6
4
4
2
4
482
769
11
11
13
10
14
4
640
622
5
5
6
6
0
402
880
5
2
6
7
7
10
617
687
1
2
3
5
3
310
1002
8
10
7
7
7
9
585
739
9
4
2
2
5
178
1131
11
9
5
6
4
7
529
774
6
3
2
1
4
102
1175
15
7
4
3
14
6
461
812
4
5
3
6
0
68
1175
19
