11080
22161
33241
44322
55403
66483
77564
88645
99725
110806
121887
132968
144048
155129
166209
177290
188371
199452
210532
221613
232693
243774
254855
265935
277016
288097
299177
310258
321339
332420
343501
354581
365661
376742
387823
398903
409984
421065
432145
443226
454307
465387
476468
487549
498629
509710
520791
531872
542953
554034
565114
576194
587275
598355
609436
620517
631597
642678
653759
664840
675921
687001
698082
709162
720243
731324
742405
753485
764566
775646
786727
797808
808888
819969
831050
842131
853211
864292
875372
886453
897534
908615
919695
930776
941857
952937
964018
975098
986179
997260
1008340
1019421
1030502
1041582
1052663
1063744
1074824
1085905
1096986
1108066
1119147
1130228
1141309
1152389
1163470
1174550
1185631
1196712
1207792
1218873
1229954
1241034
1252115
1263196
1274276
1285357
1296438
1307518
1318599
1329680
1340761
1351841
1362922
1374002
1385083
1396164
1407244
1418325
1429406
1440486
1451567
1462648
1473728
1484809
1495890
1506971
1518051
1529132
1540212
1551293
1562374
1573455
1584535
1595616
1606696
1617777
1628858
1639939
1651019
1662100
1673181
1684261
1695342
1706422
1717503
1728584
1739665
1750745
1761826
1772907
1783987
1795068
1806149
1817229
1828310
1839391
1850471
1861552
1872633
1883713
1894794
1905875
1916955
1928036
1939117
1950197
1961278
1972360
1983440
1994521
2005602
2016682
2027763
2038844
2049924
2061005
2072085
2083166
2094247
2105328
2116408
2127489
2138572
2149650
2160731
2171812
2182892
2193973
2205054
2216134
2227215
2238296
2249376
2260457
2271538
2282618
2293699
2304780
2315860
2326941
2338022
2349103
2360184
2371264
2382344
2393425
2404506
2415586
2426667
2437748
2448828
2459909
2470990
2482070
2493151
2504232
2515312
2526393
2537474
2548554
2559635
2570716
2581796
2592877
2603958
2615038
2626119
2637200
2648281
2659361
2670442
2681522
2692603
2703684
2714764
2725845
2736926
2748007
2759087
2770168
2781249
2792329
2803410
2814490
2825571
2836652
2847732
2858813
2869894
2880974
2892055
2903136
2914216
2925297
2936378
2947459
2958539
2969620
2980701
2991781
3002862
3013942
3025023
3036104
3047185
3058266
3069346
3080427
3091507
3102588
3113668
3124749
3135830
3146911
3157991
3169073
3180152
3191233
3202314
3213395
3224475
3235556
3246636
3257717
3268804
3279879
3290959
3302040
3313121
3324201
3335283
3346363
3357443
3368524
3379605
3390685
3401766
3412847
3423927
3435008
3446089
3457169
3468250
3479331
3490412
3501492
3512573
3523653
3534734
3545815
3556895
3567976
3579057
3590137
3601218
3612299
3623379
3634460
3645541
3656621
3667703
3678783
3689863
3700944
3712025
3723105
3734186
3745268
3756347
3767428
3778509
3789589
3800670
3811751
3822831
3833912
3844993
3856073
3867154
3878235
3889315
3900396
3911477
3922558
3933638
3944719
3955799
3966880
3977961
3989042
4000123
4011203
4022284
4033364
4044445
4055526
4066606
4077687
4088767
4099848
4110929
4122010
4133090
4144171
4155251
4166336
4177413
4188494
4199574
4210655
4221736
4232816
4243897
4254978
4266058
4277139
4288220
4299300
4310381
4321462
4332543
4343624
4354704
4365784
4376865
4387946
4399026
4410107
4421188
4432268
4443349
4454430
4465510
4476591
4487672
4498752
4509836
4520914
4531995
4543075
4554156
4565236
4576317
4587398
4598478
4609559
4620640
4631720
4642801
4653882
4664962
4676043
4687124
4698204
4709285
4720366
4731446
4742527
4753608
4764688
4775769
4786850
4797930
4809011
4820092
4831173
4842253
4853334
4864414
4875495
4886576
4897657
4908737
4919818
4930899
4941979
4953060
4964141
4975221
4986302
4997383
5008463
5019544
5030625
5041705
5052786
5063866
5074947
5086028
5097109
5108189
5119270
5130352
5141431
5152512
5163592
5174673
5185754
5196835
5207915
5218996
5230077
5241157
5252238
5263318
5274399
5285480
5296561
5307641
5318722
5329826
5340884
5351964
5363045
5374125
5385206
5396287
5407367
5418448
5429529
5440609
5451690
5462770
5473851
5484932
5496013
5507093
5518174
5529255
5540335
5551416
5562497
5573577
5584658
5595739
5606819
5617900
5628981
5640061
5651142
5662223
5673303
5684384
5695465
5706545
5717626
5728707
5739787
5750868
5761949
5773029
5784110
5795191
5806271
5817352
5828436
5839513
5850594
5861675
5872756
5883836
5894917
5905997
5917078
5928159
5939240
5950320
5961401
5972481
5983562
5994644
6005723
6016804
6027885
6038965
6050046
6061127
6072207
6083288
6094369
6105449
6116530
6127611
6138691
6149772
6160853
6171933
6183014
6194095
6205175
6216256
6227337
6238417
6249498
6260579
6271660
6282740
6293821
6304902
6315982
6327063
6338144
6349224
6360305
6371388
6382466
6393547
6404628
6415708
6426789
6437869
6448950
6460031
6471112
6482192
6493273
6504354
6515434
6526515
6537596
6548676
6559757
6570838
6581918
6592999
6604080
6615160
6626241
6637322
6648402
6659483
6670564
6681644
6692725
6703806
6714886
6725967
6737048
6748128
6759209
6770290
6781370
6792451
6803532
6814612
6825693
6836774
6847854
6858935
6870015
6881096
6892177
6903258
6914338
6925419
6936500
6947580
6958661
6969742
6980822
6991904
7002984
7014064
7025145
7036226
7047306
7058387
7069468
7080549
7091630
7102710
7113791
7124871
7135952
7147032
7158114
7169194
7180274
7191355
7202436
7213516
7224597
7235678
7246758
7257839
7268920
7280000
7291081
7302162
7313242
7324324
7335405
7346485
7357565
7368646
7379727
7390807
7401888
7412968
7424049
7435130
7446210
7457291
7468372
7479453
7490533
7501614
7512695
7523775
7534856
7545936
7557017
7568098
7579179
7590259
7601340
7612421
7623501
7634582
7645663
7656743
7667824
7678905
7689985
7701066
7712147
7723227
7734308
7745389
7756469
7767550
7778631
7789711
7800792
7811873
7822953
7834034
7845115
7856195
7867276
7878357
7889437
7900518
7911599
7922680
7933760
7944841
7955921
7967002
7978083
7989164
8000244
8011325
8022405
8033486
8044567
8055648
8066728
8077809
8088890
8099970
8111051
8122132
8133212
8144293
8155373
8166454
8177535
8188616
8199696
8210777
8221857
8232938
8244019
8255099
8266180
8277261
8288342
8299422
8310503
8321584
8332665
8343745
8354825
8365906
8376987
8388068
8399148
8410229
8421310
8432390
8443471
8454551
8465632
8476713
8487795
8498874
8509955
8521036
8532116
8543197
8554277
8565358
8576439
8587520
8598600
8609681
8620762
8631843
8642923
8654004
8665084
8676165
8687246
8698326
8709407
8720488
8731569
8742649
8753730
8764810
8775891
8786972
8798052
8809133
8820215
8831294
8842375
8853456
8864536
8875617
8886698
8897778
8908859
8919940
8931021
8942101
8953182
8964262
8975343
8986424
8997504
9008585
9019666
9030746
9041827
9052908
9063988
9075069
9086150
9097231
9108311
9119392
9130473
9141553
9152635
9163715
9174795
9185876
9196957
9208037
9219118
9230198
9241279
9252360
9263440
9274521
9285602
9296682
9307763
9318845
9329925
9341005
9352086
9363167
9374247
9385328
9396408
9407490
9418570
9429650
9440731
9451812
9462893
9473973
9485055
9496135
9507215
9518296
9529377
9540457
9551538
9562619
9573699
9584780
9595861
9606941
9618022
9629102
9640183
9651264
9662345
9673425
9684506
9695587
9706667
9717748
9728829
9739909
9750990
9762071
9773151
9784232
9795313
9806393
9817474
9828555
9839635
9850716
9861797
9872877
9883958
9895039
9906119
9917200
9928281
9939361
9950442
9961523
9972604
9983684
9994765
10005845
10016926
10028007
10039088
10050168
10061249
10072330
10083411
10094491
10105571
10116652
10127733
10138814
10149894
10160975
10172056
10183137
10194217
10205298
10216378
10227459
10238539
10249620
10260701
10271781
10282862
10293943
10305024
10316105
10327186
10338266
10349346
10360427
10371507
10382588
10393669
10404749
10415830
10426911
10437992
10449072
10460153
10471233
10482314
10493396
10504476
10515556
10526637
10537718
10548798
10559879
10570960
10582040
10593121
10604202
10615282
10626363
10637444
10648525
10659605
10670686
10681766
10692847
10703928
10715008
10726089
10737170
10748250
10759331
10770412
10781492
10792573
10803654
10814735
10825815
10836896
10847976
10859057
10870138
10881218
10892299
10903380
10914461
10925541
10936622
10947702
10958783
10969864
10980945
10992025
11003106
11014186
11025267
11036348
11047428
11058509
11069590
11080671
11091751
11102832
11113913
11124993
11136074
11147154
11158236
11169316
11180397
11191477
11202558
11213638
11224719
11235800
11246881
11257961
11269042
11280123
11291203
11302284
11313365
11324445
11335526
11346607
11357687
11368768
11379848
11390929
11402010
11413091
11424171
11435252
11446333
11457413
11468494
11479574
11490655
11501736
11512817
11523897
11534978
11546059
11557139
11568220
11579301
11590381
11601462
11612543
11623623
11634704
11645785
11656865
11667946
11679027
11690107
11701188
11712269
11723349
11734430
11745511
11756591
11767672
11778753
11789833
11800914
11811995
11823075
11834156
11845237
11856317
11867398
11878479
11889559
11900640
11911721
11922802
11933882
11944963
11956043
11967124
11978205
11989285
12000366
12011447
12022528
12033608
12044689
12055770
12066850
12077931
12089012
12100092
12111173
12122254
12133334
12144416
12155495
12166576
12177657
12188737
12199818
12210899
12221980
12233060
12244141
12255221
12266302
12277383
12288464
12299544
12310627
12321707
12332786
12343867
12354948
12366028
12377109
12388190
12399270
12410351
12421432
12432512
12443593
12454673
12465754
12476835
12487915
12498996
12510077
12521158
12532238
12543319
12554400
12565480
12576561
12587642
12598722
12609803
12620884
12631964
12643045
12654126
12665206
12676287
12687368
12698449
12709529
12720610
12731690
12742771
12753852
12764932
12776013
12787094
12798175
12809255
12820336
12831416
12842497
12853578
12864658
12875739
12886820
12897900
12908981
12920062
12931142
12942223
12953304
12964385
12975465
12986546
12997627
13008707
13019788
13030868
13041949
13053030
13064110
13075191
13086272
13097353
13108433
13119514
13130595
13141675
13152756
13163836
13174917
13185998
13197078
13208159
13219240
13230321
13241401
13252482
13263562
13274643
13285724
13296804
13307886
13318966
13330047
13341127
13352208
13363289
13374369
13385450
13396531
13407611
13418692
13429773
13440853
13451934
13463015
13474097
13485176
13496256
13507337
13518418
13529499
13540579
13551660
13562741
13573822
13584902
13595983
13607063
13618144
13629225
13640306
13651386
13662467
13673547
13684628
13695709
13706789
13717870
13728951
13740031
13751112
13762193
13773273
13784354
13795435
13806516
13817596
13828677
13839757
13850838
13861919
13872999
13884080
13895161
13906242
13917322
13928403
13939484
13950564
13961645
13972726
13983806
13994887
14005968
14017048
14028129
14039210
14050290
14061371
14072452
14083532
14094613
14105694
14116774
14127855
14138936
14150016
14161097
14172178
14183258
14194339
14205420
14216500
14227581
14238662
14249742
14260823
14271904
14282984
14294065
14305146
14316227
14327307
14338388
14349468
14360549
14371630
14382710
14393791
14404872
14415952
14427033
14438114
14449194
14460275
14471356
14482437
14493517
14504598
14515678
14526759
14537840
14548920
14560001
14571082
14582162
14593243
14604324
14615404
14626485
14637566
14648646
14659727
14670808
14681888
14692969
14704051
14715130
14726211
14737292
14748372
14759453
14770534
14781615
14792695
14803777
14814856
14825937
14837018
14848098
14859179
14870260
14881341
14892421
14903502
14914583
14925664
14936744
14947824
14958905
14969986
14981067
14992147
15003228
15014309
15025389
15036470
15047551
15058631
15069712
15080793
15091873
15102954
15114035
15125115
15136196
15147277
15158357
15169438
15180519
15191599
15202680
15213761
15224841
15235922
15247002
15258083
15269164
15280245
15291325
15302407
15313487
15324567
15335648
15346729
15357809
15368890
15379971
15391051
15402132
15413213
15424293
15435374
15446455
15457535
15468616
15479696
15490777
15501858
15512939
15524020
15535100
15546181
15557261
15568342
15579423
15590503
15601584
15612665
15623746
15634828
15645907
15656987
15668068
15679148
15690229
15701310
15712391
15723471
15734552
15745633
15756713
15767794
15778875
15789956
15801036
15812117
15823197
15834278
15845359
15856439
15867520
15878601
15889682
15900762
15911843
15922923
15934004
15945085
15956166
15967246
15978327
15989407
16000488
16011569
16022649
16033730
16044811
16055892
16066972
16078053
16089134
16100214
16111295
16122376
16133457
16144537
16155618
16166698
16177779
16188860
16199940
16211021
16222102
16233182
16244263
16255344
16266424
16277505
16288586
16299667
16310747
16321828
16332908
16343989
16355070
16366150
16377231
16388312
16399392
16410473
16421554
16432634
16443715
16454796
16465876
16476957
16488038
16499118
16510199
16521280
16532360
16543441
16554522
16565602
16576683
16587764
16598844
16609925
16621006
16632087
16643167
16654248
16665329
16676409
16687490
16698571
16709651
16720732
16731813
16742893
16753974
16765054
16776135
16787216
16798297
16809377
16820458
16831539
16842619
16853700
16864781
16875861
16886942
16898023
16909103
16920184
16931265
16942345
16953426
16964507
16975587
16986668
16997749
17008829
17019910
17030991
17042071
17053152
17064232
17075314
17086394
17097475
17108555
17119636
17130717
17141797
17152878
17163958
17175039
17186120
17197201
17208281
17219362
17230443
17241523
17252604
17263685
17274766
17285846
17296928
17308008
17319088
17330169
17341249
17352330
17363411
17374491
17385572
17396653
17407733
17418814
17429895
17440975
17452056
17463137
17474218
17485298
17496379
17507460
17518540
17529621
17540702
17551782
17562863
17573944
17585024
17596105
17607185
17618266
17629347
17640427
17651508
17662589
17673670
17684750
17695831
17706912
17717992
17729073
17740154
17751234
17762315
17773396
17784476
17795559
17806637
17817718
17828799
17839879
17850960
17862041
17873122
17884202
17895284
17906364
17917444
17928525
17939605
17950686
17961768
17972848
17983928
17995009
18006090
18017170
18028251
18039331
18050412
18061493
18072574
18083654
18094735
18105816
18116897
18127977
18139058
18150139
18161219
18172300
18183380
18194461
18205542
18216622
18227703
18238784
18249864
18260945
18272026
18283106
18294188
18305268
18316349
18327429
18338510
18349590
18360671
18371752
18382833
18393913
18404994
18416074
18427155
18438236
18449316
18460398
18471478
18482558
18493639
18504720
18515800
18526881
18537962
18549043
18560123
18571204
18582285
18593365
18604446
18615527
18626608
18637688
18648769
18659849
18670930
18682010
18693092
18704172
18715252
18726333
18737414
18748495
18759575
18770656
18781737
18792817
18803898
18814979
18826059
18837140
18848221
18859301
18870382
18881463
18892543
18903624
18914705
18925785
18936866
18947947
18959028
18970108
18981189
18992269
19003350
19014431
19025512
19036592
19047673
19058753
19069834
19080915
19091995
19103076
19114157
19125238
19136318
19147399
19158480
19169560
19180641
19191721
19202802
19213883
19224964
19236044
19247125
19258206
19269286
19280367
19291448
19302529
19313609
19324689
19335770
19346851
19357932
19369012
19380093
19391174
19402254
19413335
19424416
19435496
19446577
19457658
19468738
19479819
19490899
19501980
19513061
19524141
19535222
19546303
19557384
19568464
19579545
19590626
19601706
19612787
19623868
19634948
19646029
19657110
19668190
19679271
19690352
19701433
19712513
19723593
19734674
19745755
19756836
19767916
19778997
19790078
19801158
19812239
19823320
19834400
19845481
19856562
19867642
19878723
19889804
19900885
19911965
19923046
19934126
19945207
19956288
19967368
19978449
