11081
22162
33242
44323
55404
66484
77565
88645
99726
110807
121887
132968
144049
155129
166210
177291
188371
199452
210533
221614
232694
243775
254855
265936
277017
288097
299178
310259
321339
332420
343501
354582
365662
376743
387824
398904
409985
421066
432146
443227
454308
465388
476469
487550
498630
509711
520792
531872
542953
554033
565114
576195
587276
598356
609437
620518
631598
642679
653760
664840
675921
687002
698082
709163
720244
731324
742405
753486
764566
775647
786728
797808
808889
819970
831050
842131
853212
864292
875373
886454
897534
908615
919696
930776
941857
952938
964018
975099
986180
997261
1008342
1019422
1030502
1041583
1052664
1063744
1074825
1085906
1096986
1108067
1119148
1130229
1141309
1152390
1163471
1174551
1185632
1196712
1207793
1218874
1229955
1241035
1252116
1263196
1274277
1285358
1296438
1307519
1318600
1329681
1340761
1351842
1362922
1374003
1385084
1396165
1407246
1418326
1429407
1440487
1451568
1462649
1473729
1484810
1495891
1506972
1518052
1529133
1540213
1551294
1562375
1573455
1584536
1595617
1606698
1617778
1628859
1639939
1651020
1662101
1673181
1684262
1695343
1706423
1717504
1728585
1739665
1750746
1761827
1772907
1783988
1795069
1806150
1817231
1828312
1839392
1850473
1861554
1872634
1883715
1894796
1905876
1916957
1928038
1939119
1950199
1961280
1972360
1983441
1994522
2005603
2016683
2027764
2038844
2049925
2061006
2072087
2083167
2094248
2105328
2116409
2127490
2138571
2149651
2160732
2171813
2182893
2193974
2205055
2216135
2227216
2238297
2249377
2260458
2271538
2282619
2293700
2304780
2315861
2326942
2338023
2349103
2360184
2371265
2382345
2393426
2404506
2415587
2426668
2437749
2448829
2459910
2470991
2482071
2493152
2504232
2515313
2526394
2537474
2548555
2559636
2570717
2581797
2592878
2603959
2615039
2626120
2637201
2648281
2659362
2670443
2681524
2692604
2703685
2714765
2725846
2736926
2748007
2759088
2770169
2781249
2792330
2803411
2814491
2825572
2836653
2847733
2858814
2869895
2880975
2892056
2903137
2914217
2925298
2936379
2947459
2958540
2969621
2980701
2991782
3002864
3013944
3025024
3036105
3047185
3058266
3069347
3080428
3091508
3102589
3113669
3124750
3135831
3146911
3157992
3169073
3180153
3191234
3202315
3213396
3224476
3235557
3246637
3257718
3268799
3279880
3290960
3302041
3313121
3324202
3335283
3346364
3357444
3368525
3379605
3390686
3401768
3412848
3423928
3435009
3446090
3457170
3468251
3479331
3490412
3501493
3512573
3523654
3534735
3545816
3556896
3567977
3579058
3590138
3601219
3612300
3623380
3634461
3645542
3656622
3667703
3678784
3689864
3700945
3712026
3723106
3734187
3745268
3756349
3767429
3778510
3789590
3800671
3811752
3822832
3833913
3844994
3856074
3867157
3878236
3889316
3900397
3911478
3922558
3933639
3944720
3955801
3966882
3977962
3989043
4000125
4011204
4022285
4033365
4044446
4055527
4066607
4077688
4088769
4099849
4110930
4122011
4133091
4144172
4155253
4166333
4177414
4188494
4199575
4210656
4221737
4232817
4243898
4254979
4266059
4277141
4288221
4299301
4310382
4321463
4332544
4343624
4354705
4365785
4376866
4387947
4399027
4410108
4421189
4432269
4443350
4454431
4465511
4476592
4487673
4498753
4509834
4520915
4531995
4543076
4554157
4565237
4576318
4587400
4598480
4609560
4620641
4631722
4642802
4653883
4664963
4676044
4687125
4698205
4709286
4720367
4731447
4742528
4753609
4764689
4775770
4786851
4797932
4809013
4820093
4831174
4842254
4853335
4864416
4875496
4886577
4897658
4908738
4919819
4930900
4941980
4953061
4964141
4975223
4986303
4997384
5008465
5019545
5030626
5041706
5052787
5063868
5074948
5086029
5097109
5108190
5119271
5130352
5141432
5152513
5163594
5174674
5185755
5196836
5207916
5218997
5230078
5241158
5252239
5263320
5274400
5285481
5296562
5307642
5318723
5329804
5340884
5351965
5363046
5374126
5385207
5396288
5407368
5418449
5429530
5440610
5451691
5462772
5473853
5484933
5496014
5507094
5518175
5529256
5540337
5551417
5562498
5573578
5584659
5595740
5606820
5617901
5628982
5640063
5651143
5662224
5673304
5684385
5695466
5706546
5717627
5728708
5739789
5750869
5761950
5773031
5784111
5795192
5806273
5817353
5828435
5839514
5850595
5861676
5872756
5883837
5894918
5905999
5917079
5928160
5939240
5950321
5961402
5972483
5983563
5994645
6005725
6016805
6027886
6038967
6050047
6061128
6072209
6083289
6094370
6105451
6116531
6127612
6138693
6149773
6160854
6171935
6183016
6194096
6205177
6216257
6227338
6238419
6249499
6260580
6271661
6282741
6293822
6304903
6315983
6327064
6338146
6349225
6360306
6371387
6382468
6393549
6404630
6415710
6426790
6437871
6448952
6460032
6471113
6482193
6493274
6504355
6515436
6526516
6537597
6548677
6559758
6570839
6581920
6593000
6604081
6615161
6626242
6637323
6648403
6659484
6670565
6681646
6692726
6703807
6714888
6725968
6737049
6748130
6759210
6770291
6781372
6792453
6803533
6814614
6825694
6836775
6847856
6858939
6870017
6881098
6892178
6903259
6914340
6925420
6936501
6947582
6958663
6969743
6980824
6991905
7002986
7014066
7025146
7036227
7047308
7058388
7069469
7080550
7091630
7102711
7113792
7124872
7135953
7147034
7158115
7169195
7180276
7191357
7202437
7213518
7224598
7235679
7246760
7257840
7268921
7280002
7291082
7302163
7313244
7324325
7335405
7346486
7357567
7368647
7379728
7390809
7401889
7412970
7424050
7435131
7446212
7457292
7468374
7479454
7490534
7501615
7512696
7523777
7534857
7545938
7557019
7568099
7579180
7590261
7601342
7612422
7623503
7634583
7645664
7656745
7667825
7678906
7689987
7701067
7712148
7723229
7734309
7745390
7756471
7767551
7778632
7789713
7800793
7811874
7822955
7834035
7845116
7856197
7867277
7878358
7889439
7900520
7911600
7922681
7933761
7944842
7955923
7967003
7978084
7989166
8000246
8011327
8022407
8033488
8044568
8055649
8066729
8077810
8088891
8099971
8111052
8122133
8133214
8144294
8155375
8166455
8177536
8188617
8199698
8210779
8221859
8232939
8244021
8255101
8266181
8277262
8288343
8299423
8310504
8321585
8332666
8343746
8354827
8365907
8376988
8388069
8399150
8410230
8421311
8432391
8443472
8454553
8465634
8476714
8487795
8498875
8509956
8521037
8532118
8543198
8554279
8565360
8576440
8587521
8598602
8609682
8620763
8631844
8642924
8654005
8665086
8676166
8687247
8698328
8709409
8720489
8731570
8742650
8753731
8764812
8775893
8786973
8798054
8809135
8820216
8831296
8842377
8853457
8864538
8875619
8886699
8897780
8908860
8919941
8931022
8942103
8953183
8964264
8975345
8986426
8997507
9008586
9019667
9030748
9041829
9052909
9063990
9075071
9086151
9097232
9108312
9119393
9130474
9141554
9152635
9163716
9174797
9185877
9196958
9208039
9219119
9230200
9241281
9252361
9263442
9274523
9285603
9296684
9307765
9318845
9329926
9341007
9352087
9363168
9374249
9385330
9396410
9407491
9418571
9429652
9440733
9451813
9462894
9473975
9485055
9496136
9507217
9518297
9529378
9540459
9551539
9562620
9573701
9584782
9595863
9606943
9618023
9629104
9640185
9651266
9662346
9673427
9684508
9695588
9706669
9717750
9728830
9739911
9750991
9762072
9773153
9784234
9795314
9806395
9817475
9828556
9839637
9850718
9861798
9872879
9883960
9895041
9906121
9917201
9928282
9939363
9950444
9961524
9972605
9983687
9994767
10005847
10016928
10028008
10039089
10050169
10061250
10072331
10083412
10094492
10105573
10116654
10127734
10138815
10149896
10160976
10172057
10183138
10194219
10205299
10216380
10227460
10238541
10249622
10260702
10271783
10282864
10293944
10305025
10316106
10327186
10338267
10349348
10360428
10371509
10382590
10393670
10404751
10415832
10426913
10437993
10449074
10460154
10471235
10482316
10493396
10504477
10515558
10526639
10537719
10548800
10559881
10570961
10582042
10593122
10604203
10615284
10626364
10637445
10648526
10659606
10670687
10681768
10692848
10703929
10715010
10726091
10737171
10748252
10759333
10770413
10781494
10792574
10803655
10814736
10825817
10836897
10847978
10859059
10870139
10881221
10892301
10903381
10914462
10925543
10936623
10947704
10958785
10969865
10980947
10992027
11003108
11014188
11025269
11036349
11047430
11058511
11069591
11080672
11091753
11102833
11113914
11124995
11136075
11147156
11158237
11169317
11180398
11191479
11202560
11213640
11224721
11235802
11246882
11257963
11269043
11280124
11291205
11302286
11313366
11324447
11335528
11346608
11357689
11368769
11379850
11390931
11402012
11413092
11424173
11435254
11446334
11457415
11468495
11479576
11490657
11501738
11512818
11523899
11534980
11546060
11557141
11568221
11579302
11590383
11601464
11612544
11623625
11634706
11645786
11656867
11667948
11679028
11690109
11701190
11712271
11723351
11734432
11745512
11756593
11767674
11778755
11789835
11800916
11811998
11823077
11834158
11845238
11856319
11867400
11878480
11889561
11900642
11911722
11922803
11933884
11944964
11956045
11967126
11978207
11989287
12000368
12011449
12022529
12033610
12044691
12055771
12066852
12077933
12089013
12100094
12111174
12122255
12133336
12144417
12155497
12166578
12177662
12188739
12199820
12210901
12221982
12233062
12244143
12255223
12266304
12277385
12288465
12299546
12310627
12321708
12332788
12343869
12354949
12366030
12377111
12388192
12399272
12410353
12421433
12432514
12443595
12454675
12465756
12476837
12487917
12498998
12510079
12521159
12532240
12543321
12554401
12565482
12576563
12587643
12598724
12609805
12620885
12631966
12643047
12654127
12665208
12676289
12687369
12698450
12709531
12720612
12731692
12742773
12753854
12764934
12776015
12787096
12798176
12809257
12820337
12831418
12842499
12853579
12864660
12875741
12886822
12897902
12908983
12920064
12931144
12942225
12953305
12964386
12975468
12986548
12997628
13008709
13019789
13030870
13041951
13053032
13064112
13075193
13086274
13097355
13108435
13119516
13130596
13141677
13152757
13163838
13174919
13186000
13197080
13208161
13219242
13230322
13241403
13252484
13263564
13274645
13285726
13296806
13307887
13318968
13330048
13341129
13352210
13363290
13374371
13385452
13396532
13407613
13418694
13429774
13440855
13451936
13463017
13474097
13485178
13496258
13507339
13518420
13529500
13540581
13551662
13562742
13573823
13584904
13595984
13607065
13618146
13629226
13640307
13651388
13662468
13673549
13684630
13695710
13706791
13717872
13728953
13740033
13751114
13762195
13773277
13784357
13795437
13806517
13817598
13828679
13839759
13850840
13861921
13873002
13884082
13895163
13906243
13917324
13928404
13939485
13950566
13961647
13972729
13983808
13994889
14005969
14017050
14028131
14039211
14050292
14061373
14072453
14083534
14094615
14105695
14116776
14127857
14138937
14150018
14161099
14172180
14183261
14194341
14205422
14216502
14227583
14238663
14249744
14260825
14271906
14282986
14294067
14305148
14316228
14327309
14338389
14349470
14360551
14371632
14382712
14393793
14404874
14415954
14427035
14438115
14449196
14460277
14471358
14482438
14493519
14504600
14515680
14526761
14537841
14548922
14560003
14571084
14582164
14593245
14604325
14615406
14626487
14637568
14648648
14659729
14670810
14681890
14692971
14704052
14715132
14726213
14737294
14748374
14759455
14770536
14781616
14792697
14803779
14814858
14825939
14837020
14848100
14859181
14870262
14881342
14892423
14903504
14914584
14925665
14936746
14947826
14958907
14969988
14981069
14992149
15003230
15014310
15025391
15036472
15047553
15058633
15069714
15080795
15091875
15102956
15114037
15125117
15136198
15147279
15158359
15169441
15180521
15191601
15202682
15213763
15224843
15235924
15247004
15258085
15269166
15280247
15291327
15302408
15313488
15324570
15335650
15346731
15357811
15368892
15379973
15391053
15402134
15413214
15424295
15435376
15446457
15457537
15468618
15479699
15490779
15501860
15512940
15524021
15535103
15546183
15557263
15568344
15579425
15590505
15601586
15612667
15623747
15634829
15645909
15656989
15668070
15679151
15690232
15701312
15712393
15723473
15734554
15745635
15756715
15767796
15778877
15789958
15801038
15812119
15823199
15834280
15845361
15856442
15867522
15878603
15889684
15900764
15911845
15922926
15934006
15945087
15956167
15967249
15978330
15989409
16000490
16011571
16022652
16033732
16044813
16055893
16066974
16078055
16089135
16100217
16111297
16122378
16133458
16144539
16155620
16166700
16177781
16188862
16199942
16211023
16222104
16233184
16244265
16255346
16266426
16277507
16288588
16299668
16310749
16321830
16332910
16343991
16355072
16366153
16377233
16388314
16399394
16410475
16421556
16432636
16443717
16454798
16465878
16476959
16488040
16499121
16510201
16521282
16532363
16543443
16554524
16565605
16576685
16587766
16598847
16609927
16621008
16632089
16643169
16654250
16665330
16676411
16687492
16698573
16709654
16720734
16731815
16742895
16753976
16765058
16776137
16787218
16798299
16809379
16820460
16831541
16842621
16853702
16864783
16875863
16886944
16898025
16909105
16920186
16931267
16942347
16953428
16964509
16975589
16986670
16997751
17008831
17019912
17030993
17042073
17053154
17064235
17075315
17086396
17097477
17108557
17119638
17130719
17141799
17152880
17163961
17175041
17186122
17197203
17208283
17219364
17230445
17241526
17252606
17263687
17274768
17285848
17296929
17308009
17319090
17330171
17341252
17352332
17363413
17374494
17385575
17396655
17407735
17418816
17429897
17440978
17452058
17463139
17474220
17485300
17496381
17507462
17518542
17529623
17540704
17551784
17562865
17573946
17585026
17596107
17607188
17618268
17629349
17640430
17651510
17662591
17673672
17684752
17695833
17706914
17717994
17729075
17740156
17751236
17762317
17773398
17784478
17795560
17806640
17817720
17828801
17839882
17850962
17862043
17873124
17884204
17895285
17906366
17917446
17928527
17939608
17950689
17961770
17972850
17983931
17995011
18006092
18017173
18028253
18039334
18050415
18061495
18072576
18083657
18094737
18105818
18116899
18127979
18139060
18150140
18161221
18172302
18183383
18194463
18205544
18216625
18227705
18238786
18249867
18260947
18272028
18283108
18294189
18305270
18316351
18327431
18338512
18349593
18360673
18371754
18382835
18393915
18404996
18416077
18427157
18438238
18449319
18460399
18471480
18482561
18493641
18504722
18515803
18526883
18537964
18549045
18560125
18571206
18582287
18593367
18604448
18615529
18626609
18637690
18648771
18659851
18670932
18682013
18693093
18704174
18715255
18726335
18737416
18748497
18759578
18770659
18781739
18792820
18803900
18814981
18826062
18837142
18848223
18859303
18870384
18881465
18892546
18903626
18914707
18925787
18936868
18947949
18959031
18970111
18981191
18992272
19003352
19014433
19025514
19036594
19047675
19058756
19069836
19080917
19091998
19103078
19114159
19125239
19136320
19147401
19158482
19169562
19180643
19191724
19202804
19213885
19224965
19236046
19247127
19258208
19269288
19280369
19291450
19302530
19313611
19324692
19335773
19346853
19357934
19369015
19380095
19391177
19402257
19413337
19424418
19435498
19446580
19457660
19468740
19479821
19490902
19501983
19513063
19524144
19535224
19546305
19557386
19568467
19579547
19590628
19601708
19612789
19623870
19634951
19646031
19657112
19668192
19679273
19690354
19701435
19712515
19723596
19734677
19745757
19756838
19767919
19778999
19790080
19801161
19812241
19823322
19834403
19845483
19856564
19867645
19878725
19889806
19900887
19911967
19923048
19934129
19945209
19956291
19967371
19978451
