11080
22161
33242
44322
55403
66483
77564
88645
99725
110806
121887
132967
144048
155128
166209
177290
188370
199451
210532
221612
232693
243774
254854
265935
277015
288096
299177
310257
321338
332419
343499
354580
365660
376741
387822
398902
409983
421064
432144
443225
454306
465386
476467
487547
498628
509709
520790
531870
542951
554031
565112
576192
587273
598354
609434
620515
631596
642676
653757
664838
675918
686999
698080
709160
720241
731322
742402
753483
764563
775644
786725
797805
808886
819966
831047
842128
853208
864289
875370
886450
897531
908612
919692
930773
941853
952934
964015
975095
986176
997257
1008338
1019418
1030499
1041579
1052660
1063740
1074821
1085902
1096982
1108063
1119144
1130224
1141305
1152386
1163466
1174547
1185628
1196708
1207789
1218869
1229950
1241031
1252111
1263192
1274272
1285353
1296434
1307514
1318595
1329676
1340756
1351837
1362918
1373998
1385079
1396159
1407240
1418321
1429401
1440482
1451563
1462643
1473724
1484805
1495885
1506966
1518047
1529127
1540208
1551288
1562369
1573450
1584530
1595611
1606691
1617772
1628853
1639934
1651014
1662095
1673176
1684256
1695337
1706417
1717498
1728579
1739659
1750740
1761820
1772901
1783981
1795062
1806143
1817223
1828304
1839385
1850466
1861546
1872627
1883707
1894788
1905869
1916949
1928030
1939111
1950191
1961272
1972352
1983433
1994514
2005594
2016675
2027756
2038837
2049917
2060998
2072079
2083160
2094240
2105321
2116402
2127482
2138563
2149643
2160724
2171805
2182885
2193966
2205047
2216127
2227208
2238289
2249369
2260450
2271531
2282611
2293692
2304772
2315853
2326934
2338014
2349095
2360176
2371256
2382337
2393418
2404498
2415579
2426659
2437740
2448821
2459901
2470982
2482063
2493143
2504224
2515304
2526385
2537466
2548546
2559627
2570708
2581788
2592869
2603950
2615030
2626111
2637191
2648272
2659353
2670433
2681514
2692595
2703675
2714756
2725836
2736917
2747998
2759079
2770159
2781240
2792320
2803401
2814482
2825562
2836645
2847723
2858804
2869885
2880965
2892046
2903127
2914207
2925288
2936369
2947449
2958530
2969610
2980691
2991772
3002852
3013933
3025013
3036094
3047175
3058256
3069336
3080417
3091497
3102578
3113658
3124739
3135820
3146900
3157981
3169063
3180143
3191223
3202304
3213384
3224465
3235546
3246626
3257707
3268788
3279868
3290949
3302030
3313110
3324191
3335271
3346352
3357432
3368513
3379594
3390675
3401755
3412836
3423916
3434997
3446078
3457158
3468239
3479320
3490400
3501481
3512561
3523642
3534723
3545803
3556884
3567965
3579046
3590126
3601207
3612287
3623368
3634448
3645529
3656610
3667691
3678771
3689852
3700932
3712013
3723094
3734174
3745255
3756335
3767416
3778497
3789577
3800658
3811738
3822819
3833902
3844981
3856061
3867142
3878222
3889303
3900384
3911464
3922545
3933626
3944706
3955787
3966867
3977948
3989029
4000109
4011190
4022271
4033351
4044432
4055512
4066593
4077674
4088754
4099835
4110916
4121996
4133077
4144157
4155238
4166319
4177399
4188480
4199561
4210641
4221722
4232803
4243883
4254964
4266044
4277125
4288206
4299287
4310367
4321448
4332529
4343609
4354690
4365770
4376851
4387931
4399012
4410092
4421174
4432254
4443335
4454416
4465496
4476576
4487657
4498738
4509819
4520899
4531980
4543060
4554141
4565222
4576302
4587383
4598464
4609544
4620625
4631706
4642786
4653867
4664947
4676028
4687109
4698189
4709270
4720351
4731431
4742512
4753592
4764673
4775754
4786834
4797915
4808996
4820076
4831159
4842237
4853318
4864399
4875479
4886560
4897640
4908721
4919802
4930883
4941963
4953044
4964124
4975205
4986286
4997366
5008447
5019528
5030608
5041689
5052770
5063850
5074931
5086011
5097092
5108173
5119254
5130334
5141415
5152495
5163576
5174656
5185737
5196818
5207898
5218979
5230060
5241140
5252221
5263302
5274382
5285463
5296543
5307624
5318705
5329787
5340866
5351947
5363027
5374108
5385189
5396269
5407350
5418430
5429512
5440592
5451672
5462753
5473833
5484914
5495995
5507075
5518156
5529237
5540317
5551398
5562479
5573559
5584640
5595720
5606801
5617882
5628963
5640043
5651124
5662205
5673285
5684366
5695446
5706527
5717608
5728688
5739768
5750849
5761930
5773011
5784091
5795172
5806252
5817333
5828415
5839495
5850575
5861656
5872736
5883817
5894898
5905978
5917059
5928139
5939220
5950301
5961382
5972462
5983543
5994623
6005704
6016785
6027865
6038946
6050027
6061107
6072188
6083268
6094349
6105430
6116510
6127591
6138671
6149753
6160833
6171913
6182994
6194075
6205155
6216236
6227317
6238397
6249478
6260559
6271639
6282720
6293800
6304881
6315962
6327043
6338123
6349204
6360284
6371365
6382446
6393526
6404607
6415687
6426768
6437849
6448929
6460010
6471090
6482171
6493252
6504332
6515413
6526494
6537574
6548655
6559736
6570816
6581897
6592978
6604058
6615139
6626219
6637300
6648381
6659461
6670542
6681622
6692703
6703784
6714865
6725945
6737025
6748106
6759187
6770268
6781348
6792429
6803509
6814590
6825672
6836752
6847832
6858913
6869993
6881074
6892155
6903235
6914316
6925396
6936477
6947558
6958639
6969719
6980800
6991881
7002961
7014041
7025122
7036203
7047284
7058364
7069445
7080526
7091606
7102687
7113767
7124848
7135928
7147009
7158090
7169170
7180251
7191332
7202412
7213493
7224574
7235654
7246735
7257815
7268896
7279977
7291057
7302138
7313219
7324299
7335380
7346460
7357541
7368622
7379702
7390783
7401864
7412944
7424025
7435106
7446186
7457267
7468347
7479428
7490509
7501589
7512670
7523751
7534831
7545912
7556993
7568073
7579154
7590234
7601315
7612396
7623477
7634557
7645638
7656719
7667799
7678880
7689960
7701041
7712121
7723202
7734283
7745363
7756444
7767524
7778605
7789686
7800766
7811847
7822930
7834009
7845089
7856170
7867250
7878331
7889411
7900492
7911573
7922654
7933734
7944815
7955896
7966976
7978057
7989137
8000218
8011298
8022379
8033460
8044541
8055621
8066701
8077782
8088863
8099944
8111024
8122105
8133185
8144266
8155347
8166427
8177508
8188589
8199669
8210750
8221831
8232911
8243992
8255072
8266153
8277234
8288314
8299395
8310476
8321556
8332637
8343717
8354798
8365879
8376959
8388040
8399121
8410202
8421282
8432363
8443443
8454524
8465604
8476685
8487766
8498846
8509927
8521008
8532088
8543169
8554250
8565330
8576411
8587491
8598572
8609653
8620734
8631814
8642895
8653976
8665056
8676137
8687217
8698298
8709378
8720459
8731539
8742620
8753701
8764782
8775862
8786943
8798023
8809104
8820185
8831266
8842346
8853427
8864507
8875588
8886668
8897749
8908830
8919911
8930991
8942072
8953152
8964233
8975314
8986395
8997475
9008556
9019636
9030717
9041798
9052878
9063958
9075039
9086120
9097200
9108281
9119362
9130443
9141523
9152604
9163684
9174765
9185846
9196926
9208007
9219088
9230169
9241249
9252329
9263410
9274491
9285571
9296652
9307733
9318814
9329894
9340974
9352055
9363136
9374216
9385297
9396378
9407458
9418539
9429620
9440700
9451781
9462861
9473942
9485023
9496103
9507184
9518265
9529345
9540426
9551507
9562587
9573668
9584749
9595829
9606910
9617990
9629071
9640152
9651233
9662313
9673393
9684474
9695555
9706635
9717716
9728796
9739877
9750958
9762038
9773119
9784200
9795280
9806361
9817444
9828522
9839603
9850684
9861764
9872845
9883926
9895006
9906087
9917167
9928248
9939329
9950410
9961490
9972571
9983651
9994732
10005813
10016893
10027974
10039054
10050135
10061215
10072296
10083377
10094458
10105538
10116619
10127699
10138780
10149861
10160941
10172022
10183103
10194183
10205264
10216345
10227425
10238506
10249586
10260667
10271748
10282828
10293909
10304990
10316071
10327151
10338231
10349312
10360393
10371473
10382554
10393634
10404715
10415796
10426877
10437957
10449038
10460118
10471199
10482280
10493360
10504441
10515522
10526602
10537683
10548764
10559844
10570925
10582005
10593086
10604167
10615247
10626328
10637409
10648489
10659570
10670651
10681731
10692812
10703892
10714973
10726053
10737134
10748215
10759296
10770376
10781457
10792537
10803618
10814699
10825779
10836860
10847941
10859021
10870102
10881183
10892263
10903344
10914424
10925505
10936586
10947666
10958747
10969827
10980910
10991989
11003070
11014150
11025231
11036311
11047392
11058472
11069553
11080634
11091714
11102795
11113876
11124956
11136037
11147118
11158198
11169279
11180360
11191440
11202521
11213602
11224682
11235763
11246843
11257924
11269005
11280085
11291166
11302247
11313328
11324408
11335488
11346569
11357649
11368730
11379811
11390892
11401972
11413053
11424134
11435214
11446295
11457375
11468456
11479537
11490617
11501698
11512779
11523859
11534940
11546021
11557101
11568182
11579262
11590343
11601424
11612504
11623585
11634665
11645746
11656826
11667907
11678988
11690069
11701149
11712230
11723310
11734391
11745472
11756552
11767633
11778714
11789794
11800875
11811958
11823036
11834117
11845197
11856278
11867359
11878440
11889520
11900601
11911681
11922762
11933843
11944923
11956004
11967084
11978165
11989245
12000327
12011408
12022488
12033568
12044649
12055729
12066810
12077891
12088971
12100052
12111133
12122213
12133294
12144375
12155455
12166536
12177617
12188697
12199778
12210859
12221940
12233020
12244100
12255181
12266261
12277342
12288423
12299503
12310586
12321665
12332745
12343826
12354907
12365987
12377068
12388148
12399229
12410310
12421391
12432471
12443552
12454632
12465713
12476794
12487874
12498955
12510036
12521116
12532197
12543277
12554358
12565439
12576519
12587600
12598680
12609761
12620842
12631923
12643003
12654083
12665164
12676245
12687325
12698406
12709487
12720567
12731648
12742729
12753809
12764890
12775971
12787051
12798132
12809214
12820293
12831374
12842455
12853535
12864616
12875697
12886777
12897858
12908938
12920019
12931100
12942180
12953261
12964341
12975422
12986502
12997583
13008664
13019745
13030826
13041906
13052986
13064067
13075148
13086228
13097309
13108389
13119470
13130551
13141632
13152712
13163793
13174873
13185954
13197035
13208115
13219196
13230277
13241357
13252438
13263519
13274599
13285680
13296760
13307841
13318922
13330002
13341083
13352163
13363244
13374325
13385405
13396486
13407567
13418647
13429728
13440809
13451889
13462970
13474051
13485131
13496212
13507293
13518373
13529453
13540535
13551615
13562696
13573776
13584857
13595938
13607018
13618099
13629179
13640260
13651340
13662421
13673502
13684583
13695663
13706744
13717824
13728905
13739986
13751066
13762147
13773228
13784308
13795389
13806471
13817550
13828631
13839711
13850792
13861873
13872953
13884034
13895114
13906195
13917276
13928356
13939437
13950518
13961598
13972679
13983759
13994840
14005921
14017001
14028082
14039163
14050243
14061324
14072405
14083485
14094566
14105647
14116727
14127808
14138889
14149969
14161050
14172130
14183211
14194292
14205372
14216453
14227533
14238614
14249694
14260776
14271856
14282937
14294017
14305098
14316178
14327259
14338340
14349420
14360501
14371582
14382662
14393743
14404824
14415904
14426985
14438066
14449146
14460227
14471309
14482388
14493469
14504550
14515630
14526711
14537791
14548872
14559953
14571033
14582113
14593194
14604275
14615356
14626436
14637517
14648597
14659678
14670759
14681839
14692920
14704001
14715081
14726162
14737243
14748323
14759404
14770484
14781565
14792646
14803728
14814807
14825888
14836968
14848049
14859130
14870210
14881291
14892372
14903452
14914533
14925613
14936694
14947774
14958855
14969936
14981016
14992097
15003178
15014259
15025339
15036420
15047500
15058581
15069661
15080742
15091823
15102904
15113984
15125065
15136146
15147226
15158307
15169387
15180468
15191549
15202629
15213710
15224790
15235871
15246952
15258032
15269113
15280193
15291274
15302355
15313435
15324516
15335597
15346677
15357758
15368839
15379919
15391001
15402081
15413161
15424242
15435322
15446403
15457484
15468565
15479645
15490725
15501807
15512887
15523968
15535048
15546129
15557209
15568290
15579370
15590451
15601533
15612613
15623693
15634774
15645854
15656935
15668016
15679096
15690177
15701258
15712338
15723419
15734500
15745580
15756661
15767741
15778822
15789903
15800984
15812065
15823144
15834225
15845306
15856387
15867467
15878547
15889628
15900709
15911789
15922870
15933951
15945032
15956112
15967193
15978273
15989354
16000435
16011515
16022596
16033677
16044757
16055838
16066918
16077999
16089080
16100160
16111241
16122322
16133402
16144483
16155563
16166644
16177725
16188805
16199886
16210967
16222047
16233128
16244208
16255289
16266370
16277450
16288531
16299612
16310692
16321773
16332854
16343934
16355015
16366095
16377176
16388257
16399338
16410418
16421499
16432579
16443660
16454741
16465821
16476902
16487983
16499063
16510144
16521225
16532305
16543386
16554466
16565547
16576627
16587708
16598789
16609869
16620950
16632031
16643111
16654192
16665273
16676353
16687434
16698515
16709595
16720676
16731756
16742837
16753918
16764998
16776079
16787159
16798242
16809321
16820401
16831483
16842563
16853643
16864724
16875805
16886885
16897966
16909046
16920127
16931209
16942288
16953369
16964450
16975530
16986611
16997692
17008773
17019853
17030934
17042014
17053095
17064175
17075256
17086337
17097417
17108498
17119578
17130660
17141740
17152820
17163901
17174982
17186062
17197143
17208224
17219304
17230385
17241465
17252546
17263627
17274707
17285788
17296869
17307949
17319030
17330111
17341191
17352272
17363353
17374433
17385514
17396595
17407675
17418755
17429836
17440917
17451997
17463078
17474158
17485239
17496320
17507400
17518481
17529562
17540643
17551723
17562804
17573884
17584965
17596046
17607126
17618207
17629288
17640368
17651449
17662529
17673610
17684691
17695771
17706852
17717933
17729013
17740094
17751175
17762255
17773336
17784416
17795498
17806578
17817659
17828739
17839819
17850900
17861981
17873061
17884142
17895223
17906303
17917384
17928465
17939545
17950626
17961707
17972787
17983868
17994949
18006029
18017110
18028191
18039271
18050352
18061432
18072513
18083593
18094674
18105755
18116836
18127916
18138996
18150077
18161158
18172239
18183319
18194400
18205481
18216561
18227642
18238722
18249803
18260884
18271964
18283045
18294126
18305206
18316287
18327368
18338448
18349529
18360609
18371690
18382771
18393851
18404932
18416013
18427093
18438174
18449254
18460335
18471416
18482496
18493577
18504657
18515738
18526819
18537899
18548980
18560061
18571141
18582222
18593303
18604383
18615464
18626545
18637625
18648706
18659786
18670867
18681948
18693028
18704109
18715190
18726270
18737351
18748432
18759512
18770593
18781673
18792756
18803835
18814915
18825996
18837076
18848157
18859238
18870318
18881399
18892480
18903560
18914641
18925722
18936802
18947883
18958964
18970044
18981125
18992207
19003287
19014367
19025447
19036528
19047608
19058689
19069770
19080850
19091932
19103011
19114092
19125173
19136254
19147334
19158415
19169495
19180576
19191657
19202738
19213818
19224898
19235979
19247060
19258141
19269221
19280302
19291383
19302463
19313544
19324624
19335705
19346786
19357866
19368947
19380028
19391108
19402189
19413269
19424350
19435430
19446511
19457592
19468672
19479753
19490834
19501915
19512995
19524076
19535156
19546237
19557318
19568398
19579479
19590560
19601641
19612721
19623802
19634882
19645962
19657043
19668124
19679205
19690285
19701366
19712446
19723527
19734608
19745688
19756769
19767849
19778930
19790013
19801092
19812172
19823253
19834333
19845414
19856494
19867575
19878656
19889737
19900817
19911898
19922979
19934059
19945140
19956220
19967301
19978381
19989463
20000543
20011624
20022704
20033785
20044865
20055946
20067027
20078107
20089188
20100268
20111349
20122431
20133510
20144591
20155672
20166752
20177833
20188914
20199995
20211075
20222156
20233236
20244317
20255397
20266478
20277559
20288639
20299720
20310801
20321882
20332962
20344042
20355123
20366204
20377284
20388365
20399445
20410526
20421607
20432687
20443768
20454849
20465929
20477010
20488091
20499171
20510252
20521333
20532413
20543494
20554574
20565655
20576736
20587817
20598897
20609978
20621058
20632139
20643219
20654300
20665381
20676461
20687542
20698622
20709703
20720784
20731865
20742945
20754026
20765106
20776187
20787268
20798349
20809429
20820510
20831590
20842671
20853752
20864832
20875913
20886994
20898074
20909155
20920235
20931316
20942397
20953477
20964558
20975638
20986719
20997800
21008880
21019961
21031042
21042122
21053203
21064283
21075364
21086445
21097525
21108606
21119687
21130767
21141848
21152928
21164009
21175090
21186171
21197251
21208332
21219412
21230493
21241574
21252654
21263735
21274815
21285896
21296977
21308057
21319138
21330218
21341299
21352380
21363461
21374541
21385622
21396703
21407783
21418864
21429944
21441025
21452107
21463186
21474267
21485348
21496428
21507509
21518589
21529670
21540751
21551832
21562912
21573993
21585073
21596154
21607234
21618315
21629395
21640476
21651557
21662638
21673718
21684799
21695879
21706960
21718041
21729121
21740202
21751283
21762363
21773444
21784526
21795605
21806686
21817767
21828847
21839928
21851008
21862089
21873170
21884250
21895331
21906411
21917492
21928573
21939653
21950734
21961814
21972895
21983976
21995057
22006137
22017218
22028298
22039379
22050460
22061541
22072621
22083702
22094782
22105863
22116944
22128024
22139105
22150186
22161266
22172347
22183428
22194508
22205589
22216669
22227750
22238830
22249911
22260991
22272073
22283153
22294233
22305314
22316395
22327476
22338556
22349637
22360717
22371798
22382879
22393960
22405040
22416121
22427201
22438282
22449363
22460443
22471524
22482605
22493685
22504766
22515846
22526927
22538008
22549088
22560168
22571249
22582331
22593411
22604491
22615572
22626652
22637733
22648814
22659894
22670975
22682056
22693136
22704217
22715298
22726378
22737459
22748540
22759620
22770701
22781783
22792863
22803943
22815023
22826104
22837185
22848265
22859346
22870426
22881507
22892588
22903669
22914749
22925829
22936910
22947992
22959071
22970152
22981234
22992314
23003394
23014475
23025555
23036636
23047717
23058797
23069878
23080959
23092039
23103120
23114201
23125281
23136362
23147443
23158523
23169604
23180684
23191765
23202846
23213926
23225007
23236087
23247168
23258249
23269329
23280410
23291490
23302571
23313652
23324732
23335813
23346894
23357974
23369055
23380136
23391216
23402297
23413378
23424458
23435539
23446620
23457700
23468781
23479861
23490942
23502022
23513103
23524184
23535264
23546345
23557426
23568506
23579587
23590667
23601748
23612829
23623909
23634990
23646071
23657151
23668232
23679313
23690393
23701474
23712555
23723635
23734716
23745797
23756877
23767958
23779040
23790119
23801200
23812280
23823361
23834442
23845522
23856603
23867683
23878764
23889845
23900925
23912006
23923087
23934167
23945248
23956328
23967409
23978490
23989570
24000651
24011731
24022812
24033893
24044973
24056054
24067135
24078215
24089296
24100377
24111457
24122538
24133618
24144699
24155780
24166860
24177941
24189022
24200102
24211183
24222263
24233345
24244425
24255505
24266586
24277667
24288747
24299828
24310909
24321989
24333070
24344151
24355231
24366312
24377393
24388473
24399554
24410634
24421715
24432795
24443877
24454957
24466037
24477118
24488199
24499279
24510360
24521441
24532521
24543602
24554682
24565763
24576844
24587925
24599005
24610086
24621166
24632247
24643328
24654408
24665489
24676569
24687650
24698731
24709811
24720892
24731973
24743053
24754134
24765215
24776296
24787376
24798456
24809537
24820618
24831698
24842779
24853860
24864940
24876021
24887101
24898182
24909263
24920343
24931424
24942505
24953585
24964666
24975747
24986827
24997908
25008989
25020069
25031150
25042230
25053311
25064392
25075472
25086553
25097633
25108715
25119795
25130875
25141956
25153037
25164117
25175198
25186279
25197359
25208440
25219520
25230601
25241682
25252762
25263843
25274924
25286004
25297085
25308166
25319246
25330327
25341407
25352488
25363569
25374649
25385730
25396811
25407891
25418972
25430052
25441133
25452214
25463294
25474375
25485456
25496536
25507617
25518698
25529778
25540859
25551939
25563020
25574101
25585181
25596262
25607343
25618423
25629504
25640585
25651665
25662746
25673826
25684907
25695988
25707068
25718149
25729230
25740310
25751391
25762471
25773553
25784633
25795713
25806794
25817874
25828955
25840036
25851116
25862197
25873278
25884358
25895439
25906520
25917600
25928681
25939762
25950842
25961923
25973003
25984085
25995165
26006245
26017326
26028406
26039488
26050568
26061648
26072729
26083810
26094890
26105971
26117051
26128132
26139213
26150293
26161374
26172455
26183536
26194617
26205697
26216777
26227858
26238939
26250019
26261100
26272181
26283261
26294342
26305422
26316503
26327584
26338664
26349745
26360826
26371906
26382987
26394068
26405148
26416229
26427309
26438390
26449471
26460551
26471632
26482712
26493793
26504874
26515954
26527035
26538116
26549196
26560277
26571358
26582438
26593519
26604600
26615680
26626761
26637841
26648922
26660003
26671083
26682164
26693244
26704325
26715406
26726486
26737567
26748647
26759729
26770811
26781890
26792970
26804051
26815131
26826212
26837293
26848373
26859454
26870535
26881615
26892696
26903776
26914857
26925938
26937019
26948099
26959180
26970261
26981341
26992422
27003502
27014583
27025663
27036744
27047824
27058905
27069986
27081066
27092147
27103228
27114308
27125389
27136470
27147550
27158631
27169712
27180792
27191873
27202954
27214034
27225115
27236195
27247276
27258357
27269438
27280518
27291599
27302679
27313760
27324841
27335921
27347001
27358082
27369163
27380244
27391324
27402405
27413485
27424566
27435647
27446727
27457808
27468889
27479969
27491050
27502131
27513211
27524292
27535373
27546453
27557534
27568614
27579695
27590776
27601856
27612937
27624017
27635098
27646179
27657259
27668340
27679420
27690501
27701582
27712662
27723743
27734824
27745904
27756985
27768067
27779147
27790227
27801308
27812388
27823469
27834550
27845630
27856711
27867791
27878872
27889953
27901033
27912114
27923194
27934275
27945356
27956436
27967517
27978598
27989678
28000759
28011839
28022920
28034001
28045082
28056162
28067243
28078323
28089404
28100485
28111565
28122646
28133727
28144807
28155888
28166968
28178049
28189130
28200210
28211291
28222372
28233452
28244533
28255614
28266694
28277774
28288855
28299936
28311017
28322097
28333178
28344258
28355339
28366420
28377501
28388581
28399662
28410742
28421823
28432904
28443984
28455065
28466145
28477226
28488307
28499387
28510468
28521549
28532629
28543710
28554791
28565871
28576952
28588032
28599113
28610194
28621274
28632355
28643436
28654516
28665597
28676677
28687758
28698839
28709920
28721000
28732081
28743161
28754242
28765324
28776403
28787484
28798564
28809645
28820726
28831806
28842887
28853967
28865048
28876129
28887209
28898290
28909371
28920452
28931532
28942612
28953693
28964774
28975855
28986935
28998016
29009096
29020177
29031258
29042338
29053419
29064500
29075580
29086661
29097742
29108822
29119903
29130983
29142064
29153145
29164225
29175306
29186387
29197467
29208548
29219628
29230709
29241790
29252870
29263951
29275031
29286112
29297193
29308273
29319354
29330435
29341515
29352596
29363677
29374758
29385838
29396919
29407999
29419080
29430161
29441241
29452322
29463402
29474483
29485564
29496644
29507725
29518805
29529886
29540967
29552047
29563128
29574209
29585290
29596370
29607450
29618531
29629612
29640693
29651773
29662854
29673934
29685015
29696096
29707176
29718257
29729337
29740418
29751499
29762581
29773660
29784740
29795821
29806902
29817983
29829063
29840143
