11081
22161
33242
44323
55403
66484
77564
88645
99726
110806
121887
132967
144048
155129
166209
177290
188371
199451
210532
221612
232693
243774
254854
265935
277016
288096
299177
310258
321338
332419
343500
354580
365661
376742
387822
398903
409983
421064
432145
443225
454306
465386
476467
487548
498628
509709
520789
531870
542951
554031
565112
576193
587273
598354
609435
620515
631596
642677
653757
664838
675919
686999
698080
709160
720241
731322
742402
753483
764564
775644
786725
797805
808886
819967
831047
842128
853209
864289
875370
886450
897531
908612
919692
930773
941854
952934
964015
975096
986176
997257
1008338
1019418
1030499
1041580
1052660
1063741
1074821
1085902
1096983
1108063
1119144
1130224
1141305
1152385
1163466
1174547
1185627
1196708
1207789
1218869
1229950
1241031
1252111
1263192
1274273
1285353
1296434
1307515
1318595
1329676
1340757
1351837
1362918
1373998
1385079
1396160
1407240
1418321
1429402
1440483
1451563
1462644
1473724
1484805
1495885
1506966
1518047
1529127
1540208
1551289
1562369
1573450
1584530
1595611
1606692
1617772
1628853
1639934
1651014
1662095
1673176
1684256
1695337
1706417
1717498
1728579
1739659
1750740
1761821
1772901
1783982
1795063
1806143
1817224
1828304
1839386
1850466
1861547
1872627
1883707
1894788
1905869
1916949
1928030
1939111
1950191
1961272
1972353
1983433
1994514
2005595
2016675
2027756
2038837
2049917
2060998
2072078
2083159
2094240
2105320
2116401
2127481
2138562
2149643
2160723
2171804
2182884
2193965
2205046
2216127
2227207
2238288
2249368
2260449
2271530
2282610
2293691
2304772
2315852
2326933
2338014
2349094
2360175
2371255
2382336
2393417
2404497
2415578
2426659
2437739
2448820
2459901
2470981
2482061
2493142
2504223
2515304
2526384
2537465
2548545
2559626
2570707
2581787
2592868
2603949
2615029
2626110
2637191
2648271
2659352
2670433
2681513
2692594
2703674
2714755
2725836
2736916
2747997
2759078
2770158
2781239
2792319
2803400
2814481
2825561
2836643
2847723
2858803
2869884
2880964
2892045
2903126
2914206
2925287
2936368
2947448
2958529
2969610
2980690
2991771
3002852
3013932
3025013
3036094
3047174
3058255
3069335
3080416
3091497
3102577
3113658
3124739
3135819
3146900
3157980
3169061
3180142
3191222
3202303
3213384
3224464
3235545
3246626
3257706
3268787
3279867
3290948
3302028
3313109
3324190
3335271
3346351
3357432
3368512
3379593
3390674
3401754
3412835
3423915
3434996
3446077
3457157
3468238
3479319
3490399
3501480
3512561
3523641
3534722
3545803
3556883
3567964
3579044
3590125
3601206
3612286
3623367
3634448
3645528
3656609
3667690
3678770
3689851
3700931
3712012
3723093
3734173
3745254
3756335
3767416
3778497
3789577
3800658
3811739
3822819
3833902
3844980
3856061
3867142
3878222
3889303
3900384
3911464
3922545
3933626
3944706
3955787
3966867
3977948
3989029
4000110
4011191
4022271
4033351
4044432
4055513
4066594
4077674
4088754
4099835
4110916
4121996
4133077
4144157
4155238
4166320
4177399
4188480
4199561
4210641
4221722
4232803
4243884
4254964
4266045
4277125
4288206
4299286
4310367
4321448
4332529
4343609
4354690
4365770
4376851
4387931
4399012
4410093
4421174
4432254
4443335
4454415
4465496
4476576
4487657
4498738
4509818
4520899
4531980
4543060
4554141
4565222
4576302
4587383
4598463
4609544
4620625
4631706
4642786
4653867
4664948
4676028
4687109
4698189
4709270
4720350
4731432
4742511
4753592
4764673
4775754
4786834
4797915
4808995
4820076
4831159
4842238
4853318
4864399
4875479
4886560
4897641
4908721
4919802
4930883
4941963
4953044
4964125
4975205
4986286
4997366
5008447
5019527
5030608
5041689
5052770
5063850
5074931
5086012
5097092
5108172
5119253
5130334
5141414
5152495
5163576
5174656
5185737
5196818
5207898
5218979
5230060
5241140
5252221
5263301
5274382
5285463
5296543
5307624
5318705
5329786
5340866
5351947
5363027
5374108
5385188
5396270
5407350
5418430
5429511
5440592
5451672
5462753
5473833
5484914
5495995
5507076
5518156
5529237
5540317
5551398
5562479
5573559
5584640
5595720
5606801
5617882
5628963
5640043
5651124
5662204
5673285
5684365
5695446
5706527
5717607
5728688
5739769
5750849
5761930
5773011
5784091
5795172
5806253
5817333
5828416
5839494
5850575
5861656
5872736
5883817
5894898
5905978
5917059
5928140
5939220
5950301
5961381
5972462
5983543
5994623
6005703
6016784
6027865
6038946
6050026
6061107
6072187
6083268
6094349
6105429
6116510
6127591
6138671
6149752
6160833
6171913
6182994
6194075
6205155
6216236
6227317
6238398
6249478
6260559
6271639
6282720
6293800
6304881
6315961
6327042
6338123
6349204
6360284
6371365
6382445
6393526
6404606
6415687
6426769
6437849
6448929
6460010
6471091
6482171
6493252
6504332
6515413
6526494
6537574
6548655
6559735
6570816
6581897
6592978
6604058
6615139
6626219
6637300
6648381
6659462
6670542
6681622
6692703
6703784
6714864
6725945
6737025
6748106
6759187
6770267
6781348
6792429
6803509
6814590
6825672
6836752
6847832
6858912
6869993
6881074
6892155
6903235
6914316
6925396
6936477
6947558
6958638
6969719
6980799
6991881
7002960
7014042
7025122
7036203
7047283
7058364
7069444
7080525
7091606
7102686
7113767
7124848
7135928
7147009
7158090
7169170
7180251
7191332
7202412
7213493
7224573
7235654
7246735
7257815
7268896
7279977
7291057
7302138
7313219
7324299
7335379
7346460
7357541
7368622
7379702
7390783
7401863
7412944
7424025
7435105
7446186
7457267
7468347
7479428
7490509
7501589
7512670
7523751
7534831
7545912
7556992
7568073
7579154
7590234
7601315
7612396
7623476
7634557
7645637
7656718
7667799
7678879
7689960
7701041
7712121
7723202
7734282
7745363
7756445
7767524
7778605
7789686
7800766
7811847
7822929
7834008
7845089
7856170
7867250
7878331
7889411
7900492
7911573
7922653
7933734
7944815
7955895
7966976
7978057
7989137
8000218
8011299
8022379
8033460
8044540
8055621
8066701
8077782
8088863
8099943
8111024
8122105
8133185
8144266
8155347
8166427
8177508
8188589
8199669
8210750
8221830
8232911
8243992
8255072
8266153
8277233
8288314
8299395
8310475
8321557
8332636
8343717
8354798
8365879
8376959
8388040
8399120
8410201
8421282
8432363
8443443
8454524
8465604
8476685
8487766
8498846
8509927
8521008
8532088
8543169
8554249
8565330
8576411
8587491
8598572
8609652
8620733
8631814
8642894
8653975
8665055
8676137
8687217
8698297
8709378
8720459
8731539
8742620
8753701
8764781
8775862
8786942
8798023
8809104
8820186
8831265
8842346
8853427
8864507
8875588
8886668
8897749
8908829
8919910
8930991
8942072
8953152
8964233
8975313
8986395
8997474
9008555
9019636
9030717
9041797
9052878
9063958
9075039
9086120
9097200
9108281
9119361
9130442
9141523
9152604
9163684
9174765
9185846
9196926
9208007
9219087
9230168
9241249
9252329
9263410
9274490
9285571
9296651
9307732
9318813
9329893
9340974
9352055
9363135
9374216
9385297
9396377
9407458
9418539
9429619
9440700
9451781
9462861
9473942
9485023
9496103
9507184
9518264
9529345
9540426
9551506
9562587
9573667
9584748
9595829
9606909
9617990
9629071
9640151
9651233
9662312
9673393
9684474
9695554
9706635
9717716
9728796
9739877
9750958
9762038
9773119
9784200
9795280
9806361
9817443
9828522
9839602
9850683
9861764
9872845
9883925
9895006
9906087
9917167
9928248
9939328
9950409
9961489
9972570
9983651
9994731
10005812
10016893
10027973
10039054
10050135
10061215
10072296
10083377
10094457
10105538
10116619
10127699
10138780
10149861
10160941
10172021
10183102
10194183
10205263
10216345
10227425
10238505
10249586
10260666
10271747
10282828
10293908
10304989
10316071
10327150
10338231
10349311
10360392
10371473
10382554
10393634
10404715
10415796
10426876
10437957
10449037
10460118
10471199
10482279
10493360
10504441
10515521
10526602
10537682
10548763
10559844
10570924
10582005
10593086
10604166
10615247
10626328
10637408
10648489
10659569
10670650
10681731
10692811
10703892
10714973
10726053
10737134
10748215
10759295
10770376
10781457
10792537
10803618
10814700
10825779
10836860
10847940
10859021
10870101
10881182
10892262
10903343
10914424
10925504
10936585
10947666
10958746
10969827
10980908
10991988
11003069
11014150
11025231
11036311
11047391
11058472
11069553
11080633
11091714
11102794
11113875
11124956
11136037
11147117
11158198
11169278
11180359
11191440
11202520
11213601
11224682
11235762
11246843
11257923
11269004
11280085
11291166
11302246
11313327
11324407
11335488
11346570
11357649
11368730
11379811
11390891
11401972
11413052
11424133
11435214
11446295
11457375
11468456
11479537
11490616
11501697
11512778
11523859
11534939
11546020
11557100
11568181
11579262
11590342
11601423
11612504
11623584
11634665
11645746
11656826
11667907
11678987
11690068
11701149
11712229
11723310
11734391
11745472
11756552
11767633
11778713
11789794
11800875
11811956
11823036
11834116
11845197
11856278
11867358
11878439
11889519
11900600
11911681
11922761
11933842
11944923
11956003
11967084
11978165
11989245
12000326
12011406
12022487
12033568
12044648
12055729
12066810
12077890
12088971
12100051
12111132
12122213
12133293
12144374
12155455
12166535
12177616
12188696
12199777
12210858
12221938
12233019
12244100
12255180
12266261
12277342
12288422
12299503
12310584
12321664
12332745
12343826
12354906
12365987
12377067
12388148
12399229
12410309
12421390
12432470
12443551
12454632
12465712
12476795
12487874
12498954
12510035
12521115
12532196
12543277
12554357
12565438
12576520
12587599
12598680
12609761
12620841
12631922
12643003
12654083
12665164
12676245
12687325
12698406
12709486
12720567
12731648
12742728
12753809
12764889
12775970
12787051
12798131
12809214
12820293
12831373
12842454
12853534
12864615
12875696
12886776
12897857
12908938
12920018
12931099
12942180
12953260
12964341
12975422
12986502
12997583
13008663
13019744
13030825
13041905
13052986
13064066
13075147
13086228
13097308
13108389
13119469
13130550
13141632
13152711
13163792
13174873
13185954
13197034
13208115
13219196
13230276
13241357
13252437
13263518
13274599
13285679
13296760
13307840
13318921
13330002
13341082
13352163
13363244
13374324
13385405
13396485
13407566
13418647
13429727
13440808
13451889
13462969
13474050
13485130
13496211
13507292
13518372
13529453
13540534
13551614
13562695
13573776
13584856
13595937
13607018
13618098
13629179
13640260
13651340
13662421
13673501
13684582
13695662
13706743
13717824
13728904
13739985
13751066
13762146
13773227
13784307
13795388
13806470
13817550
13828630
13839711
13850791
13861872
13872953
13884033
13895114
13906195
13917275
13928356
13939436
13950517
13961598
13972679
13983759
13994840
14005920
14017001
14028082
14039162
14050243
14061324
14072404
14083484
14094565
14105646
14116726
14127807
14138888
14149968
14161049
14172130
14183210
14194291
14205372
14216453
14227533
14238613
14249694
14260775
14271856
14282936
14294017
14305097
14316178
14327258
14338339
14349420
14360500
14371581
14382662
14393742
14404823
14415904
14426984
14438065
14449145
14460226
14471307
14482387
14493468
14504549
14515629
14526710
14537790
14548871
14559952
14571033
14582113
14593194
14604274
14615355
14626436
14637516
14648597
14659678
14670758
14681839
14692919
14704000
14715080
14726162
14737242
14748322
14759403
14770484
14781564
14792645
14803728
14814806
14825887
14836968
14848048
14859129
14870210
14881290
14892371
14903451
14914532
14925613
14936693
14947774
14958855
14969935
14981016
14992096
15003177
15014258
15025338
15036420
15047500
15058580
15069661
15080741
15091822
15102903
15113983
15125064
15136145
15147225
15158306
15169386
15180467
15191548
15202629
15213709
15224790
15235870
15246951
15258032
15269112
15280193
15291274
15302354
15313434
15324516
15335596
15346677
15357757
15368838
15379918
15390999
15402080
15413161
15424241
15435322
15446402
15457483
15468564
15479644
15490725
15501806
15512886
15523967
15535047
15546128
15557209
15568289
15579370
15590451
15601531
15612612
15623693
15634773
15645853
15656934
15668015
15679095
15690176
15701257
15712337
15723418
15734499
15745579
15756660
15767741
15778821
15789902
15800984
15812064
15823144
15834225
15845305
15856386
15867466
15878547
15889628
15900708
15911789
15922869
15933950
15945031
15956111
15967192
15978272
15989353
16000434
16011515
16022595
16033676
16044756
16055837
16066918
16077998
16089079
16100160
16111240
16122321
16133402
16144482
16155563
16166644
16177724
16188805
16199886
16210966
16222047
16233127
16244208
16255289
16266370
16277449
16288530
16299611
16310691
16321772
16332853
16343933
16355014
16366095
16377175
16388256
16399337
16410418
16421498
16432579
16443659
16454740
16465821
16476901
16487982
16499062
16510143
16521224
16532304
16543385
16554466
16565546
16576627
16587707
16598788
16609869
16620949
16632030
16643110
16654191
16665272
16676353
16687433
16698514
16709594
16720675
16731756
16742836
16753917
16764998
16776078
16787159
16798240
16809320
16820401
16831481
16842562
16853643
16864723
16875804
16886884
16897965
16909046
16920126
16931207
16942287
16953368
16964449
16975529
16986610
16997691
17008772
17019852
17030933
17042013
17053094
17064175
17075255
17086336
17097416
17108497
17119578
17130659
17141739
17152820
17163900
17174981
17186062
17197143
17208223
17219303
17230384
17241465
17252545
17263626
17274706
17285787
17296869
17307948
17319029
17330110
17341190
17352271
17363352
17374432
17385513
17396594
17407675
17418755
17429835
17440916
17451997
17463078
17474158
17485238
17496319
17507400
17518480
17529561
17540641
17551722
17562803
17573884
17584964
17596045
17607126
17618206
17629287
17640367
17651448
17662529
17673609
17684690
17695771
17706851
17717932
17729012
17740093
17751174
17762254
17773335
17784416
17795498
17806577
17817657
17828738
17839819
17850899
17861980
17873061
17884141
17895222
17906303
17917383
17928464
17939544
17950625
17961706
17972786
17983867
17994948
18006029
18017109
18028189
18039270
18050351
18061431
18072512
18083593
18094673
18105754
18116834
18127915
18138995
18150076
18161157
18172238
18183318
18194399
18205480
18216560
18227641
18238722
18249802
18260883
18271963
18283044
18294125
18305205
18316286
18327367
18338447
18349528
18360608
18371689
18382770
18393850
18404931
18416012
18427092
18438173
18449253
18460334
18471415
18482495
18493576
18504657
18515737
18526818
18537898
18548979
18560060
18571140
18582221
18593302
18604382
18615463
18626545
18637624
18648705
18659785
18670866
18681947
18693027
18704108
18715189
18726269
18737350
18748430
18759511
18770592
18781672
18792755
18803834
18814914
18825995
18837075
18848156
18859237
18870317
18881398
18892479
18903559
18914640
18925721
18936801
18947882
18958963
18970043
18981124
18992204
19003285
19014366
19025446
19036527
19047608
19058688
19069769
19080849
19091930
19103011
19114091
19125172
19136253
19147333
19158414
19169494
19180575
19191656
19202736
19213817
19224898
19235979
19247059
19258139
19269220
19280301
19291383
19302462
19313543
19324623
19335704
19346785
19357865
19368946
19380027
19391107
19402188
19413268
19424349
19435430
19446510
19457591
19468671
19479752
19490833
19501913
19512994
19524075
19535155
19546236
19557317
19568397
19579478
19590559
19601639
19612720
19623801
19634881
19645962
19657042
19668123
19679203
19690284
19701365
19712445
19723526
19734607
19745687
19756768
19767848
19778929
19790011
19801091
19812171
19823252
19834332
19845413
19856494
19867574
19878655
19889736
19900816
19911897
19922978
19934058
19945139
19956219
19967300
19978381
19989462
20000542
20011623
20022703
20033784
20044864
20055945
20067025
20078107
20089187
20100267
20111349
20122429
20133509
20144590
20155671
20166752
20177832
20188913
20199994
20211074
20222155
20233235
20244316
20255396
20266477
20277558
20288639
20299719
20310799
20321880
20332961
20344041
20355122
20366203
20377283
20388364
20399445
20410525
20421606
20432686
20443767
20454848
20465928
20477009
20488090
20499170
20510251
20521331
20532412
20543493
20554573
20565654
20576735
20587816
20598896
20609977
20621057
20632138
20643218
20654299
20665380
20676461
20687541
20698621
20709702
20720783
20731864
20742944
20754025
20765105
20776186
20787268
20798348
20809428
20820509
20831589
20842670
20853750
20864831
20875912
20886993
20898073
20909154
20920234
20931315
20942396
20953476
20964556
20975637
20986718
20997799
21008879
21019960
21031040
21042121
21053202
21064282
21075363
21086444
21097524
21108605
21119686
21130766
21141847
21152927
21164008
21175089
21186169
21197250
21208331
21219411
21230492
21241572
21252653
21263734
21274814
21285895
21296976
21308056
21319137
21330217
21341298
21352379
21363459
21374540
21385621
21396701
21407782
21418863
21429943
21441024
21452105
21463185
21474266
21485347
21496427
21507508
21518588
21529669
21540750
21551831
21562911
21573991
21585072
21596153
21607233
21618314
21629394
21640475
21651556
21662636
21673717
21684798
21695878
21706959
21718040
21729120
21740201
21751281
21762362
21773443
21784524
21795604
21806685
21817765
21828846
21839927
21851007
21862088
21873168
21884249
21895330
21906411
21917491
21928572
21939652
21950733
21961814
21972894
21983975
21995056
22006136
22017217
22028297
22039378
22050459
22061539
22072620
22083701
22094781
22105862
22116943
22128023
22139104
22150184
22161265
22172346
22183427
22194507
22205587
22216668
22227749
22238829
22249910
22260990
22272071
22283152
22294232
22305313
22316394
22327474
22338555
22349636
22360716
22371797
22382878
22393958
22405039
22416120
22427200
22438281
22449362
22460442
22471522
22482603
22493684
22504764
22515845
22526926
22538007
22549087
22560168
22571248
22582330
22593410
22604490
22615571
22626651
22637732
22648813
22659893
22670974
22682055
22693135
22704216
22715296
22726377
22737458
22748538
22759619
22770700
22781782
22792861
22803941
22815022
22826103
22837183
22848264
22859345
22870425
22881506
22892587
22903667
22914748
22925828
22936909
22947990
22959070
22970151
22981232
22992312
23003393
23014474
23025554
23036635
23047715
23058796
23069877
23080957
23092038
23103119
23114199
23125279
23136360
23147441
23158522
23169602
23180683
23191764
23202844
23213925
23225005
23236086
23247167
23258247
23269328
23280409
23291489
23302570
23313651
23324731
23335812
23346893
23357973
23369054
23380135
23391215
23402296
23413376
23424457
23435537
23446619
23457699
23468779
23479860
23490941
23502022
23513102
23524182
23535263
23546344
23557424
23568505
23579586
23590666
23601747
23612828
23623908
23634989
23646069
23657150
23668231
23679311
23690392
23701473
23712553
23723634
23734715
23745795
23756876
23767957
23779039
23790118
23801198
23812279
23823360
23834440
23845521
23856601
23867682
23878763
23889843
23900924
23912005
23923085
23934166
23945247
23956327
23967408
23978489
23989569
24000650
24011730
24022811
24033892
24044972
24056053
24067134
24078214
24089295
24100376
24111456
24122536
24133617
24144698
24155778
24166859
24177940
24189021
24200101
24211182
24222262
24233343
24244424
24255504
24266585
24277666
24288746
24299827
24310907
24321988
24333069
24344149
24355230
24366310
24377392
24388472
24399552
24410633
24421713
24432794
24443875
24454955
24466036
24477117
24488197
24499278
24510359
24521439
24532520
24543601
24554681
24565762
24576843
24587923
24599004
24610085
24621165
24632246
24643326
24654407
24665487
24676568
24687649
24698729
24709810
24720891
24731972
24743052
24754133
24765213
24776296
24787374
24798455
24809536
24820616
24831697
24842778
24853858
24864939
24876020
24887100
24898181
24909261
24920342
24931423
24942504
24953584
24964665
24975745
24986826
24997906
25008987
25020068
25031148
25042229
25053310
25064390
25075471
25086551
25097632
25108713
25119793
25130874
25141955
25153035
25164116
25175197
25186278
25197358
25208438
25219519
25230600
25241680
25252761
25263842
25274923
25286003
25297084
25308164
25319245
25330325
25341406
25352487
25363567
25374648
25385729
25396809
25407890
25418970
25430051
25441132
25452212
25463293
25474374
25485454
25496535
25507615
25518696
25529777
25540857
25551938
25563019
25574099
25585180
25596260
25607342
25618421
25629502
25640583
25651663
25662744
25673825
25684905
25695986
25707067
25718147
25729228
25740309
25751389
25762470
25773552
25784632
25795712
25806793
25817873
25828954
25840034
25851115
25862196
25873276
25884357
25895438
25906518
25917599
25928679
25939760
25950841
25961921
25973002
25984083
25995163
26006244
26017325
26028405
26039486
26050566
26061647
26072728
26083808
26094889
26105970
26117050
26128131
26139212
26150292
26161373
26172454
26183534
26194615
26205695
26216776
26227856
26238937
26250018
26261098
26272180
26283259
26294340
26305421
26316502
26327582
26338663
26349743
26360824
26371905
26382985
26394066
26405147
26416227
26427308
26438389
26449469
26460550
26471630
26482711
26493792
26504872
26515953
26527034
26538114
26549195
26560275
26571356
26582437
26593517
26604598
26615678
26626759
26637840
26648920
26660001
26671082
26682163
26693243
26704324
26715404
26726485
26737566
26748646
26759727
26770808
26781888
26792969
26804049
26815130
26826210
26837291
26848372
26859452
26870533
26881614
26892694
26903775
26914856
26925936
26937017
26948097
26959178
26970259
26981339
26992420
27003501
27014581
27025662
27036742
27047823
27058904
27069984
27081065
27092146
27103227
27114307
27125387
27136468
27147549
27158630
27169710
27180791
27191871
27202952
27214033
27225113
27236194
27247275
27258355
27269436
27280516
27291597
27302678
27313758
27324839
27335920
27347000
27358081
27369162
27380242
27391323
27402403
27413484
27424565
27435645
27446726
27457806
27468887
27479968
27491048
27502129
27513210
27524290
27535371
27546451
27557533
27568613
27579694
27590774
27601855
27612935
27624016
27635097
27646177
27657258
27668338
27679419
27690500
27701580
27712661
27723742
27734822
27745903
27756984
27768066
27779145
27790226
27801306
27812387
27823467
27834548
27845628
27856709
27867790
27878870
27889951
27901032
27912112
27923193
27934274
27945354
27956435
27967516
27978597
27989677
28000758
28011838
28022918
28033999
28045080
28056161
28067242
28078322
28089403
28100483
28111564
28122644
28133725
28144806
28155886
28166967
28178048
28189128
28200209
28211289
28222370
28233451
28244531
28255612
28266693
28277773
28288854
28299935
28311015
28322096
28333176
28344257
28355338
28366418
28377499
28388580
28399660
28410741
28421821
28432902
28443982
28455063
28466144
28477225
28488305
28499386
28510466
28521547
28532629
28543708
28554789
28565870
28576950
28588031
28599112
28610192
28621273
28632353
28643434
28654515
28665595
28676676
28687757
28698837
28709918
28720998
28732079
28743159
28754240
28765323
28776402
28787483
28798563
28809643
28820724
28831805
28842885
28853966
28865047
28876127
28887208
28898289
28909369
28920450
28931531
28942611
28953692
28964772
28975853
28986933
28998014
29009095
29020175
29031256
29042337
29053417
29064498
29075579
29086659
29097741
29108820
29119901
29130982
29142062
29153143
29164224
29175305
29186385
29197466
29208546
29219627
29230708
29241788
29252870
29263950
29275030
29286110
29297191
29308272
29319353
29330433
29341513
29352594
29363675
29374756
29385836
29396917
29407997
29419078
29430159
29441239
29452320
29463401
29474481
29485562
29496642
29507723
29518804
29529884
29540965
29552046
29563127
29574207
29585288
29596368
29607449
29618530
29629610
29640691
29651771
29662852
29673932
29685013
29696094
29707174
29718255
29729336
29740416
29751497
29762580
29773659
29784739
29795820
29806900
29817982
29829061
29840142
