11081
22161
33242
44323
55403
144048
155129
166209
177290
188371
199451
210532
221612
310258
321338
332419
343500
354580
365661
376742
387822
476467
487548
498628
509709
520789
531870
542951
554031
653757
664838
675919
686999
698080
709160
720241
819967
831047
842128
853209
864289
875370
886450
986176
997257
1008338
1019418
1030499
1041580
1052660
1152385
1163466
1174547
1185627
1196708
1207789
1218869
1318595
1329676
1340757
1351837
1362918
1373998
1385079
1484805
1495885
1506966
1518047
1529127
1540208
1551289
1651014
1662095
1673176
1684256
1695337
1706417
1717498
1817224
1828304
1839386
1850466
1861547
1872627
1883707
1983433
1994514
2005595
2016675
2027756
2038837
2049917
2149643
2160723
2171804
2182884
2193965
2205046
2216127
2315852
2326933
2338014
2349094
2360175
2371255
2382336
2393417
2482061
2493142
2504223
2515304
2526384
2537465
2548545
2559626
2648271
2659352
2670433
2681513
2692594
2703674
2714755
2725836
2814481
2825561
2836643
2847723
2858803
2869884
2880964
2892045
2980690
2991771
3002852
3013932
3025013
3036094
3047174
3058255
3146900
3157980
3169061
3180142
3191222
3202303
3213384
3224464
3313109
3324190
3335271
3346351
3357432
3368512
3379593
3390674
3479319
3490399
3501480
3512561
3523641
3534722
3545803
3556883
3645528
3656609
3667690
3678770
3689851
3700931
3712012
3723093
3811739
3822819
3833902
3844980
3856061
3867142
3878222
3889303
3977948
3989029
4000110
4011191
4022271
4033351
4044432
4055513
4144157
4155238
4166320
4177399
4188480
4199561
4210641
4221722
4310367
4321448
4332529
4343609
4354690
4365770
4376851
4387931
4476576
4487657
4498738
4509818
4520899
4531980
4543060
4554141
4653867
4664948
4676028
4687109
4698189
4709270
4720350
4820076
4831159
4842238
4853318
4864399
4875479
4886560
4986286
4997366
5008447
5019527
5030608
5041689
5052770
5152495
5163576
5174656
5185737
5196818
5207898
5218979
5318705
5329786
5340866
5351947
5363027
5374108
5385188
5484914
5495995
5507076
5518156
5529237
5540317
5551398
5651124
5662204
5673285
5684365
5695446
5706527
5717607
5817333
5828416
5839494
5850575
5861656
5872736
5883817
5983543
5994623
6005703
6016784
6027865
6038946
6050026
6149752
6160833
6171913
6182994
6194075
6205155
6216236
6315961
6327042
6338123
6349204
6360284
6371365
6382445
6393526
6482171
6493252
6504332
6515413
6526494
6537574
6548655
6559735
6648381
6659462
6670542
6681622
6692703
6703784
6714864
6725945
6814590
6825672
6836752
6847832
6858912
6869993
6881074
6892155
6980799
6991881
7002960
7014042
7025122
7036203
7047283
7058364
7147009
7158090
7169170
7180251
7191332
7202412
7213493
7224573
7313219
7324299
7335379
7346460
7357541
7368622
7379702
7390783
7479428
7490509
7501589
7512670
7523751
7534831
7545912
7556992
7645637
7656718
7667799
7678879
7689960
7701041
7712121
7723202
7811847
7822929
7834008
7845089
7856170
7867250
7878331
7889411
7978057
7989137
8000218
8011299
8022379
8033460
8044540
8055621
8144266
8155347
8166427
8177508
8188589
8199669
8210750
8221830
8310475
8321557
8332636
8343717
8354798
8365879
8376959
8388040
8476685
8487766
8498846
8509927
8521008
8532088
8543169
8554249
8653975
8665055
8676137
8687217
8698297
8709378
8720459
8820186
8831265
8842346
8853427
8864507
8875588
8886668
8986395
8997474
9008555
9019636
9030717
9041797
9052878
9152604
9163684
9174765
9185846
9196926
9208007
9219087
9318813
9329893
9340974
9352055
9363135
9374216
9385297
9485023
9496103
9507184
9518264
9529345
9540426
9551506
9651233
9662312
9673393
9684474
9695554
9706635
9717716
9817443
9828522
9839602
9850683
9861764
9872845
9883925
9983651
9994731
10005812
10016893
10027973
10039054
10050135
10149861
10160941
10172021
10183102
10194183
10205263
10216345
10316071
10327150
10338231
10349311
10360392
10371473
10382554
10393634
10482279
10493360
10504441
10515521
10526602
10537682
10548763
10559844
10648489
10659569
10670650
10681731
10692811
10703892
10714973
10726053
10814700
10825779
10836860
10847940
10859021
10870101
10881182
10892262
10980908
10991988
11003069
11014150
11025231
11036311
11047391
11058472
11147117
11158198
11169278
11180359
11191440
11202520
11213601
11224682
11313327
11324407
11335488
11346570
11357649
11368730
11379811
11390891
11479537
11490616
11501697
11512778
11523859
11534939
11546020
11557100
11645746
11656826
11667907
11678987
11690068
11701149
11712229
11723310
11811956
11823036
11834116
11845197
11856278
11867358
11878439
11889519
11978165
11989245
12000326
12011406
12022487
12033568
12044648
12055729
12144374
12155455
12166535
12177616
12188696
12199777
12210858
12221938
12310584
12321664
12332745
12343826
12354906
12365987
12377067
12388148
12476795
12487874
12498954
12510035
12521115
12532196
12543277
12554357
12643003
12654083
12665164
12676245
12687325
12698406
12709486
12720567
12820293
12831373
12842454
12853534
12864615
12875696
12886776
12986502
12997583
13008663
13019744
13030825
13041905
13052986
13152711
13163792
13174873
13185954
13197034
13208115
13219196
13318921
13330002
13341082
13352163
13363244
13374324
13385405
13485130
13496211
13507292
13518372
13529453
13540534
13551614
13651340
13662421
13673501
13684582
13695662
13706743
13717824
13817550
13828630
13839711
13850791
13861872
13872953
13884033
13983759
13994840
14005920
14017001
14028082
14039162
14050243
14149968
14161049
14172130
14183210
14194291
14205372
14216453
14316178
14327258
14338339
14349420
14360500
14371581
14382662
14393742
14482387
14493468
14504549
14515629
14526710
14537790
14548871
14559952
14648597
14659678
14670758
14681839
14692919
14704000
14715080
14726162
14814806
14825887
14836968
14848048
14859129
14870210
14881290
14892371
14981016
14992096
15003177
15014258
15025338
15036420
15047500
15058580
15147225
15158306
15169386
15180467
15191548
15202629
15213709
15224790
15313434
15324516
15335596
15346677
15357757
15368838
15379918
15390999
15479644
15490725
15501806
15512886
15523967
15535047
15546128
15557209
15645853
15656934
15668015
15679095
15690176
15701257
15712337
15723418
15812064
15823144
15834225
15845305
15856386
15867466
15878547
15889628
15978272
15989353
16000434
16011515
16022595
16033676
16044756
16055837
16144482
16155563
16166644
16177724
16188805
16199886
16210966
16222047
16310691
16321772
16332853
16343933
16355014
16366095
16377175
16388256
16476901
16487982
16499062
16510143
16521224
16532304
16543385
16554466
16643110
16654191
16665272
16676353
16687433
16698514
16709594
16720675
16820401
16831481
16842562
16853643
16864723
16875804
16886884
16986610
16997691
17008772
17019852
17030933
17042013
17053094
17152820
17163900
17174981
17186062
17197143
17208223
17219303
17319029
17330110
17341190
17352271
17363352
17374432
17385513
17485238
17496319
17507400
17518480
17529561
17540641
17551722
17651448
17662529
17673609
17684690
17695771
17706851
17717932
17817657
17828738
17839819
17850899
17861980
17873061
17884141
17983867
17994948
18006029
18017109
18028189
18039270
18050351
18150076
18161157
18172238
18183318
18194399
18205480
18216560
18316286
18327367
18338447
18349528
18360608
18371689
18382770
18482495
18493576
18504657
18515737
18526818
18537898
18548979
18560060
18648705
18659785
18670866
18681947
18693027
18704108
18715189
18726269
18814914
18825995
18837075
18848156
18859237
18870317
18881398
18892479
18981124
18992204
19003285
19014366
19025446
19036527
19047608
19058688
19147333
19158414
19169494
19180575
19191656
19202736
19213817
19224898
19313543
19324623
19335704
19346785
19357865
19368946
19380027
19391107
19479752
19490833
19501913
19512994
19524075
19535155
19546236
19557317
19645962
19657042
19668123
19679203
19690284
19701365
19712445
19723526
19812171
19823252
19834332
19845413
19856494
19867574
19878655
19889736
19978381
19989462
20000542
20011623
20022703
20033784
20044864
20055945
20144590
20155671
20166752
20177832
20188913
20199994
20211074
20222155
20310799
20321880
20332961
20344041
20355122
20366203
20377283
20388364
20477009
20488090
20499170
20510251
20521331
20532412
20543493
20554573
20643218
20654299
20665380
20676461
20687541
20698621
20709702
20720783
20820509
20831589
20842670
20853750
20864831
20875912
20886993
20986718
20997799
21008879
21019960
21031040
21042121
21053202
21152927
21164008
21175089
21186169
21197250
21208331
21219411
21319137
21330217
21341298
21352379
21363459
21374540
21385621
21485347
21496427
21507508
21518588
21529669
21540750
21551831
21651556
21662636
21673717
21684798
21695878
21706959
21718040
21817765
21828846
21839927
21851007
21862088
21873168
21884249
21983975
21995056
22006136
22017217
22028297
22039378
22050459
22150184
22161265
22172346
22183427
22194507
22205587
22216668
22316394
22327474
22338555
22349636
22360716
22371797
22382878
22482603
22493684
22504764
22515845
22526926
22538007
22549087
22560168
22648813
22659893
22670974
22682055
22693135
22704216
22715296
22726377
22815022
22826103
22837183
22848264
22859345
22870425
22881506
22892587
22981232
22992312
23003393
23014474
23025554
23036635
23047715
23058796
23147441
23158522
23169602
23180683
23191764
23202844
23213925
23225005
23313651
23324731
23335812
23346893
23357973
23369054
23380135
23391215
23479860
23490941
23502022
23513102
23524182
23535263
23546344
23557424
23646069
23657150
23668231
23679311
23690392
23701473
23712553
23723634
23812279
23823360
23834440
23845521
23856601
23867682
23878763
23889843
23978489
23989569
24000650
24011730
24022811
24033892
24044972
24056053
24144698
24155778
24166859
24177940
24189021
24200101
24211182
24222262
24310907
24321988
24333069
24344149
24355230
24366310
24377392
24388472
24477117
24488197
24499278
24510359
24521439
24532520
24543601
24554681
24643326
24654407
24665487
24676568
24687649
24698729
24709810
24720891
24820616
24831697
24842778
24853858
24864939
24876020
24887100
24986826
24997906
25008987
25020068
25031148
25042229
25053310
25153035
25164116
25175197
25186278
25197358
25208438
25219519
25319245
25330325
25341406
25352487
25363567
25374648
25385729
25485454
25496535
25507615
25518696
25529777
25540857
25551938
25651663
25662744
25673825
25684905
25695986
25707067
25718147
25817873
25828954
25840034
25851115
25862196
25873276
25884357
25984083
25995163
26006244
26017325
26028405
26039486
26050566
26150292
26161373
26172454
26183534
26194615
26205695
26216776
26316502
26327582
26338663
26349743
26360824
26371905
26382985
26482711
26493792
26504872
26515953
26527034
26538114
26549195
26560275
26648920
26660001
26671082
26682163
26693243
26704324
26715404
26726485
26815130
26826210
26837291
26848372
26859452
26870533
26881614
26892694
26981339
26992420
27003501
27014581
27025662
27036742
27047823
27058904
27147549
27158630
27169710
27180791
27191871
27202952
27214033
27225113
27313758
27324839
27335920
27347000
27358081
27369162
27380242
27391323
27479968
27491048
27502129
27513210
27524290
27535371
27546451
27557533
27646177
27657258
27668338
27679419
27690500
27701580
27712661
27723742
27812387
27823467
27834548
27845628
27856709
27867790
27878870
27889951
27978597
27989677
28000758
28011838
28022918
28033999
28045080
28056161
28144806
28155886
28166967
28178048
28189128
28200209
28211289
28222370
28311015
28322096
28333176
28344257
28355338
28366418
28377499
28388580
28477225
28488305
28499386
28510466
28521547
28532629
28543708
28554789
28643434
28654515
28665595
28676676
28687757
28698837
28709918
28720998
28820724
28831805
28842885
28853966
28865047
28876127
28887208
28986933
28998014
29009095
29020175
29031256
29042337
29053417
29153143
29164224
29175305
29186385
29197466
29208546
29219627
29319353
29330433
29341513
29352594
29363675
29374756
29385836
29485562
29496642
29507723
29518804
29529884
29540965
29552046
29651771
29662852
29673932
29685013
29696094
29707174
29718255
29817982
29829061
29840142
