88645
99726
110806
121887
132968
144048
155129
166209
254855
265935
277016
288096
299177
310257
321338
332419
421064
432144
443226
454306
465386
476467
487548
498628
587273
598354
609435
620515
631596
642677
653757
664838
753483
764563
775644
786725
797805
808886
819966
831047
919692
930773
941854
952934
964015
975095
986176
997257
1085902
1096983
1108064
1119144
1130225
1141306
1152386
1163467
1252112
1263193
1274273
1285354
1296435
1307515
1318596
1329676
1418321
1429402
1440483
1451564
1462644
1473725
1484805
1495886
1584531
1595612
1606692
1617773
1628854
1639934
1651015
1662095
1750740
1761821
1772903
1783982
1795063
1806144
1817225
1828305
1916950
1928031
1939111
1950192
1961273
1972353
1983434
1994515
2094240
2105321
2116402
2127482
2138563
2149643
2160724
2260450
2271530
2282611
2293692
2304772
2315853
2326933
2426659
2437740
2448820
2459901
2470982
2482062
2493143
2592869
2603949
2615030
2626110
2637191
2648272
2659352
2759078
2770159
2781239
2792320
2803401
2814481
2825562
2925287
2936368
2947449
2958529
2969610
2980690
2991771
3091497
3102578
3113658
3124739
3135820
3146900
3157981
3257707
3268787
3279868
3290948
3302029
3313110
3324190
3423916
3434997
3446077
3457158
3468239
3479319
3490400
3590125
3601206
3612287
3623367
3634448
3645529
3656609
3756335
3767416
3778496
3789577
3800657
3811738
3822819
3833901
3922544
3933625
3944705
3955786
3966867
3977948
3989028
4000109
4088754
4099834
4110915
4121996
4133077
4144157
4155237
4166318
4254963
4266044
4277124
4288205
4299286
4310366
4321447
4332528
4421173
4432253
4443334
4454414
4465495
4476576
4487656
4498737
4587382
4598463
4609543
4620624
4631705
4642786
4653866
4664947
4753592
4764672
4775753
4786833
4797914
4808995
4820075
4831158
4919801
4930882
4941962
4953043
4964124
4975204
4986285
4997366
5086010
5097091
5108172
5119252
5130333
5141414
5152494
5163577
5252220
5263301
5274381
5285462
5296543
5307623
5318704
5329785
5418430
5429510
5440591
5451671
5462752
5473833
5484913
5495994
5584639
5595720
5606800
5617881
5628962
5640042
5651123
5662204
5750848
5761929
5773010
5784090
5795171
5806252
5817332
5828414
5917058
5928138
5939219
5950300
5961381
5972461
5983542
5994623
6094348
6105429
6116509
6127590
6138670
6149751
6160832
6260557
6271638
6282719
6293799
6304880
6315961
6327041
6426767
6437847
6448928
6460009
6471089
6482170
6493251
6592977
6604057
6615138
6626218
6637299
6648379
6659460
6759186
6770267
6781347
6792428
6803509
6814589
6825672
6925395
6936476
6947557
6958637
6969718
6980798
6991879
7091605
7102685
7113766
7124847
7135927
7147008
7158089
7257814
7268895
7279976
7291056
7302137
7313218
7324298
7424024
7435104
7446185
7457266
7468346
7479427
7490508
7590233
7601314
7612394
7623476
7634556
7645636
7656717
7756443
7767523
7778604
7789684
7800765
7811846
7822927
7834008
7922652
7933733
7944813
7955894
7966975
7978055
7989136
8000216
8088862
8099942
8111023
8122104
8133184
8144265
8155346
8166426
8255071
8266152
8277232
8288313
8299393
8310474
8321555
8332635
8421281
8432361
8443442
8454522
8465603
8476684
8487764
8498845
8587490
8598570
8609651
8620732
8631813
8642893
8653974
8665054
8753699
8764780
8775861
8786941
8798022
8809102
8820184
8831264
8919909
8930989
8942070
8953151
8964231
8975312
8986393
8997473
9086118
9097199
9108280
9119360
9130441
9141521
9152602
9163683
9252328
9263409
9274489
9285570
9296650
9307731
9318813
9329892
9418537
9429618
9440698
9451779
9462860
9473941
9485021
9496101
9584747
9595827
9606908
9617989
9629070
9640150
9651231
9662311
9750956
9762037
9773117
9784198
9795279
9806359
9817442
9828521
9917166
9928246
9939327
9950407
9961488
9972569
9983650
9994730
10094456
10105536
10116617
10127698
10138778
10149859
10160939
10260665
10271746
10282826
10293907
10304988
10316069
10327149
10426875
10437955
10449036
10460116
10471197
10482278
10493359
10593084
10604165
10615245
10626326
10637407
10648489
10659568
10759294
10770374
10781455
10792535
10803616
10814698
10825777
10925503
10936584
10947664
10958745
10969825
10980906
10991987
11091712
11102793
11113874
11124954
11136035
11147116
11158197
11257922
11269003
11280083
11291164
11302244
11313326
11324406
11424131
11435212
11446293
11457373
11468454
11479535
11490615
11590341
11601421
11612502
11623583
11634663
11645744
11656824
11756550
11767631
11778712
11789792
11800873
11811955
11823034
11834115
11922760
11933841
11944921
11956002
11967082
11978164
11989243
12000324
12088969
12100050
12111131
12122211
12133292
12144373
12155453
12166533
12255178
12266259
12277340
12288420
12299501
12310582
12321662
12332743
12421388
12432469
12443550
12454630
12465711
12476792
12487872
12498953
12587597
12598678
12609759
12620840
12631920
12643001
12654081
12665162
12753807
12764888
12775968
12787049
12798130
12809212
12820291
12831371
12920016
12931097
12942178
12953259
12964339
12975420
12986500
12997581
13086226
13097307
13108387
13119468
13130549
13141629
13152710
13163790
13252435
13263516
13274597
13285677
13296758
13307839
13318919
13330000
13418645
13429725
13440806
13451887
13462968
13474048
13485128
13496209
13584854
13595935
13607016
13618097
13629177
13640258
13651338
13662419
13751064
13762144
13773225
13784306
13795386
13806469
13817548
13828628
13917273
13928355
13939434
13950515
13961596
13972677
13983757
13994838
14094563
14105644
14116725
14127805
14138886
14149966
14161047
14260773
14271853
14282934
14294015
14305096
14316176
14327257
14426982
14438063
14449143
14460224
14471305
14482385
14493466
14593192
14604272
14615353
14626434
14637514
14648595
14659675
14759401
14770482
14781562
14792643
14803725
14814805
14825885
14925611
14936691
14947772
14958852
14969933
14981014
14992095
15091820
15102901
15113981
15125062
15136143
15147223
15158304
15258030
15269110
15280191
15291271
15302352
15313433
15324513
15424239
15435320
15446400
15457481
15468562
15479642
15490723
15590448
15601529
15612610
15623691
15634771
15645851
15656932
15756658
15767739
15778819
15789900
15800982
15812061
15823142
15834222
15922868
15933948
15945029
15956109
15967190
15978271
15989351
16000432
16089077
16100157
16111238
16122319
16133400
16144480
16155561
16166641
16255286
16266367
16277447
16288528
16299609
16310689
16321770
16332851
16421496
16432576
16443657
16454738
16465819
16476899
16487980
16499060
16587705
16598786
16609867
16620947
16632028
16643108
16654189
16665269
16753915
16764995
16776076
16787157
16798239
16809318
16820399
16831479
16920124
16931205
16942285
16953366
16964447
16975527
16986608
16997689
17086334
17097414
17108495
17119576
17130657
17141737
17152817
17163898
17252543
17263624
17274705
17285785
17296866
17307946
17319027
17330107
17418753
17429833
17440914
17451994
17463075
17474155
17485236
17496317
17584962
17596043
17607123
17618204
17629285
17640365
17651446
17662526
17751171
17762252
17773333
17784414
17795496
17806576
17817655
17828736
17917381
17928462
17939542
17950623
17961704
17972784
17983864
17994946
18094671
18105751
18116832
18127913
18138993
18150074
18161155
18260880
18271961
18283042
18294122
18305203
18316284
18327364
18427090
18438171
18449251
18460332
18471412
18482493
18493574
18593299
18604380
18615461
18626541
18637622
18648703
18659783
18759509
18770589
18781670
18792753
18803831
18814912
18825993
18925718
18936799
18947879
18958960
18970041
18981121
18992202
19091928
19103008
19114089
19125170
19136250
19147331
19158412
19258137
19269218
19280298
19291379
19302460
19313540
19324621
19424347
19435427
19446508
19457589
19468669
19479750
19490830
19590556
19601637
19612717
19623798
19634879
19645959
19657040
19756766
19767846
19778927
19790009
19801088
19812169
19823249
19834330
19922975
19934056
19945136
19956217
19967297
19978378
19989459
20000539
20089184
20100265
20111346
20122427
20133507
20144588
20155668
20166749
20255394
20266474
20277555
20288636
20299717
20310797
20321878
20332958
20421603
20432684
20443764
20454847
20465926
20477006
20488087
20499167
20587813
20598894
20609974
20621055
20632135
20643216
20654297
20665377
20754022
20765103
20776183
20787265
20798345
20809425
20820506
20831586
20920232
20931312
20942393
20953474
20964554
20975635
20986715
20997797
21086441
21097522
21108602
21119684
21130764
21141844
21152925
21164005
21252650
21263731
21274812
21285893
21296973
21308054
21319134
21330215
21418860
21429941
21441021
21452102
21463182
21474263
21485344
21496424
21585070
21596150
21607231
21618312
21629392
21640473
21651553
21662634
21751279
21762359
21773440
21784522
21795602
21806682
21817763
21828843
21917488
21928569
21939650
21950730
21961811
21972892
21983972
21995053
22094779
22105859
22116940
22128020
22139101
22150182
22161262
22260988
22272068
22283149
22294230
22305311
22316391
22327472
22427197
22438278
22449359
22460439
22471520
22482601
22493681
22593407
22604488
22615570
22626649
22637729
22648810
22659890
22759616
22770697
22781779
22792858
22803939
22815020
22826100
22925826
22936906
22947987
22959067
22970148
22981229
22992310
23092035
23103116
23114197
23125277
23136358
23147438
23158519
23258245
23269325
23280406
23291486
23302567
23313648
23324728
23424454
23435535
23446615
23457696
23468776
23479857
23490938
23590664
23601744
23612825
23623905
23634986
23646067
23657147
23756873
23767954
23779036
23790115
23801195
23812276
23823357
23834437
23923082
23934163
23945245
23956324
23967405
23978486
23989567
24000647
24089292
24100373
24111453
24122534
24133614
24144695
24155776
24166856
24255501
24266582
24277663
24288743
24299824
24310904
24321985
24333066
24421711
24432791
24443872
24454953
24466033
24477114
24488194
24499275
24587920
24599001
24610082
24621162
24632243
24643323
24654404
24665485
24754130
24765211
24776293
24787372
24798452
24809533
24820613
24831694
24920339
24931420
24942501
24953581
24964662
24975743
24986824
24997904
25086548
25097629
25108710
25119790
25130871
25141952
25153032
25164113
25252758
25263839
25274920
25286000
25297081
25308161
25319242
25330322
25418967
25430048
25441129
25452209
25463290
25474371
25485451
25496532
25585177
25596258
25607338
25618419
25629499
25640580
25651661
25662741
25751386
25762467
25773549
25784629
25795709
25806790
25817870
25828951
25917596
25928676
25939757
25950837
25961918
25972999
25984080
25995161
26083805
26094886
26105968
26117047
26128128
26139208
26150289
26161370
26261095
26272176
26283256
26294337
26305419
26316498
26327579
26427305
26438386
26449466
26460547
26471627
26482708
26493788
26593514
26604595
26615676
26626756
26637837
26648917
26659998
26759724
26770805
26781886
26792966
26804046
26815127
26826208
26925933
26937014
26948094
26959175
26970256
26981337
26992417
27092143
27103223
27114304
27125385
27136465
27147546
27158626
27258352
27269433
27280513
27291594
27302675
27313755
27324836
27424561
27435643
27446722
27457803
27468884
27479965
27491045
27590771
27601852
27612932
27624013
27635094
27646174
27657255
27756980
27768063
27779142
27790222
27801303
27812383
27823464
27834545
27923190
27934271
27945351
27956432
27967512
27978593
27989674
28000754
28089399
28100480
28111560
28122641
28133722
28144802
28155883
28166964
28255609
28266690
28277770
28288851
28299931
28311012
28322092
28333173
28421818
28432899
28443979
28455060
28466141
28477221
28488302
28499383
28588028
28599109
28610189
28621269
28632350
28643431
28654512
28665592
28754237
28765319
28776398
28787479
28798560
28809640
28820721
28831802
28920447
28931527
28942608
28953688
28964769
28975850
28986930
28998011
29086656
29097737
29108817
29119898
29130978
29142059
29153140
29164221
29252866
29263946
29275027
29286107
29297188
29308268
29319349
29330430
29419075
29430156
29441236
29452317
29463397
29474478
29485559
29496639
29585284
29596366
29607445
29618526
29629607
29640688
29651768
29662849
29751494
29762576
29773655
29784736
29795817
29806897
29817977
29829058
