11080
121887
288096
454306
620515
786725
952934
1119144
1285353
1451563
1617772
1783981
1950191
2127482
2293692
2459901
2626111
2792320
2958530
3124739
3290949
3457158
3623368
3789577
3955787
4121996
4288206
4454416
4620625
4786834
4953044
5119254
5285463
5451672
5617882
5784091
5950301
6127591
6293800
6460010
6626219
6792429
6958639
7124848
7291057
7457267
7623477
7789686
7955896
8122105
8288314
8454524
8620734
8786943
8953152
9119362
9285571
9451781
9617990
9784200
9950410
10127699
10293909
10460118
10626328
10792537
10958747
11124956
11291166
11457375
11623585
11789794
11956004
12122213
12288423
12454632
12620842
12787051
12953261
13119470
13285680
13451889
13618099
13784308
13950518
14127808
14294017
14460227
14626436
14792646
14958855
15125065
15291274
15457484
15623693
15789903
15956112
16122322
16288531
16454741
16620950
16787159
16953369
17119578
17285788
17451997
17618207
17784416
17950626
18127916
18294126
18460335
18626545
18792756
18958964
19125173
19291383
19457592
19623802
19790013
19956220
20122431
20288639
20454849
20621058
20787268
20953477
21119687
21285896
21452107
21618315
21784526
21950734
22128024
22294233
22460443
22626652
22792863
22959071
23125281
23291490
23457700
23623909
23790119
23956328
24122538
24288747
24454957
24621166
24787376
24953585
25119795
25286004
25452214
25618423
25784633
25950842
26128132
26294342
26460551
26626761
26792970
26959180
27125389
27291599
27457808
27624017
27790227
27956436
28122646
28288855
28455065
28621274
28787484
28953693
29119903
29286112
29452322
29618531
29784740
