88645
254855
421064
587273
753483
919692
1085902
1252112
1418321
1584531
1750740
1916950
2094240
2260450
2426659
2592869
2759078
2925287
3091497
3257707
3423916
3590125
3756335
3922544
4088754
4254963
4421173
4587382
4753592
4919801
5086010
5252220
5418430
5584639
5750848
5917058
6094348
6260557
6426767
6592977
6759186
6925395
7091605
7257814
7424024
7590233
7756443
7922652
8088862
8255071
8421281
8587490
8753699
8919909
9086118
9252328
9418537
9584747
9750956
9917166
10094456
10260665
10426875
10593084
10759294
10925503
11091712
11257922
11424131
11590341
11756550
11922760
12088969
12255178
12421388
12587597
12753807
12920016
13086226
13252435
13418645
13584854
13751064
13917273
14094563
14260773
14426982
14593192
14759401
14925611
15091820
15258030
15424239
15590448
15756658
15922868
16089077
16255286
16421496
16587705
16753915
16920124
17086334
17252543
17418753
17584962
17751171
17917381
18094671
18260880
18427090
18593299
18759509
18925718
19091928
19258137
19424347
19590556
19756766
19922975
20089184
20255394
20421603
20587813
20754022
20920232
21086441
21252650
21418860
21585070
21751279
21917488
22094779
22260988
22427197
22593407
22759616
22925826
23092035
23258245
23424454
23590664
23756873
23923082
24089292
24255501
24421711
24587920
24754130
24920339
25086548
25252758
25418967
25585177
25751386
25917596
26083805
26261095
26427305
26593514
26759724
26925933
27092143
27258352
27424561
27590771
27756980
27923190
28089399
28255609
28421818
28588028
28754237
28920447
29086656
29252866
29419075
29585284
29751494
