11081
144048
310258
476467
653757
819967
986176
1152385
1318595
1484805
1651014
1817224
1983433
2149643
2315852
2482061
2648271
2814481
2980690
3146900
3313109
3479319
3645528
3811739
3977948
4144157
4310367
4476576
4653867
4820076
4986286
5152495
5318705
5484914
5651124
5817333
5983543
6149752
6315961
6482171
6648381
6814590
6980799
7147009
7313219
7479428
7645637
7811847
7978057
8144266
8310475
8476685
8653975
8820186
8986395
9152604
9318813
9485023
9651233
9817443
9983651
10149861
10316071
10482279
10648489
10814700
10980908
11147117
11313327
11479537
11645746
11811956
11978165
12144374
12310584
12476795
12643003
12820293
12986502
13152711
13318921
13485130
13651340
13817550
13983759
14149968
14316178
14482387
14648597
14814806
14981016
15147225
15313434
15479644
15645853
15812064
15978272
16144482
16310691
16476901
16643110
16820401
16986610
17152820
17319029
17485238
17651448
17817657
17983867
18150076
18316286
18482495
18648705
18814914
18981124
19147333
19313543
19479752
19645962
19812171
19978381
20144590
20310799
20477009
20643218
20820509
20986718
21152927
21319137
21485347
21651556
21817765
21983975
22150184
22316394
22482603
22648813
22815022
22981232
23147441
23313651
23479860
23646069
23812279
23978489
24144698
24310907
24477117
24643326
24820616
24986826
25153035
25319245
25485454
25651663
25817873
25984083
26150292
26316502
26482711
26648920
26815130
26981339
27147549
27313758
27479968
27646177
27812387
27978597
28144806
28311015
28477225
28643434
28820724
28986933
29153143
29319353
29485562
29651771
29817982
