55403
221613
398903
565113
731322
897532
1063741
1229951
1396160
1562371
1728581
1894790
2061000
2227209
2393419
2559628
2725838
2892048
3058257
3224466
3390676
3556886
3723096
3889305
4055514
4221724
4399014
4565224
4731433
4897643
5063853
5230062
5396271
5562481
5728690
5894900
6061110
6227320
6393529
6559738
6725948
6892158
7058367
7224579
7390786
7556996
7723205
7889415
8055625
8221834
8399125
8565334
8731544
8897753
9063963
9230173
9396382
9562592
9728801
9895010
10061220
10227430
10393639
10559849
10726058
10892268
11058478
11224687
11390897
11557107
11723316
11889526
12055735
12221945
12399235
12565445
12731654
12897864
13064073
13230283
13396492
13562702
13728911
13895121
14061331
14227541
14393750
14559959
14726169
14892378
15058588
15224798
15391007
15557217
15723427
15889636
16055846
16222055
16399345
16565555
16731764
16897974
17064184
17230393
17396603
17562812
17729022
17895231
18061441
18227650
18393860
18560070
18726279
18892489
19058698
19224908
19391118
19557327
19723537
19889746
20055956
20222165
20399456
20565665
20731875
20898085
21064294
21230504
21396713
21562923
21729132
21895342
22061552
22227761
22393971
22560180
22726390
22892599
23058809
23225019
23391228
23557438
23723647
23889857
24056067
24222276
24399566
24565776
24731985
24898195
25064405
25230614
25396824
25563033
25729243
25895453
26061662
26227872
26394081
26560291
26726500
26892710
27058920
27225129
27391339
27557548
27723758
27889968
28056177
28222387
28388596
28565887
28732096
28898305
29064515
29230724
29396934
29563144
29729353
29895563
30061772
30227982
30394192
30560401
30726611
30892820
31059030
31225240
31391450
31557659
31723868
31890078
32056287
32222497
32388706
32565997
32732207
32898416
33064625
33230835
33397045
33563255
33729464
33895673
34061883
34228093
34394302
34560512
34726721
34892931
35059141
35225350
35391560
35557769
35723979
35890188
36056398
36222608
36388817
36566107
36732318
36898526
37064736
37230946
37397155
37563365
37729574
37895784
38061993
38228203
38394413
38560622
38726832
38893042
39059251
39225461
39391670
39557880
39724089
39890299
40056509
40222718
40388927
40566218
40732428
40898638
41064847
41231056
41397266
41563476
41729687
41895895
42062104
42228314
42394523
42560733
42726943
42893152
43059362
43225571
43391781
43557990
43724201
43890410
44056619
44222829
44389038
44566328
44732539
44898748
45064957
45231167
45397376
45563586
45729796
45896005
46062214
46228424
46394634
46560843
46727053
46893263
47059472
47225682
47391891
47558101
47724311
47890520
48056730
48222939
48389149
48566439
48732648
48898858
49065067
49231277
49397487
49563696
49729906
49896116
50062325
50228535
50394744
50560954
50727163
50893374
51059583
51225792
51392002
51558211
51724421
51890631
52056840
52223050
52389259
52555469
52732759
52898969
53065178
53231388
53397597
53563808
53730016
53896226
54062435
54228645
54394855
54561064
54727274
54893484
55059693
55225903
55392112
55558322
55724531
55890741
56056950
56223160
56389370
56555579
56732869
56899079
57065289
57231498
57397708
57563917
57730127
57896337
58062546
58228756
58394965
58561175
58727385
58893594
59059804
59226013
59392223
59558432
59724642
59890852
60057061
60223271
60389480
60555690
60732980
60899190
61065399
61231609
61397818
61564028
61730238
61896447
62062657
62228866
62395076
62561285
62727495
62893704
63059914
63226124
63392333
63558543
63724753
63890962
64057172
64223382
64389591
64555801
64733091
64899300
65065510
65231719
65397929
65564138
65730348
65896558
66062767
66228977
66395186
66561396
66727605
66893815
67060025
67226234
67392444
67558653
67724863
67891073
68057282
68223492
68389701
68555911
68733201
68899411
69065621
69231830
69398039
69564249
69730458
69896668
70062878
70229087
70395297
70561506
70727716
70893925
71060135
71226345
71392554
71558764
71724974
71891183
72057393
72223602
72389812
72556021
72733312
72899521
73065731
73231940
73398150
73564360
73730569
73896779
74062988
74229198
74395407
74561617
74727827
74894036
75060246
75226455
75392665
75558875
75725084
75891294
76057503
76223713
76389922
76556132
76733422
76899632
77065841
77232051
77398260
77564470
77730679
77896889
78063099
78229309
78395518
78561727
78727937
78894147
79060356
79226566
79392775
79558985
79725194
79891404
80057613
80223823
80390033
80556242
80722452
80899742
81065952
81232161
81398371
81564581
81730790
81896999
82063209
82229419
82395628
82561838
82728047
82894257
83060467
83226676
83392886
83559096
83725305
83891515
84057724
84223934
84390144
84556353
84722562
84899853
85066062
85232272
85398482
85564691
85730901
85897110
86063320
86229530
86395739
86561948
86728158
86894368
87060577
87226787
87392996
87559206
87725416
87891625
88057835
88224044
88390254
88556464
88722673
88899963
89066173
89232382
89398592
89564801
89731011
89897221
90063430
90229640
90395850
90562059
90728268
90894478
91060688
91226897
91393107
91559316
91725526
91891736
92057945
92224155
92390365
92556574
92722783
92900074
93066283
93232493
93398703
93564912
93731122
93897331
94063541
94229750
94395960
94562169
94728379
94894589
95060798
95227008
95393217
95559427
95725637
95891846
96058056
96224265
96390475
96556685
96722894
96900184
97066394
97232604
97398813
97565023
97731232
97897442
98063651
98229861
98396070
98562280
98728490
98894699
99060909
99227118
99393328
99559538
99725747
99891957
100058166
100224376
100390585
100556795
100723005
100900297
101066505
101232714
101398923
101565134
101731343
101897552
102063762
102229972
102396181
102562392
102728600
102894810
103061019
103227230
103393439
103559649
103725858
103892067
104058277
104224487
104390696
104556907
104723115
104900405
105066615
105232825
105399034
105565244
105731453
105897663
106063872
106230082
106396291
106562502
106728711
106894920
107061130
107227339
107393549
107559759
107725968
107892178
108058387
108224597
108390806
108557017
108723226
108889435
109066725
109232935
109399145
109565354
109731564
109897773
110063983
110230193
110396402
110562611
110728822
110895031
111061240
111227450
111393659
111559869
111726079
111892288
112058498
112224707
112390917
112557127
112723336
112889546
113066836
113233045
113399256
113565464
113731674
113897884
114064094
114230303
114396512
114562722
114728932
114895141
115061351
115227560
115393770
115559979
115726189
115892399
116058608
116224818
116391027
116557237
116723447
116889656
117066947
117233156
117399366
117565575
117731785
117897994
118064204
118230413
118396623
118562833
118729042
118895252
119061461
119227671
119393880
119560090
119726300
119892509
120058719
120224928
120391138
120557348
120723557
120889767
121067057
121233266
121399476
121565686
121731895
121898105
122064314
122230524
122396734
122562943
122729153
122895362
123061572
123227781
123393991
123560201
123726410
123892620
124058830
124225039
124391249
124557459
124723668
124889877
125067167
125233377
125399586
125565796
125732006
125898216
126064425
126230634
126396844
126563054
126729263
126895473
127061682
127227892
127394102
127560311
127726521
127892731
128058940
128225149
128391359
128557569
128723778
128889988
129067278
129233488
129399697
129565907
129732116
129898326
130064536
130230745
130396955
130563164
130729374
130895584
131061793
131228003
131394212
131560422
131726631
131892841
132059051
132225260
132391470
132557679
132723889
132890099
133067389
133233598
133399808
133566018
133732227
133898437
134064646
134230856
134397065
134563275
134729485
134895694
135061904
135228113
135394323
135560532
135726742
135892951
136059161
136225371
136391580
136557790
136723999
136890209
137056419
137233709
137399918
137566128
137732338
137898547
138064757
138230966
138397176
138563385
138729595
138895805
139062014
139228224
139394433
139560643
139726852
139893062
140059272
140225481
140391691
140557900
140724110
140890319
141056529
141233820
141400029
141566239
141732448
141898658
142064868
142231077
142397286
142563496
142729706
142895915
143062125
143228334
143394544
143560754
143726963
143893173
144059382
144225592
144391802
144558011
144724220
144890430
145056640
145233930
145400140
145566349
145732559
145898768
146064978
146231188
146397397
146563607
146729816
146896025
147062235
147228445
147394655
147560864
147727073
147893283
148059493
148225702
148391912
148558122
148724331
148890541
149056750
149234041
149400250
149566459
149732669
149898878
150065088
150231298
150397507
150563717
150729927
150896136
151062346
151228556
151394765
151560974
151727184
151893393
152059603
152225813
152392022
152558232
152724441
152890651
153056861
153234151
153400360
153566570
153732780
153898989
154065199
154231409
154397618
154563828
154730037
154896247
155062456
155228666
155394876
155561085
155727295
155893504
156059714
156225923
156392133
156558342
156724552
156890762
157056971
157234262
157400471
157566681
157732890
157899100
158065310
158231519
158397729
158563938
158730148
158896357
159062567
159228776
159394986
159561196
159727406
159893615
160059824
160226034
160392244
160558453
160724663
160890872
161057082
161223292
161400583
161566792
161733001
161899211
162065420
162231630
162397840
162564050
162730259
162896468
163062678
163228887
163395098
163561306
163727516
163893725
164059936
164226145
164392356
164558564
164724773
164890983
165057193
165223402
165400692
165566902
165733111
165899321
166065531
166231740
166397950
166564159
166730369
166896578
167062788
167228997
167395207
167561417
167727626
167893836
168060045
168226255
168392465
168558674
168724884
168891093
169057303
169223512
169400803
169567012
169733222
169899431
170065641
170231851
170398060
170564270
170730479
170896689
171062898
171229108
171395318
171561527
171727737
171893946
172060156
172226365
172392575
172558785
172724994
172891204
173057413
173223623
173400913
173567123
173733332
173899542
174065751
174231961
174398171
174564380
174730590
174896799
175063009
175229218
175395428
175561638
175727847
175894057
176060266
176226476
176392685
176558896
176725105
176891314
177057524
177223733
177401024
177567233
177733443
177899653
178065862
178232071
178398282
178564491
178730700
178896910
179063120
179229329
179395539
179561748
179727958
179894167
180060377
180226587
180392796
180559006
180725215
180891425
181057634
181223844
181401134
181567344
181733554
181899763
182065973
182232182
182398392
182564601
182730811
182897020
183063230
183229440
183395649
183561859
183728068
183894278
184060488
184226697
184392907
184559116
184725326
184891536
185057745
185223954
185401245
185567454
185733664
185899874
186066083
186232293
186398502
186564712
186730922
186897131
187063340
187229550
187395760
187561969
187728179
187894388
188060598
188226808
188393017
188559226
188725436
188891646
189057855
189224065
189390274
189567565
189733774
189899984
190066194
190232403
190398613
190564822
190731032
190897241
191063451
191229661
191395870
191562080
191728289
191894499
192060709
192226918
192393128
192559337
192725547
192891756
193057966
193224176
193390385
193567675
193733885
193900095
194066304
194232514
194398723
194564933
194731143
194897351
195063561
195229770
195395980
195562189
195728399
195894609
196060818
196227028
196393237
196559448
196725657
196891867
197058076
197224286
197390496
197567786
197733995
197900205
198066414
198232624
198398834
198565043
198731253
198897463
199063672
199229882
199396091
199562301
199728510
199894720
200060929
200227139
200393348
200559558
200725768
200891978
201058187
201224396
201390606
201567896
201734106
201900316
202066525
202232735
202398944
202565154
202731364
202897573
203063783
203229992
203396202
203562411
203728621
203894830
204061040
204227250
204393459
204559669
204725878
204892088
205058297
205224507
205390717
205568007
205734216
205900426
206066636
206232845
206399055
206565264
206731475
206897683
207063893
207230102
207396312
207562522
207728731
207894941
208061150
208227360
208393569
208559779
208725989
208892199
209058408
209224617
209390827
209568117
209734327
209900536
210066746
210232956
210399165
210565375
210731584
210897794
211064004
211230213
211396423
211562632
211728842
211895051
212061261
212227470
212393680
212559889
212726099
212892309
213058518
213224728
213390937
213568228
213734437
213900647
214066857
214233066
214399275
214565485
214731695
214897904
215064114
215230323
215396533
215562743
215728952
215895162
216061372
216227581
216393790
216560000
216726210
216892419
217058629
217224838
217391048
217557257
217734548
217900757
218066967
218233177
218399386
218565596
218731805
218898015
219064225
219230434
219396644
219562853
219729063
219895272
220061482
220227692
220393901
220560111
220726320
220892530
221058739
221224949
221391158
221557368
221734659
221900868
222067078
222233288
222399497
222565707
222731916
222898126
223064335
223230545
223396754
223562964
223729173
223895384
224061593
224227803
224394012
224560221
224726431
224892641
225058850
225225060
225391269
225557479
225734769
225900978
226067188
226233398
226399607
226565817
226732027
226898236
227064446
227230655
227396865
227563074
227729284
227895493
228061703
228227913
228394122
228560332
228726542
228892751
229058960
229225171
229391380
229557589
229734879
229901089
230067299
230233508
230399718
230565927
230732137
230898346
231064556
231230766
231396975
231563185
231729394
231895604
232061814
232228024
232394232
232560442
232726652
232892862
233059071
233225280
233391490
233557700
233734990
233901199
234067409
234233618
234399829
234566038
234732247
234898457
235064667
235230876
235397086
235563295
235729505
235895714
236061924
236228134
236394343
236560553
236726762
236892972
237059181
237225391
237391601
237557810
237735101
237901310
238067520
238233729
238399939
238566148
238732358
238898567
239064777
239230987
239397196
239563406
239729615
239895825
240062035
240228244
240394454
240560663
240726873
240893082
241059292
241225502
241391711
241557921
241735211
241901421
242067630
242233840
242400049
242566259
242732468
242898678
243064888
243231097
243397307
243563516
243729726
243895936
244062145
244228355
244394564
244560774
244726984
244893193
245059402
245225612
245391822
245558031
245724241
245901531
246067741
246233950
246400160
246566369
246732579
246898789
247064998
247231208
247397417
247563627
247729837
247896046
248062255
248228465
248394675
248560885
248727094
248893303
249059513
249225723
249391932
249558142
249724351
249901642
250067851
250234061
250400271
250566480
250732689
250898899
251065109
251231319
251397528
251563738
251729947
251896157
252062366
252228576
252394785
252560995
252727205
252893414
253059624
253225833
253392043
253558253
253724462
253901752
254067962
254234171
254400381
254566591
254732800
254899010
255065219
255231429
255397638
255563848
255730057
255896267
256062477
256228687
256394896
256561105
256727315
256893525
257059734
257225944
257392153
257558363
257724572
257901863
258068072
258234282
258400492
258566701
258732911
258899120
259065330
259231539
259397749
259563958
259730168
259896378
260062587
260228797
260395006
260561216
260727426
260893635
261059844
261226054
261392264
261558473
261724683
261901973
262068183
262234393
262400602
262566812
262733022
262899231
263065440
263231651
263397860
263564069
263730279
263896488
264062698
264228907
264395117
264561327
264727536
264893746
265059955
265226165
265392375
265558584
265724794
265902084
266068294
266234503
266400713
266566922
266733132
266899341
267065551
267165277
267231761
267397970
267564180
267730389
267896599
268062809
268229018
268395228
268561437
268727647
268893857
269060066
269226276
269392485
269558695
269724904
269902195
270068404
270234614
270400823
270567033
270733242
270899452
271065661
271231871
271398081
271564291
271730500
271896709
272062919
272229128
272395338
272561548
272727757
272893967
273060176
273226386
273392595
273558805
273725015
273891224
274068514
274234725
274400934
274567143
274733353
274899563
275065772
275231982
275398191
275564401
275730610
275896820
276063030
276229239
276395449
276561658
276727868
276894078
277060287
277226497
277392706
277558916
277725126
277891335
278068625
278234835
278401044
278567254
278733463
278899673
279065883
279232092
279398302
279564511
279730721
279896930
280063140
280229350
280395560
280561769
280727979
280894188
281060398
281226607
281392817
281559026
281725236
281891446
282068737
282234946
282401156
282567365
282733574
282899784
283065995
283232203
283398413
283564622
283730832
283897041
284063252
284229460
284395670
284561881
284728089
284894299
285060509
285226719
285392928
285559137
285725347
285891557
286068847
286235056
286401265
286567475
286733684
286899894
287066104
287232314
287398523
287564733
287730942
287897152
288063361
288229571
288395780
288561990
288728200
288894409
289060619
289226828
289393038
289559248
289725457
289891667
290068957
290235167
290401376
290567585
290733795
290900005
291066214
291232424
291398633
291564843
291731053
291897262
292063472
292229682
292395891
292562101
292728310
292894520
293060729
293226939
293393149
293559358
293725568
293891777
294069067
294235277
294401487
294567696
294733906
294900115
295066325
295232535
295398744
295564954
295731163
295897373
296063583
296229792
296396002
296562211
296728421
296894630
297060840
297227050
297393259
297559469
297725678
297891888
298058097
298235388
298401597
298567807
298734017
298900226
299066436
299232645
299398855
299565064
299731274
299897484
300063693
300229903
300396112
300562322
300728531
300894741
301060950
301227160
301393370
301559579
301725789
301891998
302058208
302235499
302401708
302567917
302734127
302900337
303066546
303232756
303398965
303565175
303731385
303897594
304063803
304230013
304396223
304562433
304728642
304894851
305061061
305227271
305393480
305559690
305725899
305892109
306058319
306235609
306401818
306568028
306734237
306900447
307066657
307232866
307399076
307565285
307731495
307897705
308063914
308230124
308396333
308562543
308728752
308894962
309061171
309227381
309393591
309559800
309726010
309892219
310058429
310235719
310401929
310568139
310734348
310900558
311066767
311232977
311399187
311565397
311731606
311897815
312064025
312230234
312396444
312562654
312728863
312895073
313061282
313227492
313393702
313559911
313726122
313892330
314058539
314235830
314402039
314568249
314734459
314900668
315066878
315233088
315399297
315565507
315731717
315897926
316064135
316230345
316396555
316562764
316728974
316895183
317061393
317227602
317393812
317560022
317726231
317892441
318058650
318235940
318402150
318568360
318734569
318900779
319066988
319233198
319399407
319565617
319731827
319898036
320064246
320230455
320396665
320562875
320729084
320895294
321061503
321227713
321393923
321560132
321726341
321892551
322058761
322236051
322402261
322568470
322734680
322900890
323067099
323233309
323399518
323565728
323731938
323898147
324064356
324230566
324396776
324562986
324729195
324895404
325061614
325227823
325394033
325560243
325726452
325892662
326058871
326225081
326402371
326568581
326734790
326901000
327067210
327233419
327399629
327565838
327732048
327898258
328064467
328230677
328396886
328563096
328729305
328895515
329061725
329227934
329394144
329560353
329726563
329892773
330058982
330225192
330402482
330568691
330734901
330901110
331067320
331233530
331399739
331565949
331732160
331898368
332064577
332230787
332396997
332563206
332729416
332895625
333061835
333228045
333394254
333560464
333726673
333892883
334059092
334225302
334402592
334568802
334735011
334901221
335067431
335233640
335399850
335566059
335732269
335898479
336064688
336230898
336397107
336563317
336729527
336895736
337061946
337228155
337394365
337560574
337726784
337892993
338059203
338225413
338402703
338568912
338735122
338901332
339067541
339233751
339399960
339566170
339732380
339898589
340064799
340231008
340397218
340563428
340729637
340895847
341062056
341228266
341394475
341560685
341726895
341893104
342059314
342225523
342402814
342569024
342735233
342901442
343067652
343233862
343400071
343566281
343732491
343898701
344064909
344231119
344397329
344563538
344729748
344895958
345062168
345228377
345394586
345560796
345727006
345893216
346059425
346225634
346402924
346569134
346735343
346901553
347067762
347233972
347400181
347566391
347732601
347898811
348065020
348231229
348397439
348563649
348729858
348896068
349062277
349228487
349394697
349560906
349727116
349893326
350059535
350225744
350403035
350569244
350735454
350901663
351067873
351234082
351400292
351566502
351732711
351898921
352065130
352231340
352397549
352563759
352729969
352896178
353062388
353228598
353394807
353561017
353727226
353893436
354059645
354225855
354392065
354569355
354735564
354901774
355067984
355234193
355400403
355566612
355732822
355899031
356065241
356231450
356397660
356563870
356730079
356896289
357062499
357228708
357394917
357561127
357727337
357893546
358059756
358225965
358392175
358569465
358735675
358901885
359068094
359234304
359400513
359566723
359732932
359899142
360065352
360231561
360397771
360563980
360730190
360896400
361062609
361228818
361395028
361561238
361727447
361893657
362059867
362226076
362392286
362569576
362735786
362901995
363068205
363234414
363400624
363566833
363733043
363899253
364065462
364231672
364397882
364564091
364730300
364896510
365062720
365228929
365395139
365561348
365727558
365893768
366059977
366226187
366392396
366569686
366735896
366902105
367068315
367234525
367400734
367566944
367733153
367899363
368065572
368231782
368397992
368564201
368730411
368896620
369062830
369229040
369395249
369561459
369727668
369893878
370060087
370226297
370392507
370569797
370736007
370902216
371068426
371234636
371400845
371567055
371733264
371899473
372065683
372231893
372398102
372564312
372730522
372896731
373062941
373229150
373395360
373561569
373727779
373893988
374060198
374226408
374392617
374569908
374736117
374902327
375068536
375234746
375400955
375567165
375733374
375899584
376065794
376232003
376398213
376564422
376730632
376896842
377063051
377229261
377395470
377561681
377727890
377894099
378060309
378226519
378392728
378570018
378736228
378902437
379068647
379234856
379401066
379567276
379733485
379899695
380065904
380232114
380398324
380564533
380730742
380896952
381063162
381229371
381395581
381561790
381728000
381894210
382060419
382226629
382392839
382559048
382736339
382902548
383068757
383234967
383401177
383567386
383733596
383899806
384066015
384232225
384398434
384564644
384730853
384897063
385063272
385229482
385395692
385561901
385728111
385894320
386060530
386226740
386392949
386559158
386736449
386902659
387068868
387235078
387401287
387567497
387733706
387899916
388066126
388232335
388398545
388564754
388730964
388897173
389063383
389229593
389395803
389562012
389728221
389894431
390060641
390226850
390393060
390559269
390736559
390902769
391068979
391235188
391401398
391567607
391733817
391900026
392066236
392232445
392398655
392564865
392731074
392897284
393063493
393229703
393395913
393562122
393728332
393894542
394060751
394226961
394393170
394559380
394736670
394902880
395069089
395235299
395401508
395567718
395733928
395900137
396066347
396232556
396398766
396564975
396731185
396897395
397063604
397229814
397396023
397562233
397728443
397894652
398060862
398227071
398393281
398559490
398736781
398902990
399069200
399235409
399401619
399567829
399734038
399900248
400066457
400232667
400398876
400565086
400731296
400897505
401063715
401229924
401396134
401562343
401728553
401894763
402060972
402227182
402393392
402559601
402736892
402903101
403069311
403235520
403401730
403567939
403734150
403900358
404066568
404232778
404398987
404565197
404731407
404897616
405063826
405230035
405396245
405562454
405728665
405894873
406061083
406227293
406393502
406559712
406725923
406903211
407069421
407235631
407401841
407568050
407734260
407900469
408066678
408232888
408399097
408565307
408731517
408897726
409063936
409230146
409396355
409562565
409728774
409894984
410061193
410227403
410393612
410559822
410726033
410903322
411069531
411235741
411401951
411568161
411734370
411900579
412066789
412232999
412399208
412565417
412731627
412897837
413064047
413230256
413396466
413562675
413728885
413895094
414061304
414227513
414393723
414559933
414726142
414903433
415069642
415235851
415402061
415568271
415734480
415900690
416066899
416233109
416399319
416565528
416731738
416897948
417064157
417230366
417396577
417562786
417728995
417895205
418061414
418227624
418393834
418560043
418726253
418903543
419069752
419235962
419402172
419568381
419734591
419900801
420067010
420233220
420399429
420565639
420731848
420898058
421064267
421230477
421396687
421562896
421729106
421895315
422061525
422227735
422393944
422560154
422726363
422903654
423069863
423236073
423402283
423568492
423734702
423900911
424067121
424233330
424399540
424565749
424731959
424898169
425064378
425230588
425396797
425563007
425729217
425895426
426061636
426227845
426394055
426560265
426726474
426903764
427069974
427236183
427402393
427568603
427734812
427901022
428067231
428233441
428399650
428565860
428732069
428898279
429064489
429230698
429396908
429563117
429729327
429895536
430061747
430227956
430394165
430560375
430726585
430903875
431070084
431236295
431402504
431568713
431734923
431901133
432067342
432233551
432399761
432565971
432732180
432898390
433064600
433230809
433397019
433563228
433729438
433895647
434061858
434228066
434394276
434560486
434726696
434892905
435070195
435236405
435402614
435568824
435735033
435901243
436067453
436233662
436399872
436566081
436732291
436898501
437064710
437230920
437397129
437563339
437729548
437895758
438061968
438228177
438394387
438560596
438726806
438893015
439070305
439236515
439402725
439568934
439735144
439901353
440067563
440233773
440399982
440566192
440732401
440898611
441064821
441231030
441397242
441563449
441729659
441895868
442062078
442228288
442394497
442560707
442726916
442893126
443070417
443236626
443402835
443569045
443735255
443901464
444067674
444233883
444400093
444566303
444732512
444898722
445064931
445231141
445397351
445563560
445729769
445895979
446062189
446228399
446394608
446560817
446727027
446893237
447070527
447236736
447402946
447569156
447735365
447901575
448067785
448233994
448400204
448566413
448732623
448898832
449065042
449231251
449397461
449563671
449729880
449896090
450062299
450228509
450394719
450560928
450727138
450893347
451070637
451236847
451403057
451569266
451735476
451901685
452067895
452234104
452400314
452566524
452732733
452898943
453065152
453231362
453397572
453563781
453729991
453896200
454062410
454228619
454394829
454561039
454727248
454893458
455070748
455236957
455403167
455569377
455735586
455901796
456068006
456234215
456400425
456566634
456732844
456899053
457065263
457231472
457397682
457563892
457730101
457896311
458062521
458228730
458394940
458561149
458727359
458893568
459070859
459237069
459403278
459569487
459735697
459901907
460068116
460234326
460400535
460566745
460732954
460899164
461065373
461231583
461397793
461564002
461730212
461896422
462062631
462228841
462395050
462561260
462727470
462893679
463059889
463237179
463403389
463569599
463735808
463902017
464068227
464234437
464400646
464566856
464733065
464899275
465065485
465231694
465397904
465564114
465730323
465896532
466062742
466228952
466395161
466561372
466727580
466893790
467059999
467237289
467403499
467569709
467735918
467902128
468068337
468234547
468400757
468566967
468733176
468899385
469065595
469231804
469398014
469564224
469730433
469896643
470062852
470229062
470395271
470561481
470727691
470893900
471060110
471237400
471403610
471569819
471736028
471902238
472068448
472234658
472400867
472567076
472733286
472899496
473065706
473231915
473398124
473564334
473730544
473896753
474062963
474229172
474395382
474561592
474727801
474894011
475060220
475237510
475403720
475569930
475736139
475902349
476068558
476234768
476400978
476567187
476733397
476899606
477065816
477232025
477398235
477564445
477730655
477896864
478063073
478229283
478395493
478561702
478727912
478894121
479060331
479237621
479403831
479570040
479736250
479902460
480068669
480234879
480401088
480567298
480733508
480899717
481065926
481232136
481398346
481564555
481730765
481896975
482063184
482229393
482395603
482561813
482728023
482894232
483060441
483237732
483403941
483570151
483736360
483902570
484068780
484234989
484401199
484567409
484733618
484899827
485066037
485232247
485398456
485564666
485730875
485897085
486063295
486229504
486395714
486561923
486728133
486894343
487060552
487237842
487404052
487570261
487736471
487902681
488068890
488235100
488401309
488567519
488733728
488899938
489066148
489232357
489398567
489564776
489730986
489897196
490063405
490229615
490395824
490562034
490728243
490894453
491060662
491226872
491404163
491570372
491736582
491902792
492069001
492235211
492401420
492567630
492733839
492900049
493066258
493232468
493398677
493564887
493731097
493897306
494063516
494229725
494395935
494562145
494728354
494894564
495060773
495226983
495404273
495570483
495736692
495902902
496069112
496235321
496401531
496567740
496733950
496900159
497066369
497232579
497398788
497564998
497731207
497897417
498063627
498229836
498396046
498562255
498728465
498894674
499060884
499227094
499404384
499570593
499736803
499903013
500069222
500235432
500401641
500567851
500734060
500900270
501066480
501232689
501398899
501565108
501731318
501897527
502063737
502229947
502396156
502562366
502728575
502894785
503060995
503227204
503404494
503570704
503736914
503903123
504069333
504235542
504401752
504567962
504734171
504900381
505066590
505232800
505399009
505565219
505731428
505897638
506063848
506230057
506396267
506562477
506728686
506894896
507061105
507227315
507404605
507570814
507737024
507903234
508069443
508235653
508401862
508568072
508734282
508900491
509066701
509232911
509399120
509565330
509731539
509897749
510063958
510230168
510396377
510562587
510728797
510895006
511061216
511227425
511404716
511570925
511737135
511903344
512069554
512235764
512401973
512568184
512734392
512900602
513066812
513233022
513399230
513565440
513731650
513897859
514064069
514230278
514396488
514562698
514728907
514895117
515061326
515227536
515404826
515571036
515737245
515903455
516069665
516235874
516402084
516568293
516734503
516900713
517066922
517233132
517399341
517565551
517731760
517897970
518064180
518230389
518396599
518562809
518729018
518895227
519061437
519227647
519393856
519571147
519737356
519903566
520069775
520235985
520402195
520568404
520734614
520900823
521067033
521233242
521399452
521565662
521731871
521898081
522064290
522230500
522396709
522562919
522729128
522895338
523061548
523227758
523393967
523571257
523737467
523903676
524069886
524236096
524402305
524568515
524734724
524900934
525067143
525233353
525399562
525565772
525731981
525898191
526064401
526230611
526396820
526563030
526729239
526895449
527061658
527227868
527394077
527571368
527737577
527903787
528069997
528236206
528402416
528568625
528734835
528901044
529067254
529233464
529399673
529565883
529732092
529898302
530064511
530230721
530396931
530563140
530729350
530895560
531061769
531227979
531394188
531571478
531737688
531903898
532070107
532236317
532402526
532568736
532734946
532901155
533067365
533233574
533399784
533565993
533732203
533898413
534064622
534230832
534397041
534563251
534729461
534895670
535061880
535228089
535394299
535571589
535737799
535904009
536070218
536236428
536402638
536568847
536735056
536901266
537067476
537233685
537399898
537566104
537732314
537898523
538064733
538230943
538397153
538563362
538729571
538895783
539061990
539228200
539394411
539571700
539737909
539904119
540070328
540236538
540402748
540568957
540735167
540901376
541067586
541233795
541400006
541566215
541732424
541898634
542064843
542231053
542397263
542563472
542729682
542895891
543062101
543228310
543394520
543560730
543738020
543904230
544070439
544236648
544402859
544569068
544735277
544901487
545067696
545233906
545400116
545566325
545732535
545898744
546064954
546231164
546397373
546563583
546729792
546896002
547062212
547228422
547394631
547560840
547738130
547904340
548070550
548236759
548402969
548569179
548735388
548901597
549067807
549234017
549400226
549566436
549732645
549898855
550065064
550231274
550397484
550563694
550729903
550896112
551062322
551228532
551394742
551560951
551738241
551904451
552070660
552236870
552403079
552569289
552735499
552901708
553067918
553234127
553400337
553566547
553732756
553898966
554065175
554231385
554397595
554563804
554730014
554896224
555062433
555228642
555394852
555561062
555738352
555904561
556070771
556236981
556403190
556569400
556735609
556901819
557068029
557234238
557400447
557566657
557732867
557899076
558065286
558231496
558397705
558563915
558730124
558896334
559062544
559228753
559394963
559561172
559738463
559904672
560070881
560237091
560403301
560569510
560735720
560901929
561068139
561234349
561400558
561566768
561732978
561899187
562065396
562231606
562397816
562564025
562730235
562896444
563062654
563228864
563395073
563561283
563738573
563904783
564070992
564237202
564403411
564569621
564735831
564902040
565068250
565234459
565400669
565566879
565733088
565899298
566065507
566231717
566397927
566564136
566730346
566896555
567062765
567228974
567395184
567561394
567738684
567904893
568071103
568237313
568403522
568569732
568735941
568902151
569068360
569234570
569400779
569566989
569733199
569899408
570065618
570231828
570398037
570564247
570730456
570896666
571062876
571229085
571395295
571561504
571727714
571905004
572071213
572237423
572403633
572569842
572736052
572902262
573068471
573234680
573400890
573567100
573733309
573899521
574065728
574231938
574398148
574564357
574730567
574896777
575062986
575229196
575395406
575561615
575727824
575905115
576071324
576237534
576403743
576569953
576736163
576902372
577068582
577234791
577401001
577567210
577733420
577899630
578065839
578232049
578398258
578564468
578730677
578896887
579063097
579229306
579395516
579561725
579727935
579905225
580071435
580237645
580403854
580570064
580736273
580902483
581068692
581234902
581401112
581567321
581733531
581899740
582065950
582232159
582398369
582564579
582730788
582896998
583063207
583229417
583395627
583561836
583728045
583905336
584071546
584237755
584403964
584570174
584736384
584902593
585068803
585235012
585401224
585567432
585733641
585899851
586066060
586232270
586398480
586564689
586730898
586897108
587063318
587229527
587395737
587561947
587728156
587905447
588071656
588237866
588404075
588570285
588736495
588902704
589068914
589235123
589401333
589567543
589733752
589899961
590066171
590232381
590398590
590564800
590731010
590897219
591063429
591229638
591395848
591562057
591728267
591905557
592071767
592237976
592404186
592570396
592736605
592902815
593069024
593235234
593401443
593567653
593733863
593900072
594066282
594232491
594398701
594564911
594731120
594897330
595063539
595229749
595395959
595562168
595728378
595905668
596071878
596238088
596404297
596570506
596736716
596902926
597069135
597235346
597401554
597567764
597733973
597900184
598066393
598232603
598398812
598565021
598731231
598897441
599063650
599229860
599396069
599562279
599728489
599894698
600071988
600238198
600404407
600570617
600736827
600903036
601069245
601235456
601401665
601567874
601734084
601900294
602066503
602232713
602398922
602565132
602731341
602897551
603063761
603229971
603396180
603562389
603728599
603894808
604072099
604238308
604404518
604570728
604736937
604903147
605069356
605235566
605401775
605567985
605734195
605900404
606066614
606232823
606399033
606565242
606731452
606897661
607063871
607230081
607396291
607562500
607728709
607894919
608072209
608238419
608404629
608570838
608737048
608903257
609069467
609235676
609401886
609568096
609734305
609900515
610066724
610232934
610399144
610565353
610731562
610897773
611063982
611230191
611396401
611562611
611728820
611895030
612072320
612238529
612404739
612570949
612737158
612903368
613069578
613235787
613401997
613568206
613734416
613900625
614066835
614233045
614399254
614565464
614731673
614897883
615064093
615230302
615396512
615562721
615728931
615895140
616072431
616238641
616404850
616571060
616737269
616903479
617069688
617235898
617402107
617568317
617734526
617900736
618066946
618233155
618399365
618565574
618731784
618897994
619064203
619230413
619396622
619562832
619729041
619895251
620072541
620238751
620404960
620571170
620737379
620903589
621069799
621236008
621402218
621568428
621734637
621900847
622067056
622233266
622399475
622565685
622731894
622898104
623064314
623230523
623396733
623562943
623729152
623895361
624072652
624238862
624405071
624571281
624737490
624903700
625069909
625236119
625402329
625568539
625734748
625900957
626067167
626233377
626399586
626565796
626732005
626898215
627064425
627230634
627396844
627563053
627729263
627895472
628061682
628238972
628405182
628571391
628737601
628903811
629070020
629236229
629402439
629568649
629734858
629901068
630067277
630233487
630399697
630565906
630732116
630898325
631064535
631230745
631396954
631563164
631729373
631895583
632061793
632239083
632405292
632571502
632737712
632903921
633070130
633236340
633402550
633568760
633734969
633901178
634067388
634233598
634399807
634566017
634732227
634898436
635064645
635230855
635397065
635563274
635729485
635895694
636061903
636239193
636405403
636571613
636737822
636904032
637070241
637236451
637402660
637568870
637735080
637901289
638067499
638233708
638399918
638566128
638732337
638898547
639064756
639230966
639397175
639563385
639729595
639895804
640062014
640239304
640405514
640571723
640737933
640904142
641070352
641236561
641402771
641568981
641735190
641901400
642067610
642233819
642400029
642566238
642732448
642898658
643064867
643231077
643397286
643563496
643729705
643895915
644062125
644239415
644405624
644571834
644738043
644904253
645070462
645236672
645402882
645569092
645735301
645901511
646067720
646233929
646400139
646566349
646732558
646898768
647064977
647231187
647397396
647563606
647729816
647896026
648062235
648239525
648405735
648571945
648738154
648904364
649070573
649236783
649402993
649569202
649735412
649901621
650067831
650234041
650400250
650566459
650732669
650898879
651065088
651231298
651397507
651563717
651729927
651896136
652062346
652228555
652405846
652572055
652738265
652904474
653070684
653236893
653403103
653569313
653735522
653901732
654067941
654234151
654400361
654566570
654732780
654898990
655065199
655231409
655397618
655563828
655730037
655896247
656062456
656228666
656405957
656572166
656738376
656904585
657070796
657237005
657403214
657569425
657735633
657901843
658068053
658234262
658400472
658566681
658732891
658899100
659065311
659231519
659397729
659563939
659730148
659896358
660062568
660228777
660406067
660572276
660738486
660904696
661070906
661237115
661403324
661569534
661735744
661901953
662068163
662234373
662400582
662566791
662733001
662899211
663065421
663231630
663397839
663564049
663730258
663896468
664062678
664228887
664406178
664572387
664738597
664904806
665071016
665237225
665403435
665569644
665735854
665902064
666068273
666234483
666400692
666566902
666733112
666899321
667065531
667231740
667397950
667564160
667730369
667896579
668062788
668228998
668406288
668572497
668738707
668904917
669071126
669237336
669403545
669569756
669735965
669902174
670068384
670234594
670400803
670567012
670733222
670899432
671065641
671231851
671398060
671564270
671730479
671896689
672062899
672229109
672406399
672572608
672738818
672905028
673071237
673237446
673403656
673569866
673736075
673902285
674068495
674234704
674400914
674567123
674733333
674899543
675065752
675231961
675398171
675564381
675730590
675896800
676063009
676229219
676406509
676572719
676738929
676905138
677071347
677237557
677403767
677569976
677736186
677902395
678068605
678234815
678401024
678567234
678733443
678899653
679065862
679232072
679398282
679564491
679730701
679896910
680063120
680229329
680395539
680572829
680739039
680905248
681071458
681237668
681403877
681570087
681736296
681902506
682068716
682234925
682401135
682567344
682733554
682899764
683065973
683232182
683398392
683564602
683730811
683897021
684063230
684229440
684395650
684572940
684739150
684905359
685071569
685237778
685403988
685570198
685736407
685902617
686068826
686235036
686401245
686567455
686733665
686899874
687066084
687232293
687398503
687564713
687730922
687897132
688063341
688229551
688395760
688573051
688739260
688905470
689071679
689237889
689404099
689570308
689736518
689902727
690068937
690235147
690401356
690567566
690733775
690899985
691066195
691232404
691398614
691564823
691731033
691897242
692063452
692229662
692395871
692573161
692739371
692905580
693071790
693237999
693404209
693570419
693736628
693902838
694069047
694235257
694401467
694567676
694733886
694900095
695066305
695232514
695398724
695564934
695731143
695897353
696063562
696229772
696395982
696573272
696739481
696905691
697071901
697238110
697404320
697570529
697736739
697902949
698069158
698235368
698401577
698567787
698733997
698900206
699066416
699232625
699398835
699565044
699731254
699897463
700063673
700229883
700396092
700573382
700739592
700905802
701072011
701238221
701404430
701570640
701736849
701903059
702069269
702235478
702401688
702567897
702734107
702900317
703066526
703232736
703398945
703565155
703731365
703897574
704063784
704229993
704396203
704573493
704739703
704905912
705072122
705238331
705404541
705570750
705736960
705903170
706069379
706235589
706401798
706568008
706734218
706900427
707066637
707232846
707399056
707565265
707731476
707897685
708063894
708230104
708396313
708562523
708739814
708906023
709072232
709238442
709404652
709570861
709737071
709903281
710069490
710235700
710401909
710568119
710734329
710900538
711066748
711232957
711399167
711565376
711731586
711897795
712064005
712230214
712396424
712562634
712739924
712906133
713072343
713238553
713404762
713570972
713737181
713903391
714069601
714235810
714402020
714568230
714734439
714900649
715066858
715233068
715399277
715565487
715731697
715897906
716064116
716230325
716396535
716562744
716740035
716906246
717072454
717238664
717404873
717571083
717737292
717903503
718069712
718235921
718402131
718568341
718734550
718900760
719066969
719233179
719399388
719565598
719731808
719898018
720064226
720230436
720396646
720562855
720740145
720906355
721072565
721238774
721404984
721571193
721737403
721903613
722069822
722236032
722402241
722568451
722734660
722900871
723067079
723233289
723399499
723565708
723731918
723898128
724064337
724230546
724396756
724562966
724740256
724906465
725072675
725238885
725405094
725571304
725737513
725903723
726069933
726236142
726402352
726568561
726734771
726900980
727067190
727233400
727399609
727565819
727732028
727898238
728064448
728230657
728396867
728563076
728740366
728906576
729072786
729238995
729405205
729571414
729737624
729903834
730070043
730236253
730402462
730568672
730734881
730901091
731067301
731233510
731399720
731565929
731732139
731898349
732064558
732230768
732396977
732563187
732740477
732906687
733072896
733239106
733405316
733571525
733737735
733903944
734070154
734236363
734402573
734568783
734734993
734901202
735067411
735233621
735399830
735566040
735732250
735898459
736064669
736230879
736397088
736563298
736729507
736906797
737073007
737239217
737405426
737571636
737737845
737904055
738070264
738236474
738402684
738568893
738735103
738901313
739067522
739233732
739399941
739566151
739732360
739898570
740064779
740230989
740397199
740563408
740729618
740906908
741073118
741239327
741405536
741571746
741737956
741904165
742070375
742236585
742402794
742569004
742735213
742901423
743067632
743233842
743400052
743566261
743732471
743898680
744064890
744231100
744397310
744563519
744729728
744907019
745073228
745239438
745405647
745571857
745738067
745904276
746070486
746236695
746402905
746569115
746735324
746901534
747067743
747233953
747400163
747566372
747732582
747898791
748065001
748231211
748397420
748563629
748729839
748907129
749073339
749239549
749405758
749571968
749738177
749904387
750070596
750236806
750403016
750569225
750735435
750901645
751067854
751234064
751400273
751566483
751732693
751898902
752065111
752231321
752397532
752563740
752729950
752907240
753073449
753239659
753405869
753572078
753738288
753904497
754070707
754236917
754403126
754569336
754735545
754901755
755067965
755234174
755400384
755566593
755732803
755899012
756065222
756231432
756397642
756563851
756730060
756907350
757073560
757239770
757405979
757572189
757738399
757904608
758070818
758237027
758403237
758569446
758735656
758901866
759068075
759234285
759400494
759566704
759732914
759899123
760065333
760231542
760397752
760563961
760730171
760907461
761073671
761239880
761406090
761572300
761738509
761904719
762070928
762237138
762403348
762569557
762735767
762901976
763068186
763234395
763400605
763566815
763733024
763899234
764065443
764231653
764397863
764564072
764730282
764896491
765073781
765239991
765406200
765572410
765738620
765904829
766071039
766237248
766403458
766569669
766735877
766902087
767068296
767234506
767400715
767566925
767733135
767899344
768065554
768231764
768397973
768564183
768730392
768896602
769073892
769240102
769406311
769572521
769738731
769904940
770071150
770237359
770403569
770569779
770735988
770902197
771068407
771234617
771400826
771567036
771733245
771899455
772065665
772231874
772398084
772564294
772730503
772896713
773074003
773240213
773406422
773572632
773738841
773905051
774071260
774237470
774403679
774569889
774736099
774902308
775068518
775234727
775400937
775567147
775733356
775899566
776065775
776231985
776398194
776564404
776730613
776896823
777074114
777240325
777406533
777572743
777738953
777905162
778071371
778237581
778403790
778570000
778736211
778902419
779068629
779234838
779401048
779567257
779733468
779899677
780065886
780232096
780398305
780564515
780730726
780896934
781074224
781240434
781406643
781572853
781739063
781905272
782071481
782237691
782403901
782570111
782736320
782902529
783068739
783234949
783401158
783567368
783733577
783899787
784065997
784232206
784398416
784564625
784730836
784897044
785074335
785240544
785406754
785572963
785739173
785905383
786071592
786237802
786404011
786570221
786736431
786902640
787068849
787235059
787401269
787567478
787733688
787899897
788066107
788232317
788398526
788564736
788730946
788897155
789063365
789240655
789406864
789573074
789739283
789905493
790071703
790237912
790404122
790570332
790736541
790902751
791068960
791235170
791401379
791567589
791733798
791900008
792066218
792232427
792398637
792564846
792731056
792897266
793063475
793240765
793406975
793573185
793739394
793905604
794071813
794238023
794404232
794570442
794736652
794902861
795069071
795235280
795401490
795567700
795733909
795900119
796066328
796232538
796398748
796564957
796731167
796897377
797063586
797240876
797407086
797573295
797739505
797905714
798071924
798238133
798404343
798570553
798736762
798902972
799069181
799235391
799401600
799567810
799734020
799900229
800066439
800232649
800398858
800565068
800731277
800897487
801063697
801240986
801407196
801573406
801739615
801905825
802072035
802238244
802404454
802570663
802736873
802903082
803069292
803235501
803401711
803567921
803734130
803900340
804066550
804232759
804398969
804565178
804731388
804897597
805063807
805241097
805407307
805573516
805739726
805905936
806072145
806238355
806404564
806570774
806736984
806903193
807069403
807235612
807401822
807568031
807734241
807900450
808066660
808232870
808399079
808565289
808731498
808897708
809063918
809241208
809407417
809573627
809739837
809906046
810072256
810238466
810404675
810570885
810737094
810903304
811069513
811235723
811401932
811568142
811734351
811900561
812066771
812232980
812399190
812565400
812731609
812897819
813064028
813241319
813407528
813573737
813739947
813906157
814072366
814238576
814404786
814570995
814737205
814903414
815069624
815235834
815402043
815568252
815734462
815900671
816066881
816233091
816399300
816565510
816731719
816897929
817064139
817230348
817407639
817573848
817740058
817906267
818072477
818238686
818404896
818571106
818737315
818903525
819069735
819235944
819402154
819568363
819734573
819900782
820066992
820233202
820399411
820565621
820731831
820898040
821064249
821230459
821407749
821573959
821740168
821906378
822072588
822238797
822405007
822571217
822737426
822903636
823069845
823236055
823402264
823568474
823734684
823900893
824067103
824233312
824399522
824565731
824731941
824898150
825064360
825230570
825407860
825574069
825740279
825906488
826072698
826238908
826405117
826571327
826737536
826903746
827069956
827236165
827402375
827568584
827734794
827901004
828067213
828233423
828399633
828565842
828732051
828898261
829064471
829230680
829407970
829574180
829740390
829906599
830072809
830239018
830405228
830571438
830737647
830903857
831070067
831236276
831402485
831568695
831734905
831901114
832067324
832233534
832399743
832565953
832732162
832898372
833064582
833230791
833408081
833574291
833740501
833906710
834072919
834239129
834405339
834571548
834737758
834903968
835070177
835236387
835402596
835568806
835735015
835901225
836067435
836233644
836399854
836566063
836732273
836898482
837064692
837230902
837408192
837574402
837740611
837906821
838073030
838239240
838405450
838571660
838737869
838904078
839070288
839236498
839402707
839568918
839735126
839901337
840067546
840233755
840399965
840566176
840732384
840898593
841064803
841231013
841408303
841574513
841740722
841906932
842073141
842239350
842405560
842571770
842737979
842904189
843070398
843236608
843402817
843569028
843735237
843901446
844067656
844233865
844400075
844566285
844732494
844898704
845064913
845231123
845397332
845574623
845740832
845907042
846073252
846239461
846405671
846571880
846738090
846904300
847070509
847236719
847402929
847569138
847735348
847901557
848067767
848233976
848400186
848566395
848732605
848898815
849065024
849231234
849397443
849574733
849740943
849907153
850073362
850239572
850405781
850571991
850738201
850904410
851070620
851236829
851403039
851569248
851735458
851901668
852067877
852234087
852400296
852566506
852732716
852898925
853065135
853231344
853397554
853574844
853741054
853907263
854073473
854239682
854405892
854572102
854738311
854904521
855070730
855236940
855403149
855569359
855735569
855901778
856067988
856234198
856400407
856566617
856732826
856899036
857065246
857231455
857397665
857574955
857741165
857907374
858073584
858239793
858406003
858572213
858738422
858904632
859070841
859237051
859403261
859569470
859735679
859901889
860068099
860234308
860400518
860566727
860732937
860899146
861065356
861231566
861397776
861575065
861741275
861907485
862073694
862239904
862406113
862572323
862738532
862904742
863070952
863237161
863403371
863569580
863735790
863902000
864068209
864234419
864400628
864566838
864733047
864899257
865065467
865231676
865397886
865575176
865741386
865907595
866073805
866240015
866406224
866572434
866738643
866904853
867071062
867237272
867403481
867569691
867735901
867902110
868068320
868234529
868400739
868566949
868733158
868899368
869065578
869231787
869397996
869575287
869741496
869907706
870073916
870240125
870406335
870572544
870738754
870904964
871071173
871237383
871403592
871569802
871736012
871902221
872068431
872234640
872400850
872567059
872733269
872899479
873065688
873231898
873398107
873564317
873741607
873907816
874074026
874240236
874406445
874572655
874738864
874905074
875071284
875237493
875403703
875569912
875736122
875902332
876068542
876234751
876400960
876567170
876733380
876899589
877065799
877232008
877398218
877564427
877741718
877907927
878074136
878240346
878406555
878572765
878738974
878905184
879071394
879237603
879403813
879570022
879736232
879902442
880068651
880234861
880401070
880567280
880733489
880899699
881065908
881232118
881398328
881564538
881741828
881908038
882074248
882240457
882406667
882572876
882739086
882905295
883071505
883237715
883403924
883570134
883736343
883902553
884068763
884234972
884401182
884567391
884733601
884899810
885066020
885232230
885398439
885564649
885741939
885908148
886074358
886240568
886406777
886572986
886739196
886905406
887071615
887237825
887404034
887570244
887736454
887902663
888068873
888235083
888401292
888567502
888733711
888899921
889066130
889232340
889398549
889564759
889742049
889908259
890074469
890240678
890406888
890573097
890739307
890905516
891071726
891237936
891404145
891570355
891736564
891902774
892068983
892235193
892401403
892567612
892733822
892900031
893066241
893232451
893398660
893564870
893742160
893908369
894074579
894240789
894406998
894573208
894739417
894905627
895071837
895238046
895404256
895570465
895736675
895902884
896069094
896235304
896401513
896567723
896733932
896900142
897066352
897232561
897398771
897564980
897731190
897908481
898074690
898240899
898407109
898573319
898739528
898905738
899071948
899238157
899404367
899570576
899736786
899902996
900069205
900235414
900401625
900567834
900734043
900900253
901066462
901232672
901398882
901565091
901731301
901908591
902074800
902241010
902407219
902573429
902739638
902905848
903072058
903238267
903404477
903570686
903736896
903903105
904069315
904235525
904401735
904567944
904734153
904900363
905066573
905232782
905398992
905565201
905731411
905908701
906074911
906241120
906407330
906573539
906739749
906905959
907072168
907238378
907404587
907570797
907737007
907903216
908069425
908235635
908401845
908568055
908734264
908900474
909066683
909232893
909399102
909565312
909731521
909908811
910075021
910241231
910407440
910573650
910739860
910906069
911072279
911238488
911404698
911570908
911737117
911903326
912069536
912235745
912401955
912568165
912734374
912900584
913066793
913233003
913399213
913565422
913731632
913908922
914075132
914241341
914407551
914573760
914739970
914906180
915072389
915238599
915404809
915571018
915737228
915903437
916069647
916235856
916402066
916568276
916734485
916900695
917066904
917233114
917399323
917565533
917731743
917909032
918075243
918241452
918407661
918573871
918740081
918906290
919072500
919238709
919404919
919571129
919737338
919903548
920069757
920235967
920402177
920568386
920734596
920900805
921067015
921233224
921399434
921565644
921731853
921909143
922075353
922241562
922407772
922573981
922740191
922906401
923072610
923238820
923405029
923571239
923737449
923903658
924069868
924236077
924402287
924568497
924734706
924900916
925067125
925233335
925399544
925565754
925731964
925898173
926075464
926241673
926407882
926574092
926740302
926906511
927072721
927238930
927405140
927571350
927737559
927903769
928069978
928236188
928402398
928568607
928734817
928901026
929067236
929233445
929399655
929565865
929732074
929898284
930075574
930241783
930407993
930574203
930740413
930906622
931072831
931239041
931405251
931571460
931737670
931903879
932070089
932236299
932402508
932568718
932734927
932901137
933067347
933233556
933399766
933565975
933732185
933898394
934075685
934241894
934408104
934574313
934740523
934906733
935072942
935239151
935405361
935571571
935737780
935903990
936070199
936236409
936402619
936568828
936735038
936901248
937067457
937233667
937399876
937566086
937732295
937898505
938075796
938242005
938408214
938574424
938740634
938906843
939073053
939239262
939405472
939571681
939737891
939904100
940070311
940236520
940402729
940568939
940735149
940901358
941067568
941233777
941399987
941566196
941732406
941898615
942075906
942242116
942408325
942574535
942740745
942906954
943073163
943239373
943405583
943571792
943738001
943904212
944070421
944236630
944402840
944569049
944735259
944901469
945067678
945233888
945400097
945566307
945732517
945898726
946076016
946242226
946408435
946574645
946740855
946907064
947073274
947239483
947405693
947571903
947738112
947904322
948070532
948236741
948402950
948569160
948735369
948901579
949067789
949233998
949400208
949566417
949732627
949898837
950076127
950242337
950408546
950574756
950740966
950907175
951073384
951239594
951405804
951572013
951738223
951904432
952070642
952236851
952403061
952569271
952735480
952901690
953067900
953234109
953400319
953566528
953732738
953898947
954065157
954242447
954408657
954574866
954741076
954907286
955073495
955239705
955405914
955572124
955738333
955904543
956070753
956236962
956403172
956569381
956735591
956901801
957068010
957234220
957400429
957566639
957732848
957899058
958065268
958242559
958408768
958574977
958741189
958907396
959073606
959239816
959406026
959572235
959738444
959904654
960070863
960237074
960403283
960569492
960735702
960901911
961068121
961234331
961400540
961566750
961732959
961899169
962065378
962242668
962408878
962575088
962741298
962907507
963073716
963239927
963406135
963572345
963738555
963904764
964070974
964237184
964403393
964569603
964735812
964902022
965068231
965234441
965400651
965566860
965733070
965899279
966065489
966242779
966408988
966575198
966741408
966907617
967073827
967240036
967406246
967572456
967738665
967904875
968071085
968237294
968403504
968569713
968735923
968902132
969068342
969234552
969400761
969566971
969733180
969899390
970065599
970242889
970409099
970575309
970741518
970907728
971073937
971240147
971406357
971572567
971738776
971904985
972071195
972237404
972403614
972569824
972736033
972902243
973068452
973234662
973400872
973567081
973733291
973899500
974065710
974243000
974409210
974575419
974741629
974907839
975074048
975240258
975406467
975572677
975738886
975905096
976071306
976237515
976403725
976569934
976736144
976902354
977068563
977234773
977400982
977567192
977733402
977899611
978065821
978243111
978409320
978575530
978741740
978907949
979074159
979240368
979406578
979572788
979738997
979905207
980071416
980237626
980403836
980570045
980736255
980902464
981068674
981234883
981401093
981567303
981733512
981899722
982065931
982232141
982409431
982575641
982741850
982908060
983074269
983240479
983406688
983572898
983739108
983905317
984071527
984237736
984403946
984570156
984736365
984902575
985068784
985234994
985401203
985567413
985733623
985899832
986066042
986232251
986409542
986575751
986741961
986908170
987074380
987240590
987406799
987573009
987739218
987905428
988071638
988237847
988404057
988570267
988736476
988902685
989068895
989235105
989401314
989567524
989733733
989899943
990066152
990232362
990409652
990575862
990742072
990908281
991074491
991240700
991406910
991573119
991739329
991905539
992071748
992237958
992404167
992570377
992736587
992902796
993069006
993235215
993401425
993567634
993733844
993900054
994066263
994232473
994409763
994575973
994742182
994908392
995074601
995240811
995407020
995573230
995739440
995905649
996071859
996238068
996404278
996570487
996736698
996902907
997069116
997235326
997401535
997567745
997733955
997900164
998066373
998232583
998409873
998576083
998742293
998908502
999074712
999240922
999407131
999573341
999739550
999905761
1000071969
1000238179
1000404388
1000570598
1000736808
1000903017
1001069227
1001235436
1001401646
1001567855
1001734065
1001900275
1002066484
1002232694
1002409984
1002576194
1002742403
1002908613
1003074823
1003241032
1003407242
1003573451
1003739661
1003905871
1004072080
1004238290
1004404499
1004570709
1004736918
1004903128
1005069338
1005235547
1005401757
1005567966
1005734176
1005900386
1006066595
1006232805
1006410095
1006576304
1006742514
1006908724
1007074933
1007241143
1007407352
1007573562
1007739771
1007905982
1008072190
1008238400
1008404610
1008570819
1008737029
1008903239
1009069448
1009235658
1009401867
1009568077
1009734286
1009900496
1010066706
1010232915
1010399125
1010576415
1010742625
1010908834
1011075044
1011241253
1011407463
1011573673
1011739882
1011906092
1012072301
1012238511
1012404721
1012570931
1012737140
1012903349
1013069559
1013235769
1013401978
1013568187
1013734397
1013900607
1014066816
1014233026
1014399236
1014576526
1014742735
1014908945
1015075155
1015241364
1015407574
1015573783
1015739993
1015906203
1016072412
1016238622
1016404831
1016571041
1016737250
1016903460
1017069669
1017235879
1017402089
1017568298
1017734508
1017900717
1018066927
1018233137
1018399346
1018576638
1018742846
1018909056
1019075266
1019241476
1019407684
1019573894
1019740104
1019906313
1020072524
1020238732
1020404942
1020571152
1020737361
1020903571
1021069782
1021235990
1021402200
1021568409
1021734619
1021900828
1022067039
1022233247
1022399457
1022576747
1022742957
1022909166
1023075376
1023241586
1023407795
1023574004
1023740214
1023906424
1024072634
1024238843
1024405052
1024571262
1024737472
1024903681
1025069891
1025236100
1025402310
1025568520
1025734729
1025900939
1026067148
1026233358
1026399567
1026576858
1026743067
1026909277
1027075487
1027241696
1027407906
1027574115
1027740325
1027906535
1028072744
1028238954
1028405163
1028571373
1028737582
1028903792
1029070001
1029236211
1029402421
1029568630
1029734840
1029901049
1030067259
1030233469
1030399678
1030576969
1030743178
1030909387
1031075597
1031241806
1031408016
1031574226
1031740435
1031906645
1032072854
1032239064
1032405274
1032571483
1032737693
1032903902
1033070112
1033236322
1033402531
1033568741
1033734950
1033901160
1034067369
1034233579
1034399789
1034565998
1034743289
1034909498
1035075708
1035241917
1035408127
1035574337
1035740546
1035906756
1036072965
1036239175
1036405385
1036571594
1036737804
1036904013
1037070223
1037236433
1037402642
1037568851
1037735061
1037901271
1038067480
1038233690
1038399899
1038566109
1038743399
1038909609
1039075818
1039242028
1039408238
1039574447
1039740657
1039906867
1040073076
1040239286
1040405495
1040571705
1040737914
1040904124
1041070334
1041236543
1041402752
1041568962
1041735172
1041901381
1042067591
1042233801
1042400010
1042566220
1042743510
1042909719
1043075929
1043242138
1043408348
1043574558
1043740767
1043906977
1044073186
1044239396
1044405606
1044571815
1044738025
1044904234
1045070444
1045236653
1045402863
1045569073
1045735282
1045901492
1046067701
1046233911
1046400121
1046566330
1046743620
1046909830
1047076040
1047242249
1047408459
1047574668
1047740878
1047907088
1048073297
1048239507
1048405716
1048571926
1048738135
1048904345
1049070555
1049236764
1049402974
1049569183
1049735393
1049901603
1050067812
1050234022
1050400231
1050566441
1050743731
1050909941
1051076150
1051242360
1051408570
1051574779
1051740989
1051907198
1052073408
1052239617
1052405827
1052572037
1052738246
1052904456
1053070665
1053236875
1053403084
1053569294
1053735504
1053901713
1054067923
1054234132
1054400342
1054566552
1054743842
1054910051
1055076261
1055242470
1055408680
1055574890
1055741099
1055907309
1056073518
1056239728
1056405937
1056572147
1056738357
1056904566
1057070776
1057236985
1057403195
1057569405
1057735614
1057901824
1058068033
1058234243
1058400452
1058566662
1058743952
1058910162
1059076371
1059242581
1059408791
1059575000
1059741210
1059907419
1060073629
1060239839
1060406048
1060572258
1060738468
1060904677
1061070887
1061237096
1061403306
1061569516
1061735725
1061901934
1062068144
1062234353
1062400563
1062566773
1062732982
1062910272
1063076482
1063242692
1063408901
1063575111
1063741320
1063907530
1064073740
1064239949
1064406159
1064572368
1064738578
1064904788
1065070997
1065237207
1065403416
1065569626
1065735836
1065902045
1066068255
1066234464
1066400674
1066566883
1066733093
1066910383
1067076593
1067242802
1067409012
1067575221
1067741431
1067907641
1068073850
1068240060
1068406269
1068572479
1068738689
1068904898
1069071108
1069237317
1069403527
1069569737
1069735946
1069902155
1070068365
1070234575
1070400784
1070566994
1070733204
1070910494
1071076703
1071242913
1071409122
1071575332
1071741542
1071907751
1072073961
1072240170
1072406380
1072572590
1072738799
1072905009
1073071219
1073237428
1073403638
1073569847
1073736057
1073902267
1074068476
1074234685
1074400895
1074567105
1074733315
1074910605
1075076814
1075243024
1075409233
1075575443
1075741652
1075907862
1076074072
1076240281
1076406491
1076572700
1076738910
1076905119
1077071329
1077237539
1077403748
1077569958
1077736167
1077902377
1078068586
1078234796
1078401005
1078567215
1078733425
1078910717
1079076925
1079243135
1079409344
1079575554
1079741763
1079907974
1080074182
1080240393
1080406601
1080572811
1080739021
1080905232
1081071440
1081237650
1081403859
1081570069
1081736279
1081902489
1082068698
1082234907
1082401117
1082567326
1082733536
1082910827
1083077035
1083243245
1083409454
1083575664
1083741874
1083908084
1084074293
1084240503
1084406712
1084572921
1084739131
1084905341
1085071550
1085237760
1085403969
1085570179
1085736389
1085902599
1086068808
1086235017
1086401227
1086567437
1086733646
1086910936
1087077146
1087243355
1087409565
1087575775
1087741984
1087908194
1088074403
1088240613
1088406823
1088573032
1088739242
1088905452
1089071661
1089237870
1089404080
1089570290
1089736499
1089902709
1090068918
1090235128
1090401337
1090567547
1090733757
1090899966
1091077257
1091243466
1091409676
1091575885
1091742095
1091908304
1092074514
1092240723
1092406933
1092573143
1092739352
1092905562
1093071772
1093237981
1093404191
1093570400
1093736610
1093902819
1094069029
1094235238
1094401448
1094567659
1094733867
1094900077
1095077367
1095243577
1095409786
1095575996
1095742205
1095908415
1096074625
1096240834
1096407044
1096573253
1096739463
1096905673
1097071882
1097238092
1097404301
1097570511
1097736721
1097902930
1098069140
1098235349
1098401559
1098567768
1098733978
1098900188
1099077478
1099243688
1099409897
1099576107
1099742316
1099908526
1100074735
1100240945
1100407155
1100573364
1100739574
1100905783
1101071993
1101238202
1101404412
1101570621
1101736831
1101903041
1102069250
1102235460
1102401669
1102567879
1102734089
1102900298
1103077589
1103243798
1103410008
1103576217
1103742427
1103908636
1104074846
1104241056
1104407265
1104573474
1104739684
1104905894
1105072103
1105238313
1105404523
1105570732
1105736942
1105903151
1106069361
1106235570
1106401780
1106567989
1106734199
1106900408
1107077699
1107243909
1107410118
1107576328
1107742538
1107908747
1108074956
1108241166
1108407376
1108573585
1108739795
1108906004
1109072214
1109238424
1109404633
1109570843
1109737052
1109903262
1110069471
1110235681
1110401891
1110568100
1110734310
1110900519
1111077810
1111244019
1111410228
1111576438
1111742648
1111908857
1112075067
1112241276
1112407486
1112573696
1112739905
1112906115
1113072324
1113238534
1113404744
1113570953
1113737163
1113903372
1114069582
1114235792
1114402001
1114568211
1114734420
1114900630
1115077920
1115244130
1115410340
1115576549
1115742758
1115908968
1116075177
1116241387
1116407597
1116573806
1116740016
1116906225
1117072435
1117238644
1117404854
1117571064
1117737273
1117903483
1118069692
1118235902
1118402112
1118568321
1118734531
1118900740
1119066950
1119244240
1119410450
1119576659
1119742869
1119909078
1120075288
1120241498
1120407707
1120573917
1120740127
1120906336
1121072546
1121238755
1121404965
1121571174
1121737384
1121903593
1122069803
1122236013
1122402222
1122568432
1122734641
1122900851
1123067061
1123244351
1123410560
1123576770
1123742980
1123909189
1124075399
1124241608
1124407818
1124574028
1124740237
1124906447
1125072657
1125238866
1125405075
1125571285
1125737494
1125903704
1126069914
1126236123
1126402333
1126568543
1126734752
1126900961
1127067171
1127244461
1127410671
1127576881
1127743090
1127909300
1128075509
1128241719
1128407929
1128574138
1128740348
1128906557
1129072767
1129238976
1129405186
1129571396
1129737605
1129903814
1130070024
1130236234
1130402443
1130568654
1130734862
1130901072
1131067282
1131244572
1131410782
1131576991
1131743201
1131909410
1132075620
1132241830
1132408039
1132574249
1132740458
1132906668
1133072878
1133239087
1133405297
1133571506
1133737716
1133903925
1134070135
1134236345
1134402554
1134568764
1134734973
1134901183
1135067392
1135244683
1135410892
1135577102
1135743312
1135909521
1136075731
1136241940
1136408150
1136574359
1136740569
1136906778
1137072988
1137239198
1137405407
1137571617
1137737826
1137904036
1138070246
1138236455
1138402665
1138568874
1138735084
1138901293
1139067503
1139244793
1139411003
1139577212
1139743422
1139909632
1140075841
1140242051
1140408260
1140574470
1140740681
1140906889
1141073099
1141239309
1141405518
1141571727
1141737938
1141904147
1142070356
1142236566
1142402776
1142568986
1142735195
1142901404
1143067614
1143233824
1143411113
1143577323
1143743533
1143909742
1144075952
1144242161
1144408371
1144574580
1144740791
1144907000
1145073209
1145239419
1145405628
1145571838
1145738048
1145904257
1146070467
1146236676
1146402886
1146569095
1146735305
1146901515
1147067724
1147233934
1147411224
1147577433
1147743643
1147909853
1148076062
1148242272
1148408481
1148574691
1148740901
1148907110
1149073320
1149239529
1149405739
1149571948
1149738158
1149904367
1150070577
1150236787
1150402996
1150569206
1150735415
1150901625
1151067835
1151234044
1151411334
1151577544
1151743753
1151909963
1152076172
1152242382
1152408592
1152574801
1152741011
1152907221
1153073430
1153239640
1153405849
1153572059
1153738269
1153904478
1154070687
1154236897
1154403107
1154569316
1154735526
1154901736
1155067945
1155234155
1155411445
1155577655
1155743864
1155910074
1156076283
1156242493
1156408703
1156574912
1156741122
1156907331
1157073541
1157239750
1157405960
1157572170
1157738379
1157904589
1158070798
1158237008
1158403218
1158569427
1158735636
1158901846
1159068056
1159234265
1159411556
1159577765
1159743974
1159910184
1160076394
1160242603
1160408813
1160575022
1160741232
1160907442
1161073651
1161239861
1161406070
1161572280
1161738490
1161904699
1162070909
1162237118
1162403328
1162569538
1162735747
1162901957
1163068166
1163234376
1163411666
1163577876
1163744085
1163910295
1164076504
1164242714
1164408923
1164575133
1164741343
1164907552
1165073762
1165239971
1165406181
1165572390
1165738600
1165904810
1166071020
1166237229
1166403438
1166569648
1166735857
1166902067
1167068277
1167234486
1167411776
1167577986
1167744196
1167910405
1168076615
1168242825
1168409034
1168575243
1168741453
1168907663
1169073872
1169240082
1169406291
1169572501
1169738711
1169904920
1170071130
1170237339
1170403549
1170569758
1170735969
1170902178
1171068387
1171234597
1171400806
1171578097
1171744306
1171910516
1172076725
1172242935
1172409145
1172575354
1172741564
1172907773
1173073983
1173240193
1173406402
1173572612
1173738821
1173905031
1174071240
1174237450
1174403660
1174569869
1174736079
1174902288
1175068498
1175234707
1175400917
1175578207
1175744416
1175910626
1176076836
1176243046
1176409255
1176575464
1176741674
1176907883
1177074093
1177240303
1177406512
1177572722
1177738931
1177905141
1178071351
1178237561
1178403770
1178569979
1178736189
1178902399
1179068608
1179234818
1179401027
1179578318
1179744527
1179910737
1180076946
1180243156
1180409365
1180575575
1180741785
1180907994
1181074204
1181240413
1181406623
1181572833
1181739042
1181905252
1182071461
1182237671
1182403881
1182570090
1182736300
1182902509
1183068719
1183234929
1183401138
1183578428
1183744638
1183910847
1184077057
1184243267
1184409476
1184575686
1184741895
1184908105
1185074315
1185240524
1185406734
1185572943
1185739153
1185905362
1186071572
1186237781
1186403991
1186570200
1186736410
1186902620
1187068829
1187235040
1187401248
1187578539
1187744748
1187910958
1188077167
1188243377
1188409587
1188575796
1188742006
1188908215
1189074425
1189240634
1189406844
1189573054
1189739263
1189905473
1190071682
1190237892
1190404102
1190570311
1190736520
1190902730
1191068940
1191235149
1191401359
1191578649
1191744859
1191911069
1192077278
1192243487
1192409697
1192575912
1192742116
1192908326
1193074535
1193240745
1193406955
1193573164
1193739374
1193905583
1194071793
1194238002
1194404212
1194570422
1194736631
1194902841
1195069050
1195235260
1195401470
1195578760
1195744969
1195911179
1196077388
1196243598
1196409808
1196576017
1196742227
1196908436
1197074646
1197240855
1197407065
1197573275
1197739484
1197905694
1198071904
1198238113
1198404322
1198570532
1198736742
1198902951
1199069161
1199235370
1199401580
1199567790
1199745080
1199911290
1200077499
1200243709
1200409918
1200576129
1200742338
1200908547
1201074757
1201240966
1201407177
1201573387
1201739595
1201905805
1202072015
1202238224
1202404433
1202570644
1202736853
1202903062
1203069272
1203235481
1203401691
1203567902
1203745190
1203911400
1204077609
1204243819
1204410028
1204576239
1204742448
1204908657
1205074867
1205241077
1205407286
1205573496
1205739705
1205905915
1206072125
1206238334
1206404544
1206570753
1206736963
1206903172
1207069382
1207235591
1207401801
1207568011
1207745301
1207911510
1208077720
1208243929
1208410139
1208576349
1208742558
1208908768
1209074978
1209241187
1209407397
1209573606
1209739816
1209906025
1210072235
1210238445
1210404654
1210570864
1210737074
1210903283
1211069492
1211235702
1211401911
1211568121
1211745412
1211911621
1212077830
1212244040
1212410250
1212576459
1212742669
1212908877
1213075087
1213241297
1213407506
1213573716
1213739926
1213906135
1214072345
1214238554
1214404763
1214570973
1214737183
1214903392
1215069602
1215235811
1215402021
1215568231
1215745521
1215911731
1216077940
1216244150
1216410359
1216576570
1216742779
1216908989
1217075198
1217241408
1217407618
1217573827
1217740037
1217906246
1218072456
1218238665
1218404875
1218571085
1218737294
1218903504
1219069713
1219235923
1219402132
1219568342
1219745632
1219911842
1220078051
1220244261
1220410470
1220576680
1220742890
1220909099
1221075309
1221241518
1221407728
1221573937
1221740147
1221906356
1222072566
1222238776
1222404985
1222571195
1222737405
1222903614
1223069823
1223236033
1223402242
1223568452
1223745742
1223911952
1224078161
1224244371
1224410581
1224576790
1224743000
1224909209
1225075419
1225241628
1225407838
1225574047
1225740257
1225906467
1226072677
1226238886
1226405095
1226571305
1226737515
1226903724
1227069934
1227236143
1227402353
1227568562
1227734772
1227912062
1228078272
1228244482
1228410691
1228576900
1228743110
1228909320
1229075529
1229241739
1229407948
1229574158
1229740368
1229906577
1230072787
1230238996
1230405206
1230571415
1230737625
1230903835
1231070044
1231236254
1231402463
1231568673
1231734883
1231912173
1232078383
1232244592
1232410801
1232577011
1232743221
1232909430
1233075640
1233241849
1233408059
1233574268
1233740478
1233906688
1234072897
1234239107
1234405316
1234571526
1234737736
1234903945
1235070155
1235236364
1235402574
1235568784
1235734993
1235912283
1236078493
1236244702
1236410912
1236577121
1236743331
1236909540
1237075750
1237241960
1237408169
1237574379
1237740588
1237906798
1238073008
1238239217
1238405427
1238571636
1238737846
1238904055
1239070265
1239236474
1239402684
1239568894
1239735103
1239912393
1240078603
1240244813
1240411022
1240577232
1240743441
1240909651
1241075861
1241242070
1241408280
1241574490
1241740699
1241906908
1242073118
1242239328
1242405537
1242571747
1242737956
1242904166
1243070376
1243236585
1243402795
1243569004
1243735214
1243912504
1244078714
1244244923
1244411133
1244577342
1244743552
1244909762
1245075971
1245242181
1245408390
1245574601
1245740809
1245907019
1246073228
1246239439
1246405647
1246571857
1246738067
1246904276
1247070486
1247236695
1247402905
1247569115
1247735324
1247912614
1248078824
1248245034
1248411243
1248577452
1248743662
1248909872
1249076081
1249242291
1249408500
1249574710
1249740920
1249907129
1250073339
1250239549
1250405758
1250571967
1250738177
1250904387
1251070596
1251236806
1251403015
1251569225
1251735435
1251912725
1252078934
1252245144
1252411354
1252577563
1252743773
1252909982
1253076192
1253242402
1253408611
1253574821
1253741030
1253907240
1254073449
1254239659
1254405869
1254572078
1254738288
1254904497
1255070707
1255236916
1255403126
1255569335
1255735545
1255901755
1256079045
1256245255
1256411464
1256577674
1256743883
1256910093
1257076302
1257242512
1257408722
1257574931
1257741141
1257907350
1258073560
1258239769
1258405979
1258572189
1258738398
1258904608
1259070817
1259237027
1259403236
1259569446
1259735656
1259901865
1260079156
1260245365
1260411576
1260577785
1260743994
1260910203
1261076413
1261242623
1261408832
1261575042
1261741251
1261907461
1262073670
1262239880
1262406090
1262572299
1262738509
1262904719
1263070928
1263237137
1263403348
1263569557
1263735766
1263901976
1264079266
1264245475
1264411686
1264577895
1264744104
1264910314
1265076523
1265242733
1265408943
1265575152
1265741361
1265907571
1266073781
1266239990
1266406200
1266572410
1266738619
1266904829
1267071038
1267237248
1267403457
1267569667
1267735876
1267902086
1268079376
1268245586
1268411795
1268578005
1268744215
1268910424
1269076634
1269242844
1269409053
1269575262
1269741472
1269907682
1270073891
1270240101
1270406310
1270572520
1270738730
1270904939
1271071149
1271237358
1271403568
1271569777
1271735987
1271902196
1272079487
1272245696
1272411906
1272578115
1272744325
1272910535
1273076744
1273242954
1273409163
1273575373
1273741582
1273907792
1274074002
1274240211
1274406421
1274572631
1274738840
1274905049
1275071259
1275237469
1275403678
1275569888
1275736097
1275902307
1276079597
1276245807
1276412016
1276578226
1276744436
1276910645
1277076855
1277243065
1277409274
1277575484
1277741693
1277907903
1278074112
1278240322
1278406531
1278572741
1278738950
1278905160
1279071370
1279237579
1279403789
1279569999
1279736208
1279902418
1280068627
1280245917
1280412127
1280578337
1280744546
1280910756
1281076965
1281243175
1281409384
1281575594
1281741803
1281908014
1282074223
1282240432
1282406642
1282572852
1282739061
1282905271
1283071480
1283237690
1283403900
1283570109
1283736318
1283902528
1284068738
1284246028
1284412237
1284578447
1284744657
1284910866
1285077076
1285243286
1285409495
1285575704
1285741914
1285908123
1286074333
1286240543
1286406752
1286572962
1286739172
1286905381
1287071590
1287237800
1287404010
1287570219
1287736429
1287902638
1288068848
1288246138
1288412348
1288578558
1288744767
1288910977
1289077186
1289243396
1289409605
1289575815
1289742025
1289908234
1290074444
1290240653
1290406863
1290573073
1290739282
1290905492
1291071701
1291237911
1291404120
1291570330
1291736539
1291902749
1292068959
1292246249
1292412459
1292578668
1292744878
1292911087
1293077297
1293243506
1293409716
1293575926
1293742135
1293908345
1294074554
1294240764
1294406973
1294573183
1294739393
1294905602
1295071811
1295238021
1295404231
1295570440
1295736650
1295902859
1296069069
1296246359
1296412569
1296578778
1296744988
1296911198
1297077407
1297243617
1297409826
1297576036
1297742245
1297908455
1298074665
1298240874
1298407084
1298573293
1298739503
1298905713
1299071922
1299238132
1299404341
1299570551
1299736760
1299902970
1300069180
1300246470
1300412680
1300578889
1300745099
1300911308
1301077518
1301243727
1301409937
1301576147
1301742356
1301908566
1302074775
1302240985
1302407194
1302573404
1302739613
1302905824
1303072033
1303238242
1303404452
1303570662
1303736871
1303903080
1304069290
1304246580
1304412790
1304579000
1304745209
1304911419
1305077628
1305243838
1305410048
1305576258
1305742467
1305908676
1306074886
1306241095
1306407305
1306573514
1306739724
1306905934
1307072143
1307238353
1307404563
1307570772
1307736982
1307903191
1308069401
1308235610
1308412900
1308579110
1308745320
1308911529
1309077739
1309243948
1309410158
1309576367
1309742577
1309908787
1310074996
1310241206
1310407415
1310573625
1310739834
1310906044
1311072254
1311238463
1311404673
1311570882
1311737092
1311903302
1312069511
1312235721
1312413011
1312579221
1312745430
1312911640
1313077850
1313244059
1313410269
1313576478
1313742688
1313908897
1314075107
1314241316
1314407526
1314573736
1314739945
1314906155
1315072364
1315238574
1315404784
1315570993
1315737203
1315903412
1316069622
1316235831
1316413122
1316579331
1316745541
1316911751
1317077960
1317244170
1317410379
1317576589
1317742798
1317909008
1318075217
1318241427
1318407637
1318573846
1318740056
1318906265
1319072475
1319238684
1319404894
1319571104
1319737313
1319903523
1320069732
1320235942
1320413232
1320579442
1320745651
1320911862
1321078071
1321244281
1321410490
1321576700
1321742909
1321909119
1322075328
1322241539
1322407747
1322573957
1322740166
1322906376
1323072585
1323238796
1323405005
1323571214
1323737425
1323903633
1324069843
1324236053
1324413343
1324579552
1324745762
1324911972
1325078181
1325244391
1325410600
1325576810
1325743019
1325909229
1326075438
1326241648
1326407857
1326574067
1326740277
1326906486
1327072696
1327238906
1327405115
1327571325
1327737534
1327903744
1328069953
1328236163
1328413453
1328579663
1328745872
1328912082
1329078291
1329244501
1329410711
1329576920
1329743130
1329909339
1330075549
1330241759
1330407968
1330574178
1330740387
1330906597
1331072807
1331239016
1331405225
1331571435
1331737645
1331903854
1332070064
1332236274
1332413564
1332579773
1332745983
1332912192
1333078402
1333244611
1333410821
1333577030
1333743240
1333909449
1334075659
1334241869
1334408079
1334574288
1334740497
1334906707
1335072917
1335239126
1335405336
1335571545
1335737755
1335903965
1336070174
1336236384
1336402594
1336579884
1336746093
1336912303
1337078512
1337244722
1337410932
1337577141
1337743351
1337909560
1338075770
1338241979
1338408189
1338574399
1338740608
1338906818
1339073027
1339239237
1339405447
1339571656
1339737866
1339904075
1340070285
1340236494
1340402704
1340579994
1340746204
1340912413
1341078623
1341244832
1341411042
1341577252
1341743461
1341909671
1342075880
1342242090
1342408299
1342574509
1342740719
1342906928
1343073138
1343239347
1343405557
1343571766
1343737976
1343904186
1344070395
1344236605
1344402814
1344580105
1344746314
1344912523
1345078733
1345244943
1345411152
1345577362
1345743572
1345909781
1346075990
1346242200
1346408410
1346574620
1346740829
1346907038
1347073248
1347239458
1347405668
1347571877
1347738086
1347904296
1348070506
1348236715
1348402925
1348580215
1348746425
1348912634
1349078844
1349245053
1349411263
1349577472
1349743682
1349909892
1350076101
1350242311
1350408520
1350574730
1350740940
1350907149
1351073359
1351239568
1351405778
1351571987
1351738197
1351904407
1352070616
1352236826
1352403035
1352580326
1352746535
1352912745
1353078954
1353245164
1353411373
1353577583
1353743792
1353910002
1354076212
1354242421
1354408631
1354574840
1354741050
1354907260
1355073469
1355239679
1355405888
1355572098
1355738308
1355904517
1356070727
1356236936
1356403146
1356580436
1356746646
1356912855
1357079064
1357245274
1357411484
1357577693
1357743903
1357910112
1358076322
1358242532
1358408741
1358574951
1358741161
1358907370
1359073579
1359239789
1359405999
1359572208
1359738418
1359904627
1360070837
1360237047
1360403256
1360580546
1360746756
1360912966
1361079175
1361245385
1361411594
1361577804
1361744014
1361910223
1362076432
1362242643
1362408852
1362575061
1362741271
1362907480
1363073690
1363239900
1363406109
1363572319
1363738528
1363904738
1364070947
1364237157
1364403367
1364569576
1364746866
1364913076
1365079286
1365245495
1365411705
1365577915
1365744124
1365910334
1366076543
1366242753
1366408962
1366575172
1366741381
1366907591
1367073801
1367240010
1367406220
1367572430
1367738639
1367904848
1368071058
1368237268
1368403477
1368569687
1368746977
1368913187
1369079396
1369245605
1369411815
1369578025
1369744234
1369910444
1370076653
1370242863
1370409073
1370575282
1370741492
1370907702
1371073911
1371240121
1371406330
1371572540
1371738749
1371904959
1372071168
1372237378
1372403588
1372569797
1372747088
1372913297
1373079507
1373245716
1373411926
1373578135
1373744345
1373910554
1374076764
1374242974
1374409183
1374575393
1374741602
1374907812
1375074022
1375240231
1375406441
1375572650
1375738860
1375905070
1376071279
1376237488
1376403698
1376569908
1376747198
1376913407
1377079617
1377245827
1377412036
1377578246
1377744456
1377910665
1378076875
1378243084
1378409294
1378575503
1378741713
1378907923
1379074132
1379240342
1379406551
1379572761
1379738970
1379905180
1380071390
1380237599
1380403809
1380570018
1380747309
1380913518
1381079728
1381245938
1381412148
1381578356
1381744566
1381910776
1382076986
1382243195
1382409405
1382575614
1382741824
1382908033
1383074244
1383240453
1383406662
1383572871
1383739081
1383905291
1384071501
1384237710
1384403919
1384570129
1384747419
1384913628
1385079839
1385246047
1385412257
1385578467
1385744676
1385910886
1386077096
1386243305
1386409515
1386575724
1386741934
1386908143
1387074354
1387240563
1387406772
1387572982
1387739191
1387905401
1388071611
1388237820
1388404029
1388570239
1388736449
1388913739
1389079949
1389246158
1389412367
1389578578
1389744787
1389910996
1390077206
1390243415
1390409625
1390575835
1390742044
1390908254
1391074463
1391240673
1391406883
1391573092
1391739302
1391905511
1392071721
1392237930
1392404140
1392570350
1392736559
1392913849
1393080059
1393246269
1393412478
1393578688
1393744897
1393911107
1394077316
1394243526
1394409735
1394575945
1394742155
1394908364
1395074574
1395240784
1395406993
1395573202
1395739412
1395905622
1396071831
1396238041
1396404250
1396570460
1396736669
1396913960
1397080169
1397246379
1397412588
1397578798
1397745008
1397911217
1398077427
1398243636
1398409846
1398576056
1398742265
1398908475
1399074684
1399240894
1399407103
1399573313
1399739523
1399905732
1400071942
1400238151
1400404361
1400570571
1400736780
1400914070
1401080280
1401246489
1401412699
1401578909
1401745118
1401911328
1402077537
1402243747
1402409957
1402576166
1402742376
1402908585
1403074795
1403241004
1403407214
1403573423
1403739633
1403905843
1404072052
1404238262
1404404471
1404570681
1404736890
1404914181
1405080390
1405246600
1405412810
1405579019
1405745228
1405911438
1406077648
1406243857
1406410067
1406576276
1406742486
1406908695
1407074905
1407241115
1407407325
1407573534
1407739743
1407905953
1408072163
1408238372
1408404582
1408570791
1408737001
1408914291
1409080501
1409246710
1409412920
1409579130
1409745339
1409911549
1410077758
1410243968
1410410178
1410576387
1410742596
1410908806
1411075016
1411241225
1411407435
1411573645
1411739854
1411906064
1412072273
1412238483
1412404692
1412570902
1412737111
1412914402
1413080611
1413246821
1413413030
1413579240
1413745450
1413911659
1414077869
1414244078
1414410288
1414576497
1414742707
1414908917
1415075126
1415241336
1415407545
1415573755
1415739965
1415906174
1416072384
1416238593
1416404803
1416571012
1416737222
1416903431
1417080722
1417246931
1417413141
1417579351
1417745560
1417911770
1418077979
1418244189
1418410398
1418576608
1418742817
1418909027
1419075237
1419241446
1419407656
1419573866
1419740075
1419906285
1420072494
1420238704
1420404913
1420571123
1420737332
1420903542
1421080832
1421247042
1421413251
1421579461
1421745671
1421911880
1422078090
1422244299
1422410509
1422576718
1422742928
1422909138
1423075347
1423241557
1423407766
1423573976
1423740185
1423906395
1424072605
1424238814
1424405024
1424571234
1424737443
1424903653
1425080943
1425247152
1425413362
1425579572
1425745781
1425911991
1426078200
1426244410
1426410619
1426576829
1426743039
1426909248
1427075458
1427241667
1427407877
1427574087
1427740296
1427906505
1428072715
1428238925
1428405134
1428571344
1428737554
1428903763
1429081053
1429247263
1429413472
1429579682
1429745892
1429912101
1430078311
1430244520
1430410730
1430576939
1430743149
1430909359
1431075568
1431241778
1431407987
1431574197
1431740407
1431906616
1432072826
1432239035
1432405247
1432571454
1432737664
1432903873
1433081164
1433247373
1433413583
1433579793
1433746002
1433912212
1434078421
1434244631
1434410840
1434577050
1434743260
1434909469
1435075679
1435241888
1435408098
1435574308
1435740517
1435906727
1436072936
1436239146
1436405356
1436571565
1436737774
1436903984
1437081274
1437247484
1437413693
1437579903
1437746113
1437912322
1438078532
1438244742
1438410951
1438577161
1438743370
1438909580
1439075789
1439241999
1439408209
1439574418
1439740628
1439906837
1440073047
1440239256
1440405466
1440571675
1440737885
1440904095
1441081385
1441247595
1441413804
1441580016
1441746224
1441912434
1442078643
1442244853
1442411062
1442577272
1442743481
1442909691
1443075900
1443242110
1443408319
1443574529
1443740739
1443906949
1444073158
1444239368
1444405577
1444571786
1444737996
1444904207
1445070415
1445247705
1445413915
1445580124
1445746334
1445912544
1446078753
1446244963
1446411172
1446577382
1446743591
1446909801
1447076010
1447242220
1447408429
1447574639
1447740849
1447907059
1448073268
1448239478
1448405687
1448571897
1448738106
1448904317
1449070525
1449247816
1449414025
1449580235
1449746444
1449912654
1450078864
1450245073
1450411283
1450577492
1450743702
1450909912
1451076121
1451242331
1451408540
1451574750
1451740959
1451907169
1452073378
1452239588
1452405798
1452572007
1452738217
1452904426
1453070636
1453247926
1453414136
1453580346
1453746555
1453912764
1454078974
1454245184
1454411393
1454577603
1454743812
1454910022
1455076232
1455242441
1455408651
1455574860
1455741070
1455907279
1456073489
1456239699
1456405908
1456572118
1456738327
1456904537
1457070748
1457248037
1457414246
1457580456
1457746665
1457912875
1458079085
1458245294
1458411504
1458577713
1458743923
1458910133
1459076343
1459242552
1459408761
1459574971
1459741181
1459907390
1460073600
1460239810
1460406019
1460572228
1460738438
1460904648
1461070857
1461248147
1461414357
1461580566
1461746776
1461912985
1462079195
1462245405
1462411614
1462577824
1462744033
1462910243
1463076453
1463242662
1463408872
1463575082
1463741291
1463907501
1464073710
1464239919
1464406128
1464572338
1464738548
1464904757
1465070967
1465248257
1465414467
1465580676
1465746886
1465913095
1466079305
1466245515
1466411724
1466577934
1466744144
1466910354
1467076563
1467242773
1467408982
1467575192
1467741401
1467907611
1468073821
1468240031
1468406240
1468572449
1468738659
1468904869
1469071078
1469248368
1469414578
1469580788
1469746997
1469913207
1470079416
1470245626
1470411835
1470578045
1470744255
1470910464
1471076674
1471242883
1471409093
1471575303
1471741512
1471907722
1472073931
1472240141
1472406350
1472572560
1472738769
1472904979
1473071189
1473237398
1473414689
1473580898
1473747108
1473913317
1474079527
1474245736
1474411946
1474578155
1474744365
1474910575
1475076784
1475242994
1475409203
1475575413
1475741623
1475907832
1476074042
1476240252
1476406461
1476572670
1476738880
1476905090
1477071299
1477237508
1477414799
1477581009
1477747218
1477913428
1478079637
1478245847
1478412057
1478578266
1478744475
1478910685
1479076894
1479243104
1479409314
1479575523
1479741733
1479907942
1480074152
1480240362
1480406571
1480572781
1480738990
1480905200
1481071409
1481237619
1481414909
1481581119
1481747328
1481913538
1482079748
1482245957
1482412167
1482578376
1482744586
1482910796
1483077005
1483243215
1483409424
1483575634
1483741843
1483908053
1484074263
1484240473
1484406682
1484572892
1484739101
1484905311
1485071520
1485237730
1485415020
1485581229
1485747439
1485913649
1486079858
1486246068
1486412277
1486578487
1486744697
1486910906
1487077116
1487243325
1487409535
1487575745
1487741954
1487908164
1488074373
1488240583
1488406792
1488573002
1488739211
1488905421
1489071631
1489237840
1489415130
1489581340
1489747549
1489913759
1490079969
1490246178
1490412388
1490578598
1490744807
1490911016
1491077226
1491243436
1491409645
1491575855
1491742064
1491908274
1492074484
1492240693
1492406903
1492573113
1492739322
1492905532
1493071741
1493237951
1493415241
1493581451
1493747660
1493913870
1494080079
1494246289
1494412498
1494578708
1494744918
1494911127
1495077337
1495243546
1495409756
1495575966
1495742175
1495908385
1496074594
1496240804
1496407013
1496573223
1496739433
1496905642
1497071852
1497238061
1497415351
1497581561
1497747771
1497913980
1498080190
1498246399
1498412609
1498578819
1498745028
1498911238
1499077447
1499243657
1499409867
1499576076
1499742286
1499908495
