121886
288096
454306
620515
797805
964015
1130224
1296434
1462644
1628853
1795063
1961272
2127482
2293692
2459901
2626111
2792320
2958530
3124739
3290949
3457158
3623368
3789578
3955787
4121997
4288206
4454416
4620626
4797917
4964126
5130336
5296545
5462755
5628965
5795174
5961384
6127593
6293803
6460012
6626222
6792432
6958641
7124851
7291060
7457270
7623479
7789689
7955899
8122108
8288318
8454527
8620737
8798027
8964236
9130446
9296656
9462865
9629075
9795285
9961494
10127703
10293913
10460123
10626332
10792542
10958752
11124961
11291171
11457380
11623590
11789799
11956009
12122218
12288428
12454637
12620847
12798137
12964347
13130556
13296766
13462976
13629185
13795395
13961604
14127814
14294024
14460233
14626443
14792652
14958862
15125072
15291281
15457491
15623700
15789910
15956119
16122329
16288538
16454748
16620958
16798250
16964458
17130667
17296877
17463087
17629296
17795507
17961715
18127925
18294134
18460344
18626554
18792763
18958973
19125183
19291392
19457602
19623811
19790022
19956230
20122440
20288649
20454860
20621068
20798359
20964568
21130778
21296987
21463197
21629406
21795616
21961825
22128035
22294244
22460454
22626664
22792874
22959083
23125293
23291502
23457712
23623921
23790131
23956340
24122550
24288759
24454969
24621179
24787389
24964679
25130888
25297098
25463307
25629517
25795727
25961936
26128146
26294355
26460565
26626775
26792984
26959194
27125403
27291613
27457822
27624032
27790242
27956451
28122661
28288870
28455080
28621290
28787499
28964789
29130999
29297208
29463418
29629628
29795837
29962048
30128256
30294466
30460676
30626885
30793095
30959304
31125514
31291723
31457933
31624143
31790352
31956562
32122771
32288981
32455191
32621400
32787610
32964900
33131109
33297319
33463528
33629738
33795948
33962158
34128367
34294577
34460786
34626996
34793205
34959415
35125624
35291834
35458043
35624253
35790463
35956672
36122882
36289092
36455301
36621511
36787720
36965010
37131220
37297430
37463639
37629849
37796058
37962268
38128478
38294687
38460897
38627106
38793316
38959526
39125735
39291945
39458154
39624364
39790573
39956783
40122993
40289202
40455412
40621621
40787831
40965121
41131331
41297540
41463750
41629960
41796169
41962379
42128588
42294798
42461008
42627217
42793427
42959637
43125846
43292055
43458265
43624475
43790684
43956894
44123103
44289313
44455522
44621732
44787942
44965232
45131442
45297651
45463861
45630070
45796280
45962489
46128699
46294908
46461118
46627327
46793537
46959747
47125957
47292166
47458376
47624585
47790795
47957004
48123214
48289423
48455633
48621843
48788052
48965343
49131552
49297762
49463971
49630181
49796390
49962600
50128810
50295019
50461229
50627438
50793648
50959858
51126067
51292277
51458486
51624696
51790906
51957115
52123325
52289535
52455744
52621953
52788163
52954373
53131663
53297872
53464082
53630292
53796501
53962711
54128920
54295130
54461340
54627549
54793759
54959968
55126178
55292387
55458597
55624806
55791016
55957226
56123435
56289645
56455854
56622064
56788274
56954483
57131773
57297983
57464193
57630402
57796612
57962821
58129031
58295241
58461450
58627660
58793869
58960079
59126289
59292498
59458707
59624917
59791127
59957337
60123546
60289756
60455965
60622175
60788384
60954594
61131884
61298094
61464305
61630513
61796722
61962932
62129142
62295351
62461561
62627770
62793980
62960190
63126399
63292609
63458818
63625028
63791237
63957447
64123657
64289866
64456076
64622285
64788495
64954705
65131995
65298204
65464414
65630624
65796833
65963043
66129252
66295462
66461672
66627881
66794091
66960300
67126510
67292719
67458929
67625139
67791348
67957558
68123767
68289977
68456187
68622396
68788606
68954815
69132106
69298315
69464525
69630734
69796944
69963153
70129363
70295572
70461782
70627991
70794201
70960411
71126621
71292830
71459040
71625249
71791459
71957668
72123878
72290087
72456297
72622507
72788716
72954926
73132216
73298426
73464635
73630845
73797054
73963264
74129474
74295683
74461893
74628102
74794312
74960521
75126731
75292941
75459150
75625360
75791569
75957779
76123989
76290198
76456408
76622617
76788827
76955037
77121246
77298536
77464746
77630956
77797165
77963375
78129584
78295794
78462003
78628213
78794422
78960632
79126842
79293051
79459261
79625471
79791680
79957890
80124099
80290309
80456519
80622728
80788938
80955147
81121357
81298647
81464856
81631066
81797275
81963485
82129695
82295905
82462114
82628324
82794533
82960743
83126952
83293162
83459372
83625581
83791790
83958000
84124210
84290419
84456629
84622839
84789048
84955258
85121467
85298757
85464967
85631177
85797386
85963596
86129805
86296015
86462225
86628434
86794644
86960853
87127063
87293272
87459482
87625692
87791901
87958111
88124320
88290530
88456740
88622949
88789159
88955368
89121578
89298868
89465078
89631287
89797499
89963707
90129916
90296126
90462335
90628545
90794756
90960964
91127175
91293383
91459593
91625802
91792014
91958222
92124431
92290641
92456850
92623060
92789271
92955479
93121689
93298979
93465189
93631398
93797608
93963817
94130026
94296236
94462446
94628655
94794866
94961074
95127284
95293494
95459703
95625913
95792123
95958332
96124542
96290751
96456961
96623170
96789380
96955589
97121799
97299089
97465299
97631508
97797718
97963928
98130137
98296347
98462556
98628766
98794976
98961185
99127395
99293604
99459814
99626023
99792233
99958443
100124652
100290862
100457071
100623281
100789491
100955700
101121910
101299200
101465409
101631619
101797829
101964038
102130248
102296458
102462667
102628876
102795086
102961296
103127505
103293715
103459924
103626134
103792344
103958553
104124763
104290972
104457182
104623391
104789601
104955811
105122021
105288230
105465520
105631730
105797939
105964149
106130358
106296568
106462778
106628987
106795197
106961406
107127616
107293826
107460035
107626245
107792454
107958664
108124873
108291083
108457292
108623502
108789712
108955921
109122130
109288340
109465630
109631840
109798050
109964259
110130469
110296679
110462889
110629098
110795307
110961517
111127727
111293936
111460145
111626355
111792565
111958774
112124984
112291193
112457403
112623613
112789822
112956032
113122241
113288451
113465741
113631951
113798161
113964370
114130580
114296789
114462999
114629209
114795418
114961628
115127837
115294047
115460256
115626466
115792676
115958885
116125095
116291304
116457514
116623723
116789933
116956143
117122352
117288562
117465852
117632062
117798271
117964481
118130690
118296900
118463110
118629319
118795528
118961738
119127948
119294157
119460367
119626576
119792786
119958996
120125205
120291415
120457625
120623834
120790044
120956253
121122463
121288673
121465963
121632172
121798382
121964591
122130801
122297010
122463220
122629430
122795639
122961849
123128059
123294268
123460478
123626687
123792897
123959107
124125316
124291526
124457735
124623945
124790154
124956364
125122573
125288783
125466073
125632283
125798492
125964702
126130912
126297121
126463331
126629540
126795750
126961959
127128169
127294379
127460588
127626798
127793007
127959217
128125427
128291636
128457846
128624055
128790265
128956474
129122684
129288894
129466184
129632393
129798603
129964812
130131022
130297232
130463441
130629651
130795860
130962070
131128279
131294489
131460699
131626908
131793118
131959327
132125537
132291747
132457956
132624166
132790375
132956585
133122794
133289004
133455213
133632504
133798713
133964923
134131133
134297342
134463552
134629761
134795971
134962181
135128390
135294600
135460809
135627019
135793229
135959438
136125648
136291857
136458067
136624277
136790486
136956695
137122905
137289115
137455324
137632614
137798824
137965034
138131243
138297453
138463663
138629872
138796082
138962291
139128501
139294711
139460920
139627130
139793339
139959549
140125758
140291968
140458178
140624388
140790597
140956806
141123016
141289226
141455435
141632725
141798935
141965144
142131354
142297563
142463773
142629983
142796192
142962402
143128611
143294821
143461031
143627240
143793450
143959659
144125869
144292078
144458288
144624498
144790707
144956917
145123126
145289336
145455546
145632836
145799045
145965255
146131465
146297674
146463884
146630093
146796303
146962513
147128722
147294931
147461141
147627351
147793560
147959770
148125979
148292189
148458399
148624608
148790818
148957027
149123237
149289447
149455656
149632948
149799156
149965368
150131575
150297785
150463995
150630206
150796414
150962623
151128833
151295044
151461252
151627463
151793671
151959881
152126091
152292300
152458510
152624719
152790929
152957138
153123348
153289558
153455767
153633057
153799266
153965476
154131686
154297895
154464105
154630315
154796524
154962733
155128943
155295153
155461362
155627573
155793781
155959991
156126201
156292410
156458620
156624830
156791039
156957248
157123458
157289668
157455877
157633168
157799377
157965587
158131796
158298006
158464216
158630425
158796635
158962844
159129054
159295264
159461473
159627683
159793892
159960102
160126311
160292521
160458731
160624940
160791150
160957359
161123569
161289779
161455988
161622197
161799488
161965698
162131907
162298116
162464326
162630536
162796746
162962955
163129165
163295374
163461584
163627793
163794003
163960212
164126422
164292632
164458841
164625051
164791261
164957470
165123679
165289889
165456099
165622308
165799598
165965808
166132018
166298227
166464437
166630646
166796856
166963065
167129275
167295485
167461694
167627904
167794114
167960323
168126533
168292742
168458952
168625161
168791371
168957580
169123790
169290000
169456209
169622419
169799709
169965919
170132128
170298338
170464547
170630757
170796967
170963176
171129386
171295595
171461805
171628015
171794224
171960434
172126643
172292853
172459063
172625272
172791482
172957691
173123901
173290110
173456320
173622529
173799820
173966029
174132239
174298448
174464658
174630868
174797077
174963287
175129496
175295706
175461915
175628125
175794335
175960544
176126754
176292963
176459173
176625383
176791592
176957802
177124011
177290221
177456430
177622640
177799930
177966140
178132349
178298559
178464769
178630978
178797188
178963398
179129607
179295816
179462026
179628236
179794445
179960655
180126864
180293074
180459284
180625493
180791703
180957912
181124122
181290331
181456541
181622751
181800041
181966250
182132460
182298670
182464879
182631089
182797299
182963508
183129718
183295927
183462137
183628346
183794556
183960766
184126975
184293185
184459394
184625604
184791813
184958023
185124233
185290442
185456652
185622861
185800152
185966361
186132571
186298780
186464990
186631200
186797409
186963619
187129828
187296038
187462248
187628457
187794667
187960876
188127086
188293295
188459505
188625715
188791924
188958134
189124343
189290553
189456762
189622972
189789182
189966472
190132681
190298891
190465101
190631310
190797519
190963729
191129939
191296149
191462358
191628567
191794777
191960987
192127197
192293406
192459615
192625825
192792035
192958244
193124454
193290663
193456873
193623083
193789292
193966583
194132792
194299002
194465211
194631421
194797631
194963840
195130050
195296259
195462469
195628679
195794888
195961098
196127307
196293517
196459726
196625936
196792145
196958355
197124565
197290774
197456984
197623193
197789403
197966693
198132903
198299112
198465322
198631532
198797741
198963951
199130160
199296370
199462579
199628789
199794999
199961208
200127418
200293627
200459837
200626046
200792256
200958466
201124675
201290885
201457095
201623304
201789514
201966804
202133013
202299223
202465432
202631642
202797852
202964061
203130271
203296481
203462690
203628899
203795109
203961319
204127528
204293738
204459948
204626157
204792367
204958576
205124786
205290996
205457205
205623415
205789624
205966914
206133124
206299334
206465543
206631753
206797962
206964172
207130382
207296591
207462801
207629010
207795220
207961429
208127639
208293849
208460058
208626268
208792477
208958687
209124896
209291106
209457316
209623525
209789735
209967026
210133235
210299444
210465655
210631864
210798073
210964283
211130493
211296703
211462913
211629121
211795331
211961540
212127750
212293959
212460171
212626378
212792589
212958798
213125007
213291217
213457427
213623636
213789846
213956055
214133345
214299555
214465765
214631974
214798184
214964393
215130603
215296812
215463023
215629232
215795441
215961650
216127860
216294070
216460280
216626489
216792698
216958908
217125118
217291327
217457538
217623746
217789956
217956166
218133456
218299666
218465875
218632085
218798294
218964504
219130714
219296923
219463133
219629342
219795552
219961762
220127971
220294181
220460390
220626600
220792809
220959019
221125229
221291438
221457648
221623857
221790067
221956277
222133567
222299776
222465986
222632196
222798405
222964615
223130824
223297034
223463244
223629453
223795663
223961872
224128082
224294291
224460501
224626711
224792920
224959130
225125339
225291549
225457759
225623968
225790178
225956387
226133677
226299887
226466096
226632306
226798516
226964725
227130935
227297144
227463354
227629564
227795773
227961983
228128192
228294402
228460611
228626821
228793031
228959240
229125450
229291659
229457869
229624079
229790288
229956498
230133788
230299998
230466207
230632417
230798626
230964836
231131046
231297255
231463468
231629674
231795884
231962093
232128303
232294513
232460722
232626932
232793141
232959351
233125561
233291770
233457980
233624189
233790399
233956609
234133899
234300108
234466318
234632527
234798737
234964947
235131156
235297366
235463575
235629785
235795995
235962204
236128414
236294623
236460833
236627042
236793252
236959462
237125671
237291881
237458090
237624300
237790510
237956719
238134009
238300219
238466428
238632638
238798848
238965057
239131266
239297476
239463686
239629896
239796105
239962315
240128524
240294734
240460943
240627153
240793363
240959572
241125782
241291991
241458201
241624410
241790620
241956830
242123039
242300330
242466539
242632749
242798958
242965168
243131378
243297587
243463797
243630006
243796216
243962425
244128635
244294844
244461054
244627264
244793473
244959683
245125892
245292102
245458312
245624521
245790731
245956940
246123150
246300440
246466650
246632860
246799069
246965279
247131488
247297698
247463907
247630117
247796326
247962536
248128746
248294955
248461165
248627374
248793584
248959795
249126003
249292213
249458422
249624632
249790842
249957051
250123261
250300551
250466760
250632970
250799180
250965389
251131599
251297808
251464018
251630227
251796437
251962647
252128856
252295066
252461275
252627485
252793694
252959904
253126113
253292323
253458533
253624742
253790952
253957162
254123371
254300662
254466871
254633081
254799290
254965500
255131709
255297919
255464129
255630338
255796548
255962757
256128967
256295177
256461386
256627596
256793805
256960015
257126224
257292434
257458644
257624853
257791063
257957272
258123482
258300772
258466982
258633191
258799401
258965611
259131820
259298030
259464239
259630449
259796658
259962868
260129078
260295287
260461497
260627706
260793916
260960126
261126335
261292545
261458754
261624964
261791173
261957383
262123593
262300883
262467092
262633302
262799511
262965721
263131931
263298140
263464350
263630560
263796769
263962978
264129188
264295398
264461607
264627817
264794026
264960236
265126446
265292655
265458865
265625074
265791284
265957494
266123703
266300993
266467203
266633413
266799622
266965832
267132041
267298251
267464461
267630670
267796880
267963089
268129299
268295509
268461718
268627928
268794137
268960347
269126556
269292766
269458975
269625185
269791395
269957604
270123814
270290023
270467314
270633523
270799733
270965943
271132152
271298363
271464571
271630782
271796991
271963200
272129410
272295621
272461829
272628038
272794248
272960458
273126667
273292877
273459086
273625296
273791506
273957715
274123925
274290136
274467424
274633634
274799843
274966053
275132263
275298473
275464682
275630892
275797101
275963310
276129520
276295730
276461939
276628149
276794358
276960568
277126778
277292988
277459197
277625406
277791616
277957826
278124035
278290245
278467535
278633745
278799954
278966164
279132373
279298583
279464793
279631002
279797212
279963421
280129631
280295841
280462050
280628260
280794469
280960679
281126889
281293098
281459308
281625517
281791727
281957937
282124146
282290356
282467647
282633855
282800065
282966275
283132485
283298694
283464903
283631113
283797323
283963532
284129742
284295951
284462161
284628371
284794580
284960790
285126999
285293209
285459418
285625628
285791838
285958047
286124257
286290466
286467757
286633966
286800175
286966385
287132595
287298804
287465014
287631223
287797433
287963643
288129852
288296062
288462272
288628481
288794691
288960900
289127110
289293319
289459529
289625739
289791948
289958158
290124367
290290577
290467867
290634077
290800286
290966496
291132706
291298915
291465125
291631334
291797544
291963754
292129963
292296173
292462382
292628592
292794801
292961011
293127221
293293430
293459640
293625849
293792059
293958269
294124478
294290688
294467978
294634189
294800397
294966607
295132816
295299026
295465236
295631445
295797655
295963865
296130074
296296283
296462493
296628703
296794912
296961122
297127331
297293541
297459751
297625960
297792170
297958379
298124589
298290799
298457008
298634299
298800508
298966717
299132927
299299137
299465346
299631556
299797765
299963975
300130184
300296394
300462604
300628813
300795023
300961232
301127442
301293651
301459861
301626071
301792280
301958490
302124699
302290909
302457119
302634409
302800618
302966828
303133038
303299247
303465457
303631666
303797876
303964086
304130295
304296505
304462714
304628924
304795134
304961343
305127553
305293762
305459972
305626182
305792391
305958601
306124810
306291020
306457229
306634520
306800729
306966939
307133149
307299358
307465567
307631777
307797987
307964196
308130406
308296615
308462825
308629035
308795245
308961454
309127663
309293873
309460083
309626292
309792502
309958711
310124921
310291131
310457340
310634630
310800840
310967050
311133259
311299469
311465678
311631888
311798098
311964307
312130516
312296726
312462936
312629145
312795355
312961564
313127774
313293983
313460193
313626403
313792613
313958822
314125031
314291241
314457451
314634741
314800951
314967160
315133370
315299580
315465789
315631999
315798208
315964418
316130627
316296837
316463046
316629256
316795466
316961675
317127885
317294095
317460304
317626514
317792723
317958933
318125142
318291352
318457561
318634852
318801061
318967271
319133480
319299690
319465900
319632109
319798319
319964529
320130738
320296948
320463157
320629367
320795576
320961786
321127996
321294205
321460415
321626624
321792834
321959044
322125253
322291463
322457672
322623882
322801172
322967382
323133591
323299801
323466010
323632220
323798429
323964639
324130849
324297058
324463268
324629478
324795687
324961897
325128106
325294316
325460525
325626735
325792945
325959154
326125364
326291573
326457783
326623993
326801283
326967492
327133702
327299912
327466121
327632331
327798540
327964750
328130959
328297169
328463379
328629589
328795798
328962008
329128217
329294427
329460636
329626846
329793056
329959265
330125475
330291684
330457894
330624103
330801394
330967603
331133815
331300023
331466232
331632442
331798651
331964862
332131072
332297280
332463490
332629700
332795909
332962118
333128328
333294538
333460747
333626957
333793166
333959376
334125587
334291795
334458005
334624214
334801504
334967714
335133924
335300133
335466343
335632552
335798762
335964971
336131182
336297391
336463600
336629811
336796019
336962229
337128439
337294648
337460858
337627067
337793277
337959486
338125697
338291905
338458115
338624325
338801615
338967825
339134034
339300244
339466453
339632663
339798873
339965082
340131292
340297501
340463711
340629921
340796130
340962340
341128549
341294759
341460969
341627178
341793388
341959597
342125807
342292017
342458226
342624436
342801726
342967935
343134145
343300356
343466564
343632774
343798983
343965193
344131403
344297612
344463822
344630031
344796241
344962451
345128660
345294870
345461079
345627289
345793499
345959708
346125918
346292127
346458337
346624547
346801837
346968046
347134256
347300466
347466675
347632884
347799094
347965304
348131513
348297723
348463932
348630142
348796351
348962561
349128771
349294981
349461190
349627399
349793609
349959819
350126028
350292238
350458447
350624657
350790866
350968157
351134367
351300576
351466786
351632995
351799205
351965415
352131624
352297834
352464043
352630253
352796462
352962672
353128882
353295091
353461301
353627510
353793720
353959930
354126139
354292349
354458558
354624768
354790977
354968268
355134477
355300687
355466897
355633106
355799316
355965525
356131735
356297944
356464154
356630364
356796573
356962783
357128992
357295202
357461412
357627621
357793831
357960040
358126250
358292460
358458669
358624879
358791088
358968378
359134588
359300798
359467007
359633217
359799426
359965636
360131845
360298055
360464265
360630474
360796684
360962893
361129103
361295313
361461523
361627732
361793941
361960151
362126360
362292570
362458780
362624989
362791199
362968489
363134699
363300908
363467118
363633327
363799537
363965747
364131956
364298166
364464375
364630585
364796795
364963004
365129214
365295423
365461633
365627843
365794052
365960263
366126471
366292681
366458890
366625100
366791310
366968600
367134810
367301019
367467229
367633438
367799648
367965858
368132067
368298277
368464486
368630697
368796905
368963115
369129325
369295534
369461744
369627953
369794163
369960373
370126582
370292792
370459001
370625211
370791420
370968711
371134920
371301130
371467339
371633549
371799758
371965968
372132178
372298387
372464597
372630806
372797016
372963226
373129435
373295645
373461854
373628064
373794274
373960483
374126693
374292902
374459112
374625322
374791531
374968821
375135031
375301241
375467450
375633660
375799869
375966079
376132289
376298498
376464708
376630917
376797127
376963337
377129546
377295756
377461965
377628175
377794384
377960594
378126803
378293013
378459223
378625432
378791642
378957851
379135142
379301351
379467561
379633771
379799980
379966190
380132399
380298609
380464818
380631028
380797238
380963447
381129657
381295866
381462076
381628286
381794495
381960705
382126914
382293124
382459334
382625543
382791753
382957962
383135253
383301462
383467671
383633881
383800091
383966300
384132510
384298719
384464929
384631139
384797349
384963558
385129767
385295977
385462186
385628396
385794606
385960815
386127025
386293234
386459444
386625654
386791864
386958073
387135363
387301573
387467782
387633992
387800201
387966411
388132621
388298830
388465040
388631250
388797459
388963669
389129878
389296088
389462298
389628507
389794717
389960926
390127136
390293345
390459555
390625764
390791974
390958184
391135474
391301684
391467893
391634103
391800313
391966522
392132732
392298942
392465151
392631360
392797570
392963780
393129989
393296199
393462409
393628618
393794827
393961039
394127249
394293457
394459666
394625875
394792086
394958296
395135585
395301794
395468004
395634213
395800423
395966633
396132842
396299052
396465261
396631471
396797680
396963891
397130100
397296309
397462519
397628728
397794938
397961148
398127357
398293567
398459776
398625986
398792195
398958406
399135696
399301905
399468115
399634324
399800534
399966744
400132953
400299164
400465372
400631582
400797791
400964001
401130211
401296420
401462630
401628839
401795049
401961259
402127468
402293678
402459887
402626097
402792307
402958516
403135806
403302016
403468225
403634435
403800645
403966854
404133064
404299273
404465483
404631693
404797902
404964112
405130321
405296531
405462741
405628950
405795160
405961369
406127579
406293789
406459998
406626207
406792417
406958627
407124836
407302126
407468336
407634546
407800756
407966965
408133175
408299384
408465594
408631803
408798013
408964223
409130432
409296642
409462851
409629061
409795270
409961480
410127690
410293899
410460109
410626318
410792528
410958737
411124948
411302237
411468447
411634657
411800866
411967076
412133285
412299495
412465705
412631914
412798124
412964333
413130543
413296753
413462962
413629172
413795381
413961591
414127801
414294010
414460220
414626429
414792639
414958848
415125058
415302348
415468558
415634767
415800977
415967187
416133396
416299606
416465815
416632025
416798234
416964444
417130654
417296863
417463073
417629283
417795492
417961702
418127912
418294121
418460331
418626540
418792750
418958959
419125169
419302459
419468668
419634878
419801088
419967297
420133507
420299717
420465926
420632136
420798345
420964555
421130764
421296974
421463184
421629393
421795603
421961812
422128022
422294232
422460441
422626651
422792860
422959070
423125279
423302570
423468779
423634989
423801199
423967408
424133618
424299828
424466037
424632247
424798456
424964666
425130875
425297085
425463295
425629504
425795714
425961923
426128133
426294342
426460552
426626761
426792971
426959181
427125390
427302681
427468890
427635100
427801309
427967519
428133729
428299938
428466148
428632357
428798567
428964776
429130986
429297196
429463405
429629615
429795824
429962034
430128244
430294453
430460664
430626872
430793082
430959292
431125501
431302791
431469001
431635211
431801420
431967629
432133839
432300049
432466259
432632468
432798677
432964887
433131097
433297306
433463516
433629725
433795935
433962145
434128354
434294564
434460774
434626983
434793193
434959402
435125612
435291821
435469112
435635321
435801531
435967741
436133950
436300160
436466369
436632579
436798789
436964998
437131208
437297417
437463627
437629836
437796046
437962256
438128465
438294675
438460885
438627094
438793303
438959513
439125723
439291932
439469223
439635432
439801642
439967851
440134061
440300270
440466480
440632690
440798899
440965109
441131319
441297528
441463737
441629947
441796157
441962366
442128576
442294786
442460995
442627205
442793414
442959624
443125833
443292043
443469333
443635543
443801752
443967962
444134172
444300381
444466591
444632801
444799010
444965219
445131429
445297639
445463848
445630058
445796267
445962477
446128686
446294896
446461106
446627316
446793525
446959734
447125944
447292153
447469444
447635654
447801863
447968073
448134282
448300492
448466702
448632911
448799121
448965330
449131540
449297749
449463959
449630169
449796379
449962588
450128797
450295007
450461217
450627426
450793636
450959845
451126055
451292264
451469555
451635765
451801976
451968184
452134393
452300603
452466813
452633022
452799232
452965441
453131652
453297861
453464070
453630279
453796491
453962699
454128908
454295118
454461328
454627537
454793748
454959957
455126166
455292375
455469665
455635875
455802085
455968294
456134504
456300713
456466923
456633132
456799343
456965552
457131762
457297971
457464180
457630390
457796600
457962809
458129019
458295228
458461438
458627647
458793858
458960067
459126276
459292486
459458695
459635986
459802195
459968405
460134615
460300824
460467034
460633243
460799453
460965662
461131872
461298082
461464291
461630501
461796711
461962920
462129130
462295339
462461549
462627759
462793968
462960178
463126387
463292597
463458806
463636096
463802306
463968516
464134725
464300935
464467144
464633354
464799564
464965773
465131983
465298192
465464402
465630612
465796821
465963032
466129241
466295450
466461660
466627869
466794079
466960289
467126498
467292708
467458917
467636207
467802417
467968627
468134836
468301045
468467255
468633465
468799674
468965884
469132094
469298303
469464513
469630722
469796932
469963142
470129351
470295561
470461770
470627980
470794189
470960399
471126609
471292818
471459028
471636318
471802528
471968737
472134947
472301157
472467366
472633576
472799785
472965995
473132205
473298414
473464623
473630833
473797043
473963252
474129462
474295671
474461881
474628091
474794300
474960510
475126719
475292929
475459138
475636429
475802639
475968848
476135058
476301267
476467477
476633686
476799896
476966105
477132315
477298525
477464734
477630944
477797153
477963363
478129573
478295782
478461992
478628201
478794411
478960621
479126830
479293040
479459249
479636540
479802749
479968959
480135168
480301378
480467587
480633797
480800006
480966216
481132426
481298635
481464845
481631055
481797264
481963474
482129683
482295893
482462103
482628312
482794522
482960731
483126941
483293150
483459360
483636650
483802860
483969069
484135279
484301489
484467699
484633908
484800117
484966327
485132537
485298746
485464956
485631165
485797375
485963585
486129794
486296004
486462213
486628423
486794632
486960842
487127052
487293261
487459471
487625680
487802971
487969180
488135390
488301599
488467809
488634018
488800228
488966438
489132647
489298857
489465067
489631276
489797486
489963696
490129905
490296114
490462324
490628534
490794743
490960953
491127162
491293373
491459582
491625791
491803081
491969291
492135500
492301710
492467919
492634129
492800339
492966548
493132758
493298968
493465177
493631386
493797596
493963806
494130015
494296225
494462434
494628644
494794854
494961063
495127273
495293483
495459692
495625902
495803192
495969401
496135611
496301821
496468030
496634240
496800449
496966659
497132869
497299078
497465288
497631498
497797707
497963917
498130126
498296336
498462545
498628755
498794964
498961174
499127384
499293594
499459803
499626012
499803303
499969512
500135722
500301932
500468142
500634351
500800560
500966770
501132980
501299189
501465399
501631608
501797818
501964028
502130237
502296447
502462656
502628866
502795075
502961285
503127494
503293705
503459914
503626123
503803413
503969623
504135833
504302042
504468252
504634461
504800671
504966881
505133090
505299300
505465509
505631719
505797928
505964138
506130347
506296557
506462767
506628976
506795186
506961395
507127605
507293815
507460025
507626234
507803524
507969734
508135943
508302153
508468362
508634572
508800782
508966991
509133201
509299410
509465620
509631830
509798039
509964249
510130459
510296668
510462878
510629087
510795297
510961506
511127716
511293925
511460135
511626345
511803635
511969845
512136056
512302264
512468474
512634683
512800893
512967102
513133312
513299521
513465731
513631942
513798150
513964360
514130570
514296779
514462989
514629200
514795408
514961617
515127827
515294037
515460246
515626457
515792665
515969955
516136165
516302374
516468584
516634794
516801004
516967213
517133422
517299632
517465842
517632051
517798261
517964470
518130680
518296890
518463099
518629309
518795518
518961728
519127937
519294147
519460357
519626566
519792776
519970066
520136276
520302485
520468695
520634904
520801114
520967324
521133533
521299743
521465953
521632162
521798371
521964581
522130791
522297000
522463210
522629419
522795629
522961839
523128048
523294258
523460467
523626677
523792887
523970177
524136387
524302596
524468805
524635015
524801225
524967434
525133644
525299854
525466063
525632273
525798482
525964692
526130901
526297111
526463321
526629530
526795740
526961950
527128159
527294368
527460578
527626788
527792997
527970287
528136497
528302707
528468916
528635126
528801335
528967545
529133755
529299964
529466174
529632383
529798593
529964803
530131012
530297222
530463431
530629641
530795851
530962060
531128270
531294479
531460689
531626898
531793108
531970398
532136608
532302818
532469027
532635237
532801446
532967656
533133866
533300075
533466285
533632495
533798704
533964914
534131123
534297333
534463542
534629752
534795961
534962171
535128380
535294590
535460800
535627009
535793219
535970509
536136719
536302929
536469138
536635347
536801557
536967767
537133976
537300186
537466395
537632605
537798815
537965024
538131234
538297443
538463653
538629863
538796072
538962282
539128491
539294701
539460910
539627120
539793330
539970620
540136829
540303040
540469248
540635458
540801668
540967877
541134087
541300296
541466506
541632716
541798925
541965135
542131344
542297554
542463763
542629973
542796183
542962393
543128602
543294811
543461021
543627231
543793440
543959651
544136940
544303150
544469359
544635569
544801779
544967988
545134198
545300407
545466617
545632827
545799036
545965246
546131455
546297665
546463875
546630084
546796293
546962503
547128713
547294922
547461132
547627341
547793551
547959761
548137051
548303261
548469471
548635680
548801889
548968099
549134309
549300518
549466728
549632937
549799147
549965356
550131566
550297776
550463985
550630195
550796404
550962614
551128824
551295033
551461243
551627452
551793662
551959871
552137162
552303371
552469581
552635790
552802000
552968210
553134419
553300629
553466838
553633048
553799258
553965467
554131677
554297886
554464096
554630305
554796515
554962725
555128935
555295144
555461353
555627563
555793773
555959982
556137272
556303482
556469692
556635901
556802111
556968320
557134530
557300739
557466949
557633159
557799369
557965578
558131787
558297997
558464207
558630416
558796626
558962835
559129045
559295254
559461464
559627674
559793883
559960093
560137383
560303593
560469802
560636012
560802222
560968431
561134641
561300850
561467060
561633270
561799480
561965689
562131898
562298108
562464318
562630527
562796736
562962946
563129156
563295365
563461575
563627784
563793994
563960204
564137494
564303704
564469913
564636123
564802332
564968542
565134751
565300961
565467170
565633380
565799590
565965799
566132009
566298219
566464428
566630637
566796847
566963057
567129266
567295476
567461685
567627895
567794105
567960314
568126524
568303814
568470024
568636233
568802443
568968652
569134862
569301072
569467281
569633491
569799701
569965910
570132120
570298329
570464539
570630749
570796958
570963168
571129377
571295587
571461796
571628006
571794216
571960425
572126635
572303925
572470135
572636344
572802554
572968764
573134973
573301183
573467394
573633602
573799811
573966021
574132231
574298440
574464651
574630859
574797069
574963279
575129488
575295698
575461909
575628117
575794326
575960536
576126746
576304035
576470246
576636455
576802664
576968874
577135083
577301293
577467503
577633712
577799922
577966131
578132341
578298550
578464761
578630970
578797179
578963389
579129598
579295808
579462019
579628228
579794437
579960646
580126856
580304146
580470356
580636566
580802776
580968985
581135194
581301404
581467613
581633823
581800033
581966242
582132452
582298662
582464871
582631081
582797290
582963500
583129709
583295919
583462129
583628338
583794548
583960757
584126967
584304257
584470467
584636676
584802886
584969095
585135305
585301515
585467724
585633935
585800143
585966353
586132563
586298772
586464982
586631192
586797401
586963611
587129820
587296030
587462239
587628449
587794659
587960868
588127078
588304368
588470577
588636787
588802997
588969206
589135416
589301625
589467835
589634045
589800254
589966464
590132673
590298883
590465092
590631302
590797512
590963721
591129931
591296140
591462350
591628560
591794769
591960979
592127188
592304479
592470688
592636898
592803107
592969317
593135527
593301736
593467946
593634155
593800365
593966575
594132784
594298994
594465203
594631413
594797622
594963832
595130042
595296252
595462461
595628670
595794880
595961089
596127299
596293509
596470799
596637009
596803218
596969428
597135637
597301847
597468056
597634266
597800476
597966685
598132895
598299105
598465314
598631524
598797733
598963943
599130153
599296362
599462572
599628781
599794991
599961200
600127410
600293620
600470910
600637119
600803329
600969538
601135748
601301957
601468167
601634377
601800587
601966796
602133006
602299215
602465425
602631634
602797844
602964053
603130263
603296473
603462682
603628892
603795102
603961311
604127521
604293730
604471021
604637230
604803440
604969649
605135859
605302068
605468278
605634488
605800697
605966907
606133116
606299326
606465535
606631745
606797955
606964164
607130374
607296583
607462793
607629003
607795212
607961422
608127631
608293841
608471131
608637341
608803550
608969760
609135970
609302179
609468389
609634598
609800808
609967018
610133227
610299437
610465646
610631856
610798065
610964275
611130485
611296694
611462904
611629113
611795323
611961533
612127742
612293952
612471242
612637451
612803661
612969871
613136080
613302290
613468499
613634709
613800918
613967128
614133338
614299547
614465757
614631966
614798176
614964386
615130595
615296805
615463014
615629224
615795433
615961643
616127853
616294062
616471353
616637562
616803772
616969982
617136191
617302401
617468610
617634820
617801029
617967239
618133449
618299658
618465868
618632077
618798287
618964497
619130706
619296916
619463125
619629335
619795544
619961754
620127964
620294173
620471464
620637673
620803883
620970092
621136303
621302511
621468721
621634931
621801140
621967350
622133559
622299769
622465979
622632188
622798398
622964607
623130817
623297027
623463236
623629446
623795655
623961865
624128074
624294284
624460494
624637784
624803993
624970203
625136413
625302622
625468832
625635041
625801251
625967460
626133670
626299879
626466089
626632299
626798508
626964718
627130928
627297137
627463347
627629556
627795766
627961976
628128186
628294395
628460604
628637895
628804104
628970314
629136523
629302733
629468942
629635152
629801362
629967571
630133781
630299990
630466200
630632410
630798619
630964829
631131038
631297248
631463458
631629667
631795877
631962087
632128296
632294505
632460715
632638005
632804215
632970425
633136634
633302845
633469054
633635263
633801473
633967682
634133892
634300103
634466311
634632521
634798730
634964940
635131149
635297361
635463568
635629778
635795988
635962197
636128407
636294618
636460826
636638116
636804325
636970535
637136745
637302954
637469164
637635373
637801583
637967793
638134002
638300213
638466421
638632631
638798841
638965050
639131260
639297469
639463679
639629888
639796098
639962308
640128517
640294727
640460936
640638227
640804436
640970646
641136856
641303065
641469275
641635484
641801694
641967904
642134113
642300322
642466532
642632742
642798951
642965161
643131370
643297580
643463790
643629999
643796209
643962418
644128628
644294838
644461047
644638337
644804547
644970757
645136966
645303176
645469385
645635595
645801804
645968015
646134224
646300433
646466643
646632853
646799062
646965272
647131481
647297692
647463901
647630110
647796319
647962529
648128739
648294948
648461158
648638448
648804658
648970867
649137077
649303286
649469496
649635705
649801915
649968125
650134334
650300544
650466754
650632963
650799173
650965382
651131592
651297802
651464011
651630221
651796430
651962640
652128849
652295059
652461269
652627478
652804769
652970978
653137188
653303397
653469607
653635816
653802026
653968235
654134445
654300655
654466864
654633074
654799284
654965493
655131703
655297912
655464122
655630331
655796541
655962751
656128960
656295170
656461379
656627589
656804879
656971089
657137298
657303508
657469718
657635927
657802137
657968346
658134556
658300766
658466975
658633185
658799394
658965604
659131813
659298024
659464233
659630442
659796652
659962861
660129071
660295281
660461490
660627700
660804990
660971199
661137409
661303619
661469828
661636038
661802247
661968457
662134666
662300876
662467086
662633295
662799505
662965714
663131924
663298134
663464343
663630553
663796762
663962972
664129182
664295391
664461601
664627811
664805101
664971310
665137520
665303730
665469939
665636149
665802358
665968568
666134777
666300987
666467196
666633406
666799616
666965825
667132035
667298245
667464454
667630663
667796873
667963083
668129292
668295502
668461711
668627921
668805211
668971421
669137631
669303840
669470050
669636259
669802469
669968679
670134888
670301098
670467307
670633517
670799727
670965936
671132146
671298355
671464565
671630775
671796984
671963194
672129403
672295613
672461822
672628032
672805322
672971532
673137741
673303951
673470160
673636370
673802580
673968789
674134999
674301208
674467418
674633628
674799837
674966047
675132256
675298466
675464676
675630885
675797095
675963304
676129514
676295723
676461933
676628143
676805433
676971642
677137852
677304062
677470271
677636481
677802690
677968900
678135109
678301319
678467529
678633739
678799948
678966157
679132367
679298577
679464787
679630996
679797205
679963415
680129625
680295834
680462044
680628253
680794463
680971753
681137963
681304173
681470382
681636592
681802801
681969011
682135220
682301430
682467639
682633849
682800059
682966268
683132478
683298687
683464897
683631106
683797316
683963526
684129736
684295945
684462154
684628364
684794574
684971864
685138073
685304283
685470492
685636702
685802912
685969122
686135331
686301541
686467750
686633960
686800169
686966379
687132589
687298798
687465008
687631217
687797427
687963637
688129846
688296055
688462265
688628475
688794684
688971975
689138184
689304394
689470603
689636813
689803023
689969232
690135442
690301651
690467861
690634071
690800280
690966490
691132699
691298909
691465119
691631328
691797538
691963747
692129957
692296167
692462376
692628586
692794795
692972086
693138297
693304505
693470714
693636924
693803134
693969344
694135554
694301763
694467972
694634181
694800391
694966601
695132812
695299021
695465229
695631439
695797649
695963859
696130070
696296277
696462487
696628698
696794906
696972196
697138406
697304615
697470825
697637034
697803244
697969453
698135664
698301873
698468082
698634292
698800501
698966711
699132921
699299131
699465340
699631549
699797759
699963970
700130179
700296388
700462597
700628807
700795016
700972307
701138517
701304726
701470936
701637145
701803355
701969565
702135774
702301984
702468193
702634403
702800613
702966822
703133032
703299241
703465451
703631661
703797870
703964080
704130289
704296499
704462709
704628918
704795128
704961337
705138627
705304837
705471047
705637256
705803466
705969675
706135885
706302094
706468304
706634514
706800723
706966933
707133142
707299352
707465562
707631772
707797981
707964190
708130400
708296610
708462819
708629029
708795238
708961448
709138738
709304948
709471157
709637367
709803576
709969786
710135995
710302205
710468415
710634624
710800834
710967043
711133253
711299463
711465672
711631882
711798091
711964301
712130510
712296720
712462930
712629139
712795349
712961558
713138849
713305059
713471268
713637478
713803687
713969897
714136106
714302316
714468525
714634735
714800945
714967154
715133364
715299573
715465783
715631993
715798202
715964412
716130622
716296831
716463041
716629250
716795460
716961669
717138960
717305169
717471380
717637588
717803798
717970007
718136218
718302427
718468636
718634846
718801056
718967265
719133475
719299684
719465894
719632104
719798313
719964523
720130732
720296942
720463152
720629361
720795571
720961780
721139070
721305280
721471490
721637699
721803909
721970118
722136328
722302537
722468747
722634957
722801166
722967376
723133585
723299795
723466005
723632214
723798424
723964633
724130843
724297053
724463262
724629472
724795681
724961891
725139181
725305391
725471600
725637810
725804019
725970229
726136438
726302648
726468858
726635067
726801277
726967487
727133696
727299906
727466115
727632325
727798535
727964744
728130954
728297163
728463373
728629583
728795792
728962002
729139292
729305502
729471711
729637921
729804130
729970341
730136549
730302759
730468969
730635178
730801388
730967597
731133807
731300016
731466226
731632436
731798645
731964855
732131065
732297274
732463484
732629693
732795903
732962113
733128322
733305612
733471822
733638032
733804241
733970450
734136660
734302870
734469079
734635289
734801498
734967708
735133918
735300127
735466337
735632547
735798756
735964965
736131175
736297385
736463595
736629804
736796013
736962223
737128433
737305723
737471933
737638142
737804352
737970561
738136771
738302981
738469190
738635400
738801609
738967819
739134028
739300238
739466448
739632657
739798867
739965077
740131286
740297496
740463705
740629915
740796124
740962334
741128543
741305834
741472043
741638253
741804463
741970672
742136882
742303091
742469301
742635510
742801720
742967930
743134139
743300349
743466558
743632768
743798978
743965187
744131397
744297606
744463816
744630025
744796235
744962445
745128655
745305944
745472154
745638363
745804573
745970783
746136992
746303202
746469411
746635621
746801831
746968040
747134250
747300459
747466669
747632879
747799088
747965298
748131507
748297717
748463927
748630136
748796346
748962555
749128765
749306055
749472265
749638474
749804684
749970894
750137103
750303313
750469522
750635732
750801942
750968151
751134361
751300571
751466780
751632990
751799199
751965409
752131618
752297828
752464038
752630247
752796457
752962666
753128876
753306166
753472376
753638585
753804795
753971006
754137214
754303424
754469633
754635844
754802053
754968264
755134472
755300682
755466891
755633100
755799310
755965521
756131729
756297939
756464148
756630358
756796568
756962777
757128987
757306277
757472486
757638696
757804905
757971116
758137325
758303534
758469744
758635953
758802163
758968373
759134582
759300792
759467001
759633211
759799421
759965631
760131840
760298049
760464259
760630468
760796678
760962888
761129097
761295307
761472597
761638807
761805017
761971226
762137436
762303645
762469855
762636064
762802274
762968484
763134693
763300903
763467112
763633322
763799531
763965741
764131951
764298160
764464370
764630580
764796789
764962998
765129208
765295418
765472708
765638918
765805127
765971337
766137547
766303756
766469966
766636175
766802385
766968594
767134804
767301014
767467223
767633433
767799642
767965852
768132062
768298271
768464481
768630690
768796900
768963109
769129319
769295529
769472819
769639028
769805238
769971447
770137657
770303867
770470076
770636286
770802495
770968705
771134915
771301124
771467334
771633543
771799753
771965963
772132172
772298382
772464591
772630801
772797011
772963220
773129430
773295639
773472930
773639139
773805349
773971558
774137768
774303977
774470187
774636397
774802606
774968816
775135026
775301235
775467445
775633655
775799864
775966073
776132283
776298493
776464702
776630912
776797121
776963331
777129540
777295750
777473041
777639250
777805460
777971669
778137879
778304090
778470298
778636507
778802717
778968927
779135136
779301346
779467555
779633766
779799975
779966184
780132394
780298604
780464813
780631023
780797232
780963442
781129651
781295861
781473151
781639361
781805570
781971780
782137989
782304199
782470409
782636618
782802828
782969037
783135247
783301457
783467666
783633876
783800085
783966295
784132504
784298714
784464924
784631133
784797343
784963552
785129762
785295972
785473262
785639471
785805681
785971891
786138100
786304310
786470519
786636729
786802939
786969149
787135358
787301567
787467777
787633987
787800196
787966406
788132615
788298825
788465034
788631244
788797454
788963663
789129873
789296082
789462292
789639582
789805792
789972002
790138211
790304421
790470630
790636840
790803050
790969259
791135469
791301678
791467888
791634098
791800307
791966517
792132726
792298936
792465145
792631355
792797565
792963774
793129984
793296193
793462403
793639693
793805903
793972112
794138322
794304532
794470741
794636951
794803160
794969370
795135579
795301789
795467998
795634208
795800418
795966627
796132837
796299046
796465256
796631465
796797675
796963885
797130095
797296304
797462514
797639804
797806013
797972223
798138433
798304642
798470852
798637061
798803271
798969481
799135690
799301900
799468109
799634319
799800529
799966738
800132948
800299157
800465367
800631577
800797786
800963996
801130205
801296415
801462624
801639915
801806125
801972334
802138543
802304753
802470963
802637172
802803382
802969591
803135801
803302010
803468220
803634430
803800639
803966849
804133058
804299268
804465478
804631687
804797897
804964107
805130316
805296526
805462735
805640026
805806235
805972444
806138654
806304864
806471073
806637283
806803492
806969702
807135912
807302121
807468331
807634540
807800750
807966960
808133169
808299379
808465588
808631798
808798007
808964217
809130427
809296636
809462846
809640136
809806346
809972555
810138765
810304975
810471184
810637394
810803603
810969813
811136023
811302232
811468442
811634651
811800861
811967070
812133280
812299490
812465699
812631909
812798118
812964328
813130538
813296747
813462957
813629166
813806458
813972667
814138876
814305085
814471295
814637505
814803716
814969924
815136133
815302343
815468552
815634762
815800973
815967181
816133391
816299601
816465810
816632020
816798229
816964439
817130649
817296858
817463068
817629277
817806568
817972777
818138986
818305196
818471405
818637615
818803825
818970034
819136244
819302453
819468663
819634873
819801083
819967292
820133501
820299711
820465920
820632130
820798340
820964549
821130759
821296968
821463178
821629388
821806678
821972888
822139097
822305307
822471516
822637726
822803936
822970145
823136355
823302564
823468774
823634984
823801193
823967403
824133612
824299822
824466032
824632241
824798451
824964660
825130870
825297079
825463289
825629498
825806789
825972998
826139208
826305418
826471627
826637837
826804046
826970256
827136466
827302675
827468885
827635094
827801304
827967513
828133723
828299933
828466142
828632352
828798561
828964771
829130981
829297190
829463400
829629609
829806899
829973109
830139319
830305528
830471738
830637947
830804157
830970367
831136576
831302786
831468995
831635205
831801414
831967625
832133834
832300043
832466253
832632462
832798672
832964882
833131091
833297301
833463511
833629720
833807010
833973221
834139429
834305639
834471849
834638058
834804268
834970477
835136687
835302896
835469106
835635316
835801525
835967735
836133944
836300154
836466364
836632573
836798783
836964992
837131202
837297412
837463621
837629831
837807121
837973331
838139540
838305750
838471959
838638169
838804379
838970588
839136798
839303007
839469217
839635426
839801636
839967846
840134055
840300265
840466474
840632684
840798893
840965103
841131313
841297522
841463732
841629941
841796151
841973441
842139651
842305860
842472070
842638279
842804489
842970699
843136908
843303118
843469327
843635537
843801747
843967956
844134166
844300375
844466585
844632795
844799004
844965214
845131424
845297633
845463842
845630052
845796262
845973552
846139762
846305971
846472181
846638390
846804600
846970809
847137019
847303229
847469438
847635648
847801857
847968067
848134277
848300486
848466696
848632905
848799115
848965325
849131534
849297744
849463953
849630163
849796373
849973663
850139872
850306082
850472292
850638501
850804711
850970920
851137130
851303339
851469549
851635759
851801968
851968178
852134388
852300597
852466807
852633016
852799226
852965435
853131645
853297855
853464064
853630274
853796483
853973773
854139983
854306193
854472402
854638612
854804821
854971031
855137240
855303450
855469660
855635869
855802079
855968288
856134498
856300708
856466917
856633127
856799336
856965546
857131755
857297965
857464175
857630384
857796594
857973884
858140094
858306303
858472513
858638723
858804932
858971142
859137351
859303561
859469770
859635980
859802190
859968399
860134609
860300818
860467028
860633238
860799447
860965657
861131866
861298076
861464286
861630495
861796704
861973995
862140205
862306414
862472624
862638833
862805043
862971252
863137462
863303672
863469881
863636091
863802300
863968510
864134720
864300929
864467139
864633348
864799558
864965768
865131977
865298187
865464396
865630606
865796815
865974105
866140315
866306525
866472734
866638944
866805153
866971363
867137573
867303782
867469992
867636202
867802411
867968621
868134830
868301040
868467249
868633459
868799668
868965878
869132088
869298297
869464507
869630716
869796926
869963136
870140426
870306635
870472845
870639055
870805264
870971474
871137683
871303893
871470103
871636312
871802522
871968732
872134941
872301151
872467360
872633570
872799779
872965989
873132198
873298408
873464618
873630827
873797037
873963246
874140537
874306746
874472956
874639167
874805375
874971585
875137794
875304004
875470214
875636425
875802633
875968843
876135052
876301262
876467471
876633681
876799890
876966100
877132309
877298519
877464729
877630940
877797148
877963357
878140647
878306857
878473066
878639276
878805486
878971695
879137905
879304114
879470324
879636534
879802743
879968953
880135162
880301372
880467581
880633791
880800001
880966210
881132420
881298629
881464839
881631049
881797258
881963468
882140758
882306968
882473177
882639387
882805597
882971806
883138016
883304225
883470435
883636645
883802854
883969064
884135273
884301483
884467692
884633902
884800112
884966321
885132531
885298741
885464950
885631160
885797369
885963579
886140869
886307078
886473288
886639498
886805707
886971917
887138127
887304336
887470545
887636755
887802965
887969175
888135384
888301594
888467803
888634013
888800222
888966432
889132642
889298851
889465061
889631270
889797480
889963689
890140979
890307189
890473399
890639609
890805818
890972027
891138237
891304447
891470656
891636866
891803075
891969285
892135495
892301704
892467914
892634123
892800333
892966543
893132752
893298962
893465171
893631381
893797591
893963800
894141090
894307300
894473510
894639719
894805929
894972138
895138348
895304558
895470767
895636977
895803186
895969396
896135606
896301815
896468025
896634234
896800444
896966653
897132863
897299072
897465282
897631492
897797701
897963911
898130121
898307411
898473620
898639830
898806039
898972249
899138459
899304669
899470878
899637088
899803297
899969507
900135716
900301926
900468135
900634345
900800554
900966764
901132974
901299183
901465393
901631602
901797812
901964022
902130231
902307521
902473731
902639940
902806150
902972360
903138569
903304779
903470988
903637198
903803408
903969617
904135827
904302036
904468246
904634456
904800665
904966875
905133084
905299294
905465504
905631713
905797923
905964132
906130342
906307632
906473842
906640051
906806261
906972470
907138680
907304890
907471099
907637309
907803518
907969728
908135938
908302147
908468357
908634567
908800776
908966985
909133195
909299405
909465614
909631824
909798033
909964243
910130453
910307743
910473953
910640163
910806372
910972581
911138791
911305001
911471210
911637420
911803629
911969839
912136048
912302258
912468468
912634677
912800887
912967096
913133306
913299515
913465725
913631935
913798144
913964354
914130564
914307854
914474063
914640273
914806482
914972692
915138902
915305111
915471321
915637530
915803740
915969950
916136160
916302368
916468578
916634788
916800997
916967207
917133417
917299626
917465836
917632045
917798255
917964465
918130674
918307964
918474174
918640384
918806593
918972803
919139012
919305222
919471432
919637641
919803851
919970060
920136270
920302480
920468689
920634899
920801108
920967318
921133527
921299737
921465947
921632156
921798366
921964575
922130785
922296994
922474285
922640495
922806704
922972913
923139123
923305333
923471542
923637752
923803962
923970171
924136381
924302590
924468800
924635010
924801219
924967429
925133638
925299848
925466057
925632267
925798476
925964686
926130896
926297105
926474395
926640605
926806815
926973024
927139234
927305444
927471653
927637863
927804072
927970282
928136491
928302701
928468910
928635120
928801330
928967539
929133749
929299959
929466168
929632378
929798587
929964797
930131006
930297216
930474506
930640716
930806925
930973135
931139345
931305554
931471764
931637973
931804183
931970393
932136602
932302812
932469021
932635231
932801440
932967650
933133860
933300069
933466279
933632488
933798698
933964908
934131117
934297327
934474619
934640829
934807036
934973246
935139456
935305666
935471876
935638084
935804294
935970505
936136713
936302923
936469133
936635342
936801551
936967761
937133971
937300181
937466391
937632599
937798809
937965019
938131228
938297438
938474728
938640937
938807147
938973356
939139566
939305775
939471986
939638195
939804404
939970614
940136823
940303033
940469243
940635452
940801662
940967871
941134081
941300291
941466501
941632710
941798919
941965129
942131339
942297548
942474839
942641048
942807258
942973467
943139677
943305886
943472096
943638305
943804515
943970725
944136935
944303144
944469353
944635564
944801773
944967982
945134192
945300402
945466611
945632821
945799030
945965240
946131449
946297659
946474949
946641160
946807368
946973578
947139788
947305997
947472207
947638416
947804626
947970836
948137045
948303255
948469464
948635675
948801884
948968093
949134303
949300513
949466722
949632931
949799141
949965351
950131560
950297770
950463979
950641270
950807479
950973689
951139898
951306108
951472317
951638527
951804737
951970946
952137156
952303365
952469575
952635785
952801994
952968204
953134413
953300623
953466832
953633042
953799252
953965461
954131671
954297880
954464090
954641380
954807590
954973799
955140009
955306219
955472428
955638638
955804848
955971057
956137267
956303476
956469686
956635895
956802105
956968314
957134524
957300734
957466943
957633153
957799362
957965572
958131782
958297991
958464201
958641491
958807701
958973910
959140120
959306329
959472539
959638748
959804958
959971168
960137377
960303587
960469796
960636006
960802216
960968425
961134635
961300844
961467054
961633263
961799473
961965683
962131892
962298102
962464312
962641601
962807811
962974021
963140230
963306440
963472650
963638859
963805069
963971278
964137488
964303697
964469907
964636117
964802327
964968536
965134745
965300955
965467165
965633374
965799584
965965793
966132003
966298212
966464422
966641712
966807922
966974132
967140341
967306551
967472760
967638970
967805180
967971389
968137599
968303808
968470018
968636228
968802437
968968647
969134856
969301066
969467275
969633485
969799694
969965904
970132114
970298323
970464533
970641823
970808033
970974242
971140452
971306662
971472871
971639081
971805290
971971500
972137710
972303919
972470129
972636338
972802548
972968757
973134967
973301176
973467386
973633596
973799805
973966016
974132225
974298434
974464644
974641934
974808143
974974353
975140563
975306772
975472982
975639191
975805401
975971611
976137820
976304030
976470239
976636449
976802658
976968868
977135078
977301287
977467497
977633706
977799916
977966126
978132335
978298545
978464754
978630964
978808254
978974464
979140674
979306883
979473093
979639302
979805512
979971721
980137931
980304140
980470350
980636559
980802769
980968979
981135188
981301398
981467607
981633817
981800027
981966236
982132446
982298656
982464865
982631075
982808365
982974575
983140785
983306994
983473203
983639413
983805623
983971832
984138042
984304251
984470461
984636670
984802880
984969089
985135299
985301509
985467718
985633928
985800138
985966347
986132557
986298766
986464976
986631185
986808476
986974685
987140895
987307104
987473314
987639523
987805733
987971942
988138152
988304362
988470572
988636781
988802990
988969200
989135410
989301619
989467829
989634039
989800248
989966458
990132667
990298877
990465086
990631296
990808586
990974796
991141006
991307215
991473425
991639634
991805844
991972053
992138263
992304473
992470682
992636892
992803101
992969311
993135521
993301730
993467940
993634149
993800359
993966569
994132778
994298988
994465197
994631407
994808697
994974907
995141117
995307328
995473536
995639745
995805955
995972164
996138374
996304584
996470794
996637003
996803212
996969422
997135631
997301843
997468051
997634260
997800471
997966679
998132889
998299099
998465308
998631518
998808808
998975017
999141227
999307437
999473646
999639855
999806065
999972275
1000138484
1000304694
1000470904
1000637113
1000803323
1000969532
1001135742
1001301952
1001468161
1001634371
1001800581
1001966790
1002132999
1002299209
1002465419
1002631628
1002808919
1002975128
1003141338
1003307547
1003473757
1003639966
1003806176
1003972386
1004138595
1004304805
1004471015
1004637224
1004803434
1004969643
1005135853
1005302063
1005468272
1005634482
1005800691
1005966901
1006133110
1006299320
1006465530
1006631739
1006797949
1006975239
1007141448
1007307658
1007473868
1007640077
1007806287
1007972497
1008138706
1008304916
1008471125
1008637335
1008803544
1008969754
1009135964
1009302173
1009468383
1009634592
1009800802
1009967012
1010133221
1010299431
1010465641
1010631850
1010798060
1010975350
1011141559
1011307769
1011473978
1011640188
1011806397
1011972607
1012138817
1012305026
1012471237
1012637445
1012803655
1012969865
1013136074
1013302284
1013468493
1013634703
1013800913
1013967122
1014133332
1014299541
1014465751
1014631961
1014798170
1014975461
1015141670
1015307880
1015474089
1015640299
1015806508
1015972718
1016138928
1016305137
1016471347
1016637556
1016803766
1016969975
1017136185
1017302395
1017468604
1017634814
1017801024
1017967233
1018133443
1018299652
1018465862
1018632071
1018798281
1018975571
1019141781
1019307991
1019474200
1019640410
1019806619
1019972829
1020139038
1020305248
1020471458
1020637667
1020803877
1020970086
1021136297
1021302506
1021468715
1021634925
1021801135
1021967344
1022133554
1022299763
1022465973
1022632182
1022798392
1022975682
1023141891
1023308101
1023474310
1023640520
1023806730
1023972939
1024139149
1024305359
1024471568
1024637778
1024803987
1024970197
1025136407
1025302616
1025468826
1025635036
1025801245
1025967454
1026133664
1026299874
1026466083
1026632293
1026798502
1026975793
1027142002
1027308212
1027474422
1027640631
1027806841
1027973050
1028139260
1028305469
1028471679
1028637888
1028804098
1028970308
1029136517
1029302727
1029468936
1029635146
1029801356
1029967565
1030133775
1030299985
1030466194
1030632404
1030798613
1030975904
1031142113
1031308323
1031474532
1031640742
1031806952
1031973161
1032139371
1032305580
1032471790
1032637999
1032804209
1032970418
1033136628
1033302838
1033469047
1033635257
1033801467
1033967676
1034133886
1034300095
1034466305
1034632515
1034798724
1034964934
1035142223
1035308433
1035474643
1035640853
1035807062
1035973271
1036139481
1036305691
1036471900
1036638110
1036804320
1036970529
1037136739
1037302948
1037469158
1037635368
1037801578
1037967787
1038133996
1038300206
1038466415
1038632625
1038798835
1038965044
1039142335
1039308544
1039474754
1039640964
1039807173
1039973383
1040139592
1040305802
1040472011
1040638221
1040804430
1040970640
1041136850
1041303059
1041469269
1041635478
1041801688
1041967897
1042134107
1042300317
1042466527
1042632736
1042798946
1042965155
1043142445
1043308655
1043474864
1043641074
1043807284
1043973493
1044139703
1044305912
1044472122
1044638331
1044804541
1044970751
1045136960
1045303170
1045469379
1045635589
1045801799
1045968008
1046134218
1046300428
1046466637
1046632847
1046799056
1046965266
1047142556
1047308765
1047474975
1047641185
1047807394
1047973604
1048139813
1048306023
1048472233
1048638442
1048804652
1048970861
1049137071
1049303281
1049469490
1049635700
1049801909
1049968119
1050134328
1050300538
1050466748
1050632957
1050799167
1050965376
1051142667
1051308876
1051475086
1051641296
1051807505
1051973715
1052139924
1052306134
1052472343
1052638553
1052804763
1052970972
1053137182
1053303392
1053469601
1053635811
1053802020
1053968230
1054134439
1054300649
1054466859
1054633068
1054799278
1054965488
1055142779
1055308987
1055475197
1055641407
1055807617
1055973826
1056140036
1056306245
1056472455
1056638664
1056804874
1056971083
1057137294
1057303503
1057469712
1057635922
1057802131
1057968342
1058134552
1058300760
1058466970
1058633179
1058799389
1058965599
1059131810
1059309098
1059475307
1059641517
1059807727
1059973937
1060140146
1060306355
1060472565
1060638775
1060804984
1060971194
1061137404
1061303613
1061469822
1061636032
1061802242
1061968451
1062134661
1062300870
1062467080
1062633290
1062799499
1062965709
1063131919
1063309209
1063475418
1063641628
1063807838
1063974047
1064140257
1064306466
1064472676
1064638886
1064805095
1064971305
1065137514
1065303724
1065469933
1065636143
1065802353
1065968562
1066134772
1066300981
1066467191
1066633401
1066799610
1066965820
1067132029
1067309320
1067475529
1067641739
1067807948
1067974158
1068140368
1068306577
1068472787
1068638996
1068805206
1068971415
1069137625
1069303835
1069470044
1069636254
1069802463
1069968673
1070134883
1070301092
1070467302
1070633511
1070799721
1070965931
1071132140
1071309430
1071475640
1071641849
1071808059
1071974268
1072140478
1072306688
1072472897
1072639107
1072805316
1072971526
1073137736
1073303945
1073470155
1073636365
1073802574
1073968784
1074134993
1074301203
1074467413
1074633622
1074799831
1074966041
1075132251
1075309541
1075475750
1075641960
1075808170
1075974379
1076140589
1076306798
1076473008
1076639218
1076805427
1076971637
1077137846
1077304056
1077470266
1077636475
1077802685
1077968895
1078135104
1078301314
1078467523
1078633733
1078799943
1078966152
1079132362
1079309652
1079475862
1079642071
1079808281
1079974490
1080140700
1080306909
1080473119
1080639329
1080805538
1080971748
1081137957
1081304167
1081470377
1081636586
1081802796
1081969005
1082135215
1082301424
1082467634
1082633844
1082800053
1082966263
1083132472
1083309763
1083475972
1083642182
1083808391
1083974601
1084140810
1084307020
1084473230
1084639439
1084805649
1084971858
1085138068
1085304277
1085470487
1085636697
1085802906
1085969116
1086135325
1086301535
1086467745
1086633954
1086800164
1086966373
1087132583
1087298793
1087476083
1087642293
1087808502
1087974712
1088140921
1088307131
1088473340
1088639550
1088805760
1088971969
1089138179
1089304388
1089470598
1089636808
1089803017
1089969227
1090135437
1090301646
1090467855
1090634065
1090800275
1090966484
1091132694
1091298904
1091476194
1091642403
1091808613
1091974823
1092141032
1092307242
1092473451
1092639661
1092805870
1092972080
1093138290
1093304499
1093470709
1093636918
1093803128
1093969337
1094135547
1094301757
1094467966
1094634176
1094800386
1094966595
1095132805
1095299014
1095476305
1095642514
1095808724
1095974933
1096141143
1096307352
1096473562
1096639772
1096805981
1096972191
1097138400
1097304610
1097470819
1097637029
1097803239
1097969448
1098135658
1098301867
1098468077
1098634287
1098800496
1098966706
1099132915
1099299125
1099476415
1099642625
1099808834
1099975044
1100141254
1100307463
1100473673
1100639883
1100806092
1100972301
1101138511
1101304721
1101470930
1101637140
1101803349
1101969559
1102135769
1102301978
1102468188
1102634397
1102800607
1102966817
1103133026
1103299236
1103476526
1103642736
1103808945
1103975155
1104141364
1104307574
1104473784
1104639994
1104806203
1104972412
1105138622
1105304831
1105471041
1105637251
1105803460
1105969670
1106135880
1106302089
1106468299
1106634508
1106800719
1106966928
1107133137
1107299347
1107476637
1107642846
1107809056
1107975265
1108141475
1108307685
1108473894
1108640104
1108806314
1108972523
1109138732
1109304942
1109471152
1109637361
1109803571
1109969781
1110135990
1110302200
1110468409
1110634619
1110800829
1110967038
1111133248
1111299457
1111476748
1111642957
1111809167
1111975377
1112141586
1112307795
1112474005
1112640215
1112806424
1112972634
1113138843
1113305053
1113471263
1113637472
1113803682
1113969892
1114136101
1114302311
1114468520
1114634730
1114800940
1114967149
1115133358
1115299568
1115465778
1115643068
1115809278
1115975488
1116141697
1116307907
1116474116
1116640327
1116806535
1116972747
1117138955
1117305165
1117471374
1117637583
1117803793
1117970003
1118136212
1118302422
1118468631
1118634841
1118801050
1118967261
1119133470
1119299679
1119465889
1119643179
1119809388
1119975598
1120141807
1120308017
1120474227
1120640436
1120806646
1120972856
1121139065
1121305275
1121471484
1121637694
1121803903
1121970114
1122136323
1122302532
1122468742
1122634951
1122801161
1122967371
1123133580
1123299790
1123465999
1123643290
1123809499
1123975709
1124141919
1124308128
1124474338
1124640547
1124806757
1124972966
1125139176
1125305386
1125471595
1125637805
1125804014
1125970224
1126136434
1126302643
1126468853
1126635062
1126801272
1126967482
1127133691
1127299901
1127466110
1127643401
1127809610
1127975820
1128142029
1128308239
1128474448
1128640658
1128806868
1128973077
1129139287
1129305497
1129471706
1129637916
1129804125
1129970335
1130136544
1130302754
1130468963
1130635173
1130801383
1130967592
1131133802
1131300011
1131466221
1131643511
1131809721
1131975930
1132142141
1132308350
1132474559
1132640769
1132806978
1132973188
1133139398
1133305607
1133471817
1133638026
1133804236
1133970445
1134136655
1134302865
1134469074
1134635284
1134801493
1134967703
1135133913
1135300122
1135466332
1135643622
1135809832
1135976041
1136142251
1136308461
1136474670
1136640880
1136807089
1136973299
1137139508
1137305718
1137471928
1137638137
1137804347
1137970556
1138136766
1138302976
1138469186
1138635395
1138801604
1138967814
1139134024
1139300233
1139466443
1139643733
1139809943
1139976152
1140142362
1140308571
1140474781
1140640991
1140807200
1140973410
1141139619
1141305829
1141472039
1141638248
1141804458
1141970667
1142136877
1142303086
1142469296
1142635506
1142801715
1142967925
1143134134
1143300345
1143466554
1143632763
1143810053
1143976263
1144142472
1144308682
1144474892
1144641101
1144807311
1144973520
1145139730
1145305940
1145472149
1145638359
1145804568
1145970778
1146136988
1146303197
1146469407
1146635616
1146801826
1146968036
1147134245
1147300455
1147466664
1147632874
1147810164
1147976374
1148142583
1148308793
1148475002
1148641212
1148807422
1148973631
1149139841
1149306051
1149472260
1149638470
1149804679
1149970889
1150137099
1150303308
1150469517
1150635728
1150801937
1150968146
1151134356
1151300565
1151466775
1151632985
1151810275
1151976484
1152142694
1152308904
1152475113
1152641323
1152807533
1152973742
1153139952
1153306162
1153472371
1153638581
1153804790
1153971000
1154137209
1154303419
1154469629
1154635838
1154802047
1154968257
1155134467
1155300676
1155466886
1155633095
1155810386
1155976595
1156142805
1156309014
1156475224
1156641434
1156807643
1156973853
1157140062
1157306272
1157472482
1157638691
1157804901
1157971110
1158137320
1158303529
1158469739
1158635949
1158802158
1158968368
1159134577
1159300787
1159466997
1159633206
1159810496
1159976706
1160142916
1160309125
1160475335
1160641545
1160807754
1160973964
1161140173
1161306383
1161472592
1161638802
1161805012
1161971221
1162137431
1162303640
1162469850
1162636060
1162802269
1162968479
1163134688
1163300898
1163467107
1163633317
1163810607
1163976817
1164143027
1164309236
1164475446
1164641655
1164807865
1164974075
1165140284
1165306494
1165472703
1165638913
1165805123
1165971332
1166137542
1166303751
1166469961
1166636171
1166802380
1166968590
1167134799
1167301009
1167467218
1167633428
1167799638
1167976928
1168143137
1168309347
1168475556
1168641766
1168807976
1168974185
1169140395
1169306604
1169472814
1169639024
1169805233
1169971443
1170137652
1170303862
1170470071
1170636281
1170802491
1170968701
1171134910
1171301119
1171467329
1171633539
1171799748
1171977038
1172143248
1172309458
1172475667
1172641877
1172808087
1172974296
1173140506
1173306715
1173472925
1173639134
1173805344
1173971554
1174137763
1174303973
1174470183
1174636392
1174802602
1174968811
1175135021
1175301230
1175467440
1175633649
1175799859
1175977150
1176143359
1176309569
1176475778
1176641988
1176808199
1176974407
1177140617
1177306827
1177473036
1177639246
1177805457
1177971665
1178137874
1178304084
1178470293
1178636504
1178802714
1178968922
1179135132
1179301342
1179467551
1179633761
1179799972
1179977260
1180143470
1180309679
1180475889
1180642098
1180808308
1180974518
1181140727
1181306937
1181473146
1181639356
1181805566
1181971776
1182137985
1182304194
1182470404
1182636614
1182802824
1182969033
1183135242
1183301452
1183467661
1183633871
1183800082
1183977371
1184143581
1184309790
1184476000
1184642209
1184808419
1184974628
1185140838
1185307048
1185473257
1185639467
1185805676
1185971886
1186138096
1186304305
1186470515
1186636725
1186802934
1186969144
1187135353
1187301563
1187467772
1187633982
1187800192
1187977483
1188143692
1188309901
1188476111
1188642320
1188808530
1188974740
1189140949
1189307159
1189473368
1189639578
1189805787
1189971997
1190138207
1190304416
1190470626
1190636836
1190803045
1190969255
1191135464
1191301673
1191467883
1191634093
1191800302
1191977593
1192143802
1192310012
1192476221
1192642431
1192808641
1192974850
1193141060
1193307269
1193473479
1193639688
1193805898
1193972108
1194138317
1194304527
1194470737
1194636946
1194803156
1194969365
1195135575
1195301784
1195467994
1195634203
1195800413
1195966623
1196143913
1196310123
1196476332
1196642542
1196808751
1196974961
1197141171
1197307380
1197473590
1197639799
1197806009
1197972219
1198138428
1198304638
1198470847
1198637057
1198803266
1198969476
1199135686
1199301895
1199468105
1199634315
1199800524
1199966734
1200144024
1200310234
1200476443
1200642653
1200808862
1200975072
1201141281
1201307491
1201473701
1201639910
1201806120
1201972329
1202138539
1202304748
1202470958
1202637168
1202803377
1202969587
1203135797
1203302006
1203468216
1203634425
1203800635
1203966845
1204144135
1204310344
1204476554
1204642764
1204808973
1204975182
1205141392
1205307602
1205473811
1205640021
1205806230
1205972440
1206138650
1206304859
1206471069
1206637278
1206803488
1206969698
1207135907
1207302117
1207468326
1207634536
1207800745
1207966955
1208144245
1208310455
1208476665
1208642874
1208809084
1208975293
1209141503
1209307713
1209473922
1209640132
1209806341
1209972551
1210138760
1210304970
1210471180
1210637389
1210803599
1210969809
1211136018
1211302228
1211468437
1211634647
1211800856
1211967066
1212144356
1212310566
1212476776
1212642985
1212809195
1212975404
1213141614
1213307823
1213474033
1213640243
1213806452
1213972662
1214138871
1214305081
1214471291
1214637500
1214803710
1214969919
1215136129
1215302338
1215468549
1215634758
1215800967
1215967177
1216144467
1216310677
1216476886
1216643096
1216809305
1216975515
1217141724
1217307934
1217474144
1217640353
1217806563
1217972772
1218138982
1218305192
1218471401
1218637611
1218803820
1218970030
1219136239
1219302449
1219468659
1219634868
1219801078
1219967287
1220144578
1220310787
1220476997
1220643207
1220809416
1220975626
1221141835
1221308045
1221474255
1221640464
1221806674
1221972883
1222139093
1222305302
1222471512
1222637722
1222803932
1222970141
1223136350
1223302560
1223468770
1223634979
1223801189
1223967398
1224133608
1224310898
1224477108
1224643317
1224809527
1224975737
1225141946
1225308156
1225474365
1225640575
1225806785
1225972994
1226139204
1226305413
1226471623
1226637832
1226804042
1226970252
1227136461
1227302671
1227468880
1227635090
1227801299
1227967509
1228133719
1228311009
1228477218
1228643428
1228809637
1228975847
1229142057
1229308266
1229474476
1229640685
1229806895
1229973105
1230139314
1230305524
1230471734
1230637943
1230804153
1230970362
1231136572
1231302781
1231468991
1231635201
1231801410
1231967620
1232133829
1232311120
1232477329
1232643539
1232809748
1232975958
1233142168
1233308377
1233474587
1233640796
1233807006
1233973215
1234139425
1234305635
1234471844
1234638054
1234804263
1234970473
1235136682
1235302892
1235469102
1235635312
1235801521
1235967730
1236133940
1236311231
1236477440
1236643651
1236809859
1236976069
1237142279
1237308488
1237474698
1237640908
1237807117
1237973327
1238139536
1238305746
1238471955
1238638166
1238804374
1238970584
1239136794
1239303003
1239469213
1239635424
1239801632
1239967842
1240134051
1240311341
1240477551
1240643760
1240809970
1240976179
1241142389
1241308598
1241474808
1241641018
1241807227
1241973437
1242139646
1242305856
1242472066
1242638276
1242804485
1242970695
1243136904
1243303114
1243469323
1243635533
1243801743
1243967952
1244134162
1244311452
1244477661
1244643871
1244810081
1244976290
1245142500
1245308710
1245474919
1245641129
1245807338
1245973548
1246139757
1246305967
1246472177
1246638386
1246804596
1246970806
1247137015
1247303224
1247469434
1247635644
1247801853
1247968063
1248134273
1248311563
1248477773
1248643982
1248810192
1248976401
1249142611
1249308820
1249475030
1249641239
1249807449
1249973659
1250139868
1250306078
1250472287
1250638497
1250804707
1250970917
1251137126
1251303335
1251469545
1251635755
1251801964
1251968174
1252134383
1252300593
1252477883
1252644093
1252810303
1252976512
1253142721
1253308931
1253475141
1253641350
1253807560
1253973769
1254139979
1254306189
1254472398
1254638608
1254804817
1254971027
1255137237
1255303446
1255469656
1255635865
1255802075
1255968284
1256134494
1256300704
1256477994
1256644204
1256810413
1256976623
1257142832
1257309042
1257475251
1257641461
1257807671
1257973880
1258140090
1258306300
1258472509
1258638719
1258804928
1258971138
1259137347
1259303557
1259469767
1259635977
1259802186
1259968395
1260134605
1260300815
1260478105
1260644314
1260810524
1260976734
1261142943
1261309153
1261475362
1261641572
1261807782
1261973991
1262140200
1262306410
1262472620
1262638829
1262805039
1262971249
1263137458
1263303668
1263469877
1263636087
1263802296
1263968506
1264134716
1264300926
1264478215
1264644425
1264810635
1264976844
1265143054
1265309263
1265475473
1265641683
1265807892
1265974102
1266140311
1266306521
1266472730
1266638940
1266805150
1266971359
1267137569
1267303778
1267469988
1267636198
1267802407
1267968617
1268134827
1268301036
1268478326
1268644536
1268810746
1268976955
1269143165
1269309374
1269475584
1269641794
1269808003
1269974213
1270140422
1270306632
1270472842
1270639051
1270805261
1270971470
1271137680
1271303889
1271470099
1271636309
1271802518
1271968728
1272134937
1272301147
1272478437
1272644647
1272810856
1272977066
1273143276
1273309485
1273475695
1273641905
1273808114
1273974324
1274140533
1274306743
1274472952
1274639162
1274805371
1274971581
1275137791
1275304000
1275470210
1275636419
1275802629
1275968839
1276135048
1276301258
1276467467
1276644757
1276810967
1276977177
1277143386
1277309596
1277475805
1277642015
1277808225
1277974434
1278140644
1278306854
1278473063
1278639272
1278805482
1278971692
1279137902
1279304111
1279470321
1279636530
1279802740
1279968949
1280135159
1280301369
1280467578
1280644868
1280811078
1280977288
1281143497
1281309707
1281475916
1281642126
1281808335
1281974545
1282140755
1282306964
1282473174
1282639383
1282805593
1282971803
1283138012
1283304222
1283470431
1283636641
1283802850
1283969060
1284135270
1284301480
1284467689
1284644979
1284811189
1284977398
1285143608
1285309818
1285476027
1285642237
1285808446
1285974656
1286140866
1286307075
1286473284
1286639494
1286805704
1286971913
1287138123
1287304333
1287470542
1287636752
1287802961
1287969171
1288135380
1288301590
1288467800
1288645090
1288811299
1288977509
1289143719
1289309928
1289476138
1289642347
1289808557
1289974766
1290140976
1290307186
1290473395
1290639605
1290805814
1290972024
1291138234
1291304443
1291470653
1291636862
1291803072
1291969282
1292135491
1292301701
1292467910
1292645201
1292811410
1292977620
1293143830
1293310039
1293476249
1293642458
1293808668
1293974877
1294141087
1294307297
1294473506
1294639716
1294805925
1294972135
1295138345
1295304554
1295470764
1295636973
1295803183
1295969393
1296135602
1296301812
1296468021
1296645312
1296811521
1296977732
1297143940
1297310150
1297476361
1297642570
1297808779
1297974988
1298141198
1298307409
1298473619
1298639827
1298806036
1298972247
1299138456
1299304665
1299470875
1299637084
1299803294
1299969503
1300135713
1300301923
1300468132
1300645422
1300811632
1300977841
1301144051
1301310261
1301476471
1301642680
1301808889
1301975099
1302141309
1302307518
1302473728
1302639937
1302806147
1302972356
1303138566
1303304776
1303470986
1303637195
1303803404
1303969614
1304135824
1304302033
1304468243
1304634452
1304811743
1304977952
1305144162
1305310372
1305476581
1305642791
1305809000
1305975210
1306141420
1306307629
1306473839
1306640048
1306806258
1306972468
1307138677
1307304887
1307471096
1307637306
1307803516
1307969725
1308135935
1308302144
1308468354
1308634563
1308811853
1308978063
1309144273
1309310482
1309476692
1309642902
1309809111
1309975321
1310141530
1310307740
1310473950
1310640159
1310806369
1310972578
1311138788
1311304998
1311471207
1311637417
1311803627
1311969836
1312136045
1312302255
1312468465
1312634675
1312811964
1312978174
1313144383
1313310593
1313476803
1313643013
1313809222
1313975431
1314141641
1314307851
1314474060
1314640270
1314806479
1314972689
1315138899
1315305108
1315471318
1315637528
1315803737
1315969947
1316136156
1316302366
1316468575
1316634786
1316812075
1316978285
1317144494
1317310704
1317476914
1317643124
1317809333
1317975543
1318141752
1318307962
1318474171
1318640381
1318806591
1318972800
1319139010
1319305219
1319471429
1319637638
1319803848
1319970057
1320136267
1320302477
1320468687
1320634896
1320812186
1320978396
1321144605
1321310815
1321477025
1321643235
1321809444
1321975653
1322141863
1322308073
1322474282
1322640492
1322806701
1322972911
1323139121
1323305330
1323471540
1323637749
1323803960
1323970169
1324136378
1324302588
1324468797
1324635007
1324812297
1324978506
1325144716
1325310926
1325477135
1325643345
1325809555
1325975764
1326141974
1326308183
1326474393
1326640602
1326806812
1326973022
1327139231
1327305441
1327471650
1327637860
1327804070
1327970279
1328136489
1328302698
1328468908
1328635117
1328812408
1328978618
1329144827
1329311037
1329477246
1329643456
1329809665
1329975875
1330142084
1330308294
1330474504
1330640713
1330806923
1330973133
1331139342
1331305552
1331471761
1331637971
1331804181
1331970390
1332136600
1332302809
1332469019
1332635228
1332801438
1332978728
1333144938
1333311148
1333477357
1333643567
1333809776
1333975986
1334142196
1334308405
1334474615
1334640824
1334807034
1334973245
1335139453
1335305663
1335471872
1335638083
1335804291
1335970501
1336136711
1336302920
1336469130
1336635339
1336801549
1336978840
1337145049
1337311258
1337477468
1337643677
1337809887
1337976097
1338142306
1338308516
1338474725
1338640935
1338807144
1338973355
1339139564
1339305773
1339471983
1339638193
1339804402
1339970612
1340136821
1340303031
1340469240
1340635450
1340801660
1340978950
1341145160
1341311369
1341477578
1341643788
1341809998
1341976207
1342142417
1342308627
1342474836
1342641046
1342807255
1342973465
1343139675
1343305884
1343472094
1343638304
1343804513
1343970723
1344136932
1344303142
1344469351
1344635561
1344801770
1344979061
1345145270
1345311480
1345477690
1345643899
1345810109
1345976318
1346142528
1346308737
1346474947
1346641157
1346807366
1346973576
1347139785
1347305995
1347472205
1347638414
1347804624
1347970833
1348137043
1348303253
1348469462
1348635672
1348801881
1348979171
1349145381
1349311590
1349477800
1349644010
1349810219
1349976429
1350142639
1350308848
1350475058
1350641267
1350807477
1350973686
1351139896
1351306106
1351472315
1351638525
1351804735
1351970944
1352137154
1352303363
1352469573
1352635782
1352801992
1352979282
1353145492
1353311701
1353477911
1353644121
1353810330
1353976540
1354142750
1354308959
1354475169
1354641378
1354807588
1354973797
1355140007
1355306217
1355472426
1355638636
1355804845
1355971055
1356137265
1356303474
1356469684
1356635893
1356802103
1356979393
1357145603
1357311814
1357478023
1357644232
1357810441
1357976651
1358142860
1358309071
1358475280
1358641489
1358807699
1358973908
1359140118
1359306329
1359472537
1359638747
1359804956
1359971166
1360137375
1360303585
1360469795
1360636004
1360802214
1360968424
1361145713
1361311923
1361478133
1361644342
1361810552
1361976761
1362142971
1362309181
1362475390
1362641600
1362807809
1362974019
1363140228
1363306439
1363472647
1363638857
1363805067
1363971276
1364137486
1364303696
1364469905
1364636115
1364802324
1364968534
1365145824
1365312034
1365478244
1365644453
1365810663
1365976872
1366143082
1366309291
1366475501
1366641710
1366807920
1366974130
1367140339
1367306549
1367472759
1367638968
1367805178
1367971387
1368137597
1368303807
1368470016
1368636226
1368802435
1368968645
1369145935
1369312145
1369478354
1369644564
1369810773
1369976983
1370143193
1370309402
1370475612
1370641821
1370808031
1370974240
1371140450
1371306660
1371472869
1371639079
1371805289
1371971498
1372137708
1372303917
1372470127
1372636336
1372802546
1372968756
1373146046
1373312255
1373478465
1373644675
1373810884
1373977094
1374143303
1374309513
1374475723
1374641932
1374808142
1374974351
1375140561
1375306770
1375472980
1375639190
1375805399
1375971609
1376137819
1376304028
1376470238
1376636447
1376802657
1376968866
1377146157
1377312366
1377478576
1377644785
1377810995
1377977205
1378143415
1378309624
1378475833
1378642043
1378808253
1378974462
1379140672
1379306881
1379473091
1379639300
1379805510
1379971720
1380137929
1380304139
1380470348
1380636558
1380802768
1380968977
1381146267
1381312477
1381478687
1381644896
1381811106
1381977315
1382143525
1382309735
1382475944
1382642154
1382808364
1382974573
1383140783
1383306992
1383473202
1383639411
1383805621
1383971830
1384138040
1384304249
1384470459
1384636669
1384802878
1384969088
1385146378
1385312588
1385478797
1385645007
1385811216
1385977426
1386143635
1386309845
1386476055
1386642264
1386808474
1386974683
1387140893
1387307103
1387473312
1387639522
1387805731
1387971941
1388138151
1388304360
1388470570
1388636779
1388802989
1388969199
1389135408
1389312698
1389478908
1389645118
1389811327
1389977537
1390143747
1390309956
1390476166
1390642375
1390808585
1390974794
1391141004
1391307214
1391473423
1391639633
1391805842
1391972052
1392138262
1392304471
1392470681
1392636890
1392803100
1392969310
1393135519
1393312809
1393479019
1393645229
1393811438
1393977648
1394143857
1394310067
1394476277
1394642486
1394808696
1394974905
1395141115
1395307325
1395473535
1395639744
1395805953
1395972163
1396138373
1396304582
1396470792
1396637001
1396803211
1396969420
1397135630
1397312920
1397479130
1397645339
1397811549
1397977758
1398143968
1398310178
1398476387
1398642597
1398808807
1398975016
1399141225
1399307435
1399473645
1399639854
1399806064
1399972273
1400138483
1400304693
1400470903
1400637112
1400803321
1400969531
1401135741
1401313031
1401479241
1401645450
1401811660
1401977869
1402144079
1402310288
1402476498
1402642708
1402808917
1402975127
1403141337
1403307546
1403473756
1403639965
1403806175
1403972384
1404138594
1404304804
1404471013
1404637223
1404803433
1404969642
1405135851
1405313142
1405479352
1405645561
1405811770
1405977980
1406144190
1406310399
1406476609
1406642819
1406809028
1406975238
1407141447
1407307657
1407473867
1407640076
1407806285
1407972495
1408138705
1408304914
1408471124
1408637334
1408803544
1408969753
1409135962
1409313253
1409479462
1409645672
1409811881
1409978091
1410144300
1410310510
1410476719
1410642929
1410809139
1410975349
1411141558
1411307767
1411473977
1411640187
1411806396
1411972606
1412138815
1412305025
1412471234
1412637444
1412803654
1412969863
1413136073
1413302283
1413479573
1413645782
1413811992
1413978202
1414144411
1414310621
1414476830
1414643040
1414809250
1414975459
1415141669
1415307878
1415474088
1415640298
1415806507
1415972717
1416138926
1416305136
1416471345
1416637555
1416803765
1416969974
1417136184
1417302393
1417479684
1417645893
1417812103
1417978313
1418144524
1418310732
1418476942
1418643151
1418809361
1418975570
1419141780
1419307989
1419474201
1419640409
1419806618
1419972828
1420139037
1420305247
1420471457
1420637666
1420803877
1420970085
1421136296
1421302505
1421479794
1421646004
1421812213
1421978423
1422144633
1422310842
1422477052
1422643261
1422809471
1422975681
1423141891
1423308100
1423474309
1423640519
1423806729
1423972938
1424139148
1424305357
1424471567
1424637776
1424803986
1424970196
1425136406
1425302615
1425479905
1425646115
1425812324
1425978534
1426144744
1426310953
1426477163
1426643373
1426809582
1426975791
1427142001
1427308211
1427474420
1427640630
1427806839
1427973049
1428139259
1428305468
1428471678
1428637888
1428804097
1428970307
1429136516
1429302726
1429480016
1429646226
1429812435
1429978645
1430144854
1430311064
1430477274
1430643483
1430809693
1430975903
1431142112
1431308322
1431474531
1431640741
1431806950
1431973160
1432139369
1432305579
1432471789
1432637998
1432804208
1432970418
1433136627
1433302837
1433480127
1433646336
1433812546
1433978756
1434144965
1434311175
1434477384
1434643594
1434809803
1434976013
1435142223
1435308432
1435474642
1435640851
1435807061
1435973271
1436139480
1436305690
1436471899
1436638109
1436804319
1436970528
1437136738
1437302948
1437480238
1437646447
1437812657
1437978866
1438145076
1438311286
1438477495
1438643705
1438809915
1438976124
1439142334
1439308543
1439474753
1439640962
1439807172
1439973382
1440139591
1440305801
1440472010
1440638220
1440804429
1440970639
1441136849
1441303058
1441469268
1441646558
1441812768
1441978977
1442145187
1442311396
1442477606
1442643816
1442810025
1442976235
1443142444
1443308654
1443474864
1443641073
1443807283
1443973493
1444139702
1444305912
1444472121
1444638331
1444804540
1444970750
1445136959
1445303169
1445469380
1445646669
1445812878
1445979088
1446145297
1446311507
1446477717
1446643926
1446810136
1446976345
1447142555
1447308765
1447474975
1447641184
1447807393
1447973603
1448139812
1448306022
1448472232
1448638441
1448804651
1448970861
1449137070
1449303280
1449469489
1449646779
1449812989
1449979199
1450145408
1450311618
1450477827
1450644037
1450810247
1450976456
1451142666
1451308875
1451475085
1451641294
1451807504
1451973714
1452139923
1452306133
1452472342
1452638552
1452804762
1452970971
1453137181
1453303391
1453469600
1453646890
1453813100
1453979310
1454145519
1454311729
1454477938
1454644148
1454810357
1454976567
1455142777
1455308986
1455475196
1455641405
1455807615
1455973825
1456140034
1456306244
1456472453
1456638663
1456804873
1456971082
1457137292
1457303501
1457469711
1457647001
1457813211
1457979420
1458145630
1458311839
1458478049
1458644259
1458810468
1458976678
1459142887
1459309097
1459475307
1459641517
1459807726
1459973935
1460140145
1460306354
1460472564
1460638774
1460804983
1460971193
1461137402
1461303612
1461469822
1461647112
1461813322
1461979531
1462145741
1462311951
1462478160
1462644369
1462810579
1462976789
1463142998
1463309208
1463475417
1463641627
1463807837
1463974046
1464140256
1464306465
1464472675
1464638885
1464805094
1464971304
1465137513
1465303723
1465469933
1465647223
1465813433
1465979642
1466145851
1466312061
1466478271
1466644480
1466810690
1466976899
1467143109
1467309319
1467475528
1467641738
1467807947
1467974157
1468140367
1468306576
1468472786
1468638995
1468805205
1468971414
1469137624
1469303834
1469470043
1469636253
1469813543
1469979752
1470145962
1470312172
1470478381
1470644591
1470810801
1470977010
1471143220
1471309429
1471475639
1471641849
1471808058
1471974267
1472140477
1472306687
1472472896
1472639106
1472805316
1472971525
1473137735
1473303944
1473470154
1473636363
1473813654
1473979863
1474146073
1474312283
1474478492
1474644702
1474810911
1474977121
1475143331
1475309540
1475475750
1475641959
1475808169
1475974378
1476140588
1476306798
1476473006
1476639216
1476805426
1476971635
1477137845
1477304054
1477470264
1477636473
1477813764
1477979974
1478146183
1478312393
1478478602
1478644812
1478811021
1478977232
1479143441
1479309650
1479475860
1479642071
1479808280
1479974490
1480140699
1480306909
1480473118
1480639328
1480805537
1480971747
1481137956
1481304166
1481470376
1481636586
1481813875
1481980086
1482146294
1482312504
1482478713
1482644923
1482811133
1482977342
1483143552
1483309761
1483475971
1483642180
1483808390
1483974600
1484140809
1484307019
1484473228
1484639438
1484805647
1484971858
1485138067
1485304276
1485470486
1485636696
1485813986
1485980195
1486146405
1486312614
1486478824
1486645034
1486811243
1486977453
1487143662
1487309872
1487476082
1487642291
1487808501
1487974710
1488140920
1488307130
1488473339
1488639549
1488805758
1488971968
1489138177
1489304387
1489470597
1489636806
1489814096
1489980306
1490146516
1490312725
1490478935
1490645144
1490811354
1490977563
1491143773
1491309983
1491476192
1491642402
1491808611
1491974821
1492141031
1492307240
1492473450
1492639659
1492805869
1492972079
1493138288
1493304498
1493470707
1493636917
1493814207
1493980417
1494146626
1494312836
1494479045
1494645255
1494811465
1494977674
1495143884
1495310093
1495476303
1495642512
1495808722
1495974931
1496141141
1496307351
1496473560
1496639770
1496805979
1496972189
1497138399
1497304608
1497470818
1497637027
1497803237
1497980527
1498146737
1498312946
1498479156
1498645366
1498811575
1498977785
1499143994
1499310204
1499476413
1499642623
1499808833
1499975042
