99725
265935
432145
609435
775645
941854
1108063
1274273
1440483
1606692
1772902
1939111
2105321
2271530
2437740
2603950
2770159
2936369
3102578
3268788
3434997
3601207
3767417
3933626
4099836
4266045
4432255
4609545
4775755
4941964
5108174
5274383
5440593
5606803
5773013
5939222
6105432
6271642
6437851
6604061
6770270
6936480
7102689
7268899
7435108
7601318
7767528
7933737
8099947
8266157
8432366
8609656
8775866
8942075
9108285
9274495
9440704
9606914
9773123
9939333
10105542
10271753
10437961
10604171
10770380
10936590
11102800
11269009
11435219
11601428
11767638
11933848
12100057
12266267
12432476
12609766
12775976
12942186
13108395
13274605
13440814
13607023
13773233
13939443
14105652
14271862
14438071
14604281
14770491
14936700
15102910
15269119
15435329
15601538
15767748
15933958
16100167
16266377
16432586
16609877
16776086
16942296
17108505
17274715
17440925
17607134
17773344
17939553
18105763
18271972
18438182
18604391
18770601
18936811
19103020
19269230
19435439
19601649
19767858
19934068
20100278
20266487
20432697
20609987
20776197
20942406
21108616
21274825
21441035
21607245
21773454
21939663
22105873
22272083
22438292
22604502
22770711
22936921
23103130
23269340
23435550
23601759
23767969
23934178
24100388
24266598
24432807
24599017
24776307
24942517
25108727
25274936
25441146
25607355
25773565
25939774
26105985
26272193
26438403
26604612
26770822
26937031
27103242
27269451
27435660
27601870
27768079
27934289
28100500
28266708
28432918
28599127
28776417
28942627
29108837
29275046
29441256
29607465
29773675
29939884
30106095
30272304
30438513
30604722
30770933
30937142
31103352
31269561
31435770
31601980
31768190
31934399
32100610
32266819
32433028
32599238
32776528
32942737
33108947
33275157
33441366
33607576
33773785
33939995
34106204
34272414
34438624
34604833
34771043
34937252
35103462
35269671
35435881
35602091
35768300
35934510
36100719
36266929
36433139
36599348
36776638
36942848
37109057
37275267
37441476
37607686
37773896
37940105
38106315
38272525
38438734
38604943
38771153
38937363
39103572
39269783
39435991
39602201
39768410
39934620
40100830
40267039
40433249
40599458
40776749
40942958
41109168
41275378
41441587
41607797
41774006
41940216
42106425
42272635
42438844
42605054
42771264
42937473
43103683
43269893
43436102
43602312
43768521
43934731
44100940
44267150
44433359
44599569
44776859
44943069
45109278
45275488
45441697
45607907
45774117
45940326
46106536
46272745
46438955
46605165
46771374
46937584
47103793
47270003
47436212
47602422
47768632
47934841
48101051
48267260
48433470
48599680
48776969
48943179
49109389
49275598
49441808
49608017
49774227
49940437
50106647
50272856
50439066
50605275
50771485
50937694
51103904
51270113
51436323
51602532
51768742
51934952
52101161
52267371
52433581
52599790
52765999
52943290
53109499
53275709
53441918
53608128
53774338
53940547
54106757
54272966
54439176
54605385
54771595
54937805
55104014
55270224
55436433
55602643
55768853
55935062
56101272
56267481
56433691
56599901
56766110
56943400
57109610
57275819
57442029
57608239
57774448
57940658
58106867
58273077
58439286
58605496
58771706
58937915
59104125
59270334
59436544
59602754
59768963
59935173
60101382
60267592
60433802
60600011
60766221
60943511
61109720
61275930
61442139
61608349
61774559
61940768
62106978
62273187
62439397
62605607
62771816
62938025
63104235
63270445
63436654
63602864
63769073
63935283
64101493
64267702
64433912
64600122
64766331
64943621
65109831
65276040
65442250
65608460
65774669
65940879
66107088
66273298
66439507
66605717
66771927
66938136
67104346
67270555
67436765
67602975
67769184
67935394
68101604
68267813
68434023
68600232
68766442
68943732
69109941
69276151
69442361
69608570
69774780
69940989
70107199
70273408
70439618
70605828
70772037
70938247
71104456
71270666
71436875
71603085
71769295
71935504
72101714
72267923
72434133
72600343
72766552
72943842
73110052
73276261
73442471
73608681
73774891
73941100
74107309
74273519
74439728
74605938
74772148
74938357
75104567
75270776
75436986
75603195
75769406
75935615
76101824
76268034
76434244
76600453
76766663
76943953
77110163
77276372
77442581
77608791
77775001
77941210
78107420
78273629
78439839
78606049
78772258
78938468
79104677
79270887
79437096
79603306
79769516
79935725
80101935
80268144
80434354
80600563
80766773
80932983
81110273
81276483
81442692
81608902
81775111
81941321
82107531
82273740
82439950
82606159
82772369
82938578
83104788
83270997
83437207
83603417
83769626
83935836
84102045
84268255
84434465
84600674
84766884
84933093
85110384
85276594
85442803
85609012
85775222
85941433
86107641
86273851
86440061
86606270
86772479
86938689
87104898
87271108
87437318
87603527
87769737
87935946
88102156
88268365
88434575
88600785
88766995
88933204
89110494
89276704
89442913
89609123
89775332
89941542
90107751
90273961
90440171
90606380
90772590
90938800
91105009
91271219
91437428
91603638
91769847
91936057
92102267
92268476
92434686
92600895
92767105
92933315
93110605
93276814
93443024
93609233
93775443
93941653
94107862
94274072
94440281
94606491
94772701
94938910
95105119
95271329
95437539
95603749
95769958
95936167
96102377
96268587
96434796
96601006
96767215
96933425
97110717
97276925
97443135
97609344
97775554
97941763
98107973
98274183
98440392
98606602
98772811
98939021
99105231
99271440
99437650
99603859
99770069
99936278
100102489
100268697
100434907
100601116
100767326
100933536
101110826
101277035
101443245
101609455
101775664
101941874
102108084
102274293
102440502
102606712
102772922
102939131
103105341
103271550
103437760
103603969
103770179
103936389
104102599
104268808
104435017
104601227
104767437
104933646
105110936
105277146
105443356
105609565
105775775
105941984
106108194
106274403
106440613
106606823
106773032
106939242
107105451
107271661
107437870
107604080
107770290
107936499
108102709
108268918
108435128
108601338
108767547
108933757
109099966
109277257
109443466
109609675
109775885
109942095
110108304
110274515
110440723
110606933
110773143
110939352
111105562
111271772
111437981
111604190
111770400
111936609
112102819
112269029
112435238
112601448
112767657
112933867
113100077
113277367
113443577
113609786
113775996
113942205
114108415
114274625
114440834
114607044
114773253
114939463
115105672
115271882
115438092
115604301
115770511
115936720
116102930
116269139
116435349
116601559
116767768
116933978
117100187
117277477
117443687
117609897
117776107
117942316
118108525
118274735
118440945
118607154
118773364
118939573
119105783
119271993
119438202
119604411
119770621
119936831
120103041
120269250
120435459
120601669
120767879
120934089
121100298
121277588
121443798
121610007
121776217
121942426
122108636
122274846
122441055
122607265
122773474
122939684
123105893
123272103
123438313
123604522
123770731
123936941
124103151
124269360
124435570
124601780
124767989
124934199
125100408
125277699
125443908
125610118
125776328
125942537
126108747
126274956
126441166
126607375
126773585
126939794
127106004
127272214
127438423
127604633
127770842
127937052
128103262
128269471
128435681
128601890
128768100
128934310
129100519
129277809
129444019
129610228
129776438
129942648
130108857
130275067
130441276
130607486
130773696
130939905
131106115
131272324
131438534
131604744
131770953
131937163
132103372
132269582
132435791
132602001
132768210
132934420
133100629
133266839
133444129
133610340
133776548
133942758
134108967
134275177
134441387
134607597
134773806
134940015
135106225
135272435
135438644
135604856
135771064
135937273
136103483
136269693
136435902
136602112
136768321
136934530
137100740
137266950
137444240
137610450
137776659
137942869
138109078
138275288
138441497
138607707
138773917
138940126
139106336
139272545
139438755
139604965
139771174
139937384
140103593
140269803
140436012
140602222
140768431
140934641
141100851
141267060
141444351
141610560
141776770
141942979
142109189
142275398
142441608
142607818
142774027
142940237
143106446
143272656
143438866
143605075
143771285
143937494
144103704
144269914
144436123
144602332
144768542
144934752
145100961
145267171
145444461
145610670
145776880
145943090
146109300
146275509
146441718
146607928
146774138
146940347
147106557
147272766
147438976
147605185
147771395
147937605
148103814
148270024
148436233
148602443
148768653
148934862
149101072
149267281
149444572
149610781
149776991
149943200
150109410
150275619
150441829
150608039
150774248
150940458
151106667
151272877
151439087
151605296
151771506
151937715
152103925
152270135
152436344
152602554
152768763
152934973
153101183
153267392
153444682
153610892
153777102
153943311
154109521
154275730
154441940
154608149
154774359
154940568
155106778
155272988
155439197
155605407
155771616
155937826
156104035
156270245
156436455
156602664
156768874
156935083
157101293
157267503
157444793
157611002
157777212
157943422
158109631
158275840
158442050
158608260
158774469
158940679
159106888
159273098
159439308
159605517
159771727
159937937
160104146
160270355
160436565
160602775
160768984
160935195
161101403
161267613
161433823
161611113
161777323
161943532
162109741
162275951
162442161
162608370
162774580
162940789
163106999
163273209
163439418
163605628
163771837
163938047
164104256
164270466
164436676
164602885
164769095
164935304
165101514
165267724
165433933
165611224
165777433
165943642
166109853
166276062
166442271
166608481
166774691
166940900
167107110
167273319
167439529
167605738
167771948
167938158
168104367
168270577
168436786
168602996
168769206
168935415
169101625
169267834
169434044
169611334
169777544
169943753
170109964
170276173
170442382
170608592
170774802
170941011
171107222
171273430
171439640
171605851
171772059
171938268
172104479
172270688
172436898
172603107
172769316
172935526
173101736
173267945
173434155
173611445
173777654
173943864
174110074
174276283
174442493
174608702
174774912
174941121
175107331
175273540
175439750
175605959
175772169
175938379
176104589
176270798
176437007
176603217
176769427
176935636
177101846
177268055
177434265
177611555
177777765
177943974
178110184
178276394
178442603
178608813
178775022
178941232
179107442
179273651
179439861
179606070
179772280
179938489
180104699
180270909
180437118
180603328
180769537
180935747
181101956
181268166
181434375
181611666
181777875
181944085
182110294
182276504
182442713
182608923
182775133
182941343
183107552
183273762
183439971
183606181
183772390
183938600
184104809
184271019
184437228
184603438
184769648
184935857
185102067
185268277
185434487
185611776
185777986
185944196
186110405
186276615
186442824
186609034
186775244
186941453
187107663
187273872
187440082
187606291
187772501
187938710
188104920
188271130
188437339
188603549
188769758
188935968
189102178
189268387
189434597
189600806
189778097
189944306
190110516
190276725
190442935
190609144
190775354
190941564
191107773
191273983
191440192
191606402
191772611
191938821
192105031
192271241
192437450
192603659
192769869
192936079
193102288
193268498
193434708
193600917
193778207
193944417
194110626
194276836
194443046
194609255
194775464
194941674
195107884
195274094
195440303
195606512
195772722
195938933
196105141
196271351
196437560
196603770
196769979
196936189
197102399
197268608
197434818
197601027
197778318
197944527
198110737
198276946
198443156
198609366
198775575
198941785
199107994
199274204
199440414
199606623
199772833
199939042
200105252
200271462
200437671
200603881
200770090
200936300
201102509
201268719
201434929
201601138
201778428
201944638
202110847
202277057
202443266
202609476
202775686
202941896
203108105
203274315
203440524
203606734
203772943
203939153
204105363
204271572
204437782
204603991
204770201
204936410
205102620
205268830
205435039
205601249
205778539
205944748
206110958
206277167
206443377
206609587
206642829
206775796
206942006
207108215
207274425
207440634
207606844
207773054
207939264
208105473
208271683
208437892
208604102
208770311
208936521
209102730
209268940
209435150
209601360
209778649
209944859
210111069
210277278
210443488
210609697
210775907
210942117
211108326
211274536
211440745
211606955
211773164
211939374
212105584
212271793
212438003
212604212
212770422
212936632
213102841
213269051
213435260
213601470
213778760
213944970
214111179
214277389
214443599
214609808
214776018
214942228
215108437
215274646
215440856
215607065
215773275
215939485
216105694
216271904
216438114
216604323
216770533
216936742
217102952
217269161
217435371
217601581
217767790
217945080
218111290
218277499
218443709
218609918
218776128
218942338
219108547
219274757
219440966
219607176
219773386
219939595
220105805
220272014
220438224
220604434
220770643
220936853
221103062
221269272
221435481
221601691
221767901
221945191
222111401
222277610
222443820
222610029
222776239
222942448
223108658
223274868
223441077
223607287
223773496
223939706
224105915
224272125
224438335
224604544
224770754
224936963
225103173
225269382
225435592
225601802
225768011
225945302
226111511
226277721
226443930
226610140
226776349
226942559
227108769
227274978
227441188
227607397
227773607
227939817
228106026
228272236
228438445
228604655
228770864
228937074
229103283
229269493
229435703
229601912
229768122
229945413
230111622
230277831
230444041
230610251
230776460
230942671
231108879
231275089
231441299
231607508
231773718
231939928
232106138
232272346
232438556
232604766
232770976
232937186
233103394
233269604
233435815
233602023
233768233
233945523
234111732
234277942
234444151
234610361
234776571
234942781
235108990
235275199
235441409
235607618
235773828
235940038
236106247
236272457
236438667
236604876
236771086
236937296
237103505
237269714
237435924
237602133
237768343
237945633
238111843
238278053
238444262
238610472
238776681
238942891
239109100
239275310
239441520
239607729
239773939
239940148
240106358
240272568
240438777
240604986
240771196
240937406
241103615
241269825
241436034
241602244
241768454
241945744
242111954
242278163
242444373
242610582
242776792
242943001
243109212
243275420
243441630
243607839
243774049
243940259
244106469
244272678
244438888
244605097
244771307
244937516
245103726
245269935
245436145
245602354
245768564
245934774
246112064
246278274
246444483
246610693
246776902
246943112
247109322
247275531
247441741
247607950
247774160
247940370
248106579
248272789
248438998
248605208
248771418
248937627
249103837
249270046
249436256
249602465
249768675
249934884
250112175
250278384
250444594
250610803
250777013
250943222
251109432
251275642
251441851
251608061
251774270
251940480
252106690
252272899
252439109
252605318
252771528
252937738
253103947
253270157
253436366
253602576
253768786
253934995
254112285
254278495
254444705
254610914
254777123
254943333
255109543
255275752
255441962
255608171
255774381
255940590
256106800
256273010
256439219
256605429
256771638
256937848
257104058
257270267
257436477
257602686
257768896
257935106
258112396
258278606
258444815
258611025
258777234
258943444
259109653
259275863
259442072
259608282
259774492
259940701
260106911
260273120
260439330
260605540
260771749
260937959
261104168
261270378
261436587
261602797
261769007
261935216
262112507
262278716
262444926
262611135
262777345
262943554
263109764
263275973
263442183
263608393
263774602
263940812
264107021
264273231
264439441
264605651
264771860
264938069
265104279
265270489
265436698
265602908
265769117
265935327
266112617
266278826
266445036
266611246
266777455
266943665
267109874
267276084
267442294
267608503
267774713
267940922
268107132
268273341
268439551
268605761
268771970
268938180
269104389
269270599
269436809
269603019
269769228
269935437
270101647
270278937
270445147
270611357
270777566
270943776
271109985
271276195
271442404
271608614
271774824
271941033
272107243
272273452
272439662
272605872
272772081
272938291
273104500
273270710
273436919
273603129
273769338
273935548
274101758
274279048
274445257
274611467
274777677
274943886
275110096
275276305
275442515
275608725
275774934
275941144
276107353
276273563
276439772
276605982
276772192
276938401
277104611
277270820
277437030
277603240
277769449
277935659
278101868
278279158
278445368
278611578
278777787
278943997
279110206
279276416
279442626
279608835
279775045
279941254
280107464
280273673
280439883
280606093
280772302
280938512
281104721
281270931
281437141
281603350
281769560
281935770
282101979
282279269
282445479
282611688
282777898
282944107
283110317
283276527
283442736
283608946
283775155
283941365
284107574
284273784
284439994
284606203
284772413
284938622
285104832
285271041
285437251
285603461
285769670
285935880
286102090
286279380
286445589
286611799
286778009
286944218
287110428
287276637
287442847
287609057
287775266
287941476
288107685
288273895
288440104
288606314
288772524
288938733
289104943
289271152
289437362
289603571
289769781
289935991
290102200
290279491
290445700
290611910
290778120
290944329
291110538
291276748
291442958
291609167
291775378
291941586
292107796
292274006
292440216
292606425
292772635
292938844
293105054
293271263
293437473
293603682
293769892
293936101
294102311
294279601
294445811
294612020
294778230
294944439
295110649
295276858
295443068
295609278
295775487
295941697
296107906
296274116
296440326
296606535
296772745
296938954
297105164
297271374
297437583
297603793
297770003
297936212
298102421
298268631
298445921
298612131
298778340
298944550
299110760
299276969
299443179
299609388
299775598
299941808
300108017
300274226
300440436
300606646
300772855
300939065
301105275
301271484
301437694
301603903
301770113
301936322
302102532
302268742
302446032
302612241
302778451
302944661
303110870
303277080
303443289
303609499
303775708
303941918
304108128
304274337
304440547
304606756
304772966
304939176
305105385
305271595
305437804
305604014
305770223
305936433
306102643
306268852
306446143
306612352
306778562
306944771
307110981
307277190
307443400
307609609
307775819
307942029
308108238
308274448
308440658
308606867
308773077
308939286
309105496
309271705
309437915
309604125
309770334
309936544
310102753
310268963
310446253
310612463
310778672
310944882
311111092
311277301
311443511
311609720
311775930
311942139
312108349
312274559
312440769
312606978
312773187
312939397
313105607
313271816
313438025
313604235
313770445
313936654
314102864
314269073
314446364
314612573
314778783
314944992
315111203
315277411
315443621
315609831
315776040
315942250
316108460
316274669
316440879
316607088
316773298
316939507
317105717
317271926
317438136
317604346
317770555
317936765
318102975
318269184
318446474
318612684
318778894
318945103
319111313
319277522
319443732
319609941
319776151
319942361
320108570
320274780
320440990
320607199
320773409
320939618
321105828
321272037
321438247
321604457
321770666
321936876
322103085
322269295
322446585
322612795
322779004
322945214
323111423
323277633
323443842
323610052
323776262
323942471
324108681
324274890
324441100
324607310
324773519
324939729
325105938
325272148
325438358
325604567
325770777
325936986
326103196
326269405
326435615
326612905
326779115
326945324
327111534
327277744
327443953
327610163
327776372
327942582
328108791
328275001
328441211
328607420
328773630
328939839
329106049
329272259
329438468
329604678
329770887
329937097
330103307
330269516
330435726
330613016
330779226
330945435
331111645
331277854
331444064
331610273
331776483
331942693
332108902
332275112
332441321
332607531
332773740
332939950
333106160
333272369
333438579
333604788
333770998
333937207
334103417
334269627
334435836
334613127
334779336
334945546
335111756
335277965
335444174
335610384
335776594
335942803
336109013
336275222
336441432
336607642
336773851
336940061
337106270
337272480
337438690
337604899
337771109
337937318
338103528
338269737
338435947
338613237
338779447
338945656
339111866
339278075
339444286
339610495
339776704
339942914
340109123
340275333
340441543
340607752
340773962
340940171
341106381
341272590
341438800
341605009
341771219
341937429
342103638
342269848
342436058
342613348
342779558
342945767
343111977
343278186
343444396
343610605
343776815
343943024
344109234
344275444
344441653
344607863
344774073
344940282
345106492
345272701
345438911
345605121
345771330
345937540
346103750
346269959
346436168
346613459
346779668
346945878
347112087
347278297
347444507
347610716
347776926
347943135
348109345
348275554
348441764
348607974
348774183
348940393
349106602
349272812
349439022
349605231
349771441
349937650
350103860
350270069
350436279
350613569
350779779
350945988
351112198
351278407
351444617
351610827
351777036
351943246
352109455
352275665
352441875
352608084
352774294
352940503
353106713
353272922
353439132
353605343
353771551
353937761
354103970
354270180
354436390
354602599
354779890
354946099
355112308
355278518
355444728
355610938
355777147
355943356
356109566
356275776
356441985
356608195
356774404
356940614
357106823
357273033
357439243
357605452
357771662
357937871
358104081
358270291
358436500
358602710
358780000
358946210
359112419
359278629
359444839
359611048
359777258
359943467
360109677
360275887
360442096
360608306
360774515
360940725
361106935
361273144
361439353
361605563
361771773
361937982
362104192
362270401
362436611
362602821
362780112
362946320
363112530
363278741
363444949
363611159
363777370
363943578
364109788
364275997
364442207
364608417
364774626
364940836
365107045
365273255
365439465
365605674
365771885
365938093
366104303
366270512
366436722
366602931
366780222
366946431
367112641
367278850
367445060
367611269
367777480
367943689
368109898
368276108
368442317
368608527
368774736
368940946
369107155
369273365
369439575
369605784
369771994
369938203
370104414
370270623
370436832
370603042
370780332
370946542
371112751
371278961
371445170
371611380
371777590
371943799
372110009
372276218
372442428
372608638
372774847
372941057
373107266
373273476
373439685
373605895
373772105
373938314
374104524
374270734
374436943
374603153
374780444
374946652
375112862
375279071
375445281
375611491
375777700
375943910
376110119
376276329
376442538
376608748
376774958
376941168
377107377
377273586
377439796
377606006
377772215
377938425
378104634
378270844
378437053
378603263
378769473
378946763
379112972
379279182
379445392
379611601
379777811
379944020
380110230
380276440
380442650
380608859
380775068
380941278
381107488
381273698
381439907
381606116
381772326
381938535
382104745
382270955
382437164
382603374
382769584
382946874
383113083
383279293
383445502
383611712
383777921
383944131
384110341
384276550
384442760
384608970
384775179
384941389
385107598
385273808
385440018
385606227
385772437
385938646
386104856
386271065
386437275
386603485
386769694
386946984
387113194
387279404
387445613
387611823
387778032
387944242
388110452
388276661
388442870
388609080
388775290
388941499
389107709
389273918
389440128
389606338
389772547
389938757
390104967
390271176
390437386
390603595
390769805
390947095
391113305
391279514
391445724
391611933
391778143
391944352
392110562
392276772
392442981
392609191
392775401
392941610
393107820
393274029
393440239
393606449
393772658
393938868
394105078
394271287
394437496
394603706
394769915
394947206
395113415
395279626
395445835
395612044
395778254
395944463
396110673
396276882
396443092
396609302
396775511
396941721
397107930
397274140
397440350
397606559
397772769
397938978
398105188
398271398
398437607
398603817
398770026
398947316
399113526
399279736
399445945
399612155
399778364
399944574
400110783
400276993
400443203
400609412
400775622
400941832
401108041
401274251
401440460
401606670
401772879
401939089
402105298
402271508
402437718
402603927
402770137
402947427
403113637
403279846
403446056
403612266
403778475
403944684
404110894
404277104
404443314
404609523
404775733
404941942
405108152
405274362
405440571
405606781
405772990
405939200
406105409
406271619
406437828
406604038
406770248
406936457
407113748
407279957
407446166
407612376
407778586
407944796
408111005
408277214
408443424
408609634
408775843
408942053
409108263
409274472
409440682
409606891
409773101
409939310
410105521
410271729
410437939
410604149
410770358
410936568
411113858
411280068
411446278
411612487
411778696
411944906
412111116
412277325
412443535
412609744
412775954
412942163
413108373
413274583
413440792
413607002
413773211
413939421
414105631
414271840
414438050
414604259
414770469
414936679
415113969
415280178
415446388
415612598
415778807
415945017
416111226
416277436
416443646
416609855
416776065
416942274
417108484
417274694
417440903
417607113
417773322
417939532
418105742
418271951
418438161
418604370
418770580
418936789
419114080
419280289
419446499
419612709
419778918
419945127
420111337
420277547
420443756
420609966
420776176
420942385
421108595
421274804
421441014
421607224
421773433
421939643
422105852
422272062
422438271
422604481
422770691
422936900
423114191
423280400
423446610
423612820
423779029
423945239
424111448
424277658
424443869
424610077
424776287
424942496
425108706
425274915
425441125
425607335
425773544
425939754
426105963
426272173
426438382
426604593
426770802
426937011
427114302
427280511
427446720
427612931
427779139
427945349
428111559
428277768
428443978
428610188
428776397
428942607
429108816
429275026
429441235
429607445
429773655
429939864
430106074
430272284
430438493
430604703
430770912
430937122
431114412
431280622
431446831
431613041
431779250
431945460
432111670
432277879
432444089
432610298
432776508
432942717
433108927
433275137
433441346
433607556
433773766
433939975
434106185
434272394
434438604
434604814
434771023
434937232
435103442
435280733
435446942
435613151
435779361
435945571
436111780
436277990
436444199
436610409
436776620
436942828
437109038
437275247
437441457
437607667
437773876
437940086
438106296
438272505
438438714
438604924
438771134
438937343
439103553
439280843
439447053
439613262
439779472
439945682
440111891
440278101
440444310
440610520
440776730
440942939
441109149
441275358
441441568
441607778
441773987
441940197
442106406
442272616
442438825
442605035
442771245
442937454
443103664
443280954
443447164
443613373
443779583
443945792
444112002
444278212
444444421
444610631
444776840
444943050
445109260
445275469
445441679
445607888
445774098
445940307
446106518
446272727
446438936
446605146
446771355
446937565
447103775
447281064
447447275
447613484
447779694
447945903
448112112
448278322
448444532
448610741
448776951
448943160
449109370
449275580
449441789
449607999
449774210
449940417
450106627
450272836
450439046
450605256
450771466
450937675
451103885
451281175
451447385
451613594
451779804
451946014
452112223
452278433
452444642
452610852
452777062
452943271
453109481
453275690
453441900
453608110
453774319
453940529
454106738
454272948
454439157
454605367
454771577
454937786
455103996
455281286
455447496
455613705
455779915
455946125
456112334
456278544
456444753
456610963
456777173
456943382
457109592
457275801
457442011
457608220
457774430
457940640
458106849
458273059
458439268
458605478
458771687
458937897
459104106
459281397
459447607
459613816
459780025
459946235
460112445
460278654
460444864
460611073
460777283
460943493
461109702
461275912
461442121
461608331
461774540
461940750
462106959
462273169
462439379
462605588
462771798
462938008
463104217
463270427
463447717
463613927
463780136
463946346
464112556
464278765
464444975
464611184
464777394
464943604
465109813
465276023
465442232
465608442
465774651
465940861
466107071
466273280
466439491
466605699
466771909
466938119
467104328
467270538
467447828
467614037
467780247
467946457
468112666
468278876
468445086
468611295
468777505
468943714
469109924
469276133
469442343
469608553
469774762
469940972
470107181
470273391
470439601
470605810
470772020
470938229
471104439
471270649
471447939
471614148
471780357
471946567
472112777
472278987
472445196
472611405
472777615
472943825
473110035
473276244
473442454
473608663
473774873
473941082
474107292
474273501
474439711
474605921
474772130
474938340
475104550
475270759
475448049
475614259
475780469
475946678
476112888
476279097
476445307
476611516
476777726
476943936
477110146
477276355
477442565
477608774
477774984
477941193
478107403
478273612
478439822
478606032
478772241
478938451
479104660
479270870
479448160
479614369
479780579
479946788
480112998
480279207
480445417
480611627
480777837
480944047
481110256
481276466
481442675
481608885
481775095
481941304
482107514
482273723
482439933
482606142
482772352
482938562
483104771
483270981
483448271
483614480
483780690
483946900
484113109
484279319
484445528
484611738
484777948
484944157
485110367
485276577
485442786
485608995
485775205
485941414
486107624
486273834
486440043
486606253
486772462
486938672
487104882
487271092
487448382
487614591
487780801
487947010
488113220
488279429
488445639
488611849
488778058
488944268
489110477
489276687
489442897
489609106
489775316
489941525
490107735
490273945
490440154
490606364
490772573
490938783
491104993
491271202
491437412
491614702
491780912
491947121
492113331
492279540
492445750
492611959
492778169
492944379
493110588
493276798
493443007
493609217
493775426
493941636
494107846
494274055
494440265
494606474
494772684
494938894
495105103
495271313
495437522
495614813
495781023
495947233
496113442
496279651
496445863
496612072
496778280
496944490
497110699
497276909
497443120
497609328
497775538
497941747
498107957
498274166
498440376
498606585
498772795
498939005
499105214
499271424
499437635
499614923
499781133
499947343
500113552
500279762
500445971
500612181
500778391
500944600
501110810
501277019
501443229
501609438
501775648
501941858
502108067
502274277
502440487
502606696
502772906
502939115
503105325
503271534
503437744
503615034
503781244
503947453
504113663
504279872
504446082
504612292
504778501
504944711
505110920
505277130
505443340
505609549
505775759
505941969
506108178
506274387
506440597
506606807
506773016
506939226
507105435
507271645
507437855
507615145
507781354
507947564
508113773
508279983
508446192
508612403
508778612
508944821
509111031
509277240
509443450
509609660
509775869
509942079
510108288
510274498
510440708
510606917
510773127
510939336
511105546
511271756
511437965
511615255
511781465
511947675
512113884
512280094
512446304
512612513
512778723
512944932
513111142
513277351
513443561
513609770
513775980
513942190
514108399
514274609
514440818
514607028
514773238
514939447
515105657
515271867
515438076
515604285
515781576
515947785
516113995
516280205
516446414
516612624
516778834
516945043
517111253
517277462
517443672
517609881
517776091
517942301
518108510
518274719
518440929
518607139
518773348
518939558
519105768
519271977
519438187
519604396
519781687
519947896
520114106
520280315
520446525
520612734
520778944
520945153
521111363
521277573
521443782
521609992
521776202
521942411
522108621
522274830
522441040
522607250
522773459
522939668
523105878
523272088
523438297
523604507
523781797
523948007
524114216
524280426
524446635
524612845
524779055
524945264
525111474
525277683
525443893
525610103
525776312
525942522
526108731
526274941
526441151
526607360
526773570
526939779
527105989
527272198
527438408
527604618
527781908
527948118
528114327
528280537
528446746
528612956
528779165
528945375
529111585
529277794
529444004
529610213
529776423
529942633
530108842
530275052
530441261
530607471
530773681
530939890
531106099
531272310
531438519
531604728
531782019
531948228
532114438
532280647
532446857
532613066
532779276
532945486
533111695
533277905
533444114
533610324
533776533
533942744
534108953
534275162
534441372
534607582
534773791
534940001
535106210
535272420
535438629
535604839
535782129
535948339
536114548
536280758
536446968
536613177
536779387
536945596
537111806
537278016
537444225
537610435
537776644
537942854
538109064
538275273
538441483
538607692
538773902
538940112
539106321
539272530
539438740
539604950
539782240
539948450
540114659
540280869
540447078
540613288
540779498
540945707
541111917
541278126
541444336
541610545
541776755
541942965
542109174
542275384
542441593
542607803
542774013
542940222
543106432
543272641
543438851
543605061
543771270
543948560
544114770
544280979
544447189
544613398
544779608
544945818
545112027
545278237
545444446
545610656
545776866
545943075
546109286
546275494
546441704
546607914
546774123
546940333
547106543
547272752
547438961
547605171
547771381
547948671
548114881
548281090
548447300
548613509
548779719
548945928
549112138
549278348
549444557
549610767
549776976
549943186
550109395
550275605
550441815
550608024
550774234
550940443
551106653
551272863
551439072
551605282
551771491
551948782
552114991
552281201
552447410
552613620
552779830
552946039
553112249
553278458
553444668
553610877
553777087
553943297
554109506
554275716
554441926
554608135
554774345
554940554
555106764
555272974
555439183
555605392
555771602
555948893
556115102
556281312
556447521
556613731
556779941
556946150
557112360
557278570
557444779
557610988
557777198
557943408
558109617
558275827
558442036
558608246
558774456
558940666
559106875
559273086
559439294
559605505
559771713
559949003
560115213
560281423
560447632
560613842
560780051
560946261
561112470
561278681
561444890
561611099
561777309
561943518
562109728
562275938
562442147
562608357
562774566
562940776
563106985
563273196
563439404
563605614
563771824
563949114
564115323
564281533
564447742
564613952
564780162
564946371
565112581
565278790
565445000
565611210
565777419
565943629
566109838
566276048
566442258
566608467
566774677
566940886
567107096
567273306
567439515
567605725
567771935
567949225
568115434
568281644
568447854
568614063
568780273
568946482
569112692
569278901
569445111
569611320
569777530
569943739
570109949
570276159
570442369
570608578
570774788
570940998
571107207
571273416
571439626
571605837
571772045
571938255
572115545
572281754
572447964
572614174
572780384
572946593
573112802
573279012
573445222
573611431
573777641
573943850
574110060
574276270
574442479
574608689
574774898
574941108
575107318
575273527
575439737
575605946
575772156
575938366
576115656
576281865
576448075
576614285
576780494
576946704
577112913
577279123
577445332
577611542
577777752
577943961
578110171
578276381
578442590
578608800
578775009
578941219
579107428
579273638
579439847
579606057
579772267
579938476
580115766
580281976
580448185
580614395
580780605
580946814
581113024
581279233
581445443
581611653
581777862
581944072
582110281
582276491
582442700
582608910
582775120
582941329
583107539
583273748
583439958
583606173
583772377
583938587
584115877
584282087
584448296
584614506
584780715
584946925
585113135
585279344
585445554
585611764
585777973
585944183
586110392
586276602
586442811
586609021
586775230
586941440
587107650
587273859
587440069
587606278
587772488
587938698
588115988
588282198
588448407
588614617
588780826
588947036
589113245
589279455
589445664
589611874
589778084
589944293
590110503
590276713
590442922
590609131
590775341
590941551
591107761
591273970
591440179
591606389
591772599
591938808
592116098
592282308
592448518
592614727
592780937
592947146
593113356
593279566
593445775
593611985
593778195
593944404
594110613
594276823
594443033
594609242
594775452
594941661
595107871
595274081
595440290
595606500
595772710
595938919
596116209
596282419
596448628
596614838
596781048
596947257
597113467
597279676
597445886
597612096
597778305
597944515
598110724
598276934
598443143
598609353
598775563
598941772
599107982
599274191
599440401
599606611
599772820
599939030
600105239
600282530
600448739
600614949
600781158
600947368
601113577
601279787
601445997
601612206
601778416
601944625
602110835
602277045
602443254
602609464
602775674
602941883
603108093
603274302
603440512
603606721
603772931
603939141
604105350
604282640
604448850
604615059
604781269
604947479
605113688
605279898
605446107
605612317
605778526
605944736
606110945
606277155
606443365
606609574
606775784
606941994
607108203
607274413
607440622
607606832
607773041
607939251
608105461
608282751
608448961
608615170
608781380
608947589
609113799
609280008
609446218
609612428
609778637
609944847
610111056
610277266
610443475
610609685
610775895
610942105
611108314
611274523
611440733
611606943
611773152
611939362
612105571
612282862
612449071
612615281
612781491
612947700
613113909
613280119
613446329
613612538
613778748
613944958
614111167
614277376
614443586
614609796
614776005
614942215
615108424
615274634
615440844
615607053
615773263
615939473
616105682
616282973
616449183
616615392
616781601
616947811
617114021
617280230
617446440
617612649
617778861
617945068
618111279
618277488
618443697
618609907
618776117
618942326
619108537
619274745
619440955
619607164
619773374
619939584
620105793
620283083
620449293
620615502
620781712
620947921
621114131
621280341
621446550
621612760
621778969
621945179
622111389
622277598
622443808
622610017
622776227
622942436
623108647
623274856
623441065
623607275
623773484
623939694
624105904
624272113
624449403
624615613
624781822
624948032
625114242
625280452
625446661
625612871
625779080
625945289
626111499
626277709
626443918
626610128
626776338
626942547
627108757
627274966
627441176
627607385
627773595
627939805
628106014
628272224
628449514
628615723
628781933
628948143
629114352
629280562
629446772
629612981
629779190
629945400
630111610
630277820
630444029
630610239
630776448
630942658
631108867
631275077
631441286
631607496
631773705
631939915
632106125
632272335
632449625
632615835
632782044
632948253
633114463
633280673
633446882
633613092
633779301
633945511
634111720
634277930
634444140
634610350
634776559
634942768
635108978
635275188
635441397
635607607
635773816
635940026
636106235
636272445
636449735
636615945
636782155
636948364
637114574
637280784
637446993
637613203
637779412
637945622
638111831
638278041
638444251
638610460
638776670
638942879
639109089
639275298
639441508
639607718
639773927
639940137
640106347
640272556
640449846
640616056
640782265
640948475
641114685
641280894
641447104
641613313
641779523
641945732
642111942
642278151
642444361
642610571
642776780
642942990
643109199
643275409
643441619
643607828
643774038
643940247
644106457
644272666
644449957
644616167
644782376
644948585
645114795
645281005
645447215
645613424
645779633
645945844
646112053
646278262
646444472
646610681
646776891
646943101
647109310
647275520
647441730
647607939
647774149
647940358
648106568
648272777
648450068
648616277
648782487
648948696
649114906
649281116
649447325
649613535
649779744
649945954
650112163
650278373
650444583
650610793
650777002
650943211
651109421
651275631
651441840
651608050
651774259
651940469
652106679
652272888
652439098
652616388
652782597
652948807
653115017
653281226
653447436
653613646
653779855
653946065
654112274
654278484
654444693
654610903
654777113
654943322
655109532
655275741
655441951
655608161
655774370
655940580
656106789
656272999
656439209
656616499
656782711
656948918
657115127
657281337
657447547
657613756
657779966
657946175
658112385
658278595
658444804
658611014
658777223
658943433
659109643
659275852
659442062
659608272
659774481
659940690
660106900
660273110
660439319
660616609
660782819
660949029
661115238
661281448
661447657
661613867
661780077
661946286
662112496
662278705
662444915
662611124
662777334
662943544
663109753
663275963
663442173
663608382
663774592
663940801
664107011
664273221
664439430
664616720
664782930
664949139
665115349
665281558
665447768
665613977
665780187
665946397
666112606
666278816
666445025
666611235
666777445
666943654
667109864
667276073
667442283
667608493
667774702
667940912
668107121
668273332
668439541
668616831
668783041
668949250
669115460
669281669
669447879
669614089
669780298
669946507
670112717
670278927
670445136
670611346
670777556
670943765
671109975
671276184
671442394
671608604
671774813
671941022
672107232
672273442
672439651
672616942
672783151
672949361
673115570
673281780
673447990
673614199
673780409
673946618
674112828
674279038
674445247
674611457
674777666
674943876
675110086
675276295
675442505
675608714
675774924
675941133
676107343
676273552
676439762
676617052
676783262
676949473
677115681
677281891
677448100
677614310
677780520
677946730
678112939
678279148
678445358
678611568
678777777
678943988
679110196
679276406
679442615
679608826
679775035
679941245
680107454
680273665
680439873
680606083
680783373
680949583
681115792
681282001
681448211
681614420
681780630
681946841
682113049
682279259
682445468
682611678
682777888
682944098
683110307
683276517
683442726
683608936
683775145
683941355
684107564
684273774
684439983
684606193
684783484
684949693
685115903
685282112
685448322
685614531
685780741
685946950
686113160
686279369
686445579
686611789
686777998
686944208
687110418
687276627
687442837
687609047
687775256
687941465
688107675
688273885
688440094
688606304
688783594
688949804
689116014
689282223
689448432
689614642
689780851
689947061
690113271
690279480
690445690
690611899
690778109
690944319
691110528
691276738
691442947
691609157
691775367
691941576
692107786
692273995
692440205
692606414
692783705
692949914
693116124
693282334
693448543
693614753
693780962
693947172
694113382
694279591
694445801
694612010
694778220
694944429
695110639
695276849
695443058
695609268
695775477
695941687
696107897
696274106
696440316
696606525
696783815
696950025
697116235
697282444
697448654
697614863
697781073
697947284
698113492
698279702
698445911
698612121
698778331
698944540
699110750
699276959
699443169
699609379
699775588
699941798
700108007
700274217
700440426
700606636
700783926
700950136
701116345
701282555
701448764
701614974
701781184
701947393
702113603
702279813
702446022
702612232
702778441
702944651
703110860
703277070
703443279
703609489
703775699
703941908
704108118
704274328
704440537
704606747
704784037
704950247
705116456
705282666
705448875
705615085
705781294
705947504
706113714
706279923
706446133
706612342
706778552
706944762
707110971
707277181
707443390
707609600
707775810
707942019
708108229
708274438
708440648
708606857
708773067
708950357
709116567
709282777
709448986
709615196
709781405
709947615
710113825
710280034
710446244
710612453
710778663
710944872
711111082
711277292
711443501
711609711
711775920
711942130
712108339
712274549
712440759
712606968
712773178
712950468
713116677
713282887
713449098
713615306
713781516
713947725
714113935
714280145
714446354
714612564
714778773
714944983
715111193
715277402
715443612
715609821
715776031
715942240
716108450
716274660
716440869
716607079
716773288
716950579
717116788
717282998
717449207
717615417
717781627
717947836
718114046
718280256
718446465
718612675
718778884
718945094
719111303
719277513
719443723
719609932
719776142
719942351
720108561
720274770
720440981
720607190
720773399
720950690
721116899
721283109
721449318
721615528
721781737
721947947
722114157
722280366
722446576
722612785
722778995
722945205
723111415
723277623
723443833
723610043
723776253
723942462
724108672
724274881
724441091
724607300
724773510
724950800
725117010
725283219
725449429
725615639
725781848
725948057
726114267
726280477
726446686
726612896
726779105
726945315
727111525
727277734
727443944
727610154
727776363
727942573
728108782
728274992
728441202
728607411
728773620
728950911
729117121
729283330
729449540
729615749
729781959
729948169
730114378
730280588
730446797
730613007
730779216
730945426
731111635
731277845
731444055
731610264
731776474
731942683
732108893
732275103
732441312
732607522
732773731
732951021
733117230
733283440
733449649
733615859
733782069
733948278
734114488
734280697
734446907
734613117
734779326
734945536
735111746
735277955
735444165
735610375
735776585
735942794
736109004
736275213
736441423
736607633
736773842
736940052
737117343
737283552
737449761
737615971
737782181
737948390
738114600
738280809
738447019
738613230
738779439
738945647
739111857
739278067
739444276
739610486
739776696
739942906
740109115
740275324
740441534
740607744
740773954
740940162
741117452
741283662
741449871
741616081
741782291
741948500
742114710
742280919
742447129
742613339
742779548
742945758
743111968
743278177
743444387
743610596
743776806
743943015
744109225
744275434
744441644
744607854
744774063
744940273
745117563
745283773
745449982
745616192
745782402
745948611
746114821
746281030
746447240
746613449
746779659
746945869
747112078
747278287
747444497
747610707
747776916
747943126
748109335
748275545
748441755
748607964
748774174
748940383
749117673
749283883
749450093
749616302
749782512
749948722
750114931
750281141
750447350
750613560
750779769
750945979
751112188
751278398
751444608
751610817
751777027
751943238
752109446
752275656
752441865
752608075
752774284
752940494
753117784
753283994
753450203
753616413
753782623
753948833
754115042
754281251
754447461
754613671
754779880
754946090
755112299
755278509
755444719
755610928
755777137
755943348
756109557
756275766
756441976
756608186
756774395
756940605
757117895
757284105
757450314
757616524
757782734
757948943
758115152
758281362
758447572
758613781
758779991
758946200
759112410
759278619
759444829
759611039
759777248
759943458
760109668
760275877
760442087
760608296
760774506
760940715
761106925
761284215
761450425
761616634
761782844
761949054
762115264
762281472
762447682
762613892
762780102
762946311
763112521
763278730
763444940
763611149
763777359
763943569
764109778
764275988
764442197
764608407
764774616
764940826
765107036
765284326
765450536
765616745
765782955
765949164
766115374
766281583
766447793
766614002
766780212
766946422
767112631
767278841
767445050
767611260
767777470
767943679
768109889
768276098
768442308
768608518
768774727
768940937
769107147
769284436
769450646
769616856
769783065
769949275
770115484
770281694
770447904
770614113
770780323
770946532
771112742
771278952
771445161
771611371
771777580
771943790
772109999
772276209
772442419
772608628
772774838
772941047
773107257
773284547
773450756
773616966
773783176
773949385
774115595
774281805
774448014
774614224
774780433
774946643
775112852
775279062
775445272
775611481
775777691
775943900
776110110
776276320
776442529
776608739
776774948
776941158
777107367
777284658
777450867
777617077
777783286
777949496
778115705
778281915
778448125
778614334
778780544
778946753
779112963
779279173
779445382
779611592
779777802
779944011
780110221
780276430
780442640
780608849
780775059
780941268
781107478
781284768
781450978
781617187
781783397
781949607
782115816
782282026
782448235
782614445
782780655
782946864
783113074
783279283
783445493
783611703
783777912
783944122
784110331
784276541
784442751
784608960
784775170
784941379
785107589
785284879
785451089
785617298
785783508
785949717
786115927
786282136
786448346
786614556
786780765
786946975
787113184
787279394
787445604
787611813
787778023
787944232
788110442
788276651
788442861
788609071
788775280
788941490
789107699
789273909
789451199
789617409
789783619
789949828
790116038
790282247
790448457
790614666
790780876
790947086
791113295
791279505
791445714
791611924
791778134
791944343
792110553
792276762
792442972
792609181
792775391
792941600
793107810
793274020
793451310
793617519
793783729
793949939
794116148
794282358
794448568
794614777
794780987
794947196
795113406
795279616
795445825
795612035
795778244
795944454
796110664
796276873
796443083
796609292
796775502
796941711
797107921
797274130
797451421
797617632
797783840
797950050
798116260
798282469
798448678
798614889
798781098
798947307
799113517
799279726
799445936
799612146
799778355
799944565
800110774
800276984
800443194
800609404
800775612
800941822
801108032
801274241
801451531
801617741
801783950
801950160
802116370
802282579
802448789
802614998
802781208
802947418
803113627
803279837
803446046
803612257
803778465
803944675
804110885
804277094
804443304
804609513
804775723
804941933
805108142
805274352
805451642
805617851
805784061
805950270
806116480
806282690
806448899
806615109
806781319
806947528
807113738
807279947
807446157
807612367
807778576
807944786
808110995
808277205
808443415
808609624
808775834
808942043
809108253
809274462
809451752
809617962
809784172
809950381
810116591
810282800
810449010
810615220
810781429
810947639
811113848
811280058
811446267
811612477
811778687
811944896
812111106
812277315
812443525
812609735
812775945
812942154
813108363
813274573
813451863
813618073
813784282
813950492
814116702
814282911
814449121
814615330
814781540
814947749
815113959
815280169
815446379
815612588
815778797
815945007
816111216
816277426
816443636
816609845
816776055
816942265
817108474
817274684
817440893
817618183
817784393
817950603
818116813
818283022
818449231
818615441
818781651
818947860
819114070
819280279
819446489
819612699
819778908
819945118
820111327
820277537
820443746
820609956
820776165
820942375
821108585
821274794
821441004
821618294
821784503
821950713
822116923
822283132
822449342
822615551
822781761
822947971
823114180
823280390
823446599
823612809
823779019
823945228
824111438
824277648
824443857
824610067
824776276
824942486
825108695
825274905
825441114
825618405
825784614
825950824
826117033
826283243
826449453
826615662
826781872
826948082
827114291
827280501
827446710
827612920
827779130
827945339
828111549
828277758
828443968
828610177
828776387
828942597
829108806
829275015
829441225
829618516
829784725
829950935
830117144
830283354
830449563
830615773
830781982
830948192
831114402
831280611
831446821
831613031
831779240
831945450
832111659
832277869
832444078
832610288
832776498
832942707
833108917
833275126
833441336
833618626
833784835
833951045
834117255
834283464
834449674
834615883
834782093
834948303
835114512
835280722
835446931
835613141
835779351
835945560
836111770
836277980
836444189
836610398
836776608
836942818
837109027
837275237
837441446
837618737
837784946
837951156
838117365
838283575
838449785
838615994
838782204
838948414
839114623
839280833
839447042
839613252
839779461
839945671
840111880
840278090
840444300
840610509
840776719
840942928
841109139
841275347
841441557
841618848
841785057
841951267
842117476
842283686
842449895
842616105
842782314
842948524
843114734
843280943
843447153
843613362
843779572
843945781
844111991
844278201
844444410
844610620
844776829
844943039
845109249
845275458
845441668
845607877
845785168
845951377
846117587
846283797
846450006
846616215
846782425
846948635
847114844
847281054
847447264
847613473
847779682
847945892
848112102
848278312
848444521
848610730
848776940
848943149
849109359
849275569
849441778
849607988
849785278
849951488
850117697
850283907
850450117
850616326
850782536
850948746
851114955
851281165
851447374
851613584
851779793
851946003
852112213
852278422
852444632
852610841
852777051
852943261
853109470
853275680
853441889
853608099
853785389
853951599
854117808
854284018
854450227
854616437
854782647
854948856
855115066
855281275
855447485
855613695
855779905
855946114
856112323
856278533
856444742
856610952
856777161
856943371
857109581
857275790
857442000
857608210
857785500
857951709
858117919
858284129
858450339
858616548
858782757
858948968
859115177
859281386
859447596
859613805
859780016
859946225
860112434
860278644
860444854
860611063
860777272
860943482
861109692
861275901
861442112
861608321
861785610
861951820
862118030
862284239
862450450
862616658
862782868
862949078
863115287
863281497
863447707
863613916
863780126
863946335
864112544
864278754
864444964
864611173
864777383
864943593
865109802
865276012
865442222
865608431
865785721
865951931
866118140
866284350
866450559
866616769
866782978
866949188
867115398
867281607
867447817
867614027
867780236
867946446
868112655
868278865
868445075
868611284
868777494
868943703
869109913
869276123
869442332
869608541
869774751
869952041
870118251
870284460
870450670
870616881
870783089
870949299
871115508
871281718
871447927
871614137
871780347
871946557
872112766
872278975
872445185
872611395
872777604
872943814
873110023
873276233
873442443
873608652
873774862
873952152
874118362
874284572
874450781
874616991
874783200
874949410
875115619
875281829
875448038
875614248
875780458
875946667
876112877
876279086
876445296
876611506
876777715
876943925
877110134
877276344
877442554
877608763
877774973
877952263
878118472
878284682
878450892
878617101
878783311
878949520
879115730
879281939
879448149
879614359
879780568
879946778
880112987
880279197
880445407
880611616
880777826
880944036
881110245
881276455
881442665
881608874
881775083
881952374
882118583
882284793
882451002
882617212
882783422
882949631
883115840
883282050
883448260
883614469
883780679
883946889
884113098
884279308
884445517
884611727
884777937
884944146
885110356
885276565
885442775
885608984
885775194
885952484
886118694
886284904
886451113
886617323
886783532
886949742
887115951
887282161
887448371
887614580
887780790
887946999
888113209
888279419
888445628
888611838
888778047
888944257
889110467
889276676
889442886
889609095
889775305
889952595
890118805
890285014
890451224
890617433
890783643
890949853
891116062
891282272
891448482
891614691
891780901
891947110
892113320
892279529
892445739
892611948
892778158
892944368
893110577
893276787
893442996
893609206
893775416
893952706
894118915
894285125
894451334
894617544
894783754
894949963
895116173
895282382
895448592
895614801
895781011
895947221
896113430
896279640
896445849
896612059
896778269
896944479
897110688
897276898
897443107
897609317
897775526
897941736
898119026
898285236
898451445
898617655
898783865
898950075
899116283
899282493
899448703
899614912
899781122
899947331
900113541
900279751
900445960
900612170
900778379
900944589
901110798
901277008
901443218
901609427
901775637
901941846
902119137
902285347
902451556
902617765
902783975
902950185
903116394
903282604
903448814
903615023
903781232
903947442
904113652
904279861
904446071
904612281
904778490
904944700
905110909
905277119
905443329
905609538
905775748
905941957
906119248
906285457
906451667
906617876
906784086
906950295
907116505
907282714
907448924
907615134
907781343
907947553
908113763
908279972
908446182
908612391
908778601
908944810
909111020
909277230
909443439
909609649
909775858
909942068
910119358
910285568
910451777
910617987
910784197
910950406
911116616
911282825
911449035
911615245
911781454
911947664
912113874
912280083
912446293
912612502
912778712
912944921
913111131
913277340
913443550
913609760
913775969
913942179
914119469
914285679
914451888
914618098
914784307
914950517
915116726
915282936
915449146
915615355
915781565
915947774
916113984
916280194
916446403
916612613
916778822
916945032
917111242
917277451
917443661
917609870
917776080
917942289
918119581
918285790
918451999
918618209
918784420
918950628
919116837
919283048
919449257
919615466
919781676
919947885
920114095
920280305
920446514
920612724
920778933
920945143
921111352
921277563
921443772
921609981
921776191
921942400
922119690
922285900
922452110
922618319
922784529
922950738
923116948
923283158
923449368
923615577
923781786
923947996
924114206
924280416
924446625
924612834
924779044
924945254
925111463
925277673
925443882
925610092
925776301
925942511
926108721
926286011
926452220
926618430
926784640
926950849
927117059
927283268
927449478
927615688
927781897
927948107
928114317
928280526
928446735
928612945
928779154
928945364
929111574
929277783
929443993
929610202
929776412
929942622
930108831
930286121
930452331
930618541
930784751
930950960
931117169
931283379
931449589
931615798
931782008
931948217
932114427
932280636
932446846
932613056
932779265
932945475
933111684
933277894
933444104
933610313
933776523
933942732
934108942
934286232
934452442
934618651
934784862
934951071
935117280
935283490
935449699
935615909
935782119
935948328
936114538
936280747
936446957
936613167
936779376
936945586
937111795
937278005
937444215
937610424
937776634
937942843
938109053
938286343
938452553
938618762
938784972
938951181
939117391
939283601
939449810
939616020
939782230
939948439
940114648
940280858
940447068
940613277
940779487
940945696
941111906
941278116
941444325
941610535
941776744
941942954
942109164
942286454
942452663
942618873
942785082
942951292
943117502
943283711
943449921
943616131
943782340
943948549
944114759
944280969
944447178
944613388
944779597
944945807
945112017
945278226
945444436
945610647
945776855
945943065
946109274
946286564
946452774
946618984
946785193
946951403
947117612
947283822
947450032
947616241
947782451
947948660
948114870
948281080
948447289
948613499
948779708
948945918
949112128
949278337
949444547
949610756
949776966
949943175
950109385
950286675
950452885
950619095
950785304
950951513
951117723
951283933
951450142
951616352
951782562
951948771
952114981
952281190
952447400
952613610
952779819
952946029
953112238
953278448
953444658
953610867
953777077
953943286
954109496
954275705
954452995
954619205
954785415
954951624
955117834
955284043
955450253
955616463
955782672
955948882
956115092
956281301
956447511
956613720
956779930
956946139
957112349
957278558
957444768
957610978
957777187
957943397
958109606
958275816
958453106
958619316
958785526
958951735
959117945
959284154
959450364
959616574
959782783
959948993
960115202
960281412
960447621
960613831
960780041
960946250
961112460
961278669
961444879
961611088
961777298
961943508
962109717
962275927
962453217
962619427
962785636
962951846
963118056
963284265
963450475
963616684
963782894
963949103
964115313
964281523
964447732
964613942
964780151
964946361
965112570
965278780
965444989
965611198
965777409
965943618
966109828
966276038
966453328
966619537
966785747
966951956
967118166
967284375
967450585
967616795
967783004
967949214
968115423
968281633
968447843
968614052
968780262
968946472
969112681
969278891
969445100
969611310
969777519
969943729
970109938
970276148
970453439
970619648
970785858
970952067
971118277
971284486
971450696
971616906
971783115
971949325
972115534
972281744
972447954
972614163
972780373
972946582
973112792
973279002
973445211
973611421
973777630
973943840
974110049
974276259
974453549
974619759
974785968
974952178
975118388
975284597
975450807
975617016
975783226
975949436
976115645
976281855
976448064
976614274
976780484
976946693
977112903
977279112
977445322
977611531
977777741
977943950
978110160
978276370
978442579
978619870
978786080
978952289
979118499
979284708
979450918
979617127
979783337
979949546
980115757
980281966
980448175
980614385
980780595
980946804
981113015
981279225
981445433
981611643
981777852
981944061
982110272
982276481
982442691
982619980
982786190
982952399
983118609
983284819
983451028
983617238
983783447
983949657
984115867
984282076
984448286
984614495
984780705
984946914
985113125
985279334
985445543
985611753
985777962
985944172
986110382
986276591
986442801
986620091
986786301
986952510
987118720
987284929
987451139
987617349
987783558
987949768
988115977
988282187
988448396
988614606
988780815
988947025
989113235
989279445
989445654
989611863
989778073
989944283
990110492
990276702
990442911
990620202
990786411
990952621
991118830
991285040
991451250
991617459
991783669
991949879
992116088
992282298
992448507
992614717
992780926
992947136
993113345
993279555
993445764
993611974
993778184
993944393
994110603
994276813
994443022
994620313
994786522
994952731
995118941
995285151
995451360
995617570
995783779
995949989
996116199
996282408
996448618
996614828
996781037
996947247
997113456
997279666
997445876
997612085
997778295
997944504
998110714
998276924
998443133
998620423
998786633
998952842
999119052
999285262
999451471
999617681
999783890
999950100
1000116310
1000282519
1000448729
1000614938
1000781148
1000947357
1001113567
1001279777
1001445986
1001612196
1001778405
1001944615
1002110825
1002277034
1002443244
1002620534
1002786743
1002952953
1003119163
1003285372
1003451583
1003617791
1003784001
1003950210
1004116420
1004282630
1004448839
1004615049
1004781259
1004947468
1005113677
1005279887
1005446097
1005612307
1005778516
1005944725
1006110935
1006277145
1006443354
1006609564
1006786854
1006953064
1007119273
1007285483
1007451693
1007617902
1007784112
1007950321
1008116531
1008282740
1008448950
1008615160
1008781369
1008947579
1009113788
1009279998
1009446207
1009612417
1009778627
1009944836
1010111046
1010277255
1010443465
1010609675
1010786965
1010953175
1011119384
1011285594
1011451803
1011618013
1011784223
1011950432
1012116641
1012282851
1012449060
1012615270
1012781480
1012947690
1013113899
1013280109
1013446318
1013612528
1013778737
1013944947
1014111156
1014277366
1014443576
1014609786
1014787075
1014953285
1015119495
1015285704
1015451914
1015618124
1015784333
1015950543
1016116752
1016282962
1016449171
1016615381
1016781590
1016947800
1017114010
1017280219
1017446429
1017612639
1017778848
1017945058
1018111267
1018277477
1018443686
1018609896
1018787186
1018953396
1019119605
1019285815
1019452025
1019618234
1019784444
1019950653
1020116863
1020283073
1020449282
1020615492
1020781701
1020947911
1021114120
1021280330
1021446540
1021612749
1021778959
1021945169
1022111378
1022277587
1022443797
1022610007
1022787297
1022953507
1023119716
1023285926
1023452135
1023618345
1023784555
1023950764
1024116974
1024283183
1024449393
1024615602
1024781812
1024948022
1025114231
1025280441
1025446651
1025612860
1025779070
1025945279
1026111489
1026277698
1026443908
1026610117
1026787408
1026953617
1027119827
1027286036
1027452246
1027618455
1027784665
1027950875
1028117084
1028283294
1028449503
1028615713
1028781923
1028948132
1029114342
1029280551
1029446761
1029612970
1029779180
1029945390
1030111599
1030277809
1030444019
1030610228
1030787519
1030953728
1031119938
1031286148
1031452357
1031618566
1031784776
1031950986
1032117195
1032283405
1032449614
1032615824
1032782034
1032948243
1033114453
1033280662
1033446872
1033613081
1033779291
1033945501
1034111710
1034277920
1034444129
1034610339
1034776549
1034953839
1035120049
1035286258
1035452468
1035618677
1035784887
1035951097
1036117306
1036283516
1036449725
1036615935
1036782144
1036948354
1037114563
1037280773
1037446983
1037613192
1037779402
1037945612
1038111821
1038278031
1038444240
1038610450
1038776659
1038953951
1039120159
1039286369
1039452578
1039618788
1039784998
1039951208
1040117417
1040283627
1040449836
1040616047
1040782255
1040948466
1041114674
1041280884
1041447094
1041613303
1041779513
1041945722
1042111932
1042278142
1042444351
1042610561
1042776770
1042954060
1043120270
1043286479
1043452689
1043618899
1043785108
1043951318
1044117527
1044283737
1044449946
1044616156
1044782365
1044948576
1045114785
1045280994
1045447204
1045613413
1045779623
1045945833
1046112042
1046278252
1046444462
1046610671
1046776881
1046954171
1047120380
1047286590
1047452800
1047619009
1047785219
1047951428
1048117638
1048283848
1048450057
1048616267
1048782476
1048948686
1049114896
1049281105
1049447315
1049613524
1049779734
1049945944
1050112153
1050278363
1050444572
1050610782
1050776991
1050954281
1051120491
1051286701
1051452910
1051619120
1051785329
1051951539
1052117749
1052283958
1052450168
1052616377
1052782587
1052948797
1053115006
1053281216
1053447425
1053613635
1053779845
1053946055
1054112264
1054278473
1054444683
1054610892
1054777102
1054954392
1055120602
1055286812
1055453021
1055619231
1055785441
1055951650
1056117860
1056284069
1056450279
1056616488
1056782698
1056948908
1057115117
1057281327
1057447536
1057613746
1057779955
1057946165
1058112375
1058278584
1058444794
1058611003
1058777213
1058954503
1059120713
1059286922
1059453132
1059619342
1059785551
1059951761
1060117970
1060284180
1060450389
1060616599
1060782809
1060949018
1061115228
1061281437
1061447647
1061613856
1061780066
1061946276
1062112485
1062278695
1062444905
1062611114
1062777324
1062943533
1063120823
1063287033
1063453242
1063619452
1063785662
1063951871
1064118081
1064284291
1064450500
1064616710
1064782919
1064949129
1065115338
1065281551
1065447758
1065613968
1065780177
1065946387
1066112596
1066278806
1066445015
1066611225
1066777434
1066943644
1067120934
1067287144
1067453353
1067619563
1067785773
1067951982
1068118192
1068284401
1068450611
1068616820
1068783030
1068949240
1069115449
1069281659
1069447869
1069614078
1069780288
1069946497
1070112707
1070278916
1070445126
1070611336
1070777545
1070943754
1071121045
1071287255
1071453464
1071619674
1071785884
1071952093
1072118302
1072284512
1072450722
1072616931
1072783141
1072949350
1073115560
1073281770
1073447979
1073614188
1073780398
1073946608
1074112817
1074279027
1074445237
1074611446
1074777656
1074943865
1075121156
1075287365
1075453575
1075619784
1075785994
1075952203
1076118413
1076284622
1076450832
1076617042
1076783251
1076949461
1077115670
1077281880
1077448090
1077614299
1077780509
1077946718
1078112928
1078279138
1078445347
1078611557
1078777766
1078943976
1079121266
1079287476
1079453685
1079619895
1079786105
1079952314
1080118524
1080284733
1080450943
1080617153
1080783362
1080949572
1081115781
1081281991
1081448201
1081614410
1081780620
1081946829
1082113039
1082279248
1082445458
1082611668
1082777877
1082944087
1083121377
1083287587
1083453796
1083620006
1083786215
1083952425
1084118635
1084284844
1084451054
1084617263
1084783473
1084949682
1085115892
1085282102
1085448311
1085614521
1085780730
1085946940
1086113150
1086279359
1086445569
1086611778
1086777988
1086944198
1087121488
1087287697
1087453907
1087620117
1087786326
1087952535
1088118745
1088284955
1088451165
1088617374
1088783583
1088949793
1089116002
1089282212
1089448422
1089614632
1089780841
1089947050
1090113260
1090279470
1090445679
1090611889
1090778098
1090944308
1091110518
1091287808
1091454018
1091620227
1091786437
1091952646
1092118856
1092285065
1092451275
1092617485
1092783694
1092949904
1093116114
1093282323
1093448533
1093614742
1093780952
1093947162
1094113371
1094279581
1094445790
1094612000
1094778209
1094944419
1095110629
1095287919
1095454128
1095620338
1095786548
1095952757
1096118967
1096285176
1096451386
1096617595
1096783805
1096950015
1097116224
1097282434
1097448643
1097614853
1097781063
1097947272
1098113482
1098279691
1098445901
1098612111
1098778320
1098944530
1099110739
1099288030
1099454239
1099620449
1099786660
1099952869
1100119078
1100285287
1100451497
1100617707
1100783917
1100950125
1101116335
1101282545
1101448755
1101614964
1101781175
1101947384
1102113593
1102279803
1102446012
1102612222
1102778432
1102944640
1103110850
1103288140
1103454350
1103620559
1103786769
1103952978
1104119188
1104285398
1104451607
1104617817
1104784027
1104950236
1105116445
1105282655
1105448865
1105615074
1105781284
1105947493
1106113703
1106279913
1106446122
1106612332
1106778541
1106944751
1107110960
1107288251
1107454460
1107620670
1107786880
1107953089
1108119299
1108285508
1108451718
1108617928
1108784137
1108950347
1109116556
1109282766
1109448976
1109615185
1109781395
1109947604
1110113814
1110280023
1110446233
1110612443
1110778653
1110944862
1111111071
1111288361
1111454571
1111620781
1111786990
1111953200
1112119410
1112285619
1112451829
1112618038
1112784248
1112950458
1113116667
1113282876
1113449086
1113615295
1113781505
1113947715
1114113924
1114280134
1114446343
1114612553
1114778763
1114944972
1115111182
1115277391
1115454682
1115620891
1115787101
1115953311
1116119520
1116285730
1116451939
1116618149
1116784358
1116950568
1117116777
1117282987
1117449197
1117615406
1117781616
1117947825
1118114035
1118280245
1118446454
1118612664
1118778874
1118945083
1119111293
1119277502
1119454793
1119621002
1119787212
1119953421
1120119631
1120285840
1120452050
1120618259
1120784469
1120950679
1121116888
1121283098
1121449307
1121615517
1121781727
1121947936
1122114146
1122280355
1122446565
1122612775
1122778984
1122945194
1123111404
1123277613
1123454903
1123621113
1123787322
1123953532
1124119742
1124285951
1124452161
1124618370
1124784580
1124950789
1125117000
1125283208
1125449418
1125615628
1125781838
1125948047
1126114257
1126280466
1126446676
1126612885
1126779095
1126945304
1127111514
1127277723
1127455014
1127621223
1127787433
1127953643
1128119852
1128286062
1128452271
1128618481
1128784691
1128950900
1129117110
1129283319
1129449529
1129615738
1129781948
1129948157
1130114367
1130280577
1130446786
1130612996
1130779205
1130945415
1131111625
1131277834
1131455125
1131621334
1131787544
1131953753
1132119963
1132286172
1132452382
1132618591
1132784801
1132951011
1133117220
1133283430
1133449639
1133615849
1133782059
1133948268
1134114478
1134280688
1134446897
1134613106
1134779316
1134945526
1135111735
1135277945
1135455235
1135621445
1135787654
1135953864
1136120073
1136286283
1136452493
1136618702
1136784912
1136951121
1137117331
1137283541
1137449750
1137615960
1137782170
1137948379
1138114588
1138280798
1138447007
1138613217
1138779427
1138945636
1139111846
1139278056
1139455346
1139621555
1139787765
1139953975
1140120184
1140286394
1140452603
1140618813
1140785023
1140951232
1141117442
1141283652
1141449861
1141616070
1141782280
1141948490
1142114699
1142280909
1142447118
1142613328
1142779538
1142945747
1143111957
1143278167
1143444376
1143621666
1143787876
1143954085
1144120295
1144286505
1144452714
1144618924
1144785133
1144951343
1145117552
1145283762
1145449971
1145616181
1145782391
1145948600
1146114810
1146281020
1146447229
1146613439
1146779648
1146945858
1147112068
1147278277
1147444487
1147621777
1147787986
1147954196
1148120405
1148286615
1148452825
1148619034
1148785244
1148951453
1149117663
1149283873
1149450082
1149616292
1149782501
1149948711
1150114920
1150281130
1150447340
1150613549
1150779759
1150945968
1151112178
1151278388
1151444597
1151621887
1151788097
1151954307
1152120516
1152286726
1152452935
1152619145
1152785354
1152951564
1153117774
1153283983
1153450193
1153616402
1153782612
1153948821
1154115031
1154281241
1154447450
1154613660
1154779870
1154946079
1155112289
1155278498
1155444708
1155621998
1155788208
1155954417
1156120627
1156286837
1156453046
1156619256
1156785465
1156951675
1157117884
1157284094
1157450304
1157616513
1157782723
1157948932
1158115142
1158281352
1158447561
1158613771
1158779981
1158946190
1159112399
1159278609
1159444819
1159622110
1159788319
1159954528
1160120738
1160286948
1160453157
1160619368
1160785576
1160951786
1161117995
1161284205
1161450414
1161616625
1161782834
1161949043
1162115253
1162281463
1162447672
1162613883
1162780091
1162946301
1163112511
1163278720
1163444931
1163622220
1163788429
1163954639
1164120848
1164287058
1164453267
1164619478
1164785687
1164951896
1165118106
1165284315
1165450525
1165616735
1165782944
1165949154
1166115363
1166281573
1166447782
1166613992
1166780202
1166946411
1167112621
1167278830
1167445040
1167622330
1167788540
1167954749
1168120959
1168287168
1168453378
1168619587
1168785797
1168952007
1169118217
1169284426
1169450636
1169616845
1169783055
1169949264
1170115474
1170281683
1170447893
1170614103
1170780312
1170946522
1171112731
1171278941
1171445151
1171611360
1171788651
1171954860
1172121069
1172287279
1172453489
1172619698
1172785908
1172952117
1173118327
1173284537
1173450746
1173616956
1173783166
1173949375
1174115584
1174281794
1174448004
1174614213
1174780424
1174946632
1175112842
1175279052
1175445261
1175611471
1175788761
1175954971
1176121180
1176287390
1176453599
1176619809
1176786019
1176952228
1177118438
1177284647
1177450857
1177617067
1177783276
1177949486
1178115695
1178281905
1178448115
1178614324
1178780534
1178946743
1179112953
1179279162
1179445372
1179611582
1179788872
1179955081
1180121291
1180287501
1180453710
1180619920
1180786129
1180952339
1181118548
1181284758
1181450968
1181617177
1181783387
1181949596
1182115806
1182282016
1182448225
1182614435
1182780644
1182946854
1183113064
1183279273
1183445482
1183611692
1183788982
1183955193
1184121401
1184287611
1184453821
1184620030
1184786240
1184952450
1185118659
1185284869
1185451078
1185617288
1185783497
1185949707
1186115916
1186282126
1186448336
1186614545
1186780755
1186946965
1187113174
1187279384
1187445593
1187611803
1187789093
1187955303
1188121512
1188287722
1188453931
1188620141
1188786351
1188952560
1189118770
1189284979
1189451189
1189617399
1189783608
1189949818
1190116027
1190282237
1190448447
1190614656
1190780866
1190947075
1191113285
1191279494
1191445704
1191611914
1191789204
1191955413
1192121623
1192287833
1192454042
1192620252
1192786461
1192952671
1193118881
1193285090
1193451300
1193617509
1193783719
1193949928
1194116138
1194282348
1194448557
1194614767
1194780976
1194947186
1195113396
1195279605
1195445815
1195612024
1195789314
1195955524
1196121734
1196287943
1196454153
1196620362
1196786572
1196952781
1197118991
1197285201
1197451410
1197617620
1197783829
1197950039
1198116249
1198282458
1198448668
1198614877
1198781087
1198947296
1199113506
1199279715
1199445925
1199612135
1199778344
1199955635
1200121845
1200288054
1200454264
1200620473
1200786683
1200952892
1201119102
1201285312
1201451521
1201617730
1201783940
1201950150
1202116359
1202282569
1202448778
1202614988
1202781198
1202947407
1203113617
1203279826
1203446036
1203612245
1203778455
1203955746
1204121955
1204288165
1204454374
1204620583
1204786793
1204953003
1205119213
1205285422
1205451632
1205617841
1205784051
1205950260
1206116470
1206282679
1206448889
1206615099
1206781308
1206947518
1207113727
1207279937
1207446147
1207612356
1207778566
1207955856
1208122065
1208288275
1208454485
1208620694
1208786904
1208953113
1209119323
1209285533
1209451742
1209617952
1209784161
1209950371
1210116580
1210282790
1210449000
1210615209
1210781419
1210947629
1211113838
1211280048
1211446258
1211612467
1211778676
1211955967
1212122176
1212288386
1212454595
1212620805
1212787015
1212953224
1213119434
1213285643
1213451853
1213618063
1213784272
1213950482
1214116691
1214282901
1214449111
1214615320
1214781530
1214947739
1215113949
1215280158
1215446368
1215612578
1215778787
1215956077
1216122287
1216288497
1216454706
1216620916
1216787125
1216953335
1217119544
1217285754
1217451964
1217618173
1217784383
1217950592
1218116802
1218283012
1218449221
1218615431
1218781640
1218947850
1219114059
1219280269
1219446479
1219612688
1219778898
1219956189
1220122398
1220288608
1220454818
1220621027
1220787237
1220953446
1221119655
1221285865
1221452075
1221618284
1221784494
1221950703
1222116913
1222283122
1222449333
1222615542
1222781751
1222947961
1223114170
1223280380
1223446591
1223612800
1223779009
1223945218
1224122508
1224288718
1224454928
1224621137
1224787347
1224953556
1225119766
1225285975
1225452186
1225618395
1225784604
1225950814
1226117023
1226283233
1226449443
1226615652
1226781861
1226948071
1227114281
1227280490
1227446701
1227612910
1227779119
1227945329
1228122619
1228288829
1228455038
1228621248
1228787458
1228953667
1229119876
1229286086
1229452296
1229618505
1229784715
1229950924
1230117134
1230283343
1230449553
1230615763
1230781972
1230948182
1231114392
1231280601
1231446811
1231613020
1231779230
1231945440
1232122730
1232288939
1232455149
1232621358
1232787568
1232953777
1233119987
1233286197
1233452407
1233618616
1233784825
1233951035
1234117245
1234283454
1234449664
1234615874
1234782083
1234948292
1235114502
1235280711
1235446921
1235613131
1235779340
1235945550
1236122840
1236289050
1236455259
1236621469
1236787679
1236953888
1237120098
1237286308
1237452517
1237618727
1237784936
1237951146
1238117355
1238283565
1238449775
1238615984
1238782194
1238948403
1239114613
1239280823
1239447032
1239613242
1239779451
1239945661
1240122951
1240289160
1240455370
1240621580
1240787790
1240953999
1241120208
1241286418
1241452628
1241618837
1241785047
1241951256
1242117466
1242283676
1242449885
1242616095
1242782304
1242948514
1243114724
1243280933
1243447143
1243613352
1243779562
1243945771
1244123061
1244289271
1244455481
1244621690
1244787901
1244954109
1245120319
1245286529
1245452738
1245618948
1245785158
1245951367
1246117577
1246283786
1246449996
1246616205
1246782415
1246948624
1247114834
1247281044
1247447254
1247613463
1247779673
1247945882
1248123172
1248289382
1248455591
1248621801
1248788011
1248954220
1249120430
1249286640
1249452849
1249619059
1249785268
1249951478
1250117688
1250283897
1250450106
1250616316
1250782526
1250948735
1251114945
1251281155
1251447364
1251613574
1251779783
1251945993
1252112202
1252289493
1252455702
1252621912
1252788122
1252954331
1253120540
1253286750
1253452960
1253619169
1253785379
1253951589
1254117798
1254284007
1254450217
1254616427
1254782637
1254948846
1255115056
1255281265
1255447475
1255613684
1255779894
1255946104
1256112313
1256289603
1256455813
1256622022
1256788232
1256954442
1257120651
1257286861
1257453070
1257619280
1257785489
1257951699
1258117908
1258284118
1258450328
1258616537
1258782747
1258948957
1259115166
1259281376
1259447586
1259613795
1259780005
1259946214
1260112424
1260289714
1260455924
1260622133
1260788343
1260954552
1261120762
1261286972
1261453181
1261619391
1261785600
1261951810
1262118020
1262284229
1262450439
1262616648
1262782858
1262949068
1263115277
1263281487
1263447696
1263613906
1263780115
1263946325
1264112535
1264289825
1264456034
1264622244
1264788453
1264954663
1265120873
1265287082
1265453292
1265619501
1265785711
1265951921
1266118131
1266284340
1266450549
1266616759
1266782969
1266949178
1267115388
1267281597
1267447807
1267614016
1267780226
1267946436
1268112645
1268289935
1268456145
1268622354
1268788564
1268954774
1269120983
1269287193
1269453402
1269619612
1269785821
1269952031
1270118242
1270284450
1270450660
1270616870
1270783079
1270949289
1271115498
1271281708
1271447917
1271614127
1271780336
1271946546
1272112756
1272290046
1272456256
1272622465
1272788675
1272954885
1273121094
1273287304
1273453513
1273619723
1273785932
1273952142
1274118351
1274284561
1274450771
1274616980
1274783190
1274949399
1275115609
1275281819
1275448028
1275614238
1275780447
1275946657
1276112867
1276290157
1276456366
1276622576
1276788786
1276954995
1277121205
1277287414
1277453624
1277619834
1277786043
1277952253
1278118462
1278284672
1278450882
1278617091
1278783301
1278949511
1279115720
1279281929
1279448139
1279614349
1279780558
1279946768
1280112978
1280279187
1280456477
1280622687
1280788897
1280955106
1281121316
1281287526
1281453735
1281619944
1281786154
1281952364
1282118573
1282284784
1282450993
1282617202
1282783412
1282949621
1283115831
1283282041
1283448250
1283614459
1283780671
1283946879
1284113089
1284279299
1284456588
1284622797
1284789007
1284955216
1285121426
1285287636
1285453845
1285620055
1285786265
1285952474
1286118684
1286284893
1286451103
1286617312
1286783522
1286949732
1287115941
1287282151
1287448361
1287614570
1287780780
1287946989
1288113199
1288279409
1288456699
1288622908
1288789118
1288955327
1289121538
1289287747
1289453956
1289620166
1289786375
1289952585
1290118795
1290285004
1290451214
1290617423
1290783633
1290949843
1291116052
1291282261
1291448471
1291614681
1291780891
1291947100
1292113309
1292279519
1292456810
1292623019
1292789229
1292955438
1293121648
1293287857
1293454067
1293620276
1293786486
1293952695
1294118905
1294285115
1294451325
1294617534
1294783744
1294949953
1295116163
1295282372
1295448582
1295614791
1295781001
1295947211
1296113420
1296279630
1296456920
1296623130
1296789339
1296955549
1297121759
1297287968
1297454178
1297620387
1297786597
1297952806
1298119016
1298285226
1298451436
1298617645
1298783855
1298950064
1299116274
1299282483
1299448693
1299614902
1299781112
1299947322
1300113531
1300279741
1300457031
1300623241
1300789450
1300955660
1301121870
1301288079
1301454288
1301620498
1301786708
1301952917
1302119127
1302285336
1302451546
1302617756
1302783965
1302950175
1303116384
1303282594
1303448804
1303615013
1303781223
1303947432
1304113642
1304279851
1304457141
1304623352
1304789561
1304955770
1305121980
1305288189
1305454399
1305620609
1305786818
1305953028
1306119237
1306285447
1306451657
1306617866
1306784076
1306950286
1307116495
1307282705
1307448914
1307615124
1307781333
1307947543
1308113753
1308279962
1308446171
1308623462
1308789672
1308955881
1309122091
1309288300
1309454510
1309620720
1309786929
1309953139
1310119348
1310285558
1310451768
1310617977
1310784187
1310950396
1311116606
1311282815
1311449025
1311615235
1311781444
1311947654
1312113863
1312280073
1312446282
1312623573
1312789782
1312955992
1313122202
1313288411
1313454621
1313620830
1313787040
1313953249
1314119459
1314285669
1314451878
1314618088
1314784297
1314950507
1315116717
1315282926
1315449136
1315615345
1315781555
1315947765
1316113974
1316280184
1316446393
1316623683
1316789893
1316956102
1317122312
1317288522
1317454731
1317620941
1317787151
1317953360
1318119570
1318285780
1318451989
1318618198
1318784408
1318950618
1319116827
1319283037
1319449247
1319615456
1319781666
1319947875
1320114085
1320280294
1320446504
1320623794
1320790004
1320956213
1321122423
1321288632
1321454842
1321621052
1321787262
1321953471
1322119680
1322285890
1322452099
1322618309
1322784519
1322950729
1323116938
1323283148
1323449357
1323615567
1323781776
1323947986
1324114195
1324280405
1324446615
1324623905
1324790115
1324956324
1325122533
1325288743
1325454953
1325621163
1325787372
1325953582
1326119791
1326286001
1326452211
1326618420
1326784629
1326950840
1327117049
1327283258
1327449468
1327615678
1327781887
1327948097
1328114306
1328280516
1328446726
1328624016
1328790225
1328956435
1329122644
1329288854
1329455063
1329621273
1329787483
1329953693
1330119902
1330286112
1330452321
1330618531
1330784740
1330950950
1331117159
1331283369
1331449579
1331615788
1331781998
1331948208
1332114417
1332280627
1332446836
1332624126
1332790336
1332956546
1333122755
1333288965
1333455174
1333621384
1333787594
1333953803
1334120013
1334286222
1334452432
1334618642
1334784851
1334951061
1335117270
1335283480
1335449690
1335615899
1335782109
1335948318
1336114528
1336280738
1336446947
1336613157
1336790447
1336956657
1337122866
1337289076
1337455285
1337621495
1337787704
1337953914
1338120124
1338286333
1338452543
1338618752
1338784962
1338951171
1339117381
1339283591
1339449800
1339616010
1339782219
1339948429
1340114639
1340280848
1340447058
1340613267
1340790558
1340956767
1341122978
1341289187
1341455396
1341621606
1341787816
1341954025
1342120236
1342286444
1342452654
1342618863
1342785073
1342951283
1343117493
1343283702
1343449911
1343616122
1343782330
1343948540
1344114751
1344280960
1344447169
1344613378
1344790668
1344956878
1345123088
1345289297
1345455507
1345621716
1345787926
1345954135
1346120345
1346286555
1346452764
1346618974
1346785183
1346951393
1347117603
1347283812
1347450022
1347616232
1347782441
1347948651
1348114861
1348281070
1348447279
1348613489
1348790779
1348956989
1349123198
1349289408
1349455618
1349621827
1349788037
1349954246
1350120456
1350286665
1350452875
1350619085
1350785294
1350951504
1351117713
1351283923
1351450133
1351616343
1351782552
1351948761
1352114971
1352281180
1352447390
1352613600
1352790890
1352957099
1353123309
1353289519
1353455728
1353621938
1353788147
1353954357
1354120567
1354286778
1354452986
1354619195
1354785405
1354951614
1355117824
1355284034
1355450243
1355616453
1355782662
1355948872
1356115082
1356281291
1356447501
1356613710
1356791001
1356957210
1357123420
1357289630
1357455839
1357622049
1357788258
1357954468
1358120677
1358286887
1358453097
1358619306
1358785516
1358951726
1359117935
1359284145
1359450354
1359616564
1359782773
1359948983
1360115192
1360281402
1360447612
1360613821
1360780031
1360957321
1361123531
1361289740
1361455950
1361622160
1361788369
1361954579
1362120788
1362286998
1362453207
1362619417
1362785627
1362951836
1363118046
1363284255
1363450465
1363616675
1363782884
1363949094
1364115303
1364281513
1364447723
1364613932
1364780142
1364957432
1365123642
1365289851
1365456061
1365622270
1365788480
1365954689
1366120899
1366287109
1366453318
1366619528
1366785737
1366951947
1367118156
1367284366
1367450576
1367616786
1367782995
1367949204
1368115414
1368281624
1368447833
1368614043
1368780252
1368957543
1369123752
1369289962
1369456171
1369622381
1369788591
1369954799
1370121009
1370287218
1370453428
1370619639
1370785848
1370952058
1371118267
1371284477
1371450686
1371616896
1371783105
1371949315
1372115525
1372281735
1372447944
1372614154
1372780363
1372957653
1373123863
1373290073
1373456282
1373622492
1373788702
1373954911
1374121121
1374287330
1374453540
1374619749
1374785959
1374952169
1375118378
1375284588
1375450797
1375617007
1375783216
1375949426
1376115636
1376281845
1376448055
1376614264
1376780474
1376957764
1377123974
1377290183
1377456393
1377622602
1377788812
1377955022
1378121231
1378287441
1378453650
1378619860
1378786069
1378952279
1379118489
1379284698
1379450908
1379617118
1379783327
1379949536
1380115746
1380281956
1380448165
1380614375
1380780585
1380957875
1381124084
1381290294
1381456504
1381622714
1381788923
1381955132
1382121342
1382287552
1382453761
1382619971
1382786180
1382952390
1383118599
1383284809
1383451019
1383617229
1383783438
1383949647
1384115857
1384282067
1384448276
1384614486
1384780695
1384957986
1385124195
1385290405
1385456614
1385622824
1385789034
1385955243
1386121453
1386287663
1386453872
1386620082
1386786291
1386952501
1387118710
1387284920
1387451129
1387617339
1387783549
1387949758
1388115968
1388282177
1388448387
1388614596
1388780806
1388947016
1389124306
1389290515
1389456725
1389622935
1389789144
1389955354
1390121563
1390287773
1390453982
1390620192
1390786402
1390952611
1391118821
1391285031
1391451240
1391617449
1391783659
1391949869
1392116078
1392282288
1392448498
1392614707
1392780917
1392947126
1393124417
1393290626
1393456836
1393623046
1393789255
1393955465
1394121674
1394287884
1394454094
1394620303
1394786513
1394952722
1395118932
1395285141
1395451351
1395617561
1395783770
1395949980
1396116189
1396282399
1396448609
1396614818
1396781028
1396947237
1397124528
1397290737
1397456947
1397623156
1397789366
1397955575
1398121785
1398287995
1398454204
1398620414
1398786623
1398952833
1399119043
1399285252
1399451462
1399617671
1399783881
1399950090
1400116300
1400282510
1400448719
1400614929
1400781138
1400947348
1401124639
1401290848
1401457058
1401623267
1401789477
1401955687
1402121896
1402288106
1402454315
1402620525
1402786734
1402952944
1403119156
1403285363
1403451573
1403617782
1403783992
1403950203
1404116411
1404282621
1404448832
1404615040
1404781249
1404947460
1405124749
1405290959
1405457168
1405623378
1405789587
1405955797
1406122007
1406288217
1406454426
1406620635
1406786845
1406953055
1407119264
1407285474
1407451683
1407617893
1407784102
1407950313
1408116522
1408282731
1408448941
1408615151
1408781360
1408947570
1409124860
1409291069
1409457279
1409623489
1409789698
1409955908
1410122117
1410288327
1410454536
1410620746
1410786956
1410953165
1411119375
1411285585
1411451794
1411618005
1411784213
1411950423
1412116633
1412282842
1412449052
1412615261
1412781471
1412947680
1413124971
1413291180
1413457390
1413623599
1413789809
1413956018
1414122228
1414288438
1414454647
1414620857
1414787066
1414953276
1415119486
1415285695
1415451905
1415618114
1415784324
1415950534
1416116743
1416282953
1416449162
1416615372
1416781582
1416947791
1417114001
1417291291
1417457501
1417623710
1417789920
1417956129
1418122339
1418288549
1418454758
1418620968
1418787177
1418953387
1419119597
1419285806
1419452016
1419618225
1419784435
1419950644
1420116854
1420283064
1420449273
1420615482
1420781692
1420947902
1421114112
1421291402
1421457611
1421623821
1421790030
1421956240
1422122450
1422288659
1422454869
1422621079
1422787288
1422953498
1423119707
1423285917
1423452126
1423618336
1423784546
1423950755
1424116965
1424283175
1424449384
1424615594
1424781803
1424948013
1425114222
1425291513
1425457722
1425623932
1425790141
1425956351
1426122560
1426288771
1426454980
1426621189
1426787399
1426953608
1427119818
1427286028
1427452237
1427618447
1427784656
1427950866
1428117075
1428283285
1428449494
1428615704
1428781914
1428948123
1429114333
1429291623
1429457833
1429624042
1429790252
1429956462
1430122671
1430288881
1430455090
1430621300
1430787510
1430953719
1431119929
1431286138
1431452348
1431618558
1431784767
1431950977
1432117186
1432283396
1432449605
1432615815
1432782025
1432948234
1433114444
1433291734
1433457944
1433624153
1433790363
1433956572
1434122782
1434288992
1434455201
1434621411
1434787620
1434953830
1435120039
1435286249
1435452459
1435618668
1435784878
1435951088
1436117297
1436283507
1436449716
1436615926
1436782136
1436948345
1437114554
1437291845
1437458055
1437624264
1437790474
1437956683
1438122893
1438289102
1438455312
1438621521
1438787731
1438953941
1439120151
1439286360
1439452570
1439618779
1439784989
1439951198
1440117408
1440283617
1440449827
1440616037
1440782246
1440948456
1441114665
1441291956
1441458165
1441624375
1441790585
1441956794
1442123003
1442289213
1442455423
1442621632
1442787842
1442954052
1443120261
1443286471
1443452680
1443618890
1443785099
1443951309
1444117519
1444283728
1444449938
1444616147
1444782357
1444948567
1445114776
1445280986
1445458276
1445624486
1445790695
1445956905
1446123115
1446289324
1446455534
1446621743
1446787953
1446954162
1447120372
1447286582
1447452791
1447619001
1447785210
1447951420
1448117630
1448283839
1448450049
1448616258
1448782468
1448948678
1449114887
1449281097
1449458387
1449624597
1449790806
1449957015
1450123225
1450289435
1450455644
1450621854
1450788064
1450954273
1451120483
1451286692
1451452902
1451619112
1451785321
1451951530
1452117740
1452283950
1452450159
1452616369
1452782579
1452948788
1453114998
1453281207
1453458498
1453624708
1453790917
1453957126
1454123336
1454289546
1454455755
1454621965
1454788175
1454954384
1455120594
1455286803
1455453013
1455619223
1455785432
1455951641
1456117851
1456284061
1456450270
1456616480
1456782690
1456948899
1457115109
1457281318
1457458608
1457624818
1457791028
1457957237
1458123447
1458289657
1458455866
1458622075
1458788285
1458954495
1459120704
1459286914
1459453124
1459619333
1459785543
1459951752
1460117962
1460284171
1460450381
1460616591
1460782800
1460949010
1461115220
1461281429
1461458719
1461624929
1461791140
1461957348
1462123558
1462289767
1462455977
1462622187
1462788397
1462954606
1463120816
1463287025
1463453235
1463619444
1463785655
1463951863
1464118073
1464284283
1464450492
1464616701
1464782912
1464949121
1465115330
1465281540
1465458830
1465625039
1465791249
1465957459
1466123669
1466289878
1466456088
1466622297
1466788507
1466954716
1467120926
1467287136
1467453345
1467619555
1467785765
1467951974
1468118183
1468284393
1468450603
1468616812
1468783022
1468949231
1469115441
1469281651
1469447860
1469625150
1469791360
1469957570
1470123779
1470289989
1470456198
1470622408
1470788618
1470954827
1471121037
1471287246
1471453456
1471619666
1471785875
1471952084
1472118294
1472284504
1472450713
1472616923
1472783132
1472949342
1473115552
1473281761
1473447971
1473625261
1473791471
1473957680
1474123890
1474290099
1474456309
1474622518
1474788728
1474954938
1475121147
1475287357
1475453566
1475619776
1475785986
1475952195
1476118405
1476284614
1476450824
1476617033
1476783243
1476949453
1477115662
1477281872
1477448082
1477625372
1477791581
1477957791
1478124001
1478290210
1478456420
1478622630
1478788839
1478955049
1479121258
1479287468
1479453677
1479619887
1479786097
1479952306
1480118516
1480284725
1480450935
1480617144
1480783354
1480949564
1481115773
1481281983
1481448192
1481625483
1481791692
1481957902
1482124111
1482290321
1482456531
1482622740
1482788950
1482955159
1483121369
1483287579
1483453788
1483619998
1483786207
1483952417
1484118627
1484284836
1484451046
1484617255
1484783465
1484949674
1485115884
1485282094
1485448303
1485625593
1485791803
1485958012
1486124222
1486290432
1486456641
1486622851
1486789061
1486955270
1487121480
1487287689
1487453899
1487620108
1487786318
1487952528
1488118737
1488284947
1488451156
1488617366
1488783575
1488949785
1489115995
1489282204
1489448414
1489625704
1489791914
1489958123
1490124333
1490290543
1490456753
1490622962
1490789171
1490955381
1491121591
1491287800
1491454010
1491620219
1491786429
1491952639
1492118848
1492285058
1492451267
1492617477
1492783687
1492949896
1493116105
1493282315
1493448525
1493625815
1493792025
1493958234
1494124444
1494290653
1494456863
1494623073
1494789282
1494955492
1495121701
1495287911
1495454121
1495620330
1495786540
1495952749
1496118959
1496285169
1496451378
1496617587
1496783797
1496950007
1497116216
1497282426
1497448635
1497614845
1497792135
1497958345
1498124555
1498290764
1498456973
1498623183
1498789393
1498955603
1499121812
1499288023
1499454231
1499620441
1499786650
1499952860
