132967
299177
465387
631596
797806
975096
1141306
1307515
1473726
1639934
1806144
1972354
2138563
2304773
2470983
2637192
2803401
2969611
3135820
3302030
3468240
3634450
3800660
3966869
4133079
4299288
4465498
4631707
4797917
4975207
5141417
5307627
5473836
5640045
5806255
5972465
6138674
6304884
6471093
6637303
6803512
6969722
7135932
7302141
7468351
7634560
7800770
7966979
8133189
8299399
8465608
8631818
8798027
8975318
9141527
9307737
9473946
9640156
9806365
9972576
10138785
10304994
10471204
10637413
10803623
10969833
11136042
11302252
11468461
11634671
11800881
11967090
12133300
12299509
12465719
12631928
12798138
12975428
13141638
13307848
13474057
13640267
13806476
13972686
14138896
14305105
14471315
14637525
14803734
14969943
15136153
15302363
15468572
15634783
15800991
15967201
16133410
16299620
16465830
16632040
16798250
16975538
17141748
17307958
17474167
17640377
17806586
17972796
18139005
18305215
18471425
18637634
18803844
18970053
19136263
19302472
19468682
19634892
19801101
19967311
20133520
20299730
20465940
20632150
20798359
20964568
21141859
21308068
21474278
21640487
21806697
21972907
22139116
22305326
22471535
22637745
22803954
22970164
23136374
23302583
23468793
23635002
23801212
23967422
24133631
24299841
24466050
24632260
24798469
24964679
25141969
25308179
25474388
25640598
25806807
25973017
26139227
26305436
26471646
26637856
26804065
26970275
27136484
27302694
27468904
27635113
27801323
27967532
28133742
28299951
28466161
28632371
28798580
28964790
29142079
29308289
29474499
29640708
29806918
29973128
30139337
30305547
30471756
30637966
30804176
30970385
31136595
31302804
31469014
31635223
31801433
31967643
32133852
32300062
32466271
32632481
32798691
32964900
33142190
33308400
33474609
33640819
33807029
33973238
34139448
34305657
34471867
34638077
34804286
34970496
35136705
35302915
35469125
35635334
35801544
35967753
36133963
36300172
36466382
36632592
36798801
36965011
37142301
37308511
37474720
37640930
37807139
37973349
38139558
38305768
38471978
38638187
38804397
38970607
39136816
39303025
39469235
39635445
39801654
39967864
40134073
40300283
40466493
40632702
40798912
40965121
41142412
41308621
41474831
41641040
41807250
41973460
42139669
42305879
42472088
42638298
42804507
42970717
43136926
43303136
43469346
43635555
43801765
43967974
44134184
44300394
44466603
44632813
44799022
44965232
45142523
45308732
45474942
45641151
45807360
45973570
46139780
46305989
46472199
46638409
46804618
46970827
47137037
47303247
47469456
47635666
47801876
47968085
48134295
48300504
48466714
48632924
48799133
48965343
49131552
49308842
49475052
49641262
49807471
49973681
50139890
50306100
50472309
50638520
50804729
50970938
51137148
51303358
51469567
51635777
51801986
51968196
52134405
52300615
52466825
52633034
52799244
52965453
53131663
53308953
53475163
53641372
53807582
53973791
54140001
54306210
54472420
54638630
54804839
54971049
55137259
55303468
55469677
55635887
55802097
55968306
56134516
56300725
56466935
56633145
56799354
56965564
57131773
57309064
57475273
57641483
57807692
57973902
58140111
58306321
58472531
58638740
58804950
58971159
59137369
59303579
59469788
59635998
59802208
59968417
60134627
60300836
60467046
60633256
60799465
60965674
61131884
61309174
61475384
61641594
61807803
61974013
62140222
62306432
62472641
62638851
62805061
62971270
63137480
63303690
63469899
63636109
63802318
63968528
64134737
64300947
64467156
64633366
64799575
64965785
65131995
65309285
65475494
65641704
65807914
65974123
66140333
66306543
66472752
66638962
66805171
66971381
67137590
67303800
67470009
67636219
67802429
67968638
68134848
68301057
68467267
68633477
68799686
68965896
69132105
69309396
69475605
69641815
69808024
69974234
70140443
70306653
70472863
70639072
70805282
70971491
71137701
71303910
71470120
71636330
71802539
71968749
72134958
72301168
72467378
72633587
72799797
72966006
73132216
73309507
73475717
73641926
73808135
73974345
74140554
74306764
74472975
74639183
74805393
74971603
75137813
75304021
75470233
75636441
75802651
75968860
76135069
76301279
76467489
76633698
76799908
76966117
77132327
77298536
77475827
77642036
77808245
77974455
78140665
78306874
78473085
78639294
78805503
78971713
79137922
79304132
79470342
79636551
79802761
79968970
80135180
80301389
80467600
80633808
80800018
80966227
81132437
81298647
81475937
81642147
81808356
81974566
82140776
82306985
82473195
82639404
82805614
82971823
83138033
83304243
83470452
83636662
83802871
83969081
84135291
84301500
84467710
84633919
84800129
84966338
85132548
85298758
85476048
85642258
85808467
85974677
86140886
86307096
86473305
86639515
86805725
86971934
87138144
87304353
87470563
87636773
87802982
87969191
88135401
88301611
88467820
88634030
88800239
88966449
89132659
89298868
89476158
89642368
89808578
89974787
90140997
90307207
90473416
90639626
90805835
90972045
91138254
91304464
91470673
91636883
91803093
91969302
92135512
92301721
92467931
92634141
92800350
92966560
93132769
93298979
93476269
93642479
93808688
93974898
94141107
94307317
94473527
94639736
94805946
94972155
95138365
95304575
95470784
95636994
95803203
95969413
96135623
96301832
96468042
96634251
96800461
96966670
97132880
97299090
97476380
97642589
97808800
97975009
98141218
98307428
98473638
98639847
98806057
98972266
99138476
99304685
99470895
99637104
99803314
99969524
100135733
100301943
100468152
100634362
100800572
100966781
101132991
101299201
101476491
101642700
101808910
101975119
102141329
102307538
102473748
102639957
102806167
102972377
103138586
103304796
103471005
103637215
103803425
103969634
104135844
104302053
104468263
104634473
104800683
104966892
105133101
105299311
105465520
105642811
105809020
105975230
106141440
106307649
106473859
106640068
106806278
106972488
107138697
107304907
107471116
107637326
107803536
107969745
108135955
108302164
108468374
108634584
108800793
108967003
109133212
109299422
109465631
109642922
109809131
109975341
110141550
110307760
110473970
110640179
110806389
110972598
111138808
111305018
111471227
111637437
111803646
111969857
112136066
112302275
112468484
112634694
112800904
112967113
113133323
113299533
113465742
113643032
113809242
113975452
114141661
114307871
114474080
114640290
114806499
114972709
115138918
115305128
115471338
115637547
115803757
115969967
116136176
116302386
116468595
116634805
116801014
116967224
117133433
117299643
117465853
117643143
117809353
117975562
118141772
118307981
118474191
118640400
118806610
118972820
119139030
119305239
119471448
119637658
119803867
119970077
120136287
120302496
120468706
120634916
120801125
120967335
121133544
121299754
121465963
121643254
121809464
121975673
122141883
122308092
122474302
122640511
122806721
122972931
123139140
123305350
123471559
123637769
123803978
123970188
124136398
124302607
124468817
124635027
124801236
124967445
125133655
125299865
125466074
125643364
125809574
125975784
126141993
126308203
126474412
126640622
126806831
126973041
127139251
127305460
127471670
127637879
127804089
127970298
128136509
128302718
128468927
128635137
128801346
128967556
129133766
129299975
129466185
129632394
129809685
129975895
130142104
130308313
130474523
130640733
130806942
130973152
131139361
131305571
131471781
131637990
131804200
131970410
132136619
132302829
132469038
132635248
132801458
132967667
133133877
133300086
133466296
133632505
133809796
133976006
134142215
134308426
134474634
134640844
134807053
134973263
135139472
135305683
135471892
135638101
135804311
135970520
136136730
136302941
136469149
136635359
136801568
136967778
137133988
137300199
137466407
137632616
137809906
137976116
138142325
138308535
138474744
138640954
138807164
138973373
139139583
139305793
139472002
139638212
139804421
139970631
140136840
140303050
140469260
140635469
140801679
140967888
141134098
141300308
141466517
141632727
141810017
141976227
142142436
142308646
142474855
142641065
142807274
142973484
143139694
143305904
143472113
143638323
143804532
143970742
144136951
144303161
144469370
144635580
144801790
144967999
145134209
145300418
145466628
145632837
145810128
145976337
146142547
146308757
146474966
146641176
146807385
146973595
147139805
147306014
147472225
147638433
147804643
147970852
148137062
148303272
148469481
148635691
148801900
148968110
149134320
149300529
149466739
149632949
149810238
149976448
150142658
150308867
150475077
150641286
150807496
150973705
151139915
151306125
151472335
151638544
151804753
151970963
152137173
152303382
152469592
152635801
152802011
152968221
153134430
153300640
153466850
153633059
153810349
153976559
154142769
154308978
154475188
154641397
154807607
154973816
155140026
155306235
155472445
155638655
155804864
155971074
156137283
156303493
156469703
156635912
156802122
156968332
157134541
157300750
157466960
157633170
157799379
157976670
158142879
158309089
158475298
158641508
158807717
158973928
159140137
159306346
159472556
159638766
159804975
159971185
160137394
160303604
160469813
160636023
160802233
160968442
161134652
161300861
161467071
161633281
161799490
161976780
162142990
162309199
162475409
162641619
162807828
162974038
163140247
163306457
163472666
163638876
163805086
163971295
164137505
164303715
164469924
164636134
164802343
164968553
165134762
165300972
165467181
165633391
165799601
165976891
166143100
166309310
166475520
166641729
166807939
166974148
167140358
167306568
167472777
167638987
167805196
167971406
168137616
168303825
168470035
168636244
168802454
168968664
169134873
169301083
169467292
169633502
169799712
169977002
170143211
170309421
170475631
170641840
170808050
170974259
171140469
171306679
171472888
171639098
171805308
171971517
172137726
172303936
172470145
172636355
172802565
172968774
173134984
173301194
173467403
173633613
173799822
173977112
174143322
174309532
174475741
174641951
174808161
174974370
175140580
175306789
175472999
175639208
175805418
175971627
176137837
176304047
176470256
176636466
176802676
176968885
177135095
177301304
177467514
177633723
177799933
177977223
178143433
178309642
178475852
178642062
178808271
178974481
179140690
179306900
179473109
179639319
179805529
179971738
180137948
180304158
180470367
180636577
180802786
180968996
181135206
181301415
181467624
181633834
181800044
181977334
182143544
182309753
182475963
182642172
182808382
182974592
183140801
183307011
183473220
183639430
183805640
183971849
184138059
184304268
184470478
184636687
184802897
184969107
185135316
185301526
185467735
185633945
185800154
185966365
186143654
186309864
186476073
186642283
186808492
186974702
187140912
187307121
187473331
187639540
187805750
187971960
188138169
188304379
188470588
188636798
188803007
188969217
189135427
189301636
189467846
189634055
189800265
189966475
190143765
190309974
190476184
190642394
190808603
190974813
191141022
191307232
191473442
191639651
191805861
191972070
192138280
192304490
192470699
192636909
192803118
192969328
193135538
193301747
193467957
193634166
193800376
193966585
194143878
194310086
194476295
194642505
194808714
194974924
195141135
195307343
195473552
195639762
195805972
195972181
196138392
196304600
196470810
196637020
196803229
196969439
197135650
197301858
197468068
197634277
197800487
197966696
198143987
198310196
198476405
198642615
198808825
198975034
199141244
199307453
199473663
199639872
199806082
199972292
200138501
200304711
200470920
200637130
200803340
200969549
201135760
201301968
201468178
201634387
201800597
201966807
202144097
202310307
202476516
202642726
202808936
202975145
203141355
203307564
203473774
203639983
203806193
203972402
204138612
204304822
204471031
204637241
204803450
204969660
205135870
205302079
205468289
205634498
205800708
205966917
206144208
206310417
206476627
206642836
206809046
206975256
207141465
207307675
207473885
207640094
207806304
207972513
208138723
208304932
208471142
208637352
208803561
208969771
209135980
209302190
209468400
209634609
209800819
209967028
210144318
210310528
210476738
210642947
210809157
210975366
211141576
211307786
211473995
211640204
211806414
211972624
212138834
212305043
212471252
212637462
212803672
212969881
213136091
213302300
213468510
213634720
213800929
213967139
214133348
214310639
214476848
214643058
214809268
214975477
215141687
215307896
215474106
215640315
215806525
215972734
216138944
216305154
216471363
216637573
216803783
216969992
217136202
217302411
217468621
217634830
217801040
217967249
218133459
218310749
218476959
218643169
218809378
218975588
219141797
219308007
219474217
219640426
219806636
219972845
220139055
220305264
220471474
220637684
220803893
220970103
221136312
221302522
221468732
221634941
221801151
221967360
222133570
222310860
222477070
222643279
222809489
222975698
223141908
223308117
223474327
223640537
223806746
223972956
224139166
224305375
224471585
224637794
224804004
224970213
225136423
225302632
225468842
225635052
225801261
225967471
226133680
226310971
226477180
226643390
226809600
226975809
227142019
227308228
227474438
227640647
227806857
227973066
228139276
228305486
228471695
228637905
228804115
228970324
229136534
229302743
229468953
229635163
229801372
229967582
230133791
230311082
230477291
230643501
230809711
230975920
231142130
231308339
231474548
231640758
231806968
231973177
232139387
232305596
232471806
232638016
232804225
232970435
233136644
233302854
233469064
233635273
233801483
233967692
234133902
234311192
234477401
234643611
234809821
234976030
235142240
235308449
235474659
235640869
235807078
235973288
236139497
236305707
236471917
236638126
236804336
236970545
237136755
237302965
237469174
237635384
237801593
237967803
238134012
238311303
238477512
238643722
238809932
238976141
239142351
239308560
239474770
239640979
239807189
239973399
240139608
240305818
240472027
240638237
240804447
240970656
241136866
241303075
241469285
241635495
241801704
241967914
242134123
242300333
242477623
242643833
242810042
242976252
243142462
243308671
243474881
243641090
243807300
243973509
244139719
244305929
244472138
244638348
244804557
244970767
245136976
245303186
245469396
245635605
245801815
245968024
246134234
246300443
246477734
246643943
246810153
246976362
247142572
247308782
247474991
247641201
247807410
247973620
248139830
248306039
248472249
248638458
248804668
248970878
249137087
249303297
249469506
249635716
249801926
249968135
250134344
250300554
250477845
250644054
250810263
250976473
251142683
251308893
251475102
251641311
251807521
251973731
252139941
252306150
252472360
252638569
252804779
252970988
253137198
253303407
253469617
253635826
253802036
253968246
254134455
254300665
254477956
254644165
254810374
254976586
255142794
255309003
255475213
255641424
255807632
255973843
256140051
256306261
256472471
256638680
256804890
256971101
257137309
257303518
257469728
257635938
257802147
257968357
258134566
258300776
258478066
258644275
258810485
258976695
259142905
259309114
259475323
259641533
259807742
259973953
260140162
260306371
260472581
260638790
260805000
260971210
261137419
261303629
261469838
261636048
261802257
261968468
262134676
262300886
262478177
262644386
262810596
262976805
263143015
263309225
263475434
263641644
263807853
263974063
264140272
264306482
264472692
264638901
264805111
264971320
265137530
265303740
265469949
265636159
265802368
265968578
266134788
266300997
266467207
266644497
266810706
266976916
267143126
267309335
267475545
267641754
267807964
267974174
268140383
268306593
268472802
268639012
268805222
268971431
269137641
269303850
269470060
269636269
269802479
269968688
270134900
270301108
270467317
270644608
270810817
270977027
271143236
271309446
271475655
271641865
271808074
271974284
272140494
272306703
272472913
272639122
272805332
272971542
273137751
273303961
273470170
273636380
273802589
273968799
274135009
274301219
274467428
274644718
274810928
274977137
275143347
275309557
275475766
275641976
275808185
275974395
276140604
276306814
276473024
276639233
276805443
276971653
277137862
277304071
277470281
277636491
277802700
277968910
278135119
278301329
278467539
278644829
278811038
278977248
279143458
279309667
279475877
279642087
279808296
279974506
280140715
280306925
280473135
280639344
280805554
280971763
281137973
281304182
281470392
281636602
281802811
281969021
282135230
282301440
282467650
282644940
282811149
282977359
283143568
283309778
283475987
283642197
283808407
283974616
284140826
284307036
284473245
284639454
284805664
284971874
285138083
285304293
285470502
285636712
285802922
285969131
286135341
286301551
286467760
286645050
286811260
286977469
287143679
287309889
287476098
287642308
287808517
287974727
288140937
288307146
288473356
288639565
288805775
288971984
289138194
289304404
289470613
289636823
289803033
289969242
290135452
290301661
290467871
290645161
290811371
290977580
291143790
291309999
291476209
291642419
291808628
291974838
292141047
292307257
292473467
292639676
292805886
292972095
293138305
293304515
293470724
293636934
293803143
293969353
294135562
294301772
294467982
294634191
294811481
294977691
295143900
295310110
295476320
295642529
295808739
295974948
296141158
296307367
296473577
296639787
296805996
296972206
297138415
297304625
297470835
297637044
297803254
297969464
298135673
298301883
298468092
298634302
298811592
298977801
299144011
299310221
299476430
299642640
299808850
299975059
300141269
300307478
300473688
300639897
300806107
300972317
301138526
301304736
301470945
301637155
301803364
301969574
302135784
302301993
302468203
302634413
302811703
302977912
303144122
303310332
303476541
303642751
303808960
303975170
304141379
304307589
304473798
304640008
304806218
304972427
305138637
305304847
305471056
305637266
305803475
305969685
306135894
306302104
306468314
306634523
306811813
306978023
307144232
307310442
307476652
307642861
307809071
307975281
308141490
308307700
308473909
308640119
308806328
308972538
309138748
309304957
309471167
309637376
309803586
309969795
310136005
310302215
310468424
310634634
310811924
310978134
311144343
311310553
311476763
311642972
311809182
311975391
312141601
312307810
312474020
312640230
312806439
312972649
313138858
313305068
313471278
313637487
313803696
313969906
314136116
314302325
314468535
314634745
314812037
314978245
315144454
315310664
315476873
315643083
315809293
315975502
316141712
316307921
316474131
316640341
316806552
316972760
317138969
317305179
317471389
317637598
317803808
317970017
318136227
318302436
318468646
318634856
318812146
318978355
319144564
319310774
319476983
319643193
319809403
319975612
320141822
320308031
320474241
320640451
320806661
320972870
321139079
321305289
321471499
321637708
321803919
321970127
322136337
322302547
322468756
322634966
322801176
322978466
323144675
323310885
323477095
323643304
323809514
323975723
324141933
324308142
324474352
324640562
324806771
324972981
325139190
325305400
325471610
325637819
325804028
325970238
326136448
326302658
326468867
326635077
326801286
326978577
327144786
327310996
327477205
327643415
327809624
327975834
328142043
328308253
328474463
328640673
328806882
328973092
329139301
329305511
329471720
329637930
329804139
329970349
330136559
330302768
330468978
330635187
330801397
330978687
331144897
331311106
331477316
331643525
331809735
331975945
332142154
332308364
332474573
332640783
332806992
332973202
333139412
333305621
333471831
333638040
333804250
333970460
334136669
334302879
334469088
334635298
334801507
334978798
335145007
335311217
335477427
335643636
335809846
335976055
336142265
336308474
336474684
336640894
336807103
336973313
337139522
337305732
337471942
337638151
337804361
337970571
338136780
338302990
338469199
338635409
338801618
338978909
339145118
339311328
339477537
339643747
339809956
339976166
340142376
340308585
340474795
340641005
340807214
340973424
341139633
341305843
341472052
341638262
341804471
341970681
342136891
342303100
342469310
342635519
342801729
342979019
343145229
343311438
343477648
343643857
343810067
343976277
344142487
344308696
344474905
344641115
344807325
344973534
345139744
345305954
345472163
345638372
345804582
345970792
346137002
346303211
346469420
346635630
346801840
346979130
347145340
347311549
347477759
347643968
347810178
347976387
348142597
348308807
348475016
348641226
348807436
348973645
349139855
349306064
349472274
349638483
349804693
349970903
350137112
350303322
350469531
350635741
350801950
350968160
351145450
351311661
351477870
351644079
351810289
351976498
352142708
352308917
352475127
352641337
352807546
352973756
353139965
353306175
353472384
353638594
353804804
353971013
354137223
354303433
354469642
354635852
354802061
354968271
355145561
355311771
355477980
355644190
355810399
355976609
356142818
356309028
356475238
356641447
356807657
356973866
357140076
357306286
357472495
357638705
357804914
357971124
358137334
358303543
358469753
358635962
358802172
358968381
359145672
359311881
359478091
359644300
359810510
359976719
360142929
360309139
360475349
360641558
360807767
360973977
361140187
361306396
361472606
361638815
361805025
361971235
362137444
362303654
362469863
362636073
362802283
362968492
363145782
363311992
363478202
363644411
363810621
363976830
364143040
364309249
364475459
364641669
364807878
364974088
365140297
365306507
365472717
365638926
365805136
365971346
366137555
366303765
366469974
366636184
366802393
366968603
367145893
367312102
367478312
367644522
367810732
367976941
368143150
368309360
368475570
368641779
368807989
368974198
369140408
369306617
369472828
369639037
369805246
369971456
370137666
370303875
370470085
370636294
370802504
370968713
371146004
371312213
371478423
371644632
371810842
371977052
372143261
372309471
372475681
372641890
372808100
372974309
373140519
373306728
373472938
373639147
373805357
373971567
374137776
374303986
374470196
374636405
374802615
374968824
375135034
375312324
375478534
375644745
375810953
375977163
376143372
376309582
376475792
376642003
376808211
376974420
377140630
377306840
377473049
377639259
377805468
377971678
378137887
378304097
378470306
378636517
378802726
378968935
379135145
379312435
379478644
379644854
379811064
379977273
380143483
380309692
380475902
380642112
380808321
380974530
381140740
381306950
381473159
381639369
381805579
381971788
382137998
382304207
382470417
382636627
382802836
382969046
383135255
383312546
383478755
383644965
383811174
383977384
384143594
384309803
384476013
384642222
384808432
384974641
385140851
385307061
385473270
385639480
385805689
385971899
386138108
386304318
386470528
386636737
386802947
386969157
387135366
387312657
387478866
387645076
387811285
387977495
388143704
388309914
388476124
388642333
388808544
388974752
389140962
389307171
389473381
389639590
389805802
389972010
390138219
390304429
390470639
390636848
390803059
390969267
391135477
391312767
391478976
391645186
391811396
391977605
392143815
392310024
392476234
392642443
392808653
392974863
393141073
393307282
393473491
393639701
393805911
393972120
394138330
394304540
394470749
394636959
394803169
394969378
395135587
395312878
395479087
395645297
395811507
395977716
396143925
396310135
396476345
396642554
396808764
396974973
397141183
397307393
397473602
397639812
397806022
397972231
398138441
398304650
398470860
398637069
398803279
398969489
399135698
399312989
399479198
399645408
399811617
399977827
400144036
400310246
400476456
400642665
400808875
400975084
401141294
401307504
401473714
401639923
401806132
401972342
402138552
402304761
402470971
402637180
402803390
402969600
403135809
403302018
403479309
403645518
403811728
403977938
404144147
404310357
404476566
404642776
404808985
404975195
405141404
405307614
405473824
405640033
405806243
405972453
406138662
406304872
406471081
406637291
406803500
406969710
407135919
407302129
407479420
407645629
407811839
407978048
408144258
408310468
408476677
408642887
408809096
408975306
409141515
409307725
409473934
409640143
409806353
409972562
410138772
410304981
410471191
410637401
410803610
410969820
411136030
411302239
411479529
411645739
411811948
411978158
412144368
412310577
412476787
412642997
412809206
412975416
413141625
413307835
413474044
413640255
413806464
413972674
414138884
414305093
414471303
414637512
414803722
414969931
415136141
415302351
415479641
415645850
415812060
415978269
416144479
416310689
416476898
416643108
416809317
416975527
417141737
417307946
417474156
417640365
417806575
417972784
418138994
418305204
418471413
418637623
418803832
418970042
419136252
419302461
419479751
419645961
419812170
419978380
420144590
420310799
420477009
420643218
420809428
420975638
421141847
421308057
421474266
421640476
421806685
421972895
422139105
422305314
422471524
422637733
422803943
422970153
423136362
423302572
423479862
423646072
423812281
423978491
424144700
424310910
424477119
424643329
424809538
424975748
425141958
425308167
425474377
425640587
425806796
425973006
426139215
426305425
426471634
426637844
426804054
426970263
427136473
427302683
427479973
427646182
427812391
427978601
428144811
428311021
428477230
428643439
428809649
428975859
429142068
429308278
429474487
429640697
429806906
429973116
430139326
430305536
430471745
430637954
430804164
430970374
431136583
431302793
431469002
431646293
431812502
431978712
432144921
432311131
432477340
432643550
432809760
432975969
433142179
433308388
433474598
433640808
433807017
433973227
434139436
434305646
434471856
434638065
434804275
434970485
435136694
435302904
435469113
435646403
435812613
435978823
436145032
436311242
436477451
436643661
436809870
436976080
437142289
437308499
437474709
437640919
437807128
437973338
438139547
438305757
438471966
438638176
438804385
438970595
439136805
439303014
439469224
439646514
439812723
439978933
440145143
440311352
440477562
440643771
440809981
440976191
441142400
441308610
441474819
441641029
441807238
441973448
442139658
442305868
442472077
442638286
442804496
442970706
443136915
443303125
443469335
443646625
443812834
443979044
444145253
444311464
444477673
444643882
444810092
444976301
445142511
445308721
445474930
445641140
445807349
445973559
446139768
446305978
446472188
446638397
446804607
446970816
447137026
447303235
447469445
447646737
447812945
447979155
448145364
448311574
448477784
448643994
448810203
448976412
449142622
449308831
449475041
449641252
449807460
449973670
450139879
450306089
450472299
450638510
450804718
450970927
451137138
451303346
451469556
451646846
451813055
451979265
452145475
452311685
452477894
452644104
452810313
452976523
453142732
453308942
453475151
453641361
453807570
453973780
454139990
454306199
454472409
454638619
454804828
454971038
455137247
455303457
455469666
455646957
455813166
455979376
456145586
456311795
456478004
456644214
456810424
456976633
457142843
457309052
457475262
457641472
457807681
457973891
458140100
458306310
458472520
458638729
458804939
458971149
459137358
459303568
459469777
459635987
459813277
459979487
460145696
460311906
460478116
460644325
460810535
460976745
461142954
461309163
461475373
461641583
461807792
461974002
462140211
462306421
462472630
462638840
462805050
462971259
463137469
463303678
463469888
463636097
463813388
463979597
464145807
464312016
464478226
464644436
464810645
464976855
465143064
465309274
465475484
465641693
465807903
465974112
466140322
466306532
466472741
466638951
466805160
466971370
467137579
467303789
467469999
467636208
467813498
467979708
468145918
468312127
468478337
468644546
468810756
468976966
469143175
469309385
469475594
469641804
469808013
469974223
470140433
470306642
470472852
470639061
470805271
470971481
471137690
471303900
471470109
471636319
471813609
471979819
472146028
472312238
472478448
472644657
472810867
472977077
473143286
473309495
473475705
473641915
473808124
473974334
474140543
474306753
474472963
474639172
474805382
474971591
475137801
475304010
475470220
475636430
475813720
475979930
476146139
476312348
476478558
476644767
476810977
476977187
477143396
477309606
477475815
477642025
477808235
477974444
478140654
478306864
478473073
478639283
478805492
478971702
479137911
479304121
479470331
479636540
479813830
479980040
480146250
480312459
480478669
480644878
480811088
480977297
481143507
481309717
481475926
481642136
481808345
481974555
482140765
482306975
482473184
482639393
482805603
482971813
483138022
483304232
483470441
483636651
483802860
483980151
484146360
484312570
484478780
484644989
484811199
484977408
485143618
485309827
485476037
485642247
485808456
485974666
486140875
486307085
486473294
486639504
486805714
486971924
487138133
487304342
487470552
487636761
487802971
487980261
488146471
488312680
488478890
488645099
488811309
488977519
489143728
489309938
489476148
489642357
489808567
489974776
490140986
490307195
490473405
490639614
490805824
490972034
491138244
491304453
491470662
491636872
491803082
491980372
492146582
492312791
492479001
492645210
492811420
492977629
493143839
493310049
493476258
493642468
493808677
493974887
494141097
494307306
494473516
494639726
494805935
494972145
495138354
495304564
495470773
495636983
495803192
495980483
496146692
496312902
496479111
496645321
496811531
496977740
497143950
497310159
497476369
497642579
497808788
497974998
498141208
498307417
498473627
498639836
498806046
498972255
499138465
499304675
499470884
499637094
499803303
499980593
500146803
500313013
500479222
500645432
500811641
500977851
501144060
501310270
501476480
501642689
501808899
501975108
502141318
502307528
502473737
502639947
502806156
502972366
503138576
503304785
503470995
503637204
503803414
503980704
504146915
504313123
504479333
504645542
504811752
504977962
505144171
505310381
505476591
505642800
505809009
505975219
506141429
506307638
506473848
506640058
506806267
506972477
507138686
507304896
507471105
507637315
507803525
507980815
508147026
508313234
508479445
508645653
508811863
508978073
509144282
509310492
509476703
509642911
509809120
509975330
510141540
510307749
510473961
510640168
510806378
510972590
511138797
511305007
511471218
511637426
511803636
511969845
512147135
512313345
512479555
512645764
512811974
512978183
513144393
513310602
513476812
513643021
513809231
513975441
514141650
514307859
514474070
514640279
514806488
514972698
515138907
515305117
515471327
515637536
515803746
515969955
516147246
516313455
516479665
516645875
516812084
516978294
517144503
517310713
517476923
517643132
517809342
517975551
518141761
518307970
518474180
518640390
518806599
518972809
519139018
519305228
519471437
519637647
519803857
519970066
520147356
520313566
520479776
520645985
520812196
520978404
521144614
521310824
521477033
521643243
521809452
521975662
522141872
522308081
522474291
522640500
522806710
522972919
523139129
523305338
523471549
523637758
523803968
523970177
524147467
524313677
524479886
524646096
524812306
524978515
525144724
525310934
525477144
525643354
525809563
525975772
526141982
526308192
526474401
526640611
526806820
526973030
527139240
527305449
527471659
527637869
527804078
527970288
528147578
528313787
528479997
528646207
528812416
528978626
529144835
529311045
529477255
529643464
529809674
529975883
530142093
530308303
530474512
530640722
530806931
530973141
531139350
531305560
531471770
531637979
531804189
531970398
532147689
532313898
532480108
532646317
532812527
532978737
533144946
533311156
533477365
533643575
533809784
533975994
534142204
534308413
534474623
534640832
534807042
534973251
535139461
535305671
535471880
535638090
535804300
535970509
536147799
536314009
536480218
536646428
536812638
536978847
537145057
537311266
537477476
537643685
537809895
537976105
538142314
538308524
538474733
538640943
538807153
538973362
539139572
539305781
539471991
539638201
539804410
539970620
540136829
540314119
540480329
540646539
540812748
540978958
541145167
541311377
541477587
541643796
541810006
541976215
542142425
542308635
542474844
542641054
542807263
542973473
543139682
543305892
543472102
543638311
543804521
543970730
544136940
544314230
544480440
544646650
544812859
544979069
545145278
545311488
545477697
545643907
545810116
545976326
546142536
546308745
546474955
546641164
546807374
546973584
547139793
547306003
547472212
547638422
547804632
547970841
548137051
548314341
548480550
548646760
548812970
548979180
549145388
549311598
549477808
549644017
549810227
549976437
550142646
550308856
550475065
550641275
550807485
550973695
551139904
551306113
551472323
551638533
551804742
551970952
552137161
552314452
552480661
552646871
552813080
552979290
553145499
553311709
553477919
553644128
553810338
553976547
554142757
554308967
554475176
554641386
554807595
554973805
555140015
555306224
555472434
555638643
555804853
555971063
556137272
556314562
556480772
556646982
556813191
556979401
557145610
557311820
557478029
557644239
557810448
557976658
558142868
558309077
558475287
558641496
558807706
558973916
559140125
559306335
559472544
559638754
559804964
559971173
560137383
560314673
560480883
560647092
560813302
560979511
561145721
561311930
561478140
561644350
561810559
561976769
562142978
562309188
562475397
562641607
562807817
562974026
563140236
563306445
563472655
563638865
563805074
563971284
564137493
564314784
564480993
564647203
564813412
564979622
565145831
565312041
565478251
565644461
565810670
565976879
566143089
566309299
566475508
566641718
566807927
566974137
567140347
567306556
567472766
567638975
567805185
567971394
568137604
568303814
568481104
568647314
568813523
568979733
569145942
569312153
569478362
569644571
569810781
569976990
570143200
570309411
570475620
570641829
570808038
570974248
571140457
571306669
571472877
571639086
571805296
571971505
572137715
572303926
572481214
572647424
572813633
572979843
573146053
573312263
573478472
573644681
573810891
573977100
574143310
574309520
574475729
574641939
574808148
574974358
575140568
575306778
575472987
575639196
575805406
575971616
576137825
576304036
576481325
576647535
576813744
576979954
577146164
577312373
577478583
577644792
577811002
577977211
578143421
578309631
578475840
578642050
578808259
578974469
579140678
579306888
579473098
579639307
579805517
579971727
580137936
580304146
580481436
580647645
580813855
580980065
581146275
581312484
581478693
581644903
581811113
581977322
582143532
582309741
582475951
582642161
582808370
582974580
583140789
583306999
583473208
583639418
583805627
583971837
584138047
584304256
584481547
584647756
584813966
584980175
585146385
585312594
585478804
585645013
585811223
585977433
586143642
586309852
586476062
586642271
586808481
586974690
587140900
587307109
587473319
587639529
587805738
587971948
588138157
588304367
588481657
588647867
588814076
588980286
589146496
589312705
589478915
589645124
589811334
589977544
590143753
590309963
590476172
590642382
590808591
590974801
591141010
591307220
591473430
591639639
591805849
591972059
592138268
592304478
592481769
592647978
592814187
592980397
593146606
593312816
593479025
593645235
593811445
593977654
594143864
594310073
594476283
594642493
594808702
594974912
595141121
595307331
595473540
595639750
595805960
595972169
596138379
596304588
596470798
596648089
596814298
596980507
597146717
597312926
597479136
597645346
597811555
597977765
598143974
598310184
598476393
598642603
598808813
598975022
599141232
599307442
599473651
599639861
599806070
599972280
600138489
600304699
600470909
600648199
600814408
600980618
601146828
601313037
601479247
601645456
601811666
601977875
602144085
602310295
602476504
602642714
602808923
602975133
603141343
603307552
603473762
603639971
603806181
603972391
604138600
604304810
604471019
604648310
604814519
604980729
605146938
605313148
605479358
605645567
605811777
605977986
606144196
606310405
606476615
606642825
606809034
606975244
607141453
607307663
607473872
607640082
607806292
607972502
608138711
608304921
608471130
608648420
608814630
608980839
609147049
609313258
609479468
609645678
609811888
609978097
610144306
610310516
610476726
610642935
610809145
610975354
611141564
611307774
611473983
611640193
611806403
611972612
612138821
612305031
612471241
612648531
612814740
612980950
613147160
613313369
613479579
613645788
613811998
613978208
614144417
614310627
614476836
614643046
614809256
614975465
615141675
615307885
615474094
615640303
615806513
615972723
616138932
616305142
616471352
616648642
616814851
616981061
617147271
617313480
617479690
617645899
617812109
617978319
618144528
618310737
618476947
618643157
618809366
618975576
619141785
619307996
619474205
619640414
619806624
619972834
620139043
620305253
620471462
620637672
620814962
620981172
621147381
621313591
621479800
621646010
621812219
621978429
622144639
622310848
622477058
622643267
622809477
622975687
623141896
623308106
623474315
623640525
623806734
623972944
624139154
624305363
624471573
624637783
624815073
624981282
625147492
625313702
625479911
625646120
625812330
625978540
626144749
626310959
626477169
626643378
626809588
626975797
627142007
627308217
627474426
627640636
627806845
627973055
628139265
628305474
628471684
628637893
628815184
628981393
629147604
629313813
629480022
629646232
629812441
629978652
630144862
630311070
630477279
630643490
630809699
630975908
631142119
631308327
631474537
631640747
631806956
631973166
632139377
632305585
632471795
632638004
632815294
632981504
633147714
633313923
633480132
633646342
633812552
633978761
634144971
634311180
634477390
634643600
634809809
634976019
635142228
635308438
635474647
635640857
635807066
635973276
636139486
636305695
636471905
636638114
636815405
636981614
637147824
637314034
637480243
637646453
637812662
637978872
638145082
638311291
638477501
638643710
638809920
638976129
639142339
639308549
639474758
639640969
639807177
639973387
640139596
640305806
640472016
640638225
640815516
640981725
641147935
641314144
641480354
641646564
641812773
641978983
642145192
642311402
642477611
642643821
642810031
642976240
643142450
643308659
643474869
643641079
643807288
643973498
644139708
644305917
644472126
644638336
644815626
644981836
645148045
645314255
645480464
645646674
645812884
645979093
646145303
646311513
646477722
646643931
646810141
646976351
647142560
647308770
647474980
647641189
647807399
647973608
648139818
648306027
648472237
648638447
648804656
648981946
649148156
649314366
649480576
649646785
649812994
649979204
650145414
650311623
650477833
650644042
650810252
650976462
651142671
651308881
651475090
651641300
651807509
651973719
652139928
652306138
652472348
652638557
652804767
652982057
653148267
653314476
653480686
653646896
653813105
653979315
654145524
654311734
654477944
654644153
654810363
654976572
655142782
655308991
655475201
655641410
655807620
655973830
656140039
656306249
656472459
656638668
656804878
656982168
657148377
657314587
657480797
657647006
657813216
657979425
658145635
658311844
658478054
658644264
658810473
658976683
659142892
659309102
659475312
659641521
659807731
659973940
660140150
660306360
660472569
660638779
660804988
660982278
661148488
661314698
661480908
661647117
661813326
661979536
662145746
662311955
662478165
662644375
662810584
662976794
663143003
663309213
663475422
663641632
663807841
663974051
664140261
664306470
664472680
664638889
664805099
664982389
665148599
665314809
665481018
665647228
665813437
665979647
666145856
666312066
666478276
666644485
666810695
666976904
667143114
667309324
667475533
667641743
667807952
667974162
668140371
668306581
668472790
668639000
668805210
668982500
669148709
669314919
669481129
669647339
669813548
669979757
670145967
670312177
670478386
670644596
670810806
670977015
671143224
671309434
671475644
671641854
671808063
671974272
672140482
672306692
672472901
672639111
672805320
672982611
673148820
673315030
673481240
673647449
673813659
673979868
674146078
674312288
674478497
674644707
674810916
674977126
675143335
675309545
675475754
675641964
675808174
675974383
676140593
676306803
676473012
676639222
676805431
676971641
677148931
677315140
677481350
677647560
677813769
677979979
678146188
678312398
678478608
678644817
678811027
678977236
679143446
679309656
679475865
679642075
679808284
679974494
680140703
680306913
680473123
680639332
680805542
680971752
681149042
681315251
681481461
681647670
681813880
681980089
682146299
682312509
682478718
682644928
682811138
682977347
683143556
683309766
683475976
683642185
683808395
683974604
684140814
684307024
684473233
684639443
684805652
684971862
685149152
685315362
685481571
685647781
685813991
685980200
686146410
686312620
686478829
686645038
686811248
686977458
687143667
687309877
687476087
687642296
687808506
687974715
688140925
688307134
688473344
688639554
688805763
688971973
689149263
689315473
689481682
689647892
689814102
689980313
690146521
690312730
690478940
690645149
690811359
690977570
691143778
691309988
691476197
691642408
691808617
691974827
692141036
692307246
692473455
692639665
692805874
692972084
693149374
693315583
693481793
693648002
693814212
693980422
694146631
694312841
694479050
694645260
694811469
694977679
695143889
695310098
695476308
695642518
695808727
695974937
696141146
696307356
696473565
696639775
696805985
696972194
697149484
697315694
697481904
697648113
697814323
697980532
698146742
698312952
698479161
698645371
698811580
698977790
699143999
699310209
699476419
699642629
699808838
699975047
700141257
700307467
700473676
700639886
700806095
700972305
701149595
701315805
701482014
701648224
701814434
701980643
702146853
702313063
702479272
702645481
702811691
702977900
703144110
703310320
703476529
703642739
703808948
703975158
704141368
704307577
704473787
704639996
704806206
704972415
705138626
705315915
705482125
705648334
705814544
705980754
706146963
706313173
706479382
706645592
706811802
706978011
707144221
707310430
707476640
707642849
707809059
707975269
708141479
708307688
708473897
708640107
708806316
708972526
709138736
709316026
709482236
709648445
709814655
709980864
710147074
710313284
710479493
710645703
710811912
710978122
711144331
711310541
711476751
711642960
711809170
711975379
712141589
712307799
712474008
712640218
712806428
712972637
713138847
713316137
713482346
713648556
713814765
713980975
714147185
714313395
714479604
714645814
714812023
714978233
715144442
715310652
715476861
715643071
715809281
715975490
716141700
716307909
716474119
716640329
716806538
716972748
717138957
717316247
717482457
717648667
717814876
717981086
718147295
718313505
718479714
718645924
718812134
718978343
719144553
719310762
719476972
719643182
719809391
719975601
720141810
720308020
720474230
720640439
720806649
720972858
721139068
721316358
721482568
721648778
721814987
721981196
722147406
722313616
722479825
722646035
722812244
722978454
723144664
723310873
723477083
723643293
723809502
723975712
724141921
724308131
724474340
724640550
724806759
724972969
725139179
725316469
725482679
725648888
725815098
725981307
726147517
726313727
726479936
726646146
726812355
726978565
727144774
727310984
727477194
727643403
727809613
727975822
728142032
728308242
728474451
728640661
728806870
728973080
729139290
729305499
729482789
729648999
729815208
729981418
730147627
730313837
730480047
730646256
730812466
730978676
731144885
731311095
731477304
731643514
731809723
731975933
732142142
732308352
732474562
732640771
732806981
732973190
733139400
733305610
733482900
733649109
733815319
733981529
734147738
734313948
734480157
734646367
734812577
734978786
735144996
735311205
735477415
735643625
735809834
735976044
736142253
736308463
736474672
736640882
736807092
736973302
737139511
737305720
737483011
737649220
737815430
737981639
738147849
738314059
738480268
738646478
738812687
738978897
739145107
739311316
739477526
739643736
739809945
739976155
740142364
740308574
740474783
740640993
740807203
740973412
741139622
741305831
741483121
741649331
741815540
741981750
742147960
742314169
742480379
742646589
742812798
742979007
743145217
743311427
743477636
743643846
743810055
743976265
744142475
744308685
744474894
744641104
744807313
744973523
745139732
745305942
745483232
745649442
745815651
745981861
746148071
746314280
746480490
746646699
746812909
746979119
747145328
747311538
747477747
747643957
747810166
747976376
748142586
748308796
748475005
748641214
748807424
748973633
749139843
749306053
749483343
749649553
749815764
749981972
750148182
750314392
750480601
750646810
750813022
750979230
751145439
751311649
751477858
751644068
751810279
751976487
752142697
752308906
752475116
752641325
752807536
752973745
753139954
753306164
753483453
753649663
753815873
753982082
754148292
754314502
754480711
754646921
754813130
754979340
755145549
755311759
755477969
755644179
755810389
755976597
756142807
756309017
756475226
756641436
756807646
756973855
757140064
757306274
757472484
757649774
757815984
757982193
758148403
758314612
758480822
758647032
758813241
758979451
759145661
759311870
759478079
759644289
759810499
759976708
760142918
760309128
760475337
760641546
760807756
760973966
761140175
761306385
761472595
761649885
761816094
761982304
762148514
762314723
762480933
762647142
762813352
762979562
763145771
763311981
763478190
763644400
763810609
763976819
764143029
764309238
764475448
764641657
764807867
764974078
765140286
765306496
765472705
765649995
765816205
765982415
766148624
766314834
766481043
766647253
766813463
766979673
767145882
767312091
767478301
767644511
767810720
767976930
768143139
768309349
768475558
768641768
768807978
768974188
769140397
769306606
769472816
769650106
769816316
769982525
770148735
770314944
770481154
770647364
770813574
770979783
771145993
771312202
771478412
771644621
771810831
771977040
772143250
772309460
772475669
772641879
772808088
772974298
773140508
773306717
773472927
773650217
773816426
773982636
774148846
774315055
774481265
774647475
774813684
774979894
775146103
775312313
775478522
775644732
775810942
775977151
776143361
776309570
776475780
776641990
776808199
776974409
777140618
777306828
777473038
777650328
777816537
777982747
778148957
778315166
778481376
778647585
778813795
778980004
779146214
779312423
779478633
779644843
779811052
779977262
780143471
780309681
780475890
780642100
780808310
780974519
781140729
781306938
781473148
781650438
781816648
781982858
782149068
782315277
782481486
782647696
782813906
782980115
783146325
783312534
783478744
783644954
783811163
783977373
784143582
784309792
784476002
784642211
784808421
784974630
785140840
785307049
785473259
785639469
785816759
785982968
786149178
786315388
786481597
786647807
786814016
786980226
787146436
787312645
787478855
787645064
787811274
787977483
788143693
788309903
788476112
788642322
788808531
788974741
789140951
789307160
789473370
789639579
789816869
789983079
790149289
790315499
790481708
790647917
790814127
790980336
791146546
791312756
791478965
791645175
791811384
791977594
792143804
792310013
792476223
792642432
792808642
792974852
793141061
793307271
793473481
793639690
793816980
793983190
794149399
794315609
794481818
794648028
794814238
794980447
795146657
795312867
795479076
795645286
795811495
795977705
796143915
796310124
796476334
796642543
796808753
796974962
797141172
797307381
797473591
797639801
797817091
797983300
798149510
798315720
798481929
798648139
798814349
798980558
799146768
799312977
799479187
799645396
799811606
799977816
800144026
800310235
800476445
800642654
800808864
800975073
801141283
801307492
801473702
801639912
801817201
801983411
802149621
802315831
802482040
802648250
802814459
802980669
803146878
803313088
803479298
803645507
803811717
803977926
804144136
804310345
804476555
804642764
804808974
804975184
805141393
805307603
805473813
805640022
805817312
805983522
806149732
806315941
806482151
806648360
806814570
806980779
807146989
807313199
807479408
807645618
807811827
807978037
808144247
808310456
808476666
808642875
808809085
808975295
809141504
809307714
809473924
809640133
809817423
809983633
810149843
810316052
810482262
810648473
810814683
810980891
811147100
811313310
811479520
811645730
811811938
811978148
812144359
812310567
812476777
812642987
812809196
812975405
813141615
813307825
813474035
813640245
813806453
813983743
814149953
814316163
814482372
814648582
814814791
814981001
815147211
815313420
815479629
815645840
815812049
815978258
816144468
816310677
816476887
816643097
816809307
816975516
817141725
817307935
817474145
817640355
817806564
817983855
818150064
818316273
818482483
818648693
818814902
818981112
819147321
819313531
819479741
819645950
819812160
819978369
820144579
820310789
820476998
820643208
820809417
820975627
821141836
821308046
821474256
821640465
821806675
821983965
822150175
822316384
822482594
822648803
822815014
822981223
823147432
823313642
823479851
823646061
823812270
823978480
824144690
824310899
824477109
824643318
824809528
824975738
825141947
825308157
825474367
825640576
825806786
825984076
826150285
826316495
826482704
826648914
826815124
826981333
827147543
827313752
827479962
827646171
827812381
827978591
828144801
828311010
828477219
828643429
828809639
828975848
829142058
829308267
829474477
829640687
829806896
829984186
830150396
830316606
830482815
830649025
830815235
830981444
831147653
831313863
831480073
831646282
831812492
831978702
832144911
832311121
832477330
832643540
832809749
832975959
833142169
833308378
833474588
833640798
833807007
833984297
834150507
834316716
834482926
834649136
834815346
834981555
835147764
835313974
835480184
835646393
835812603
835978812
836145022
836311232
836477441
836643651
836809860
836976070
837142280
837308489
837474699
837640908
837807118
837973327
838150618
838316827
838483037
838649246
838815457
838981666
839147875
839314084
839480294
839646504
839812713
839978923
840145132
840311342
840477552
840643761
840809971
840976181
841142390
841308600
841474809
841641019
841807228
841973438
842150728
842316938
842483147
842649357
842815567
842981776
843147986
843314195
843480405
843646615
843812824
843979034
844145243
844311453
844477662
844643872
844810082
844976291
845142501
845308711
845474920
845641130
845807339
845973549
846150839
846317049
846483258
846649468
846815678
846981887
847148097
847314306
847480516
847646725
847812935
847979145
848145354
848311564
848477773
848643983
848810192
848976402
849142612
849308821
849475031
849641240
849807450
849973660
850150950
850317159
850483369
850649578
850815788
850981998
851148207
851314417
851480627
851646836
851813045
851979255
852145465
852311674
852477884
852644093
852810303
852976513
853142722
853308932
853475141
853641351
853807560
853973770
854151060
854317270
854483480
854649689
854815899
854982108
855148318
855314527
855480737
855646947
855813156
855979366
856145575
856311785
856477995
856644204
856810414
856976623
857142833
857309043
857475252
857641462
857807671
857973881
858151171
858317381
858483590
858649800
858816010
858982219
859148429
859314638
859480848
859647057
859813267
859979477
860145687
860311896
860478105
860644315
860810525
860976734
861142944
861309153
861475363
861641573
861807782
861973992
862151282
862317492
862483701
862649910
862816120
862982330
863148539
863314749
863480958
863647168
863813378
863979587
864145797
864312007
864478216
864644426
864810635
864976845
865143054
865309264
865475474
865641683
865807893
865974102
866140312
866317602
866483812
866650021
866816231
866982441
867148650
867314860
867481069
867647279
867813488
867979698
868145908
868312117
868478327
868644536
868810746
868976956
869143165
869309375
869475584
869641794
869808004
869974213
870140423
870317715
870483924
870650132
870816342
870982551
871148761
871314971
871481181
871647391
871813599
871979809
872146019
872312228
872478439
872644646
872810856
872977066
873143275
873309485
873475695
873641905
873808115
873974324
874140534
874317824
874484033
874650243
874816452
874982662
875148871
875315081
875481292
875647501
875813710
875979919
876146129
876312338
876478549
876644758
876810967
876977177
877143386
877309596
877475806
877642015
877808225
877974434
878140644
878317934
878484144
878650353
878816563
878982773
879148982
879315192
879481401
879647611
879813821
879980030
880146240
880312449
880478659
880644869
880811078
880977288
881143497
881309707
881475917
881642126
881808336
881974545
882140755
882318045
882484254
882650464
882816674
882982884
883149093
883315302
883481512
883647722
883813931
883980141
884146351
884312560
884478770
884644979
884811189
884977398
885143608
885309818
885476027
885642237
885808447
885974656
886140866
886318155
886484365
886650575
886816784
886982994
887149203
887315413
887481623
887647833
887814042
887980252
888146461
888312671
888478880
888645090
888811299
888977509
889143719
889309928
889476138
889642347
889808557
889974766
890140976
890318267
890484476
890650686
890816895
890983105
891149314
891315524
891481734
891647943
891814153
891980362
892146572
892312781
892478991
892645200
892811410
892977620
893143829
893310039
893476249
893642458
893808668
893974877
894141087
894307297
894484587
894650796
894817006
894983216
895149425
895315635
895481844
895648054
895814264
895980473
896146683
896312892
896479102
896645311
896811521
896977730
897143940
897310150
897476359
897642569
897808779
897974988
898141198
898307407
898484697
898650907
898817116
898983326
899149536
899315745
899481955
899648164
899814374
899980584
900146793
900313003
900479212
900645422
900811632
900977841
901144051
901310260
901476470
901642679
901808889
901975099
902141308
902307518
902484808
902651018
902817227
902983437
903149646
903315856
903482066
903648275
903814485
903980694
904146904
904313114
904479323
904645533
904811742
904977952
905144162
905310371
905476581
905642791
905809000
905975209
906141419
906307629
906484919
906651129
906817338
906983548
907149757
907315967
907482176
907648386
907814595
907980805
908147015
908313224
908479434
908645643
908811853
908978063
909144273
909310482
909476691
909642901
909809111
909975320
910141530
910307739
910485029
910651239
910817448
910983658
911149868
911316077
911482287
911648496
911814706
911980916
912147125
912313335
912479544
912645754
912811964
912978173
913144383
913310592
913476802
913643012
913809221
913975431
914141641
914307850
914485140
914651350
914817559
914983769
915149978
915316188
915482398
915648607
915814817
915981027
916147236
916313446
916479655
916645865
916812074
916978284
917144494
917310703
917476913
917643122
917809332
917975541
918141751
918307961
918485251
918651461
918817670
918983880
919150090
919316299
919482509
919648718
919814928
919981137
920147347
920313556
920479766
920645975
920812185
920978395
921144604
921310814
921477024
921643233
921809443
921975652
922141862
922308071
922474281
922651571
922817781
922983990
923150200
923316409
923482619
923648829
923815038
923981248
924147457
924313667
924479877
924646086
924812296
924978505
925144716
925310925
925477134
925643344
925809554
925975763
926141973
926308182
926474392
926651682
926817892
926984101
927150311
927316520
927482730
927648940
927815149
927981359
928147568
928313778
928479988
928646197
928812406
928978616
929144826
929311035
929477245
929643455
929809664
929975874
930142083
930308293
930474502
930651793
930818003
930984212
931150423
931316633
931482841
931649051
931815260
931981470
932147679
932313890
932480099
932646308
932812518
932978727
933144937
933311148
933477356
933643565
933809776
933975985
934142194
934308404
934474614
934651903
934818113
934984322
935150532
935316742
935482951
935649161
935815370
935981580
936147789
936314000
936480209
936646418
936812628
936978837
937145047
937311257
937477466
937643676
937809886
937976095
938142304
938308515
938474724
938652014
938818224
938984433
939150643
939316852
939483062
939649272
939815481
939981691
940147900
940314110
940480320
940646529
940812739
940978948
941145158
941311368
941477577
941643787
941809996
941976206
942142415
942308625
942474835
942652125
942818334
942984544
943150754
943316963
943483173
943649382
943815592
943981801
944148011
944314221
944480431
944646640
944812850
944979059
945145269
945311478
945477688
945643897
945810107
945976317
946142526
946308736
946474945
946652235
946818445
946984655
947150864
947317074
947483284
947649493
947815702
947981912
948148122
948314331
948480541
948646751
948812960
948979170
949145379
949311589
949477798
949644008
949810218
949976427
950142637
950308846
950475056
950641266
950818556
950984766
951150975
951317185
951483394
951649604
951815813
951982023
952148232
952314442
952480652
952646861
952813071
952979281
953145490
953311700
953477909
953644119
953810328
953976538
954142748
954308957
954475167
954641376
954818667
954984876
955151086
955317295
955483505
955649715
955815924
955982134
956148343
956314553
956480763
956646972
956813183
956979391
957145601
957311811
957478020
957644230
957810439
957976649
958142858
958309068
958475277
958641487
958818777
958984987
959151196
959317406
959483615
959649825
959816035
959982244
960148454
960314663
960480873
960647083
960813292
960979502
961145712
961311921
961478131
961644340
961810550
961976759
962142969
962309178
962475388
962641598
962818888
962985098
963151307
963317517
963483726
963649936
963816146
963982355
964148565
964314774
964480984
964647194
964813403
964979613
965145822
965312032
965478241
965644451
965810661
965976870
966143080
966309289
966475499
966641708
966818999
966985208
967151418
967317628
967483837
967650047
967816256
967982466
968148676
968314885
968481095
968647304
968813516
968979723
969145933
969312143
969478352
969644562
969810771
969976981
970143191
970309400
970475610
970641819
970819110
970985319
971151528
971317738
971483948
971650157
971816367
971982576
972148786
972314996
972481205
972647415
972813625
972979834
973146044
973312253
973478463
973644672
973810882
973977091
974143301
974309511
974475720
974641930
974808140
974985430
975151639
975317849
975484059
975650268
975816478
975982687
976148897
976315106
976481316
976647526
976813735
976979945
977146154
977312364
977478574
977644783
977810993
977977202
978143412
978309622
978475831
978642041
978808250
978985541
979151750
979317960
979484169
979650379
979816588
979982798
980149008
980315217
980481427
980647636
980813846
980980056
981146265
981312475
981478684
981644894
981811103
981977313
982143523
982309732
982475942
982642152
982808361
982985652
983151861
983318070
983484280
983650489
983816699
983982909
984149118
984315328
984481537
984647747
984813956
984980167
985146376
985312585
985478795
985645004
985811214
985977424
986143633
986309843
986476052
986642262
986808472
986985762
987151971
987318181
987484391
987650600
987816810
987983019
988149229
988315439
988481648
988647858
988814067
988980277
989146486
989312696
989478906
989645115
989811325
989977534
990143744
990309954
990476163
990642373
990808582
990985873
991152084
991318292
991484501
991650711
991816921
991983130
992149342
992315550
992481759
992647969
992814178
992980388
993146599
993312807
993479017
993645228
993811436
993977645
994143855
994310065
994476274
994642484
994808693
994985983
995152194
995318403
995484612
995650821
995817031
995983241
996149451
996315660
996481869
996648079
996814289
996980498
997146708
997312917
997479127
997645336
997811546
997977756
998143966
998310175
998476384
998642594
998808804
998986094
999152303
999318513
999484723
999650932
999817142
999983351
1000149561
1000315771
1000481980
1000648190
1000814400
1000980609
1001146819
1001313028
1001479238
1001645448
1001811657
1001977867
1002144076
1002310286
1002476495
1002642705
1002808915
1002975124
1003152414
1003318624
1003484834
1003651043
1003817253
1003983462
1004149672
1004315882
1004482091
1004648301
1004814510
1004980720
1005146930
1005313139
1005479348
1005645559
1005811768
1005977977
1006144187
1006310397
1006476606
1006642816
1006809025
1006975235
1007152525
1007318735
1007484944
1007651154
1007817363
1007983573
1008149783
1008315993
1008482202
1008648411
1008814621
1008980830
1009147040
1009313250
1009479459
1009645669
1009811878
1009978088
1010144297
1010310507
1010476717
1010642926
1010809136
1010975346
1011152636
1011318845
1011485055
1011651265
1011817474
1011983684
1012149893
1012316103
1012482312
1012648522
1012814732
1012980942
1013147151
1013313360
1013479570
1013645780
1013811989
1013978199
1014144408
1014310618
1014476828
1014643037
1014809247
1014975456
1015152747
1015318956
1015485166
1015651375
1015817586
1015983795
1016150004
1016316214
1016482423
1016648633
1016814843
1016981052
1017147262
1017313471
1017479681
1017645891
1017812100
1017978310
1018144519
1018310729
1018476939
1018643148
1018809358
1018975567
1019152857
1019319067
1019485277
1019651486
1019817696
1019983905
1020150115
1020316324
1020482534
1020648743
1020814953
1020981163
1021147372
1021313582
1021479791
1021646001
1021812211
1021978420
1022144630
1022310839
1022477049
1022643259
1022809468
1022975678
1023152968
1023319178
1023485387
1023651597
1023817806
1023984016
1024150226
1024316435
1024482645
1024648854
1024815064
1024981274
1025147483
1025313693
1025479902
1025646112
1025812321
1025978531
1026144741
1026310950
1026477160
1026643370
1026809579
1026975789
1027153079
1027319289
1027485498
1027651708
1027817917
1027984127
1028150336
1028316546
1028482756
1028648965
1028815175
1028981384
1029147594
1029313803
1029480013
1029646223
1029812432
1029978642
1030144852
1030311061
1030477271
1030643480
1030809690
1030975899
1031142109
1031319399
1031485609
1031651818
1031818028
1031984237
1032150447
1032316657
1032482866
1032649076
1032815286
1032981495
1033147704
1033313914
1033480124
1033646334
1033812543
1033978752
1034144962
1034311172
1034477381
1034643591
1034809800
1034976010
1035142219
1035319510
1035485719
1035651929
1035818139
1035984348
1036150558
1036316767
1036482977
1036649187
1036815396
1036981606
1037147815
1037314025
1037480234
1037646444
1037812654
1037978863
1038145073
1038311282
1038477492
1038643702
1038809911
1038976121
1039142330
1039319621
1039485830
1039652040
1039818250
1039984458
1040150668
1040316877
1040483087
1040649296
1040815506
1040981715
1041147925
1041314135
1041480344
1041646554
1041812764
1041978973
1042145183
1042311392
1042477602
1042643811
1042810021
1042976231
1043142440
1043319730
1043485940
1043652150
1043818360
1043984569
1044150779
1044316989
1044483198
1044649408
1044815618
1044981827
1045148036
1045314246
1045480456
1045646665
1045812875
1045979084
1046145294
1046311504
1046477713
1046643923
1046810132
1046976342
1047142552
1047319842
1047486051
1047652261
1047818471
1047984680
1048150890
1048317099
1048483309
1048649519
1048815728
1048981938
1049148147
1049314357
1049480567
1049646776
1049812985
1049979195
1050145405
1050311614
1050477824
1050644033
1050810243
1050976453
1051142662
1051319953
1051486163
1051652372
1051818582
1051984792
1052151001
1052317210
1052483420
1052649631
1052815839
1052982050
1053148258
1053314468
1053480677
1053646887
1053813097
1053979307
1054145516
1054311725
1054477935
1054644144
1054810354
1054976565
1055142773
1055320063
1055486272
1055652482
1055818692
1055984902
1056151111
1056317320
1056483530
1056649740
1056815949
1056982159
1057148368
1057314578
1057480788
1057646997
1057813206
1057979417
1058145626
1058311835
1058478045
1058644255
1058810464
1058976674
1059142883
1059309093
1059486383
1059652593
1059818802
1059985012
1060151222
1060317431
1060483641
1060649851
1060816060
1060982270
1061148479
1061314689
1061480898
1061647108
1061813318
1061979527
1062145737
1062311946
1062478156
1062644365
1062810575
1062976785
1063142994
1063309204
1063486494
1063652704
1063818913
1063985123
1064151332
1064317542
1064483752
1064649961
1064816171
1064982380
1065148590
1065314799
1065481009
1065647219
1065813428
1065979638
1066145848
1066312057
1066478267
1066644476
1066810686
1066976895
1067143105
1067309315
1067486605
1067652814
1067819024
1067985233
1068151443
1068317652
1068483862
1068650072
1068816281
1068982491
1069148701
1069314910
1069481120
1069647329
1069813539
1069979748
1070145958
1070312168
1070478377
1070644587
1070810796
1070977006
1071143216
1071309425
1071486715
1071652925
1071819134
1071985344
1072151554
1072317763
1072483973
1072650183
1072816392
1072982602
1073148811
1073315021
1073481231
1073647440
1073813649
1073979859
1074146069
1074312278
1074478488
1074644697
1074810907
1074977117
1075143326
1075309536
1075486826
1075653036
1075819245
1075985455
1076151664
1076317874
1076484084
1076650293
1076816503
1076982712
1077148922
1077315132
1077481341
1077647551
1077813760
1077979970
1078146180
1078312389
1078478599
1078644808
1078811018
1078977227
1079143437
1079309647
1079486937
1079653146
1079819356
1079985565
1080151775
1080317985
1080484194
1080650404
1080816613
1080982823
1081149033
1081315242
1081481452
1081647661
1081813871
1081980081
1082146290
1082312500
1082478709
1082644919
1082811128
1082977338
1083143548
1083309758
1083475967
1083653257
1083819467
1083985677
1084151886
1084318095
1084484305
1084650515
1084816724
1084982934
1085149143
1085315353
1085481563
1085647772
1085813982
1085980191
1086146401
1086312611
1086478820
1086645030
1086811239
1086977449
1087143658
1087309868
1087476078
1087653368
1087819578
1087985787
1088151996
1088318206
1088484416
1088650625
1088816835
1088983045
1089149254
1089315464
1089481674
1089647884
1089814092
1089980302
1090146512
1090312721
1090478931
1090645140
1090811350
1090977560
1091143769
1091309979
1091476188
1091653478
1091819688
1091985898
1092152107
1092318317
1092484527
1092650736
1092816946
1092983155
1093149365
1093315574
1093481784
1093647993
1093814203
1093980413
1094146622
1094312832
1094479042
1094645251
1094811461
1094977670
1095143880
1095310089
1095476299
1095653589
1095819799
1095986008
1096152218
1096318428
1096484637
1096650847
1096817057
1096983266
1097149476
1097315685
1097481895
1097648104
1097814314
1097980523
1098146733
1098312943
1098479152
1098645362
1098811572
1098977781
1099143991
1099310200
1099476410
1099653700
1099819910
1099986119
1100152329
1100318539
1100484748
1100650958
1100817167
1100983377
1101149587
1101315796
1101482006
1101648215
1101814425
1101980634
1102146844
1102313054
1102479263
1102645473
1102811682
1102977892
1103144102
1103310311
1103476521
1103653811
1103820020
1103986230
1104152439
1104318649
1104484859
1104651068
1104817278
1104983487
1105149697
1105315907
1105482116
1105648326
1105814535
1105980745
1106146954
1106313164
1106479374
1106645584
1106811793
1106978002
1107144212
1107310422
1107476631
1107653922
1107820131
1107986341
1108152550
1108318760
1108484970
1108651179
1108817389
1108983598
1109149808
1109316017
1109482227
1109648437
1109814646
1109980856
1110147065
1110313275
1110479485
1110645694
1110811904
1110978113
1111144323
1111310533
1111476742
1111642952
1111820244
1111986452
1112152661
1112318871
1112485081
1112651290
1112817501
1112983709
1113149919
1113316129
1113482338
1113648548
1113814758
1113980968
1114147177
1114313386
1114479596
1114645805
1114812016
1114978224
1115144434
1115310645
1115476853
1115643063
1115820353
1115986562
1116152772
1116318981
1116485191
1116651400
1116817610
1116983820
1117150029
1117316239
1117482448
1117648658
1117814868
1117981077
1118147287
1118313496
1118479706
1118645916
1118812126
1118978335
1119144544
1119310754
1119476964
1119643173
1119820464
1119986673
1120152883
1120319092
1120485302
1120651511
1120817721
1120983931
1121150140
1121316350
1121482559
1121648769
1121814979
1121981188
1122147398
1122313607
1122479817
1122646026
1122812236
1122978446
1123144655
1123310865
1123477074
1123643284
1123820574
1123986784
1124152994
1124319203
1124485412
1124651622
1124817832
1124984043
1125150251
1125316460
1125482670
1125648880
1125815089
1125981299
1126147508
1126313719
1126479928
1126646137
1126812347
1126978556
1127144766
1127310976
1127477185
1127643395
1127820685
1127986895
1128153104
1128319314
1128485523
1128651733
1128817942
1128984152
1129150362
1129316571
1129482781
1129648991
1129815200
1129981410
1130147619
1130313829
1130480038
1130646248
1130812457
1130978667
1131144877
1131311086
1131477296
1131643506
1131820796
1131987005
1132153215
1132319424
1132485634
1132651843
1132818053
1132984263
1133150472
1133316682
1133482891
1133649101
1133815311
1133981520
1134147730
1134313940
1134480149
1134646358
1134812568
1134978778
1135144987
1135311197
1135477406
1135643617
1135820907
1135987116
1136153326
1136319535
1136485745
1136651954
1136818164
1136984373
1137150583
1137316793
1137483002
1137649212
1137815422
1137981631
1138147841
1138314051
1138480260
1138646469
1138812679
1138978889
1139145098
1139311308
1139477517
1139643727
1139809937
1139987227
1140153436
1140319646
1140485855
1140652065
1140818274
1140984484
1141150694
1141316903
1141483113
1141649322
1141815532
1141981742
1142147951
1142314161
1142480370
1142646580
1142812790
1142979000
1143145209
1143311418
1143477628
1143643837
1143810047
1143987338
1144153547
1144319757
1144485966
1144652176
1144818385
1144984595
1145150805
1145317014
1145483224
1145649433
1145815643
1145981852
1146148062
1146314272
1146480481
1146646691
1146812900
1146979110
1147145320
1147311529
1147477739
1147643949
1147810158
1147987448
1148153658
1148319868
1148486077
1148652287
1148818496
1148984706
1149150915
1149317125
1149483335
1149649544
1149815754
1149981963
1150148173
1150314383
1150480592
1150646802
1150813011
1150979221
1151145430
1151311640
1151477850
1151644059
1151810269
1151987559
1152153769
1152319978
1152486188
1152652397
1152818607
1152984816
1153151026
1153317236
1153483445
1153649655
1153815864
1153982074
1154148284
1154314493
1154480703
1154646912
1154813122
1154979332
1155145541
1155311751
1155477960
1155644170
1155810379
1155987670
1156153880
1156320089
1156486299
1156652508
1156818717
1156984927
1157151137
1157317346
1157483556
1157649766
1157815975
1157982185
1158148394
1158314604
1158480814
1158647023
1158813233
1158979443
1159145652
1159311862
1159478071
1159644281
1159810490
1159987781
1160153990
1160320200
1160486409
1160652619
1160818829
1160985038
1161151248
1161317457
1161483667
1161649876
1161816086
1161982296
1162148505
1162314715
1162480924
1162647134
1162813344
1162979553
1163145763
1163311972
1163478182
1163644392
1163810601
1163987891
1164154101
1164320310
1164486520
1164652729
1164818939
1164985149
1165151358
1165317568
1165483778
1165649987
1165816197
1165982406
1166148616
1166314825
1166481035
1166647244
1166813454
1166979664
1167145873
1167312083
1167478292
1167644502
1167810712
1167976921
1168154212
1168320421
1168486631
1168652840
1168819050
1168985259
1169151469
1169317679
1169483888
1169650098
1169816308
1169982517
1170148727
1170314936
1170481146
1170647355
1170813565
1170979774
1171145984
1171312194
1171478403
1171644613
1171810823
1171977032
1172154324
1172320532
1172486742
1172652951
1172819160
1172985370
1173151579
1173317789
1173483998
1173650210
1173816418
1173982628
1174148838
1174315047
1174481257
1174647468
1174813676
1174979885
1175146095
1175312305
1175478514
1175644724
1175810934
1175977143
1176154433
1176320642
1176486852
1176653062
1176819271
1176985481
1177151690
1177317900
1177484109
1177650320
1177816529
1177982738
1178148948
1178315157
1178481367
1178647578
1178813786
1178979996
1179146205
1179312415
1179478625
1179644835
1179811044
1179977253
1180154544
1180320753
1180486963
1180653173
1180819382
1180985592
1181151801
1181318011
1181484221
1181650430
1181816640
1181982849
1182149059
1182315268
1182481478
1182647688
1182813897
1182980107
1183146316
1183312526
1183478736
1183644945
1183811155
1183977364
1184154655
1184320864
1184487074
1184653283
1184819493
1184985702
1185151912
1185318122
1185484331
1185650541
1185816750
1185982960
1186149170
1186315379
1186481589
1186647798
1186814008
1186980218
1187146427
1187312637
1187478846
1187645056
1187811265
1187977475
1188154765
1188320975
1188487184
1188653394
1188819603
1188985813
1189152023
1189318232
1189484442
1189650651
1189816861
1189983071
1190149280
1190315490
1190481699
1190647909
1190814119
1190980328
1191146538
1191312747
1191478957
1191645166
1191811376
1191977585
1192143795
1192321086
1192487295
1192653504
1192819714
1192985924
1193152133
1193318343
1193484552
1193650763
1193816972
1193983181
1194149391
1194315601
1194481810
1194648020
1194814229
1194980439
1195146648
1195312858
1195479067
1195645277
1195811487
1195977696
1196143906
1196321196
1196487406
1196653615
1196819825
1196986036
1197152244
1197318454
1197484663
1197650873
1197817082
1197983292
1198149501
1198315711
1198481921
1198648131
1198814340
1198980550
1199146759
1199312969
1199479178
1199645388
1199811598
1199977807
1200144017
1200321307
1200487517
1200653726
1200819936
1200986145
1201152355
1201318564
1201484774
1201650984
1201817193
1201983403
1202149612
1202315822
1202482031
1202648241
1202814451
1202980661
1203146870
1203313080
1203479289
1203645499
1203811708
1203977918
1204144127
1204321418
1204487627
1204653837
1204820046
1204986256
1205152466
1205318675
1205484885
1205651095
1205817304
1205983514
1206149723
1206315933
1206482142
1206648352
1206814561
1206980771
1207146981
1207313190
1207479400
1207645610
1207811819
1207978029
1208144238
1208321529
1208487738
1208653948
1208820157
1208986367
1209152576
1209318786
1209484995
1209651206
1209817415
1209983624
1210149834
1210316044
1210482253
1210648463
1210814672
1210980882
1211147092
1211313301
1211479511
1211645720
1211811930
1211978139
1212144349
1212321639
1212487849
1212654058
1212820268
1212986477
1213152687
1213318897
1213485106
1213651316
1213817525
1213983735
1214149945
1214316154
1214482364
1214648573
1214814783
1214980992
1215147202
1215313412
1215479621
1215645831
1215812040
1215978250
1216144460
1216321750
1216487960
1216654169
1216820379
1216986588
1217152798
1217319007
1217485217
1217651427
1217817636
1217983846
1218150056
1218316265
1218482475
1218648684
1218814894
1218981104
1219147313
1219313523
1219479732
1219645942
1219812151
1219978361
1220144570
1220310780
1220488070
1220654280
1220820490
1220986699
1221152909
1221319119
1221485328
1221651538
1221817747
1221983957
1222150166
1222316376
1222482586
1222648795
1222815004
1222981214
1223147424
1223313634
1223479843
1223646053
1223812262
1223978472
1224144681
1224310892
1224488181
1224654391
1224820600
1224986810
1225153019
1225319229
1225485439
1225651648
1225817858
1225984067
1226150277
1226316487
1226482696
1226648906
1226815115
1226981325
1227147534
1227313744
1227479954
1227646163
1227812373
1227978582
1228144792
1228311002
1228488292
1228654501
1228820711
1228986920
1229153130
1229319340
1229485549
1229651759
1229817969
1229984178
1230150388
1230316597
1230482807
1230649016
1230815226
1230981436
1231147645
1231313855
1231480064
1231646274
1231812483
1231978693
1232144903
1232311112
1232488404
1232654612
1232820822
1232987032
1233153241
1233319452
1233485661
1233651870
1233818080
1233984289
1234150499
1234316708
1234482919
1234649127
1234815338
1234981547
1235147756
1235313966
1235480176
1235646385
1235812594
1235978804
1236145014
1236311223
1236488513
1236654723
1236820932
1236987142
1237153351
1237319561
1237485771
1237651980
1237818190
1237984399
1238150609
1238316819
1238483029
1238649238
1238815447
1238981657
1239147867
1239314076
1239480286
1239646495
1239812705
1239978914
1240145124
1240311334
1240488624
1240654833
1240821043
1240987253
1241153463
1241319672
1241485881
1241652091
1241818301
1241984510
1242150720
1242316929
1242483139
1242649349
1242815558
1242981768
1243147978
1243314187
1243480397
1243646606
1243812816
1243979025
1244145235
1244311445
1244488735
1244654945
1244821154
1244987363
1245153573
1245319783
1245485992
1245652202
1245818412
1245984621
1246150831
1246317040
1246483250
1246649460
1246815669
1246981878
1247148088
1247314298
1247480507
1247646717
1247812926
1247979136
1248145346
1248311555
1248477765
1248655055
1248821265
1248987474
1249153684
1249319894
1249486103
1249652313
1249818522
1249984732
1250150941
1250317151
1250483361
1250649570
1250815780
1250981989
1251148199
1251314408
1251480618
1251646828
1251813037
1251979247
1252145456
1252311666
1252477876
1252655166
1252821375
1252987585
1253153795
1253320004
1253486214
1253652423
1253818633
1253984842
1254151052
1254317262
1254483471
1254649681
1254815891
1254982100
1255148310
1255314519
1255480729
1255646939
1255813148
1255979358
1256145567
1256311777
1256477986
1256655277
1256821487
1256987696
1257153906
1257320115
1257486325
1257652534
1257818744
1257984953
1258151163
1258317373
1258483582
1258649792
1258816001
1258982211
1259148421
1259314630
1259480840
1259647049
1259813259
1259979469
1260145678
1260311888
1260478097
1260655387
1260821598
1260987806
1261154016
1261320226
1261486435
1261652645
1261818854
1261985064
1262151273
1262317483
1262483693
1262649902
1262816112
1262982321
1263148531
1263314741
1263480950
1263647160
1263813370
1263979579
1264145789
1264311999
1264478208
1264655498
1264821708
1264987918
1265154127
1265320337
1265486546
1265652756
1265818965
1265985175
1266151385
1266317594
1266483804
1266650013
1266816223
1266982433
1267148642
1267314852
1267481061
1267647272
1267813480
1267979690
1268145900
1268312109
1268478319
1268655609
1268821819
1268988029
1269154238
1269320447
1269486657
1269652867
1269819076
1269985286
1270151495
1270317705
1270483915
1270650124
1270816334
1270982543
1271148753
1271314962
1271481172
1271647381
1271813591
1271979801
1272146010
1272312220
1272478429
1272655720
1272821929
1272988139
1273154348
1273320558
1273486767
1273652977
1273819187
1273985396
1274151606
1274317815
1274484025
1274650235
1274816444
1274982654
1275148863
1275315073
1275481282
1275647492
1275813702
1275979911
1276146121
1276312330
1276478540
1276644750
1276822040
1276988250
1277154459
1277320669
1277486878
1277653088
1277819298
1277985507
1278151717
1278317927
1278484136
1278650345
1278816555
1278982765
1279148974
1279315184
1279481394
1279647603
1279813812
1279980022
1280146232
1280312441
1280478651
1280644860
1280822151
1280988360
1281154570
1281320780
1281486989
1281653199
1281819408
1281985618
1282151828
1282318037
1282484247
1282650456
1282816666
1282982876
1283149085
1283315295
1283481504
1283647714
1283813924
1283980133
1284146343
1284312552
1284478762
1284644971
1284822261
1284988471
1285154681
1285320890
1285487100
1285653309
1285819519
1285985728
1286151938
1286318148
1286484357
1286650567
1286816776
1286982986
1287149196
1287315405
1287481615
1287647824
1287814034
1287980244
1288146453
1288312663
1288478872
1288645082
1288822372
1288988582
1289154792
1289321001
1289487211
1289653420
1289819630
1289985839
1290152049
1290318258
1290484468
1290650678
1290816887
1290983097
1291149306
1291315516
1291481726
1291647935
1291814145
1291980354
1292146564
1292312774
1292478983
1292645193
1292822483
1292988693
1293154902
1293321113
1293487322
1293653531
1293819741
1293985950
1294152160
1294318371
1294484579
1294650789
1294816999
1294983208
1295149418
1295315628
1295481837
1295648046
1295814256
1295980466
1296146675
1296312886
1296479094
1296645305
1296822593
1296988803
1297155013
1297321223
1297487432
1297653641
1297819851
1297986060
1298152270
1298318480
1298484689
1298650899
1298817109
1298983318
1299149528
1299315738
1299481947
1299648156
1299814366
1299980576
1300146785
1300312996
1300479204
1300645414
1300822704
1300988914
1301155124
1301321333
1301487543
1301653752
1301819962
1301986172
1302152381
1302318591
1302484800
1302651010
1302817220
1302983429
1303149639
1303315848
1303482058
1303648267
1303814477
1303980687
1304146896
1304313106
1304479315
1304645525
1304811735
1304989025
1305155235
1305321444
1305487654
1305653863
1305820073
1305986282
1306152492
1306318701
1306484911
1306651121
1306817330
1306983540
1307149749
1307315959
1307482169
1307648378
1307814588
1307980797
1308147007
1308313217
1308479426
1308645636
1308811845
1308989135
1309155345
1309321554
1309487764
1309653974
1309820183
1309986393
1310152602
1310318812
1310485022
1310651231
1310817441
1310983650
1311149860
1311316070
1311482279
1311648489
1311814698
1311980908
1312147117
1312313327
1312479537
1312645746
1312811956
1312989246
1313155456
1313321666
1313487875
1313654084
1313820294
1313986504
1314152713
1314318923
1314485132
1314651342
1314817552
1314983761
1315149971
1315316180
1315482390
1315648600
1315814809
1315981019
1316147229
1316313438
1316479647
1316645857
1316812067
1316989357
1317155566
1317321776
1317487986
1317654195
1317820405
1317986614
1318152824
1318319034
1318485243
1318651453
1318817663
1318983872
1319150082
1319316291
1319482501
1319648710
1319814920
1319981130
1320147339
1320313549
1320479758
1320645968
1320812178
1320989467
1321155677
1321321887
1321488096
1321654306
1321820515
1321986725
1322152935
1322319144
1322485354
1322651564
1322817773
1322983983
1323150192
1323316402
1323482612
1323648821
1323815031
1323981240
1324147450
1324313659
1324479869
1324646079
1324812288
1324989578
1325155788
1325321998
1325488207
1325654417
1325820626
1325986836
1326153046
1326319255
1326485465
1326651674
1326817884
1326984093
1327150303
1327316513
1327482722
1327648932
1327815141
1327981351
1328147561
1328313770
1328479980
1328646189
1328812399
1328978609
1329155899
1329322108
1329488318
1329654528
1329820737
1329986947
1330153156
1330319366
1330485576
1330651785
1330817995
1330984204
1331150414
1331316623
1331482833
1331649043
1331815252
1331981462
1332147672
1332313881
1332480090
1332646300
1332812510
1332978719
1333156009
1333322219
1333488429
1333654638
1333820848
1333987057
1334153267
1334319476
1334485686
1334651896
1334818106
1334984315
1335150524
1335316734
1335482943
1335649153
1335815363
1335981572
1336147782
1336313991
1336480201
1336646411
1336812621
1336978830
1337156120
1337322330
1337488540
1337654749
1337820959
1337987168
1338153378
1338319588
1338485797
1338652007
1338818216
1338984426
1339150635
1339316845
1339483055
1339649264
1339815474
1339981683
1340147893
1340314103
1340480312
1340646522
1340812731
1340978941
1341156231
1341322441
1341488650
1341654860
1341821069
1341987279
1342153489
1342319698
1342485908
1342652117
1342818327
1342984537
1343150746
1343316956
1343483165
1343649375
1343815584
1343981794
1344148004
1344314213
1344480423
1344646632
1344812842
1344979052
1345156342
1345322551
1345488761
1345654970
1345821180
1345987390
1346153599
1346319809
1346486018
1346652228
1346818437
1346984647
1347150857
1347317066
1347483276
1347649485
1347815695
1347981905
1348148114
1348314324
1348480533
1348646743
1348812953
1348979163
1349156452
1349322662
1349488872
1349655081
1349821291
1349987501
1350153710
1350319920
1350486129
1350652339
1350818549
1350984758
1351150968
1351317177
1351483387
1351649596
1351815806
1351982016
1352148225
1352314434
1352480644
1352646854
1352813063
1352979273
1353156565
1353322774
1353488983
1353655192
1353821402
1353987611
1354153823
1354320031
1354486240
1354652450
1354818659
1354984869
1355151080
1355317289
1355483498
1355649707
1355815917
1355982126
1356148338
1356314546
1356480755
1356646965
1356813174
1356979384
1357145595
1357322883
1357489093
1357655303
1357821512
1357987722
1358153932
1358320141
1358486351
1358652561
1358818770
1358984979
1359151190
1359317399
1359483608
1359649818
1359816027
1359982237
1360148447
1360314656
1360480866
1360647075
1360813285
1360979494
1361145704
1361322994
1361489204
1361655414
1361821623
1361987833
1362154042
1362320252
1362486462
1362652671
1362818881
1362985090
1363151300
1363317510
1363483719
1363649929
1363816138
1363982348
1364148557
1364314767
1364480976
1364647186
1364813396
1364979605
1365145815
1365323106
1365489315
1365655524
1365821734
1365987944
1366154153
1366320363
1366486572
1366652782
1366818991
1366985201
1367151411
1367317620
1367483830
1367650039
1367816249
1367982459
1368148668
1368314878
1368481087
1368647297
1368813507
1368979716
1369145926
1369323216
1369489425
1369655635
1369821845
1369988054
1370154264
1370320474
1370486683
1370652892
1370819102
1370985312
1371151521
1371317731
1371483940
1371650150
1371816360
1371982569
1372148779
1372314989
1372481198
1372647408
1372813617
1372979827
1373146036
1373323327
1373489536
1373655746
1373821955
1373988165
1374154375
1374320584
1374486794
1374653003
1374819213
1374985423
1375151632
1375317842
1375484051
1375650261
1375816470
1375982680
1376148890
1376315099
1376481309
1376647518
1376813728
1376979938
1377146147
1377323438
1377489647
1377655857
1377822066
1377988276
1378154486
1378320695
1378486905
1378653114
1378819324
1378985533
1379151743
1379317953
1379484162
1379650372
1379816581
1379982791
1380149000
1380315210
1380481420
1380647630
1380813839
1380980048
1381146258
1381323548
1381489758
1381655967
1381822177
1381988386
1382154596
1382320805
1382487015
1382653225
1382819434
1382985644
1383151854
1383318063
1383484273
1383650482
1383816692
1383982902
1384149111
1384315321
1384481530
1384647741
1384813949
1384980159
1385146369
1385312578
1385489868
1385656078
1385822288
1385988497
1386154707
1386320917
1386487126
1386653336
1386819545
1386985755
1387151964
1387318174
1387484384
1387650593
1387816803
1387983012
1388149222
1388315431
1388481641
1388647851
1388814060
1388980270
1389146479
1389312689
1389489979
1389656189
1389822398
1389988608
1390154818
1390321027
1390487237
1390653447
1390819656
1390985866
1391152075
1391318285
1391484494
1391650704
1391816913
1391983123
1392149333
1392315542
1392481752
1392647962
1392814171
1392980381
1393146590
1393312800
1393490090
1393656300
1393822509
1393988719
1394154928
1394321138
1394487347
1394653557
1394819767
1394985976
1395152186
1395318395
1395484605
1395650815
1395817024
1395983234
1396149443
1396315653
1396481862
1396648072
1396814282
1396980491
1397146701
1397312910
1397490201
1397656410
1397822620
1397988829
1398155039
1398321249
1398487458
1398653668
1398819878
1398986087
1399152297
1399318506
1399484716
1399650925
1399817135
1399983345
1400149554
1400315763
1400481973
1400648183
1400814392
1400980602
1401146812
1401313021
1401490312
1401656521
1401822731
1401988940
1402155150
1402321359
1402487569
1402653779
1402819988
1402986198
1403152407
1403318617
1403484827
1403651036
1403817246
1403983456
1404149665
1404315875
1404482084
1404648294
1404814503
1404980713
1405146922
1405313132
1405490422
1405656632
1405822841
1405989051
1406155260
1406321470
1406487680
1406653889
1406820099
1406986309
1407152518
1407318728
1407484937
1407651147
1407817356
1407983566
1408149775
1408315985
1408482195
1408648404
1408814614
1408980824
1409147033
1409313243
1409490533
1409656742
1409822952
1409989162
1410155371
1410321581
1410487790
1410654000
1410820210
1410986419
1411152629
1411318838
1411485048
1411651258
1411817467
1411983677
1412149886
1412316096
1412482305
1412648515
1412814725
1412980934
1413147144
1413313353
1413479563
1413656853
1413823063
1413989274
1414155482
1414321693
1414487901
1414654111
1414820320
1414986531
1415152740
1415318949
1415485159
1415651369
1415817578
1415983789
1416149997
1416316207
1416482417
1416648626
1416814836
1416981047
1417147255
1417313464
1417479674
1417656964
1417823173
1417989384
1418155592
1418321802
1418488012
1418654221
1418820431
1418986640
1419152850
1419319059
1419485269
1419651479
1419817688
1419983899
1420150107
1420316317
1420482526
1420648736
1420814946
1420981155
1421147365
1421313574
1421479784
1421657074
1421823284
1421989494
1422155703
1422321913
1422488122
1422654332
1422820542
1422986751
1423152961
1423319170
1423485380
1423651590
1423817799
1423984009
1424150218
1424316428
1424482638
1424648847
1424815057
1424981267
1425147476
1425313685
1425479895
1425657185
1425823395
1425989604
1426155814
1426322024
1426488233
1426654443
1426820652
1426986862
1427153072
1427319281
1427485491
1427651700
1427817910
1427984119
1428150329
1428316539
1428482748
1428648958
1428815167
1428981377
1429147587
1429313796
1429480006
1429657296
1429823505
1429989714
1430155924
1430322133
1430488343
1430654552
1430820762
1430986972
1431153181
1431319391
1431485600
1431651810
1431818019
1431984229
1432150439
1432316648
1432482858
1432649067
1432815277
1432981486
1433147696
1433313906
1433480115
1433657406
1433823616
1433989826
1434156035
1434322245
1434488454
1434654664
1434820874
1434987083
1435153293
1435319502
1435485712
1435651921
1435818131
1435984341
1436150550
1436316760
1436482969
1436649179
1436815388
1436981598
1437147808
1437314017
1437480227
1437646436
1437823727
1437989936
1438156146
1438322356
1438488565
1438654775
1438820984
1438987194
1439153403
1439319613
1439485822
1439652032
1439818241
1439984451
1440150661
1440316870
1440483080
1440649289
1440815499
1440981709
1441147918
1441314128
1441480338
1441646547
1441823837
1441990046
1442156256
1442322466
1442488675
1442654885
1442821094
1442987304
1443153513
1443319723
1443485933
1443652142
1443818352
1443984562
1444150771
1444316981
1444483190
1444649400
1444815609
1444981819
1445148029
1445314239
1445480448
1445646657
1445823948
1445990157
1446156367
1446322577
1446488786
1446654996
1446821205
1446987415
1447153624
1447319834
1447486044
1447652253
1447818463
1447984672
1448150882
1448317091
1448483301
1448649511
1448815720
1448981930
1449148139
1449314349
1449480558
1449646768
1449824058
1449990268
1450156477
1450322687
1450488897
1450655106
1450821316
1450987525
1451153735
1451319945
1451486154
1451652364
1451818573
1451984783
1452150992
1452317202
1452483412
1452649621
1452815831
1452982040
1453148250
1453314459
1453480669
1453646879
1453824169
1453990378
1454156588
1454322797
1454489007
1454655217
1454821426
1454987636
1455153845
1455320055
1455486265
1455652474
1455818684
1455984893
1456151103
1456317312
1456483522
1456649732
1456815941
1456982151
1457148360
1457314570
1457480780
1457646989
1457824280
1457990489
1458156699
1458322908
1458489118
1458655327
1458821537
1458987747
1459153956
1459320166
1459486376
1459652585
1459818794
1459985004
1460151213
1460317423
1460483633
1460649843
1460816052
1460982262
1461148471
1461314681
1461480890
1461647100
1461824390
1461990600
1462156809
1462323019
1462489228
1462655440
1462821647
1462987857
1463154067
1463320276
1463486486
1463652696
1463818905
1463985115
1464151324
1464317534
1464483743
1464649953
1464816163
1464982372
1465148582
1465314791
1465481001
1465647211
1465813420
1465990710
1466156920
1466323129
1466489339
1466655549
1466821758
1466987968
1467154177
1467320387
1467486596
1467652806
1467819016
1467985225
1468151435
1468317644
1468483854
1468650064
1468816273
1468982483
1469148692
1469314902
1469481111
1469647321
1469813531
1469990821
1470157031
1470323240
1470489450
1470655659
1470821869
1470988079
1471154288
1471320498
1471486707
1471652917
1471819126
1471985336
1472151546
1472317755
1472483965
1472650174
1472816384
1472982594
1473148803
1473315013
1473481222
1473647432
1473813642
1473990932
1474157142
1474323351
1474489561
1474655770
1474821982
1474988190
1475154399
1475320609
1475486818
1475653028
1475819239
1475985447
1476151656
1476317866
1476484076
1476650285
1476816496
1476982705
1477148914
1477315124
1477481333
1477647543
1477813754
1477991042
1478157252
1478323461
1478489671
1478655880
1478822090
1478988300
1479154509
1479320719
1479486928
1479653138
1479819348
1479985557
1480151767
1480317976
1480484186
1480650395
1480816606
1480982815
1481149024
1481315234
1481481443
1481647653
1481813863
1481991153
1482157363
1482323572
1482489782
1482655991
1482822201
1482988410
1483154620
1483320830
1483487039
1483653249
1483819458
1483985668
1484151878
1484318087
1484484297
1484650506
1484816716
1484982926
1485149135
1485315345
1485481554
1485647764
1485813974
1485991264
1486157474
1486323683
1486489892
1486656102
1486822311
1486988521
1487154731
1487320940
1487487150
1487653359
1487819569
1487985779
1488151988
1488318198
1488484407
1488650617
1488816827
1488983036
1489149246
1489315455
1489481665
1489647874
1489814084
1489991374
1490157584
1490323794
1490490003
1490656213
1490822422
1490988632
1491154841
1491321051
1491487261
1491653470
1491819680
1491985890
1492152099
1492318308
1492484518
1492650727
1492816937
1492983147
1493149357
1493315566
1493481775
1493647985
1493814195
1493980405
1494157695
1494323904
1494490114
1494656323
1494822533
1494988742
1495154952
1495321162
1495487371
1495653581
1495819790
1495986000
1496152210
1496318419
1496484629
1496650838
1496817048
1496983258
1497149467
1497315677
1497481886
1497648096
1497814306
1497980515
1498157805
1498324015
1498490225
1498656434
1498822644
1498988853
1499155063
1499321272
1499487482
1499653692
1499819901
1499986111
