11080
22161
33241
44322
55403
66483
77564
88645
99726
110806
121887
132967
144048
155129
166209
177290
188371
199451
210532
221612
232693
243774
254854
265935
277016
288096
299177
310258
321338
332419
343500
354580
365661
376742
387822
398903
409984
421064
432145
443226
454306
465387
476468
487548
498629
509710
520790
531871
542952
554032
565113
576193
587274
598355
609435
620516
631597
642678
653758
664839
675920
687000
698081
709161
720242
731323
742403
753484
764565
775645
786726
797807
808887
819968
831049
842130
853210
864290
875371
886452
897532
908613
919694
930775
941855
952936
964016
975097
986178
997258
1008339
1019420
1030500
1041581
1052662
1063742
1074823
1085904
1096984
1108065
1119146
1130226
1141307
1152388
1163468
1174549
1185630
1196710
1207791
1218872
1229952
1241033
1252114
1263194
1274275
1285356
1296436
1307517
1318598
1329679
1340759
1351839
1362920
1374001
1385082
1396162
1407243
1418323
1429404
1440485
1451565
1462646
1473727
1484807
1495888
1506969
1518049
1529130
1540211
1551291
1562372
1573453
1584533
1595614
1606695
1617775
1628856
1639937
1651017
1662098
1673178
1684259
1695340
1706420
1717501
1728582
1739662
1750743
1761824
1772904
1783985
1795066
1806146
1817227
1828308
1839389
1850469
1861550
1872630
1883711
1894792
1905872
1916953
1928034
1939114
1950195
1961276
1972356
1983437
1994518
2005598
2016679
2027760
2038841
2049921
2061002
2072082
2083163
2094244
2105324
2116405
2127485
2138566
2149647
2160727
2171808
2182889
2193969
2205050
2216131
2227211
2238292
2249373
2260454
2271534
2282615
2293695
2304776
2315857
2326937
2338018
2349098
2360180
2371260
2382340
2393421
2404502
2415582
2426663
2437744
2448824
2459905
2470986
2482066
2493147
2504228
2515308
2526389
2537470
2548550
2559631
2570712
2581792
2592873
2603954
2615035
2626115
2637196
2648276
2659357
2670438
2681518
2692599
2703680
2714760
2725841
2736922
2748002
2759083
2770163
2781244
2792325
2803406
2814486
2825567
2836648
2847728
2858809
2869889
2880970
2892051
2903131
2914212
2925293
2936373
2947454
2958535
2969615
2980696
2991777
3002857
3013938
3025019
3036100
3047180
3058261
3069341
3080422
3091503
3102583
3113664
3124745
3135825
3146906
3157987
3169067
3180148
3191228
3202309
3213390
3224470
3235551
3246632
3257712
3268793
3279874
3290954
3302035
3313116
3324196
3335277
3346358
3357438
3368519
3379600
3390680
3401761
3412842
3423922
3435003
3446084
3457164
3468245
3479325
3490406
3501487
3512567
3523648
3534729
3545810
3556890
3567971
3579052
3590132
3601213
3612293
3623374
3634455
3645535
3656616
3667697
3678777
3689858
3700939
3712019
3723100
3734181
3745262
3756342
3767423
3778503
3789584
3800665
3811745
3822826
3833908
3844987
3856068
3867148
3878229
3889310
3900391
3911471
3922552
3933632
3944713
3955794
3966874
3977955
3989036
4000116
4011197
4022278
4033359
4044439
4055520
4066600
4077681
4088762
4099842
4110923
4122004
4133084
4144165
4155246
4166326
4177408
4188489
4199569
4210650
4221730
4232811
4243892
4254972
4266053
4277134
4288215
4299295
4310376
4321456
4332537
4343618
4354698
4365779
4376860
4387940
4399021
4410101
4421182
4432263
4443344
4454424
4465505
4476585
4487666
4498747
4509827
4520908
4531989
4543069
4554150
4565231
4576311
4587392
4598473
4609553
4620634
4631715
4642795
4653876
4664957
4676037
4687118
4698199
4709279
4720360
4731441
4742522
4753602
4764683
4775764
4786844
4797925
4809004
4820085
4831166
4842247
4853327
