1008340.0
1019421.0
1030501.0
1041582.0
1052663.0
1063743.0
1074824.0
1085905.0
1096985.0
1108066.0
1119147.0
1130227.0
1141308.0
1152389.0
1163469.0
1174550.0
1185631.0
1196712.0
1207792.0
1218873.0
1229953.0
1241034.0
1252114.0
1263195.0
1274276.0
1285356.0
1296437.0
1307518.0
1318599.0
1329679.0
1340761.0
1351841.0
1362921.0
1374002.0
1385083.0
1396163.0
1407244.0
1418325.0
1429405.0
1440486.0
1451567.0
1462647.0
1473728.0
1484810.0
1495889.0
1506970.0
1518051.0
1529131.0
1540212.0
1551293.0
1562373.0
1573454.0
1584534.0
1595615.0
1606696.0
1617777.0
1628857.0
1639938.0
1651019.0
1662099.0
1673180.0
1684261.0
1695341.0
1706422.0
1717503.0
1728583.0
1739664.0
1750745.0
1761825.0
1772906.0
1783987.0
1795067.0
1806148.0
1817229.0
1828309.0
1839390.0
1850471.0
1861551.0
1872632.0
1883713.0
1894793.0
1905874.0
1916954.0
1928035.0
1939116.0
1950197.0
1961277.0
1972358.0
1983439.0
1994519.0
2005601.0
2016680.0
2027761.0
2038842.0
2049923.0
2061003.0
2072084.0
2083165.0
2094245.0
2105326.0
2116406.0
2127487.0
2138568.0
2149649.0
2160729.0
2171811.0
2182891.0
2193971.0
2205052.0
2216133.0
2227213.0
2238294.0
2249375.0
2260455.0
2271536.0
2282617.0
2293697.0
2304778.0
2315859.0
2326939.0
2338020.0
2349101.0
2360181.0
2371262.0
2382343.0
2393423.0
2404504.0
2415585.0
2426665.0
2437746.0
2448827.0
2459907.0
2470988.0
2482069.0
2493149.0
2504230.0
2515311.0
2526391.0
2537472.0
2548553.0
2559633.0
2570714.0
2581795.0
2592876.0
2603956.0
2615037.0
2626117.0
2637198.0
2648279.0
2659359.0
2670441.0
2681521.0
2692601.0
2703682.0
2714763.0
2725844.0
2736924.0
2748005.0
2759085.0
2770166.0
2781247.0
2792327.0
2803408.0
2814488.0
2825569.0
2836650.0
2847731.0
2858812.0
2869892.0
2880973.0
2892053.0
2903134.0
2914215.0
2925295.0
2936376.0
2947457.0
2958537.0
2969618.0
2980699.0
2991779.0
3002860.0
3013941.0
3025021.0
3036102.0
3047183.0
3058263.0
3069344.0
3080425.0
3091505.0
3102586.0
3113667.0
3124748.0
3135829.0
3146909.0
3157989.0
3169071.0
3180151.0
3191231.0
3202312.0
3213393.0
3224473.0
3235554.0
3246635.0
3257716.0
3268796.0
3279877.0
3290957.0
3302038.0
3313119.0
3324199.0
3335280.0
3346361.0
3357441.0
3368522.0
3379603.0
3390684.0
3401764.0
3412845.0
3423925.0
3435006.0
3446087.0
3457167.0
3468248.0
3479329.0
3490409.0
3501490.0
3512571.0
3523651.0
3534732.0
3545813.0
3556893.0
3567974.0
3579055.0
3590135.0
3601216.0
3612297.0
3623377.0
3634458.0
3645538.0
3656619.0
3667700.0
3678781.0
3689861.0
3700942.0
3712023.0
3723104.0
3734184.0
3745265.0
3756346.0
3767426.0
3778507.0
3789587.0
3800668.0
3811749.0
3822830.0
3833910.0
3844991.0
3856072.0
3867152.0
3878233.0
3889313.0
3900394.0
3911475.0
3922555.0
3933636.0
3944717.0
3955797.0
3966879.0
3977959.0
3989040.0
4000123.0
4011202.0
4022281.0
4033362.0
4044443.0
4055523.0
4066604.0
4077685.0
4088765.0
4099846.0
4110927.0
4122008.0
4133088.0
4144169.0
4155249.0
4166332.0
4177411.0
4188492.0
4199572.0
4210653.0
4221733.0
4232814.0
4243895.0
4254976.0
4266056.0
4277137.0
4288217.0
4299298.0
4310379.0
4321460.0
4332540.0
4343621.0
4354701.0
4365782.0
4376863.0
4387944.0
4399024.0
4410105.0
4421186.0
4432266.0
4443347.0
4454428.0
4465508.0
4476590.0
4487669.0
4498750.0
4509831.0
4520911.0
4531992.0
4543073.0
4554154.0
4565234.0
4576315.0
4587396.0
4598476.0
4609557.0
4620638.0
4631718.0
4642799.0
4653880.0
4664960.0
4676041.0
4687122.0
4698202.0
4709283.0
4720364.0
4731444.0
4742525.0
4753606.0
4764686.0
4775767.0
4786847.0
4797928.0
4809009.0
4820089.0
4831170.0
4842251.0
4853331.0
4864412.0
4875493.0
4886574.0
4897654.0
4908735.0
4919815.0
4930896.0
4941977.0
4953058.0
4964138.0
4975219.0
4986300.0
4997380.0
5008461.0
5019541.0
5030622.0
5041703.0
5052784.0
5063864.0
5074945.0
5086026.0
5097106.0
5108187.0
5119267.0
5130348.0
5141429.0
5152510.0
5163592.0
5174672.0
5185752.0
5196832.0
5207913.0
5218993.0
5230074.0
5241155.0
5252236.0
5263316.0
5274397.0
5285478.0
5296558.0
5307639.0
5318720.0
5329800.0
5340881.0
5351961.0
5363042.0
5374124.0
5385204.0
5396284.0
5407365.0
5418446.0
5429526.0
5440607.0
5451688.0
5462768.0
5473849.0
5484930.0
5496011.0
5507091.0
5518172.0
5529252.0
5540333.0
5551413.0
5562494.0
5573575.0
5584656.0
5595736.0
5606817.0
5617898.0
5628978.0
5640059.0
5651139.0
5662221.0
5673301.0
5684382.0
5695462.0
5706543.0
5717624.0
5728704.0
5739785.0
5750865.0
5761946.0
5773027.0
5784108.0
5795188.0
5806269.0
5817350.0
5828432.0
5839511.0
5850591.0
5861672.0
5872753.0
5883834.0
5894914.0
5905995.0
5917076.0
5928156.0
5939237.0
5950318.0
5961398.0
5972479.0
5983559.0
5994641.0
6005721.0
6016802.0
6027883.0
6038963.0
6050044.0
6061124.0
6072205.0
6083286.0
6094366.0
6105447.0
6116528.0
6127608.0
6138689.0
6149770.0
6160851.0
6171931.0
6183011.0
6194092.0
6205173.0
6216254.0
6227334.0
6238415.0
6249496.0
6260576.0
6271657.0
6282738.0
6293818.0
6304899.0
6315980.0
6327061.0
6338142.0
6349222.0
6360302.0
6371383.0
6382464.0
6393544.0
6404625.0
6415706.0
6426786.0
6437867.0
6448948.0
6460028.0
6471109.0
6482190.0
6493270.0
6504351.0
6515432.0
6526512.0
6537593.0
6548674.0
6559754.0
6570835.0
6581916.0
6592996.0
6604077.0
6615158.0
6626238.0
6637319.0
6648400.0
6659481.0
6670561.0
6681642.0
6692722.0
6703803.0
6714884.0
6725964.0
6737045.0
6748126.0
6759206.0
6770287.0
6781368.0
6792448.0
6803529.0
6814610.0
6825691.0
6836771.0
6847852.0
6858932.0
6870013.0
6881094.0
6892174.0
6903255.0
6914336.0
6925416.0
6936497.0
6947578.0
6958659.0
6969740.0
6980820.0
6991901.0
7002981.0
7014062.0
7025142.0
7036223.0
7047304.0
7058384.0
7069465.0
7080546.0
7091626.0
7102707.0
7113788.0
7124868.0
7135949.0
7147030.0
7158111.0
7169191.0
7180272.0
7191352.0
7202433.0
7213514.0
7224594.0
7235675.0
7246756.0
7257836.0
7268917.0
7279998.0
7291078.0
7302159.0
7313240.0
7324321.0
7335401.0
7346482.0
7357562.0
7368643.0
7379724.0
7390804.0
7401885.0
7412966.0
7424046.0
7435127.0
7446208.0
7457288.0
7468369.0
7479450.0
7490530.0
7501611.0
7512692.0
7523772.0
7534853.0
7545934.0
7557015.0
7568095.0
7579176.0
7590256.0
7601337.0
7612418.0
7623499.0
7634579.0
7645660.0
7656741.0
7667821.0
7678902.0
7689983.0
7701063.0
7712144.0
7723224.0
7734305.0
7745386.0
7756467.0
7767547.0
7778628.0
7789708.0
7800789.0
7811870.0
7822950.0
7834031.0
7845112.0
7856193.0
7867273.0
7878354.0
7889435.0
7900515.0
7911596.0
7922677.0
7933757.0
7944838.0
7955919.0
7966999.0
7978080.0
7989162.0
8000241.0
8011322.0
8022403.0
8033483.0
8044564.0
8055645.0
8066725.0
8077806.0
8088886.0
8099967.0
8111048.0
8122129.0
8133209.0
8144290.0
8155372.0
8166452.0
8177532.0
8188613.0
8199693.0
8210774.0
8221855.0
8232935.0
8244016.0
8255097.0
8266177.0
8277258.0
8288338.0
8299419.0
8310500.0
8321581.0
8332661.0
8343742.0
8354823.0
8365903.0
8376984.0
8388065.0
8399145.0
8410226.0
8421307.0
8432387.0
8443468.0
8454549.0
8465629.0
8476710.0
8487791.0
8498872.0
8509952.0
8521033.0
8532113.0
8543194.0
8554275.0
8565356.0
8576436.0
8587517.0
8598597.0
8609678.0
8620758.0
8631839.0
8642920.0
8654001.0
8665081.0
8676162.0
8687243.0
8698323.0
8709404.0
8720485.0
8731565.0
8742646.0
8753727.0
8764808.0
8775888.0
8786969.0
8798049.0
8809130.0
8820211.0
8831291.0
8842372.0
8853453.0
8864533.0
8875614.0
8886695.0
8897775.0
8908856.0
8919936.0
8931017.0
8942098.0
8953179.0
8964260.0
8975340.0
8986421.0
8997501.0
9008582.0
9019663.0
9030743.0
9041824.0
9052905.0
9063985.0
9075066.0
9086147.0
9097227.0
9108308.0
9119389.0
9130469.0
9141550.0
9152632.0
9163712.0
9174792.0
9185873.0
9196953.0
9208034.0
9219115.0
9230195.0
9241276.0
9252357.0
9263437.0
9274518.0
9285599.0
9296679.0
9307760.0
9318841.0
9329921.0
9341002.0
9352083.0
9363163.0
9374244.0
9385325.0
9396405.0
9407486.0
9418567.0
9429648.0
9440728.0
9451809.0
9462889.0
9473970.0
9485051.0
9496131.0
9507212.0
9518293.0
9529374.0
9540454.0
9551535.0
9562615.0
9573696.0
9584777.0
9595857.0
9606938.0
9618019.0
9629100.0
9640180.0
9651261.0
9662341.0
9673422.0
9684503.0
9695583.0
9706664.0
9717745.0
9728825.0
9739906.0
9750987.0
9762067.0
9773148.0
9784229.0
9795309.0
9806390.0
9817473.0
9828551.0
9839632.0
9850713.0
9861793.0
9872874.0
9883955.0
9895035.0
9906116.0
9917197.0
9928277.0
9939358.0
9950439.0
9961520.0
9972600.0
