8.0
8.0
6.0
10.0
6.0
6.0
522.0
636.0
3.0
1.0
3.0
1.0
1.0
201.0
971.0
9.0
9.0
5.0
7.0
4.0
4.0
501.0
681.0
1.0
1.0
3.0
2.0
0.0
90.0
0.0
17.0
5.0
6.0
9.0
11.0
9.0
467.0
726.0
2.0
4.0
4.0
4.0
7.0
54.0
1118.0
28.0
7.0
5.0
8.0
6.0
3.0
418.0
756.0
6.0
7.0
6.0
3.0
4.0
38.0
1103.0
36.0
7.0
4.0
6.0
10.0
6.0
372.0
787.0
3.0
4.0
6.0
3.0
1.0
27.0
1091.0
47.0
5.0
8.0
4.0
9.0
12.0
341.0
826.0
2.0
4.0
4.0
3.0
3.0
16.0
0.0
67.0
5.0
9.0
12.0
7.0
5.0
312.0
879.0
5.0
5.0
7.0
7.0
7.0
11.0
1109.0
97.0
7.0
7.0
8.0
8.0
4.0
287.0
929.0
3.0
7.0
5.0
4.0
5.0
7.0
1084.0
125.0
7.0
5.0
4.0
6.0
6.0
249.0
968.0
5.0
2.0
4.0
6.0
1.0
5.0
1054.0
153.0
5.0
6.0
8.0
7.0
7.0
217.0
974.0
5.0
8.0
5.0
6.0
6.0
5.0
0.0
187.0
4.0
8.0
9.0
8.0
7.0
173.0
989.0
3.0
5.0
6.0
5.0
7.0
5.0
947.0
209.0
2.0
6.0
4.0
5.0
6.0
145.0
1024.0
5.0
5.0
7.0
4.0
4.0
5.0
926.0
257.0
4.0
7.0
5.0
8.0
5.0
115.0
1075.0
2.0
3.0
6.0
3.0
4.0
3.0
907.0
294.0
8.0
11.0
10.0
6.0
6.0
91.0
1098.0
27.0
6.0
5.0
5.0
5.0
6.0
0.0
353.0
7.0
5.0
7.0
11.0
9.0
77.0
1029.0
119.0
7.0
6.0
2.0
7.0
6.0
822.0
383.0
8.0
14.0
5.0
9.0
7.0
49.0
953.0
192.0
8.0
9.0
6.0
4.0
7.0
764.0
409.0
6.0
5.0
23.0
8.0
5.0
39.0
907.0
255.0
3.0
1.0
4.0
4.0
2.0
743.0
446.0
7.0
7.0
22.0
3.0
8.0
26.0
870.0
321.0
5.0
3.0
3.0
1.0
2.0
0.0
507.0
4.0
7.0
17.0
5.0
6.0
22.0
857.0
380.0
2.0
2.0
2.0
4.0
5.0
689.0
573.0
6.0
4.0
22.0
9.0
11.0
21.0
843.0
445.0
5.0
7.0
3.0
3.0
3.0
647.0
660.0
2.0
5.0
19.0
6.0
5.0
14.0
823.0
500.0
6.0
6.0
2.0
5.0
7.0
600.0
704.0
7.0
8.0
10.0
10.0
10.0
13.0
748.0
540.0
8.0
11.0
6.0
5.0
9.0
0.0
742.0
6.0
5.0
10.0
11.0
8.0
10.0
678.0
581.0
5.0
5.0
6.0
9.0
4.0
446.0
805.0
6.0
10.0
11.0
3.0
7.0
9.0
630.0
631.0
4.0
5.0
3.0
5.0
2.0
360.0
904.0
8.0
6.0
7.0
5.0
7.0
6.0
601.0
684.0
9.0
4.0
5.0
10.0
6.0
263.0
1038.0
8.0
5.0
8.0
7.0
5.0
9.0
570.0
747.0
5.0
2.0
7.0
8.0
6.0
0.0
1193.0
10.0
5.0
7.0
5.0
5.0
4.0
533.0
802.0
4.0
4.0
5.0
5.0
8.0
79.0
1215.0
20.0
6.0
11.0
6.0
3.0
10.0
459.0
824.0
5.0
6.0
7.0
6.0
3.0
59.0
1185.0
31.0
4.0
4.0
3.0
7.0
8.0
407.0
851.0
3.0
7.0
5.0
7.0
3.0
43.0
1183.0
43.0
4.0
4.0
8.0
6.0
4.0
380.0
876.0
5.0
5.0
4.0
6.0
7.0
0.0
1167.0
64.0
4.0
3.0
4.0
8.0
6.0
333.0
926.0
3.0
5.0
6.0
9.0
9.0
19.0
1167.0
93.0
8.0
9.0
8.0
12.0
7.0
296.0
993.0
8.0
7.0
7.0
8.0
6.0
8.0
1183.0
114.0
10.0
6.0
6.0
9.0
10.0
269.0
1046.0
4.0
5.0
5.0
1.0
6.0
9.0
1154.0
142.0
5.0
12.0
9.0
10.0
10.0
233.0
1045.0
5.0
7.0
7.0
9.0
8.0
0.0
1088.0
175.0
7.0
7.0
7.0
8.0
8.0
199.0
1066.0
4.0
6.0
3.0
7.0
6.0
4.0
1049.0
214.0
3.0
6.0
4.0
5.0
4.0
172.0
1082.0
8.0
3.0
3.0
5.0
7.0
3.0
996.0
261.0
4.0
3.0
5.0
5.0
5.0
137.0
1128.0
4.0
6.0
5.0
2.0
6.0
5.0
987.0
300.0
7.0
4.0
4.0
6.0
13.0
103.0
1187.0
18.0
4.0
5.0
3.0
6.0
0.0
957.0
346.0
5.0
5.0
11.0
6.0
4.0
76.0
1137.0
107.0
5.0
1.0
3.0
2.0
5.0
918.0
388.0
9.0
8.0
11.0
5.0
8.0
60.0
1039.0
188.0
8.0
4.0
7.0
7.0
5.0
853.0
412.0
7.0
6.0
4.0
4.0
8.0
39.0
971.0
252.0
7.0
7.0
2.0
4.0
5.0
802.0
462.0
10.0
8.0
8.0
4.0
3.0
26.0
926.0
307.0
9.0
3.0
4.0
8.0
0.0
760.0
500.0
4.0
5.0
7.0
8.0
9.0
23.0
873.0
376.0
3.0
6.0
2.0
7.0
4.0
721.0
551.0
9.0
9.0
11.0
10.0
10.0
16.0
851.0
438.0
7.0
8.0
6.0
1.0
2.0
678.0
629.0
7.0
12.0
12.0
6.0
8.0
8.0
823.0
493.0
6.0
2.0
2.0
5.0
6.0
612.0
690.0
6.0
7.0
7.0
8.0
2.0
6.0
760.0
543.0
2.0
1.0
5.0
4.0
0.0
546.0
734.0
11.0
7.0
7.0
10.0
11.0
6.0
697.0
577.0
5.0
7.0
7.0
5.0
9.0
463.0
798.0
4.0
10.0
7.0
4.0
6.0
8.0
646.0
615.0
4.0
5.0
5.0
3.0
5.0
382.0
875.0
3.0
8.0
5.0
5.0
7.0
4.0
599.0
666.0
7.0
8.0
7.0
8.0
7.0
277.0
1001.0
10.0
7.0
12.0
10.0
7.0
10.0
562.0
736.0
6.0
4.0
7.0
5.0
0.0
158.0
1149.0
9.0
5.0
7.0
9.0
6.0
7.0
525.0
794.0
5.0
4.0
8.0
8.0
5.0
90.0
1206.0
14.0
2.0
3.0
2.0
4.0
6.0
475.0
824.0
6.0
7.0
4.0
7.0
11.0
59.0
1202.0
29.0
6.0
11.0
9.0
5.0
6.0
419.0
849.0
5.0
3.0
4.0
6.0
5.0
45.0
1188.0
41.0
7.0
