5.0
3.0
4.0
1014.0
245.0
5.0
4.0
7.0
5.0
3.0
149.0
1132.0
13.0
14.0
2.0
7.0
10.0
6.0
986.0
298.0
10.0
8.0
8.0
6.0
8.0
115.0
1162.0
12.0
5.0
0.0
2.0
0.0
1.0
957.0
343.0
13.0
23.0
9.0
5.0
5.0
82.0
1136.0
90.0
7.0
4.0
5.0
7.0
6.0
925.0
381.0
10.0
16.0
16.0
9.0
10.0
60.0
1084.0
180.0
5.0
5.0
7.0
5.0
6.0
886.0
422.0
11.0
5.0
4.0
7.0
4.0
40.0
1001.0
248.0
6.0
5.0
6.0
4.0
8.0
823.0
460.0
4.0
7.0
18.0
8.0
9.0
29.0
929.0
304.0
6.0
0.0
10.0
12.0
9.0
767.0
497.0
6.0
6.0
8.0
5.0
10.0
20.0
885.0
363.0
6.0
8.0
9.0
5.0
8.0
719.0
543.0
6.0
6.0
6.0
7.0
10.0
19.0
839.0
425.0
7.0
5.0
5.0
5.0
5.0
679.0
604.0
11.0
6.0
8.0
6.0
9.0
11.0
817.0
482.0
4.0
4.0
4.0
5.0
3.0
626.0
689.0
4.0
7.0
9.0
7.0
8.0
9.0
789.0
539.0
6.0
0.0
2.0
4.0
6.0
570.0
738.0
12.0
9.0
9.0
8.0
6.0
7.0
718.0
580.0
4.0
3.0
0.0
1.0
2.0
493.0
793.0
9.0
10.0
7.0
6.0
8.0
5.0
653.0
617.0
5.0
9.0
6.0
12.0
7.0
396.0
862.0
9.0
7.0
11.0
4.0
5.0
6.0
601.0
662.0
2.0
4.0
7.0
3.0
6.0
289.0
974.0
6.0
4.0
4.0
7.0
9.0
12.0
563.0
710.0
7.0
0.0
5.0
7.0
9.0
185.0
1103.0
8.0
7.0
11.0
6.0
7.0
7.0
527.0
776.0
6.0
4.0
1.0
3.0
5.0
96.0
1208.0
24.0
7.0
7.0
7.0
8.0
7.0
492.0
831.0
4.0
2.0
3.0
4.0
6.0
63.0
1231.0
25.0
8.0
6.0
4.0
5.0
4.0
441.0
860.0
4.0
3.0
2.0
5.0
3.0
46.0
1210.0
37.0
6.0
8.0
7.0
8.0
2.0
396.0
882.0
2.0
0.0
6.0
3.0
1.0
30.0
1183.0
62.0
4.0
3.0
4.0
6.0
4.0
347.0
912.0
3.0
5.0
5.0
6.0
5.0
20.0
1166.0
77.0
6.0
8.0
9.0
13.0
10.0
311.0
950.0
3.0
4.0
6.0
6.0
3.0
11.0
1164.0
110.0
11.0
11.0
8.0
10.0
8.0
280.0
1021.0
5.0
5.0
6.0
8.0
3.0
13.0
1166.0
142.0
10.0
7.0
8.0
9.0
10.0
245.0
1070.0
7.0
0.0
5.0
2.0
4.0
3.0
1137.0
169.0
3.0
10.0
12.0
12.0
8.0
209.0
1102.0
7.0
4.0
4.0
3.0
4.0
1.0
1097.0
205.0
11.0
11.0
10.0
11.0
7.0
176.0
1099.0
4.0
5.0
6.0
6.0
6.0
3.0
1026.0
238.0
13.0
8.0
9.0
9.0
7.0
143.0
1121.0
4.0
7.0
8.0
5.0
7.0
5.0
982.0
280.0
4.0
7.0
8.0
13.0
11.0
112.0
1158.0
10.0
0.0
6.0
7.0
4.0
5.0
964.0
324.0
11.0
9.0
9.0
9.0
6.0
88.0
1154.0
69.0
8.0
4.0
2.0
4.0
4.0
934.0
377.0
12.0
4.0
14.0
9.0
11.0
66.0
1093.0
168.0
6.0
4.0
4.0
7.0
6.0
896.0
436.0
5.0
9.0
9.0
8.0
10.0
46.0
1044.0
245.0
7.0
9.0
8.0
9.0
6.0
856.0
458.0
9.0
12.0
8.0
11.0
10.0
24.0
961.0
304.0
0.0
5.0
6.0
9.0
7.0
783.0
493.0
12.0
10.0
10.0
10.0
5.0
24.0
894.0
355.0
4.0
3.0
3.0
6.0
6.0
729.0
532.0
3.0
9.0
12.0
11.0
3.0
15.0
845.0
416.0
4.0
8.0
4.0
4.0
8.0
690.0
604.0
9.0
9.0
12.0
12.0
14.0
12.0
840.0
470.0
6.0
5.0
6.0
4.0
4.0
638.0
679.0
17.0
15.0
11.0
10.0
11.0
8.0
810.0
528.0
0.0
5.0
3.0
7.0
9.0
578.0
761.0
10.0
12.0
10.0
8.0
6.0
8.0
761.0
587.0
9.0
3.0
6.0
6.0
7.0
512.0
806.0
9.0
9.0
6.0
11.0
11.0
11.0
678.0
615.0
6.0
3.0
7.0
4.0
7.0
420.0
848.0
4.0
8.0
11.0
14.0
5.0
12.0
608.0
654.0
1.0
2.0
7.0
3.0
0.0
317.0
942.0
4.0
3.0
9.0
9.0
6.0
9.0
560.0
708.0
0.0
7.0
6.0
4.0
3.0
195.0
1094.0
11.0
8.0
9.0
9.0
8.0
9.0
538.0
769.0
6.0
5.0
4.0
5.0
8.0
105.0
1206.0
17.0
9.0
10.0
10.0
12.0
11.0
504.0
833.0
6.0
5.0
4.0
9.0
8.0
70.0
1257.0
25.0
8.0
7.0
6.0
7.0
7.0
467.0
870.0
7.0
6.0
7.0
3.0
6.0
49.0
1236.0
40.0
6.0
11.0
12.0
10.0
11.0
403.0
890.0
0.0
4.0
7.0
5.0
7.0
31.0
1189.0
58.0
8.0
9.0
10.0
7.0
8.0
348.0
911.0
3.0
5.0
3.0
6.0
4.0
20.0
1177.0
68.0
6.0
10.0
8.0
6.0
9.0
309.0
961.0
5.0
8.0
5.0
7.0
6.0
13.0
1181.0
102.0
3.0
6.0
12.0
6.0
9.0
282.0
1021.0
6.0
8.0
6.0
7.0
4.0
7.0
1181.0
142.0
9.0
12.0
14.0
10.0
11.0
254.0
1076.0
0.0
4.0
3.0
6.0
5.0
6.0
1167.0
174.0
6.0
6.0
7.0
7.0
7.0
230.0
1112.0
2.0
9.0
7.0
3.0
9.0
4.0
1117.0
200.0
14.0
10.0
12.0
9.0
13.0
179.0
1109.0
6.0
2.0
0.0
5.0
4.0
5.0
1038.0
234.0
6.0
12.0
17.0
11.0
7.0
142.0
1121.0
4.0
3.0
7.0
8.0
3.0
4.0
990.0
272.0
8.0
8.0
8.0
15.0
11.0
115.0
1154.0
0.0
9.0
2.0
3.0
7.0
6.0
968.0
309.0
10.0
9.0
10.0
8.0
9.0
93.0
1157.0
51.0
6.0
4.0
6.0
6.0
5.0
938.0
368.0
11.0
5.0
11.0
14.0
10.0
70.0
1099.0
157.0
7.0
8.0
7.0
6.0
5.0
904.0
426.0
7.0
8.0
6.0
8.0
12.0
52.0
1053.0
243.0
3.0
6.0
6.0
6.0
6.0
870.0
458.0
10.0
15.0
9.0
13.0
8.0
38.0
972.0
0.0
7.0
