1008341.0
1019421.0
1030502.0
1041582.0
1052663.0
1063744.0
1074824.0
1085905.0
1096986.0
1108067.0
1119148.0
1130228.0
1141308.0
1152389.0
1163470.0
1174551.0
1185631.0
1196711.0
1207792.0
1218873.0
1229954.0
1241034.0
1252115.0
1263196.0
1274276.0
1285357.0
1296438.0
1307519.0
1318599.0
1329680.0
1340761.0
1351841.0
1362922.0
1374002.0
1385083.0
1396164.0
1407244.0
1418325.0
1429406.0
1440486.0
1451567.0
1462648.0
1473728.0
1484809.0
1495890.0
1506971.0
1518051.0
1529132.0
1540212.0
1551293.0
1562374.0
1573455.0
1584535.0
1595616.0
1606696.0
1617777.0
1628858.0
1639938.0
1651019.0
1662100.0
1673180.0
1684261.0
1695341.0
1706423.0
1717503.0
1728583.0
1739664.0
1750745.0
1761826.0
1772906.0
1783987.0
1795067.0
1806148.0
1817229.0
1828309.0
1839391.0
1850471.0
1861552.0
1872632.0
1883713.0
1894793.0
1905875.0
1916955.0
1928035.0
1939116.0
1950197.0
1961278.0
1972358.0
1983439.0
1994519.0
2005601.0
2016681.0
2027762.0
2038842.0
2049923.0
2061004.0
2072084.0
2083165.0
2094246.0
2105326.0
2116407.0
2127487.0
2138568.0
2149649.0
2160730.0
2171810.0
2182891.0
2193971.0
2205052.0
2216133.0
2227213.0
2238294.0
2249375.0
2260455.0
2271536.0
2282617.0
2293697.0
2304779.0
2315860.0
2326941.0
2338021.0
2349102.0
2360182.0
2371263.0
2382344.0
2393425.0
2404505.0
2415586.0
2426666.0
2437747.0
2448828.0
2459908.0
2470989.0
2482070.0
2493150.0
2504232.0
2515312.0
2526392.0
2537473.0
2548554.0
2559634.0
2570715.0
2581796.0
2592876.0
2603957.0
2615037.0
2626118.0
2637199.0
2648280.0
2659360.0
2670441.0
2681522.0
2692602.0
2703683.0
2714764.0
2725845.0
2736925.0
2748005.0
2759086.0
2770167.0
2781248.0
2792328.0
2803409.0
2814490.0
2825570.0
2836651.0
2847732.0
2858812.0
2869893.0
2880974.0
2892054.0
2903135.0
2914217.0
2925297.0
2936377.0
2947457.0
2958538.0
2969619.0
2980700.0
2991780.0
3002861.0
3013942.0
3025022.0
3036103.0
3047183.0
3058264.0
3069345.0
3080426.0
3091506.0
3102587.0
3113668.0
3124748.0
3135829.0
3146910.0
3157990.0
3169071.0
3180152.0
3191232.0
3202313.0
3213394.0
3224474.0
3235555.0
3246636.0
3257716.0
3268797.0
3279878.0
3290958.0
3302039.0
3313120.0
3324201.0
3335281.0
3346362.0
3357442.0
3368523.0
3379604.0
3390684.0
3401765.0
3412846.0
3423927.0
3435007.0
3446088.0
3457168.0
3468249.0
3479330.0
3490410.0
3501492.0
3512572.0
3523652.0
3534733.0
3545814.0
3556894.0
3567975.0
3579056.0
3590136.0
3601217.0
3612298.0
3623378.0
3634459.0
3645540.0
3656620.0
3667701.0
3678782.0
3689862.0
3700943.0
3712024.0
3723104.0
3734185.0
3745266.0
3756346.0
3767427.0
3778508.0
3789589.0
3800669.0
3811750.0
3822830.0
3833911.0
3844992.0
3856072.0
3867153.0
3878234.0
3889314.0
3900395.0
3911476.0
3922556.0
3933637.0
3944718.0
3955798.0
3966879.0
3977959.0
3989040.0
4000121.0
4011201.0
4022282.0
4033363.0
4044444.0
4055524.0
4066605.0
4077685.0
4088766.0
4099848.0
4110928.0
4122008.0
4133089.0
4144170.0
4155250.0
4166332.0
4177412.0
4188492.0
4199573.0
4210654.0
4221734.0
4232815.0
4243895.0
4254976.0
4266057.0
4277138.0
4288218.0
4299299.0
4310380.0
4321460.0
4332541.0
4343621.0
4354702.0
4365783.0
4376864.0
4387944.0
4399025.0
4410106.0
4421186.0
4432267.0
4443347.0
4454428.0
4465509.0
4476589.0
4487670.0
4498753.0
4509832.0
4520913.0
4531993.0
4543073.0
4554154.0
4565235.0
4576316.0
4587396.0
4598477.0
4609558.0
4620638.0
4631719.0
4642799.0
4653880.0
4664963.0
4676042.0
4687122.0
4698203.0
4709284.0
4720364.0
4731445.0
4742526.0
4753606.0
4764687.0
4775768.0
4786848.0
4797929.0
4809010.0
4820090.0
4831171.0
4842252.0
4853332.0
4864413.0
4875494.0
4886574.0
4897655.0
4908736.0
4919817.0
4930897.0
4941978.0
4953058.0
4964139.0
4975220.0
4986300.0
4997381.0
5008461.0
5019542.0
5030623.0
5041704.0
5052784.0
5063865.0
5074949.0
5086026.0
5097107.0
5108188.0
5119268.0
5130349.0
5141430.0
5152510.0
5163591.0
5174672.0
5185752.0
5196833.0
5207913.0
5218994.0
5230075.0
5241156.0
5252236.0
5263317.0
5274398.0
5285478.0
5296559.0
5307639.0
5318720.0
5329801.0
5340882.0
5351962.0
5363043.0
5374124.0
5385204.0
5396285.0
5407365.0
5418446.0
5429527.0
5440608.0
5451688.0
5462769.0
5473850.0
5484930.0
5496011.0
5507092.0
5518172.0
5529253.0
5540333.0
5551414.0
5562495.0
5573575.0
5584656.0
5595737.0
5606817.0
5617898.0
5628979.0
5640060.0
5651140.0
5662224.0
5673301.0
5684382.0
5695464.0
5706544.0
5717624.0
5728705.0
5739786.0
5750866.0
5761947.0
5773028.0
5784108.0
5795189.0
5806270.0
5817350.0
5828431.0
5839511.0
5850592.0
5861673.0
5872754.0
5883834.0
5894915.0
5905996.0
5917077.0
5928157.0
5939237.0
5950318.0
5961399.0
5972480.0
5983560.0
5994641.0
6005722.0
6016802.0
6027883.0
6038963.0
6050044.0
6061125.0
6072206.0
6083286.0
6094367.0
6105448.0
6116528.0
6127609.0
6138690.0
6149770.0
6160851.0
6171932.0
6183012.0
6194093.0
6205174.0
6216254.0
6227335.0
6238415.0
6249496.0
6260577.0
6271658.0
6282738.0
6293819.0
6304900.0
6315980.0
6327061.0
6338141.0
6349222.0
6360303.0
6371383.0
6382464.0
6393545.0
6404626.0
6415706.0
6426787.0
6437867.0
6448948.0
6460029.0
6471109.0
6482190.0
6493273.0
6504352.0
6515432.0
6526513.0
6537594.0
6548674.0
6559755.0
6570836.0
6581916.0
6592997.0
6604077.0
6615158.0
6626239.0
6637320.0
6648400.0
6659481.0
6670562.0
6681642.0
6692723.0
6703804.0
6714884.0
6725965.0
6737046.0
6748126.0
6759207.0
6770287.0
6781368.0
6792449.0
6803530.0
6814610.0
6825691.0
6836772.0
6847852.0
6858933.0
6870014.0
6881094.0
6892175.0
6903255.0
6914336.0
6925417.0
6936498.0
6947578.0
6958659.0
6969740.0
6980820.0
6991901.0
7002981.0
7014062.0
7025143.0
7036224.0
7047304.0
7058385.0
7069466.0
7080546.0
7091627.0
7102708.0
7113788.0
7124869.0
7135950.0
7147030.0
7158111.0
7169191.0
7180272.0
7191353.0
7202433.0
7213514.0
7224595.0
7235676.0
7246756.0
7257837.0
7268918.0
7279998.0
7291079.0
7302160.0
7313240.0
7324321.0
7335401.0
7346482.0
7357563.0
7368644.0
7379724.0
7390805.0
7401885.0
7412966.0
7424047.0
7435127.0
7446208.0
7457289.0
7468370.0
7479450.0
7490532.0
7501612.0
7512692.0
7523773.0
7534853.0
7545934.0
7557016.0
7568096.0
7579176.0
7590257.0
7601338.0
7612418.0
7623499.0
7634580.0
7645660.0
7656742.0
7667821.0
7678902.0
7689983.0
7701064.0
7712144.0
7723225.0
7734305.0
7745386.0
7756467.0
7767548.0
7778628.0
7789709.0
7800790.0
7811871.0
7822951.0
7834031.0
7845112.0
7856193.0
7867274.0
7878354.0
7889435.0
7900516.0
7911596.0
7922677.0
7933758.0
7944838.0
7955919.0
7967000.0
7978080.0
7989161.0
8000242.0
8011322.0
8022403.0
8033484.0
8044564.0
8055645.0
8066725.0
8077806.0
8088887.0
8099968.0
8111048.0
8122129.0
8133209.0
8144290.0
8155371.0
8166452.0
8177532.0
8188613.0
8199694.0
8210774.0
8221855.0
8232936.0
8244016.0
8255097.0
8266177.0
8277258.0
8288339.0
8299420.0
8310500.0
8321581.0
8332662.0
8343742.0
8354823.0
8365903.0
8376984.0
8388065.0
8399146.0
8410226.0
8421307.0
8432388.0
8443468.0
8454549.0
8465630.0
8476710.0
8487791.0
8498872.0
8509952.0
8521033.0
8532114.0
8543194.0
8554275.0
8565356.0
8576436.0
8587517.0
8598597.0
8609678.0
8620759.0
8631839.0
8642920.0
8654001.0
8665081.0
8676162.0
8687243.0
8698324.0
8709404.0
8720485.0
8731566.0
8742646.0
8753727.0
8764808.0
8775888.0
8786969.0
8798049.0
8809130.0
8820211.0
8831292.0
8842372.0
8853453.0
8864533.0
8875614.0
8886695.0
8897776.0
8908856.0
8919937.0
8931018.0
8942098.0
8953179.0
8964260.0
8975340.0
8986421.0
8997502.0
9008582.0
9019663.0
9030743.0
9041824.0
9052905.0
9063985.0
9075066.0
9086147.0
9097229.0
9108308.0
9119389.0
9130469.0
9141550.0
9152631.0
9163711.0
9174792.0
9185873.0
9196954.0
9208034.0
9219115.0
9230196.0
9241276.0
9252357.0
9263438.0
9274518.0
9285599.0
9296679.0
9307760.0
9318841.0
9329921.0
9341002.0
9352084.0
9363164.0
9374244.0
9385325.0
9396406.0
9407486.0
9418567.0
9429647.0
9440728.0
9451809.0
9462889.0
9473970.0
9485053.0
9496132.0
9507212.0
9518293.0
9529374.0
9540454.0
9551535.0
9562615.0
9573696.0
9584777.0
9595858.0
9606938.0
9618019.0
9629100.0
9640180.0
9651262.0
9662342.0
9673422.0
9684503.0
9695584.0
9706664.0
9717745.0
9728826.0
9739906.0
9750987.0
9762068.0
9773148.0
9784229.0
9795310.0
9806390.0
9817471.0
9828551.0
9839632.0
9850713.0
9861793.0
9872874.0
9883955.0
9895036.0
9906116.0
9917197.0
9928278.0
9939358.0
9950439.0
9961519.0
