1008340.0
1019420.0
1030501.0
1041582.0
1052663.0
1063743.0
1074824.0
1085904.0
1096985.0
1108066.0
1119146.0
1130227.0
1141308.0
1152388.0
1163469.0
1174550.0
1185630.0
1196711.0
1207792.0
1218872.0
1229953.0
1241034.0
1252115.0
1263195.0
1274276.0
1285356.0
1296437.0
1307518.0
1318598.0
1329679.0
1340760.0
1351840.0
1362921.0
1374002.0
1385082.0
1396163.0
1407244.0
1418324.0
1429405.0
1440486.0
1451566.0
1462647.0
1473728.0
1484808.0
1495889.0
1506970.0
1518050.0
1529131.0
1540212.0
1551292.0
1562373.0
1573454.0
1584534.0
1595615.0
1606696.0
1617776.0
1628857.0
1639938.0
1651018.0
1662099.0
1673180.0
1684260.0
1695341.0
1706422.0
1717502.0
1728583.0
1739664.0
1750744.0
1761825.0
1772906.0
1783986.0
1795067.0
1806148.0
1817228.0
1828309.0
1839390.0
1850471.0
1861551.0
1872631.0
1883712.0
1894793.0
1905874.0
1916954.0
1928035.0
1939116.0
1950196.0
1961277.0
1972358.0
1983438.0
1994519.0
2005600.0
2016680.0
2027761.0
2038842.0
2049923.0
2061003.0
2072083.0
2083164.0
2094245.0
2105326.0
2116406.0
2127487.0
2138567.0
2149648.0
2160729.0
2171810.0
2182890.0
2193971.0
2205052.0
2216132.0
2227213.0
2238294.0
2249374.0
2260455.0
2271535.0
2282616.0
2293697.0
2304778.0
2315858.0
2326939.0
2338020.0
2349100.0
2360181.0
2371262.0
2382343.0
2393424.0
2404505.0
2415585.0
2426666.0
2437747.0
2448827.0
2459908.0
2470988.0
2482069.0
2493150.0
2504231.0
2515311.0
2526392.0
2537472.0
2548553.0
2559634.0
2570715.0
2581795.0
2592876.0
2603956.0
2615037.0
2626118.0
2637198.0
2648279.0
2659360.0
2670441.0
2681521.0
2692602.0
2703682.0
2714763.0
2725844.0
2736924.0
2748005.0
2759086.0
2770166.0
2781247.0
2792328.0
2803408.0
2814489.0
2825570.0
2836652.0
2847732.0
2858812.0
2869893.0
2880973.0
2892054.0
2903134.0
2914215.0
2925296.0
2936376.0
2947457.0
2958538.0
2969618.0
2980699.0
2991780.0
3002861.0
3013941.0
3025022.0
3036102.0
3047183.0
3058264.0
3069344.0
3080425.0
3091506.0
3102586.0
3113667.0
3124748.0
3135828.0
3146909.0
3157990.0
3169070.0
3180151.0
3191232.0
3202312.0
3213393.0
3224474.0
3235554.0
3246635.0
3257716.0
3268796.0
3279877.0
3290958.0
3302038.0
3313119.0
3324200.0
3335280.0
3346361.0
3357441.0
3368522.0
3379603.0
3390684.0
3401764.0
3412845.0
3423926.0
3435007.0
3446087.0
3457167.0
3468248.0
3479329.0
3490410.0
3501491.0
3512571.0
3523652.0
3534732.0
3545813.0
3556894.0
3567974.0
3579055.0
3590136.0
3601216.0
3612297.0
3623378.0
3634459.0
3645540.0
3656620.0
3667701.0
3678781.0
3689862.0
3700942.0
3712023.0
3723104.0
3734184.0
3745265.0
3756345.0
3767426.0
3778507.0
3789588.0
3800668.0
3811749.0
3822830.0
3833911.0
3844991.0
3856072.0
3867152.0
3878233.0
3889313.0
3900394.0
3911475.0
3922556.0
3933636.0
3944717.0
3955798.0
3966878.0
3977959.0
3989039.0
4000121.0
4011201.0
4022282.0
4033362.0
4044443.0
4055523.0
4066604.0
4077685.0
4088766.0
4099846.0
4110927.0
4122008.0
4133088.0
4144169.0
4155250.0
4166330.0
4177411.0
4188492.0
4199572.0
4210653.0
4221733.0
4232814.0
4243895.0
4254976.0
4266056.0
4277137.0
4288218.0
4299298.0
4310379.0
4321460.0
4332540.0
4343621.0
4354702.0
4365782.0
4376863.0
4387943.0
4399024.0
4410105.0
4421185.0
4432266.0
4443347.0
4454428.0
4465508.0
4476589.0
4487669.0
4498750.0
4509831.0
4520911.0
4531992.0
4543073.0
4554153.0
4565234.0
4576315.0
4587395.0
4598476.0
4609557.0
4620638.0
4631718.0
4642799.0
4653879.0
4664962.0
4676041.0
4687122.0
4698202.0
4709283.0
4720364.0
4731444.0
4742525.0
4753605.0
4764686.0
4775767.0
4786847.0
4797928.0
4809009.0
4820090.0
4831171.0
4842251.0
4853332.0
4864412.0
4875493.0
4886573.0
4897654.0
4908735.0
4919816.0
4930896.0
4941977.0
4953057.0
4964138.0
4975219.0
4986299.0
4997380.0
5008461.0
5019542.0
5030622.0
5041703.0
5052783.0
5063864.0
5074945.0
5086025.0
5097106.0
5108187.0
5119267.0
5130348.0
5141428.0
5152510.0
5163590.0
5174671.0
5185751.0
5196832.0
5207913.0
5218993.0
5230075.0
5241155.0
5252235.0
5263316.0
5274397.0
5285478.0
5296558.0
5307639.0
5318719.0
5329800.0
5340881.0
5351961.0
5363042.0
5374123.0
5385204.0
5396284.0
5407365.0
5418445.0
5429526.0
5440607.0
5451687.0
5462768.0
5473849.0
5484929.0
5496012.0
5507091.0
5518171.0
5529252.0
5540333.0
5551413.0
5562494.0
5573575.0
5584655.0
5595736.0
5606817.0
5617897.0
5628978.0
5640059.0
5651139.0
5662220.0
5673301.0
5684381.0
5695462.0
5706542.0
5717623.0
5728704.0
5739785.0
5750865.0
5761946.0
5773027.0
5784107.0
5795188.0
5806269.0
5817349.0
5828431.0
5839511.0
5850591.0
5861672.0
5872753.0
5883833.0
5894914.0
5905994.0
5917075.0
5928156.0
5939237.0
5950318.0
5961398.0
5972479.0
5983559.0
5994640.0
6005721.0
6016801.0
6027882.0
6038963.0
6050043.0
6061124.0
6072205.0
6083285.0
6094366.0
6105447.0
6116527.0
6127608.0
6138689.0
6149769.0
6160850.0
6171930.0
6183011.0
6194092.0
6205173.0
6216253.0
6227334.0
6238415.0
6249495.0
6260576.0
6271657.0
6282737.0
6293818.0
6304899.0
6315979.0
6327060.0
6338140.0
6349221.0
6360302.0
6371383.0
6382463.0
6393544.0
6404625.0
6415705.0
6426786.0
6437866.0
6448947.0
6460028.0
6471109.0
6482189.0
6493271.0
6504351.0
6515431.0
6526512.0
6537593.0
6548673.0
6559754.0
6570835.0
6581915.0
6592996.0
6604077.0
6615158.0
6626238.0
6637319.0
6648399.0
6659480.0
6670561.0
6681641.0
6692722.0
6703803.0
6714884.0
6725964.0
6737044.0
6748125.0
6759206.0
6770287.0
6781367.0
6792448.0
6803529.0
6814609.0
6825692.0
6836771.0
6847851.0
6858932.0
6870012.0
6881093.0
6892174.0
6903255.0
6914335.0
6925416.0
6936496.0
6947577.0
6958658.0
6969738.0
6980819.0
6991900.0
7002980.0
7014061.0
7025142.0
7036223.0
7047304.0
7058384.0
7069464.0
7080545.0
7091626.0
7102707.0
7113787.0
7124868.0
7135948.0
7147029.0
7158110.0
7169191.0
7180271.0
7191352.0
7202432.0
7213513.0
7224594.0
7235675.0
7246755.0
7257836.0
7268916.0
7279997.0
7291078.0
7302158.0
7313239.0
7324320.0
7335400.0
7346481.0
7357562.0
7368643.0
7379723.0
7390804.0
7401884.0
7412965.0
7424046.0
7435127.0
7446207.0
7457288.0
7468369.0
7479449.0
7490530.0
7501610.0
7512691.0
7523772.0
7534852.0
7545933.0
7557014.0
7568094.0
7579175.0
7590256.0
7601336.0
7612417.0
7623498.0
7634579.0
7645659.0
7656741.0
7667820.0
7678901.0
7689982.0
7701062.0
7712143.0
7723224.0
7734304.0
7745385.0
7756466.0
7767546.0
7778627.0
7789708.0
7800788.0
7811869.0
7822950.0
7834031.0
7845111.0
7856192.0
7867272.0
7878353.0
7889434.0
7900515.0
7911595.0
7922676.0
7933756.0
7944837.0
7955918.0
7966998.0
7978079.0
7989160.0
8000240.0
8011321.0
8022402.0
8033482.0
8044563.0
8055644.0
8066724.0
8077805.0
8088886.0
8099966.0
8111047.0
8122128.0
8133208.0
8144289.0
8155370.0
8166450.0
8177531.0
8188612.0
8199692.0
8210773.0
8221854.0
8232935.0
8244015.0
8255096.0
8266176.0
8277257.0
8288338.0
8299418.0
8310499.0
8321580.0
8332660.0
8343741.0
8354822.0
8365902.0
8376983.0
8388064.0
8399144.0
8410225.0
8421306.0
8432387.0
8443467.0
8454547.0
8465628.0
8476709.0
8487790.0
8498870.0
8509951.0
8521032.0
8532112.0
8543193.0
8554274.0
8565354.0
8576435.0
8587516.0
8598596.0
8609677.0
8620758.0
8631839.0
8642919.0
8654000.0
8665080.0
8676161.0
8687242.0
8698322.0
8709403.0
8720484.0
8731564.0
8742645.0
8753726.0
8764806.0
8775887.0
8786968.0
8798048.0
8809129.0
8820211.0
8831290.0
8842372.0
8853452.0
8864532.0
8875613.0
8886694.0
8897774.0
8908855.0
8919936.0
8931017.0
8942097.0
8953178.0
8964258.0
8975339.0
8986420.0
8997500.0
9008581.0
9019662.0
9030742.0
9041823.0
9052904.0
9063984.0
9075065.0
9086146.0
9097226.0
9108307.0
9119388.0
9130468.0
9141549.0
9152630.0
9163710.0
9174791.0
9185872.0
9196952.0
9208033.0
9219114.0
9230194.0
9241275.0
9252356.0
9263436.0
9274517.0
9285598.0
9296678.0
9307759.0
9318840.0
9329920.0
9341001.0
9352082.0
9363162.0
9374243.0
9385324.0
9396404.0
9407485.0
9418566.0
9429646.0
9440727.0
9451808.0
9462888.0
9473969.0
9485050.0
9496130.0
9507211.0
9518292.0
9529372.0
9540453.0
9551534.0
9562614.0
9573695.0
9584776.0
9595856.0
9606937.0
9618018.0
9629098.0
9640179.0
9651260.0
9662340.0
9673421.0
9684502.0
9695582.0
9706663.0
9717744.0
9728824.0
9739905.0
9750986.0
9762066.0
9773147.0
9784228.0
9795308.0
9806389.0
9817471.0
9828551.0
9839631.0
9850712.0
9861792.0
9872873.0
9883953.0
9895034.0
9906115.0
9917196.0
9928276.0
9939357.0
9950437.0
9961518.0
9972599.0
9983680.0
