4.0
3.0
4.0
4.0
1056.0
266.0
9.0
7.0
9.0
9.0
9.0
135.0
1191.0
4.0
5.0
5.0
4.0
2.0
4.0
1008.0
303.0
15.0
12.0
10.0
11.0
10.0
104.0
1168.0
21.0
0.0
4.0
6.0
4.0
4.0
941.0
332.0
11.0
9.0
8.0
9.0
5.0
82.0
1093.0
92.0
6.0
5.0
4.0
3.0
3.0
895.0
364.0
10.0
6.0
11.0
10.0
9.0
59.0
1027.0
183.0
5.0
5.0
9.0
6.0
6.0
862.0
430.0
6.0
10.0
12.0
8.0
9.0
46.0
1004.0
265.0
1.0
5.0
4.0
2.0
3.0
836.0
485.0
12.0
10.0
12.0
8.0
5.0
32.0
974.0
326.0
0.0
7.0
8.0
9.0
2.0
794.0
541.0
7.0
4.0
9.0
5.0
11.0
22.0
934.0
383.0
4.0
7.0
4.0
6.0
2.0
737.0
583.0
13.0
13.0
14.0
10.0
15.0
11.0
864.0
429.0
3.0
3.0
3.0
3.0
4.0
667.0
600.0
8.0
10.0
11.0
8.0
7.0
9.0
790.0
481.0
2.0
4.0
6.0
6.0
1.0
608.0
649.0
8.0
5.0
7.0
3.0
6.0
8.0
737.0
537.0
0.0
6.0
4.0
7.0
10.0
552.0
746.0
9.0
10.0
7.0
8.0
7.0
4.0
721.0
596.0
6.0
5.0
4.0
2.0
4.0
482.0
833.0
9.0
10.0
12.0
10.0
8.0
10.0
681.0
646.0
3.0
4.0
4.0
4.0
3.0
400.0
944.0
10.0
12.0
11.0
10.0
10.0
7.0
646.0
703.0
2.0
3.0
4.0
2.0
6.0
292.0
1030.0
13.0
12.0
8.0
10.0
10.0
8.0
564.0
731.0
0.0
8.0
4.0
6.0
5.0
157.0
1120.0
7.0
6.0
7.0
7.0
5.0
3.0
507.0
765.0
6.0
5.0
3.0
5.0
7.0
95.0
1161.0
13.0
8.0
7.0
6.0
7.0
9.0
457.0
814.0
8.0
6.0
6.0
3.0
9.0
60.0
1204.0
31.0
6.0
10.0
15.0
8.0
6.0
432.0
879.0
9.0
6.0
5.0
7.0
5.0
44.0
1237.0
44.0
6.0
10.0
10.0
8.0
12.0
403.0
925.0
0.0
3.0
6.0
4.0
3.0
24.0
1248.0
66.0
9.0
8.0
5.0
6.0
5.0
364.0
976.0
7.0
7.0
5.0
6.0
7.0
21.0
1221.0
84.0
5.0
15.0
12.0
7.0
13.0
310.0
980.0
7.0
5.0
5.0
6.0
8.0
15.0
1161.0
110.0
11.0
5.0
5.0
6.0
10.0
270.0
995.0
3.0
3.0
6.0
7.0
2.0
5.0
1122.0
131.0
13.0
8.0
6.0
11.0
10.0
228.0
1038.0
0.0
5.0
6.0
6.0
8.0
7.0
1109.0
181.0
6.0
9.0
7.0
6.0
9.0
205.0
1096.0
3.0
6.0
5.0
3.0
2.0
2.0
1097.0
220.0
9.0
10.0
5.0
9.0
12.0
182.0
1147.0
2.0
1.0
2.0
5.0
4.0
3.0
1073.0
268.0
10.0
7.0
11.0
13.0
12.0
145.0
1200.0
5.0
4.0
5.0
3.0
3.0
2.0
1023.0
298.0
13.0
11.0
12.0
12.0
13.0
107.0
1186.0
0.0
4.0
7.0
7.0
8.0
8.0
947.0
325.0
9.0
6.0
4.0
7.0
4.0
83.0
1110.0
83.0
5.0
7.0
6.0
4.0
2.0
895.0
366.0
6.0
5.0
8.0
9.0
9.0
62.0
1046.0
170.0
4.0
5.0
6.0
10.0
10.0
871.0
415.0
7.0
9.0
10.0
16.0
13.0
47.0
1010.0
253.0
5.0
7.0
5.0
4.0
5.0
842.0
471.0
4.0
10.0
6.0
6.0
11.0
33.0
978.0
0.0
2.0
4.0
3.0
4.0
4.0
805.0
533.0
5.0
12.0
15.0
7.0
6.0
22.0
950.0
379.0
5.0
8.0
4.0
3.0
6.0
746.0
581.0
7.0
7.0
9.0
11.0
8.0
17.0
868.0
425.0
2.0
8.0
9.0
6.0
6.0
676.0
591.0
8.0
8.0
10.0
10.0
10.0
11.0
787.0
474.0
6.0
5.0
5.0
3.0
2.0
617.0
637.0
4.0
11.0
8.0
4.0
4.0
7.0
741.0
0.0
5.0
4.0
5.0
9.0
6.0
548.0
717.0
5.0
7.0
5.0
6.0
9.0
6.0
703.0
580.0
7.0
6.0
3.0
6.0
5.0
490.0
812.0
6.0
4.0
9.0
7.0
7.0
7.0
686.0
632.0
4.0
4.0
4.0
5.0
1.0
419.0
902.0
9.0
6.0
12.0
8.0
9.0
8.0
648.0
689.0
6.0
5.0
4.0
8.0
4.0
313.0
1000.0
8.0
14.0
5.0
4.0
15.0
10.0
566.0
0.0
5.0
6.0
7.0
4.0
6.0
172.0
1090.0
9.0
7.0
8.0
10.0
11.0
9.0
500.0
758.0
5.0
6.0
4.0
3.0
5.0
93.0
1150.0
12.0
5.0
7.0
11.0
11.0
10.0
468.0
790.0
5.0
5.0
6.0
4.0
4.0
65.0
1168.0
24.0
8.0
9.0
10.0
10.0
13.0
419.0
835.0
5.0
4.0
7.0
7.0
6.0
38.0
1203.0
42.0
12.0
9.0
4.0
9.0
9.0
393.0
0.0
3.0
6.0
5.0
6.0
7.0
28.0
1227.0
64.0
9.0
6.0
7.0
11.0
11.0
363.0
952.0
5.0
3.0
3.0
3.0
2.0
20.0
1215.0
78.0
12.0
9.0
11.0
7.0
11.0
307.0
971.0
2.0
6.0
9.0
4.0
8.0
14.0
1153.0
108.0
10.0
10.0
6.0
9.0
8.0
270.0
985.0
4.0
5.0
6.0
6.0
5.0
10.0
1119.0
131.0
7.0
11.0
10.0
8.0
8.0
243.0
0.0
4.0
3.0
7.0
7.0
6.0
9.0
1088.0
160.0
5.0
4.0
9.0
14.0
10.0
212.0
1050.0
7.0
4.0
3.0
3.0
5.0
11.0
1082.0
202.0
8.0
12.0
5.0
5.0
6.0
185.0
1119.0
5.0
5.0
4.0
3.0
5.0
9.0
1064.0
248.0
7.0
10.0
7.0
11.0
13.0
142.0
1184.0
2.0
3.0
5.0
5.0
3.0
3.0
1023.0
287.0
13.0
9.0
8.0
6.0
11.0
110.0
0.0
11.0
4.0
2.0
4.0
7.0
3.0
952.0
318.0
9.0
7.0
6.0
7.0
7.0
85.0
1117.0
61.0
5.0
5.0
5.0
5.0
5.0
903.0
352.0
9.0
12.0
10.0
9.0
9.0
68.0
1039.0
151.0
6.0
5.0
7.0
5.0
3.0
858.0
400.0
9.0
5.0
6.0
10.0
7.0
52.0
985.0
230.0
2.0
2.0
4.0
4.0
2.0
826.0
452.0
10.0
8.0
10.0
9.0
6.0
33.0
0.0
