8.0
9.0
6.0
656.0
670.0
5.0
4.0
4.0
9.0
6.0
358.0
945.0
7.0
10.0
13.0
6.0
11.0
3.0
578.0
705.0
6.0
4.0
5.0
5.0
5.0
213.0
1054.0
8.0
17.0
0.0
8.0
10.0
9.0
532.0
762.0
4.0
6.0
8.0
4.0
6.0
117.0
1193.0
13.0
3.0
5.0
8.0
6.0
8.0
514.0
820.0
4.0
3.0
3.0
5.0
5.0
74.0
1265.0
26.0
10.0
6.0
11.0
13.0
8.0
488.0
887.0
5.0
3.0
3.0
5.0
2.0
52.0
1285.0
40.0
11.0
10.0
12.0
13.0
10.0
440.0
936.0
6.0
4.0
9.0
9.0
7.0
39.0
1259.0
55.0
7.0
0.0
8.0
4.0
9.0
382.0
938.0
5.0
5.0
2.0
3.0
4.0
20.0
1208.0
72.0
15.0
10.0
10.0
4.0
7.0
323.0
957.0
6.0
5.0
1.0
4.0
3.0
7.0
1169.0
94.0
9.0
13.0
6.0
7.0
4.0
280.0
1001.0
9.0
5.0
7.0
6.0
5.0
6.0
1179.0
133.0
3.0
9.0
3.0
4.0
6.0
264.0
1061.0
3.0
3.0
4.0
3.0
4.0
3.0
1179.0
170.0
7.0
0.0
12.0
9.0
7.0
230.0
1136.0
7.0
6.0
9.0
4.0
5.0
8.0
1157.0
214.0
7.0
7.0
4.0
9.0
9.0
204.0
1171.0
2.0
6.0
3.0
5.0
7.0
7.0
1107.0
244.0
11.0
8.0
12.0
7.0
6.0
160.0
1158.0
4.0
6.0
5.0
6.0
6.0
4.0
1025.0
269.0
9.0
9.0
7.0
7.0
10.0
123.0
1154.0
9.0
4.0
8.0
10.0
5.0
3.0
968.0
307.0
7.0
0.0
8.0
9.0
10.0
99.0
1153.0
39.0
4.0
4.0
7.0
7.0
7.0
952.0
358.0
5.0
10.0
6.0
8.0
5.0
76.0
1112.0
140.0
4.0
7.0
4.0
6.0
7.0
921.0
422.0
4.0
6.0
4.0
2.0
8.0
53.0
1078.0
227.0
4.0
7.0
5.0
4.0
7.0
896.0
479.0
9.0
9.0
9.0
11.0
11.0
39.0
1044.0
298.0
10.0
6.0
11.0
7.0
1.0
837.0
507.0
16.0
0.0
10.0
10.0
10.0
35.0
949.0
344.0
2.0
2.0
5.0
8.0
6.0
767.0
526.0
8.0
6.0
8.0
7.0
8.0
17.0
873.0
398.0
5.0
7.0
7.0
5.0
7.0
709.0
567.0
10.0
9.0
9.0
7.0
9.0
9.0
836.0
451.0
4.0
5.0
4.0
4.0
4.0
658.0
636.0
8.0
8.0
7.0
4.0
11.0
11.0
802.0
509.0
6.0
5.0
4.0
3.0
5.0
607.0
725.0
10.0
0.0
13.0
7.0
7.0
14.0
776.0
575.0
5.0
4.0
4.0
7.0
9.0
540.0
827.0
9.0
6.0
8.0
8.0
10.0
9.0
748.0
630.0
5.0
2.0
3.0
9.0
5.0
467.0
879.0
14.0
15.0
10.0
9.0
6.0
5.0
661.0
658.0
5.0
8.0
10.0
9.0
6.0
374.0
923.0
11.0
8.0
11.0
12.0
14.0
11.0
584.0
703.0
6.0
5.0
1.0
5.0
7.0
237.0
1038.0
10.0
0.0
10.0
11.0
10.0
8.0
529.0
742.0
3.0
4.0
5.0
4.0
3.0
127.0
1137.0
14.0
5.0
8.0
4.0
12.0
11.0
489.0
789.0
4.0
8.0
5.0
4.0
6.0
75.0
1219.0
22.0
7.0
6.0
5.0
7.0
11.0
464.0
855.0
7.0
6.0
6.0
4.0
6.0
51.0
1262.0
40.0
9.0
9.0
6.0
7.0
9.0
441.0
920.0
7.0
6.0
5.0
7.0
4.0
37.0
1255.0
51.0
0.0
4.0
9.0
9.0
7.0
384.0
930.0
8.0
3.0
4.0
5.0
8.0
29.0
1204.0
71.0
9.0
5.0
9.0
12.0
10.0
326.0
948.0
5.0
3.0
3.0
1.0
2.0
12.0
1177.0
88.0
7.0
3.0
5.0
4.0
5.0
293.0
972.0
2.0
5.0
5.0
2.0
6.0
7.0
1143.0
116.0
7.0
8.0
5.0
9.0
8.0
257.0
1015.0
7.0
7.0
4.0
4.0
5.0
8.0
1144.0
153.0
0.0
9.0
7.0
10.0
6.0
229.0
1089.0
6.0
4.0
3.0
7.0
7.0
6.0
1141.0
202.0
4.0
7.0
1.0
8.0
6.0
208.0
1149.0
8.0
4.0
7.0
9.0
6.0
6.0
1105.0
229.0
7.0
5.0
12.0
14.0
7.0
164.0
1152.0
7.0
6.0
5.0
9.0
5.0
7.0
1028.0
264.0
7.0
6.0
11.0
11.0
11.0
131.0
1152.0
6.0
6.0
7.0
3.0
2.0
2.0
971.0
301.0
0.0
9.0
6.0
7.0
7.0
96.0
1150.0
26.0
5.0
2.0
3.0
7.0
8.0
928.0
339.0
8.0
6.0
8.0
7.0
13.0
78.0
1092.0
118.0
5.0
4.0
5.0
4.0
6.0
917.0
388.0
9.0
6.0
7.0
13.0
9.0
60.0
1066.0
210.0
9.0
6.0
5.0
1.0
7.0
887.0
458.0
5.0
5.0
6.0
6.0
10.0
38.0
1036.0
283.0
5.0
5.0
6.0
3.0
5.0
841.0
497.0
0.0
10.0
6.0
9.0
9.0
30.0
958.0
339.0
10.0
3.0
4.0
3.0
5.0
781.0
525.0
4.0
10.0
5.0
9.0
8.0
23.0
879.0
396.0
7.0
6.0
2.0
2.0
4.0
714.0
562.0
7.0
8.0
9.0
12.0
11.0
12.0
827.0
437.0
1.0
4.0
3.0
6.0
8.0
655.0
605.0
9.0
6.0
6.0
8.0
9.0
10.0
783.0
494.0
5.0
7.0
7.0
5.0
9.0
610.0
696.0
0.0
6.0
5.0
4.0
6.0
6.0
768.0
560.0
3.0
4.0
6.0
5.0
3.0
555.0
793.0
5.0
3.0
7.0
6.0
7.0
11.0
742.0
618.0
6.0
3.0
4.0
7.0
4.0
478.0
864.0
6.0
11.0
9.0
13.0
9.0
10.0
671.0
652.0
4.0
5.0
7.0
3.0
5.0
388.0
927.0
9.0
7.0
8.0
6.0
11.0
12.0
601.0
690.0
5.0
6.0
4.0
7.0
5.0
264.0
1012.0
0.0
10.0
6.0
14.0
9.0
6.0
545.0
729.0
4.0
5.0
6.0
3.0
2.0
140.0
1121.0
13.0
10.0
9.0
9.0
8.0
9.0
503.0
772.0
6.0
4.0
4.0
6.0
6.0
85.0
1207.0
17.0
8.0
8.0
5.0
6.0
8.0
477.0
849.0
6.0
7.0
3.0
1.0
2.0
59.0
1257.0
31.0
4.0
4.0
8.0
10.0
8.0
445.0
911.0
5.0
6.0
4.0
8.0
1.0
45.0
1262.0
