1008341.0
1019421.0
1030502.0
1041583.0
1052664.0
1063744.0
1074825.0
1085905.0
1096986.0
1108067.0
1119147.0
1130228.0
1141309.0
1152389.0
1163470.0
1174551.0
1185631.0
1196712.0
1207793.0
1218873.0
1229954.0
1241035.0
1252115.0
1263196.0
1274277.0
1285357.0
1296438.0
1307519.0
1318599.0
1329680.0
1340761.0
1351842.0
1362922.0
1374003.0
1385083.0
1396164.0
1407245.0
1418325.0
1429406.0
1440487.0
1451568.0
1462648.0
1473729.0
1484809.0
1495890.0
1506971.0
1518051.0
1529132.0
1540213.0
1551293.0
1562374.0
1573455.0
1584535.0
1595616.0
1606697.0
1617777.0
1628858.0
1639939.0
1651020.0
1662100.0
1673181.0
1684261.0
1695342.0
1706423.0
1717503.0
1728584.0
1739665.0
1750745.0
1761826.0
1772907.0
1783987.0
1795068.0
1806149.0
1817229.0
1828310.0
1839392.0
1850472.0
1861552.0
1872633.0
1883713.0
1894794.0
1905875.0
1916956.0
1928036.0
1939117.0
1950197.0
1961278.0
1972359.0
1983439.0
1994520.0
2005601.0
2016682.0
2027762.0
2038843.0
2049924.0
2061004.0
2072085.0
2083165.0
2094246.0
2105327.0
2116407.0
2127488.0
2138569.0
2149651.0
2160731.0
2171812.0
2182892.0
2193973.0
2205054.0
2216134.0
2227215.0
2238296.0
2249376.0
2260457.0
2271538.0
2282618.0
2293699.0
2304780.0
2315860.0
2326941.0
2338022.0
2349102.0
2360183.0
2371264.0
2382344.0
2393425.0
2404506.0
2415586.0
2426667.0
2437748.0
2448828.0
2459909.0
2470990.0
2482071.0
2493151.0
2504232.0
2515312.0
2526393.0
2537474.0
2548554.0
2559635.0
2570716.0
2581796.0
2592877.0
2603958.0
2615038.0
2626119.0
2637201.0
2648280.0
2659361.0
2670442.0
2681522.0
2692603.0
2703684.0
2714764.0
2725845.0
2736926.0
2748006.0
2759087.0
2770168.0
2781248.0
2792329.0
2803410.0
2814491.0
2825571.0
2836652.0
2847733.0
2858814.0
2869894.0
2880974.0
2892055.0
2903136.0
2914216.0
2925297.0
2936378.0
2947459.0
2958539.0
2969620.0
2980700.0
2991781.0
3002862.0
3013942.0
3025023.0
3036104.0
3047185.0
3058265.0
3069346.0
3080426.0
3091507.0
3102588.0
3113668.0
3124749.0
3135830.0
3146910.0
3157991.0
3169072.0
3180153.0
3191233.0
3202314.0
3213395.0
3224475.0
3235556.0
3246637.0
3257717.0
3268798.0
3279878.0
3290959.0
3302040.0
3313120.0
3324201.0
3335282.0
3346363.0
3357443.0
3368524.0
3379604.0
3390685.0
3401766.0
3412846.0
3423927.0
3435008.0
3446089.0
3457169.0
3468250.0
3479330.0
3490411.0
3501492.0
3512572.0
3523653.0
3534734.0
3545815.0
3556895.0
3567976.0
3579056.0
3590137.0
3601218.0
3612298.0
3623379.0
3634460.0
3645541.0
3656621.0
3667704.0
3678783.0
3689863.0
3700944.0
3712024.0
3723105.0
3734186.0
3745266.0
3756347.0
3767428.0
3778509.0
3789589.0
3800670.0
3811750.0
3822831.0
3833913.0
3844993.0
3856073.0
3867154.0
3878235.0
3889315.0
3900396.0
3911476.0
3922557.0
3933638.0
3944719.0
3955799.0
3966880.0
3977960.0
3989041.0
4000122.0
4011203.0
4022283.0
4033364.0
4044445.0
4055525.0
4066606.0
4077687.0
4088767.0
4099848.0
4110929.0
4122009.0
4133090.0
4144171.0
4155251.0
4166332.0
4177413.0
4188493.0
4199574.0
4210655.0
4221735.0
4232816.0
4243897.0
4254977.0
4266058.0
4277139.0
4288219.0
4299300.0
4310381.0
4321461.0
4332542.0
4343622.0
4354703.0
4365784.0
4376865.0
4387945.0
4399026.0
4410107.0
4421187.0
4432268.0
4443349.0
4454429.0
4465510.0
4476590.0
4487672.0
4498752.0
4509833.0
4520913.0
4531994.0
4543075.0
4554155.0
4565236.0
4576316.0
4587398.0
4598478.0
4609559.0
4620639.0
4631720.0
4642801.0
4653881.0
4664962.0
4676043.0
4687123.0
4698204.0
4709285.0
4720365.0
4731446.0
4742526.0
4753607.0
4764688.0
4775768.0
4786849.0
4797930.0
4809011.0
4820091.0
4831173.0
4842253.0
4853333.0
4864414.0
4875495.0
4886575.0
4897656.0
4908737.0
4919817.0
4930898.0
4941978.0
4953060.0
4964140.0
4975221.0
4986301.0
4997382.0
5008463.0
5019543.0
5030624.0
5041705.0
5052785.0
5063866.0
5074947.0
5086027.0
5097108.0
5108189.0
5119269.0
5130350.0
5141431.0
5152511.0
5163593.0
5174673.0
5185753.0
5196834.0
5207915.0
5218995.0
5230076.0
5241157.0
5252237.0
5263318.0
5274399.0
5285479.0
5296560.0
5307641.0
5318721.0
5329802.0
5340883.0
5351963.0
5363044.0
5374125.0
5385205.0
5396286.0
5407367.0
5418447.0
5429528.0
5440609.0
5451689.0
5462770.0
5473851.0
5484931.0
5496012.0
5507093.0
5518173.0
5529254.0
5540335.0
5551415.0
5562496.0
5573577.0
5584657.0
5595738.0
5606819.0
5617899.0
5628981.0
5640061.0
5651141.0
5662222.0
5673304.0
5684383.0
5695464.0
5706545.0
5717625.0
5728706.0
5739787.0
5750867.0
5761948.0
5773029.0
5784110.0
5795190.0
5806271.0
5817352.0
5828433.0
5839513.0
5850594.0
5861674.0
5872755.0
5883835.0
5894916.0
5905997.0
5917078.0
5928158.0
5939239.0
5950319.0
5961400.0
5972481.0
5983562.0
5994642.0
6005723.0
6016804.0
6027884.0
6038965.0
6050046.0
6061126.0
6072207.0
6083288.0
6094368.0
6105449.0
6116530.0
6127610.0
6138691.0
6149772.0
6160852.0
6171933.0
6183013.0
6194094.0
6205175.0
6216256.0
6227336.0
6238417.0
6249498.0
6260578.0
6271659.0
6282739.0
6293820.0
6304901.0
6315982.0
6327062.0
6338143.0
6349223.0
6360304.0
6371385.0
6382465.0
6393546.0
6404627.0
6415708.0
6426788.0
6437869.0
6448949.0
6460030.0
6471111.0
6482191.0
6493272.0
6504353.0
6515434.0
6526514.0
6537595.0
6548676.0
6559756.0
6570837.0
6581918.0
6592998.0
6604079.0
6615159.0
6626240.0
6637321.0
6648401.0
6659483.0
6670563.0
6681644.0
6692724.0
6703805.0
6714885.0
6725966.0
6737047.0
6748127.0
6759209.0
6770289.0
6781370.0
6792450.0
6803531.0
6814613.0
6825693.0
6836774.0
6847854.0
6858934.0
6870015.0
6881096.0
6892176.0
6903257.0
6914338.0
6925418.0
6936499.0
6947580.0
6958660.0
6969741.0
6980822.0
6991902.0
7002983.0
7014064.0
7025144.0
7036225.0
7047306.0
7058386.0
7069467.0
7080548.0
7091628.0
7102709.0
7113790.0
7124870.0
7135951.0
7147032.0
7158112.0
7169193.0
7180274.0
7191354.0
7202435.0
7213516.0
7224597.0
7235677.0
7246758.0
7257838.0
7268919.0
7280000.0
7291080.0
7302161.0
7313242.0
7324323.0
7335403.0
7346484.0
7357564.0
7368645.0
7379726.0
7390806.0
7401887.0
7412968.0
7424049.0
7435129.0
7446210.0
7457290.0
7468371.0
7479452.0
7490532.0
7501613.0
7512694.0
7523774.0
7534855.0
7545936.0
7557016.0
7568097.0
7579178.0
7590258.0
7601339.0
7612420.0
7623501.0
7634581.0
7645662.0
7656742.0
7667823.0
7678904.0
7689984.0
7701065.0
7712146.0
7723226.0
7734307.0
7745388.0
7756468.0
7767549.0
7778630.0
7789711.0
7800791.0
7811872.0
7822954.0
7834034.0
7845114.0
7856194.0
7867275.0
7878356.0
7889436.0
7900517.0
7911598.0
7922678.0
7933759.0
7944840.0
7955920.0
7967001.0
7978082.0
7989163.0
8000243.0
8011324.0
8022405.0
8033485.0
8044566.0
8055647.0
8066727.0
8077808.0
8088889.0
8099969.0
8111050.0
8122131.0
8133211.0
8144292.0
8155372.0
8166453.0
8177534.0
8188615.0
8199695.0
8210776.0
8221857.0
8232937.0
8244018.0
8255098.0
8266179.0
8277260.0
8288340.0
8299421.0
8310502.0
8321583.0
8332663.0
8343744.0
8354825.0
8365905.0
8376986.0
8388066.0
8399147.0
8410228.0
8421309.0
8432389.0
8443470.0
8454551.0
8465631.0
8476712.0
8487793.0
8498873.0
8509954.0
8521035.0
8532115.0
8543196.0
8554276.0
8565357.0
8576438.0
8587519.0
8598599.0
8609680.0
8620761.0
8631841.0
8642922.0
8654003.0
8665083.0
8676164.0
8687244.0
8698325.0
8709406.0
8720487.0
8731567.0
8742648.0
8753729.0
8764809.0
8775890.0
8786970.0
8798051.0
8809132.0
8820213.0
8831293.0
8842375.0
8853455.0
8864535.0
8875616.0
8886696.0
8897777.0
8908858.0
8919939.0
8931019.0
8942100.0
8953181.0
8964261.0
8975342.0
8986423.0
8997503.0
9008584.0
9019665.0
9030745.0
9041826.0
9052907.0
9063987.0
9075068.0
9086149.0
9097229.0
9108310.0
9119391.0
9130471.0
9141552.0
9152633.0
9163713.0
9174794.0
9185875.0
9196955.0
9208036.0
9219117.0
9230197.0
9241278.0
9252359.0
9263439.0
9274520.0
9285601.0
9296681.0
9307762.0
9318843.0
9329923.0
9341004.0
9352085.0
9363165.0
9374246.0
9385327.0
9396407.0
9407488.0
9418569.0
9429649.0
9440730.0
9451811.0
9462891.0
9473972.0
9485053.0
9496134.0
9507214.0
9518295.0
9529375.0
9540456.0
9551537.0
9562617.0
9573698.0
9584779.0
9595859.0
9606940.0
9618021.0
9629102.0
9640182.0
9651263.0
9662343.0
9673424.0
9684505.0
9695585.0
9706666.0
9717747.0
9728827.0
9739908.0
9750989.0
9762070.0
9773150.0
9784231.0
9795311.0
9806392.0
9817474.0
9828554.0
9839634.0
9850715.0
9861795.0
9872876.0
9883957.0
9895037.0
9906118.0
9917199.0
9928279.0
9939360.0
9950441.0
9961522.0
9972602.0
