5.0
6.0
5.0
4.0
660.0
690.0
5.0
8.0
6.0
5.0
5.0
342.0
1030.0
14.0
5.0
6.0
7.0
10.0
14.0
625.0
751.0
7.0
5.0
4.0
3.0
6.0
216.0
1135.0
7.0
0.0
9.0
5.0
9.0
8.0
541.0
771.0
7.0
7.0
9.0
4.0
6.0
111.0
1175.0
18.0
13.0
9.0
9.0
10.0
9.0
481.0
800.0
9.0
4.0
4.0
2.0
3.0
71.0
1187.0
20.0
6.0
9.0
10.0
11.0
9.0
427.0
832.0
5.0
4.0
3.0
4.0
4.0
47.0
1186.0
39.0
7.0
10.0
4.0
12.0
13.0
392.0
882.0
5.0
7.0
5.0
7.0
7.0
29.0
1222.0
58.0
0.0
9.0
9.0
11.0
11.0
368.0
952.0
7.0
6.0
3.0
3.0
7.0
20.0
1246.0
81.0
7.0
5.0
5.0
8.0
5.0
345.0
1015.0
2.0
2.0
1.0
3.0
6.0
14.0
1222.0
99.0
7.0
10.0
9.0
9.0
7.0
287.0
1026.0
5.0
4.0
3.0
5.0
3.0
5.0
1158.0
130.0
10.0
6.0
7.0
11.0
11.0
246.0
1031.0
5.0
5.0
4.0
5.0
3.0
1.0
1111.0
163.0
0.0
4.0
5.0
4.0
4.0
211.0
1052.0
6.0
8.0
6.0
7.0
6.0
5.0
1067.0
195.0
8.0
9.0
9.0
8.0
9.0
178.0
1098.0
4.0
5.0
5.0
3.0
6.0
7.0
1061.0
236.0
12.0
7.0
13.0
9.0
6.0
145.0
1173.0
7.0
7.0
4.0
3.0
5.0
3.0
1048.0
291.0
7.0
4.0
5.0
7.0
8.0
126.0
1227.0
6.0
10.0
8.0
8.0
7.0
5.0
999.0
336.0
0.0
7.0
11.0
10.0
6.0
94.0
1170.0
51.0
3.0
5.0
7.0
7.0
4.0
936.0
359.0
13.0
11.0
8.0
8.0
9.0
70.0
1069.0
141.0
3.0
2.0
2.0
5.0
2.0
877.0
395.0
4.0
6.0
6.0
8.0
6.0
46.0
1004.0
217.0
4.0
6.0
6.0
2.0
5.0
832.0
433.0
4.0
3.0
3.0
7.0
10.0
33.0
958.0
288.0
5.0
10.0
11.0
6.0
7.0
808.0
499.0
0.0
10.0
8.0
7.0
9.0
29.0
946.0
357.0
4.0
6.0
3.0
3.0
6.0
773.0
571.0
5.0
5.0
8.0
12.0
4.0
16.0
929.0
423.0
7.0
9.0
3.0
4.0
3.0
730.0
618.0
9.0
8.0
5.0
6.0
4.0
11.0
867.0
470.0
5.0
5.0
4.0
8.0
5.0
658.0
660.0
9.0
12.0
11.0
11.0
11.0
9.0
785.0
512.0
5.0
3.0
4.0
4.0
7.0
584.0
690.0
0.0
7.0
8.0
8.0
6.0
4.0
715.0
558.0
3.0
3.0
2.0
5.0
4.0
513.0
759.0
6.0
9.0
6.0
7.0
7.0
9.0
667.0
611.0
6.0
2.0
4.0
5.0
8.0
442.0
868.0
11.0
15.0
9.0
8.0
10.0
5.0
650.0
677.0
9.0
7.0
5.0
7.0
4.0
358.0
986.0
9.0
9.0
6.0
7.0
5.0
8.0
625.0
739.0
4.0
5.0
2.0
4.0
6.0
234.0
1118.0
0.0
9.0
7.0
3.0
7.0
12.0
565.0
770.0
5.0
7.0
7.0
8.0
4.0
126.0
1177.0
13.0
11.0
8.0
8.0
8.0
7.0
499.0
797.0
3.0
6.0
6.0
3.0
4.0
70.0
1195.0
25.0
5.0
11.0
12.0
11.0
9.0
430.0
835.0
1.0
1.0
3.0
5.0
3.0
54.0
1188.0
36.0
7.0
7.0
11.0
8.0
11.0
402.0
874.0
4.0
3.0
7.0
5.0
4.0
31.0
1223.0
0.0
6.0
12.0
6.0
7.0
8.0
374.0
947.0
4.0
5.0
4.0
6.0
9.0
21.0
1247.0
80.0
4.0
6.0
9.0
11.0
7.0
354.0
1003.0
4.0
6.0
7.0
7.0
6.0
16.0
1236.0
99.0
6.0
6.0
6.0
6.0
9.0
300.0
1037.0
4.0
2.0
4.0
5.0
4.0
10.0
1191.0
126.0
9.0
6.0
8.0
6.0
10.0
259.0
1041.0
5.0
5.0
4.0
5.0
5.0
5.0
1133.0
0.0
7.0
7.0
10.0
6.0
6.0
220.0
1056.0
3.0
0.0
3.0
4.0
5.0
4.0
1080.0
185.0
8.0
6.0
9.0
9.0
8.0
184.0
1098.0
5.0
4.0
8.0
6.0
3.0
5.0
1079.0
230.0
6.0
5.0
9.0
11.0
9.0
154.0
1175.0
7.0
4.0
4.0
5.0
6.0
3.0
1063.0
286.0
6.0
9.0
5.0
7.0
5.0
127.0
1231.0
3.0
5.0
2.0
4.0
7.0
7.0
1033.0
0.0
5.0
5.0
6.0
6.0
4.0
103.0
1234.0
41.0
7.0
5.0
2.0
4.0
6.0
975.0
371.0
12.0
8.0
5.0
9.0
6.0
79.0
1112.0
134.0
4.0
6.0
5.0
6.0
8.0
900.0
399.0
9.0
6.0
8.0
8.0
7.0
54.0
1021.0
213.0
7.0
6.0
6.0
4.0
7.0
844.0
432.0
9.0
3.0
10.0
5.0
10.0
39.0
972.0
279.0
7.0
5.0
11.0
9.0
3.0
824.0
0.0
10.0
5.0
11.0
5.0
6.0
29.0
961.0
351.0
3.0
4.0
0.0
3.0
7.0
790.0
563.0
9.0
10.0
8.0
9.0
10.0
22.0
943.0
411.0
3.0
5.0
9.0
6.0
6.0
736.0
630.0
9.0
14.0
6.0
9.0
7.0
14.0
894.0
468.0
6.0
3.0
7.0
5.0
6.0
676.0
678.0
8.0
6.0
5.0
7.0
10.0
8.0
815.0
510.0
2.0
5.0
3.0
8.0
5.0
596.0
0.0
11.0
8.0
6.0
6.0
14.0
9.0
732.0
553.0
5.0
6.0
2.0
1.0
5.0
525.0
751.0
8.0
8.0
8.0
11.0
11.0
9.0
686.0
599.0
4.0
3.0
4.0
6.0
6.0
451.0
864.0
5.0
9.0
11.0
6.0
6.0
12.0
668.0
671.0
7.0
4.0
3.0
6.0
7.0
375.0
974.0
9.0
6.0
4.0
8.0
7.0
7.0
642.0
728.0
4.0
6.0
7.0
2.0
7.0
260.0
0.0
6.0
9.0
11.0
10.0
10.0
6.0
596.0
778.0
4.0
5.0
5.0
7.0
4.0
136.0
1211.0
15.0
8.0
11.0
9.0
14.0
8.0
517.0
807.0
7.0
8.0
9.0
5.0
5.0
80.0
1209.0
26.0
7.0
7.0
7.0
6.0
14.0
445.0
833.0
2.0
1.0
4.0
4.0
4.0
54.0
1194.0
30.0
11.0
13.0
10.0
13.0
10.0
412.0
875.0
3.0
6.0
5.0
6.0
5.0
37.0
0.0
