2
4
27
1181
58
4
4
4
5
3
348
910
6
7
5
6
6
21
1160
85
5
6
11
9
6
307
961
5
6
6
2
3
8
1167
108
10
11
6
8
5
271
1032
5
8
9
6
6
9
1165
149
5
4
5
5
8
244
1075
3
0
0
3
4
4
1125
179
10
10
8
13
9
201
1082
9
6
6
3
8
5
1061
207
8
7
3
6
3
171
1090
3
4
5
5
3
4
1014
245
5
4
7
5
3
149
1132
13
14
2
7
10
6
986
298
10
8
8
6
8
115
1162
12
5
0
2
0
1
957
343
13
23
9
5
5
82
1136
90
7
4
5
7
6
925
381
10
16
16
9
10
60
1084
180
5
5
7
5
6
886
422
11
5
4
7
4
40
1001
248
6
5
6
4
8
823
460
4
7
18
8
9
29
929
304
6
0
10
12
9
767
497
6
6
8
5
10
20
885
363
6
8
9
5
8
719
543
6
6
6
7
10
19
839
425
7
5
5
5
5
679
604
11
6
8
6
9
11
817
482
4
4
4
5
3
626
689
4
7
9
7
8
9
789
539
6
0
2
4
6
570
738
12
9
9
8
6
7
718
580
4
3
0
1
2
493
793
9
10
7
6
8
5
653
617
5
9
6
12
7
396
862
9
7
11
4
5
6
601
662
2
4
7
3
6
289
974
6
4
4
7
9
12
563
710
7
0
5
7
9
185
1103
8
7
11
6
7
7
527
776
6
4
1
3
5
96
1208
24
7
7
7
8
7
492
831
4
2
3
4
6
63
1231
25
8
6
4
5
4
441
860
4
3
2
5
3
46
1210
37
6
8
7
8
2
396
882
2
0
6
3
1
30
1183
62
4
3
4
6
4
347
912
3
5
5
6
5
20
1166
77
6
8
9
13
10
311
950
3
4
6
6
3
11
1164
110
11
11
8
10
8
280
1021
5
5
6
8
3
13
1166
142
10
7
8
9
10
245
1070
7
0
5
2
4
3
1137
169
3
10
12
12
8
209
1102
7
4
4
3
4
1
1097
205
11
11
10
11
7
176
1099
4
5
6
6
6
3
1026
238
13
8
9
9
7
143
1121
4
7
8
5
7
5
982
280
4
7
8
13
11
112
1158
10
0
6
7
4
5
964
324
11
9
9
9
6
88
1154
69
8
4
2
4
4
934
377
12
4
14
9
11
66
1093
168
6
4
4
7
6
896
436
5
9
9
8
10
46
1044
245
7
9
8
9
6
856
458
9
12
8
11
10
24
961
304
0
5
6
9
7
783
493
12
10
10
10
5
24
894
355
4
3
3
6
6
729
532
3
9
12
11
3
15
845
416
4
8
4
4
8
690
604
9
9
12
12
14
12
840
470
6
5
6
4
4
638
679
17
15
11
10
11
8
810
528
0
5
3
7
9
578
761
10
12
10
8
6
8
761
587
9
3
6
6
7
512
806
9
9
6
11
11
11
678
615
6
3
7
4
7
420
848
4
8
11
14
5
12
608
654
1
2
7
3
0
317
942
4
3
9
9
6
9
560
708
0
7
6
4
3
195
1094
11
8
9
9
8
9
538
769
6
5
4
5
8
105
1206
17
9
10
10
12
11
504
833
6
5
4
9
8
70
1257
25
8
7
6
7
7
467
870
7
6
7
3
6
49
1236
40
6
11
12
10
11
403
890
0
4
7
5
7
31
1189
58
8
9
10
7
8
348
911
3
5
3
6
4
20
1177
68
6
10
8
6
9
309
961
5
8
5
7
6
13
1181
102
3
6
12
6
9
282
1021
6
8
6
7
4
7
1181
142
9
12
14
10
11
254
1076
0
4
3
6
5
6
1167
174
6
6
7
7
7
230
1112
2
9
7
3
9
4
1117
200
14
10
12
9
13
179
1109
6
2
0
5
4
5
1038
234
6
12
17
11
7
142
1121
4
3
7
8
3
4
990
272
8
8
8
15
11
115
1154
0
9
2
3
7
6
968
309
10
9
10
8
9
93
1157
51
6
4
6
6
5
938
368
11
5
11
14
10
70
1099
157
7
8
7
6
5
904
426
7
8
6
8
12
52
1053
243
3
6
6
6
6
870
458
10
15
9
13
8
38
972
0
7
