11080
22161
33241
44322
55403
66483
77564
88644
99725
110806
121886
132967
144048
155128
166209
177290
188371
199451
210532
221613
232693
243774
254854
265935
277016
288096
299177
310258
321339
332419
343500
354580
365661
376742
387822
398903
409984
421064
432145
443226
454307
465387
476468
487548
498629
509710
520790
531871
542952
554033
565113
576194
587274
598355
609436
620516
631597
642678
653759
664839
675920
687000
698081
709162
720242
731323
742404
753484
764565
775646
786726
797807
808888
819968
831049
842130
853211
864291
875372
886452
897533
908614
919694
930775
941856
952936
964017
975098
986178
997259
1008340
1019420
1030501
1041582
1052663
1063743
1074824
1085904
1096985
1108066
1119146
1130227
1141308
1152388
1163469
1174550
1185630
1196711
1207792
1218872
1229953
1241034
1252115
1263195
1274276
1285356
1296437
1307518
1318598
1329679
1340760
1351840
1362921
1374002
1385082
1396163
1407244
1418324
1429405
1440486
1451566
1462647
1473728
1484808
1495889
1506970
1518050
1529131
1540212
1551292
1562373
1573454
1584534
1595615
1606696
1617776
1628857
1639938
1651018
1662099
1673180
1684260
1695341
1706422
1717502
1728583
1739664
1750744
1761825
1772906
1783986
1795067
1806148
1817228
1828309
1839390
1850471
1861551
1872631
1883712
1894793
1905874
1916954
1928035
1939116
1950196
1961277
1972358
1983438
1994519
2005600
2016680
2027761
2038842
2049923
2061003
2072083
2083164
2094245
2105326
2116406
2127487
2138567
2149648
2160729
2171810
2182890
2193971
2205052
2216132
2227213
2238294
2249374
2260455
2271535
2282616
2293697
2304778
2315858
2326939
2338020
2349100
2360181
2371262
2382343
2393424
2404505
2415585
2426666
2437747
2448827
2459908
2470988
2482069
2493150
2504231
2515311
2526392
2537472
2548553
2559634
2570715
2581795
2592876
2603956
2615037
2626118
2637198
2648279
2659360
2670441
2681521
2692602
2703682
2714763
2725844
2736924
2748005
2759086
2770166
2781247
2792328
2803408
2814489
2825570
2836652
2847732
2858812
2869893
2880973
2892054
2903134
2914215
2925296
2936376
2947457
2958538
2969618
2980699
2991780
3002861
3013941
3025022
3036102
3047183
3058264
3069344
3080425
3091506
3102586
3113667
3124748
3135828
3146909
3157990
3169070
3180151
3191232
3202312
3213393
3224474
3235554
3246635
3257716
3268796
3279877
3290958
3302038
3313119
3324200
3335280
3346361
3357441
3368522
3379603
3390684
3401764
3412845
3423926
3435007
3446087
3457167
3468248
3479329
3490410
3501491
3512571
3523652
3534732
3545813
3556894
3567974
3579055
3590136
3601216
3612297
3623378
3634459
3645540
3656620
3667701
3678781
3689862
3700942
3712023
3723104
3734184
3745265
3756345
3767426
3778507
3789588
3800668
3811749
3822830
3833911
3844991
3856072
3867152
3878233
3889313
3900394
3911475
3922556
3933636
3944717
3955798
3966878
3977959
3989039
4000121
4011201
4022282
4033362
4044443
4055523
4066604
4077685
4088766
4099846
4110927
4122008
4133088
4144169
4155250
4166330
4177411
4188492
4199572
4210653
4221733
4232814
4243895
4254976
4266056
4277137
4288218
4299298
4310379
4321460
4332540
4343621
4354702
4365782
4376863
4387943
4399024
4410105
4421185
4432266
4443347
4454428
4465508
4476589
4487669
4498750
4509831
4520911
4531992
4543073
4554153
4565234
4576315
4587395
4598476
4609557
4620638
4631718
4642799
4653879
4664962
4676041
4687122
4698202
4709283
4720364
4731444
4742525
4753605
4764686
4775767
4786847
4797928
4809009
4820090
4831171
4842251
4853332
4864412
4875493
4886573
4897654
4908735
4919816
4930896
4941977
4953057
4964138
4975219
4986299
4997380
5008461
5019542
5030622
5041703
5052783
5063864
5074945
5086025
5097106
5108187
5119267
5130348
5141428
5152510
5163590
5174671
5185751
5196832
5207913
5218993
5230075
5241155
5252235
5263316
5274397
5285478
5296558
5307639
5318719
5329800
5340881
5351961
5363042
5374123
5385204
5396284
5407365
5418445
5429526
5440607
5451687
5462768
5473849
5484929
5496012
5507091
5518171
5529252
5540333
5551413
5562494
5573575
5584655
5595736
5606817
5617897
5628978
5640059
5651139
5662220
5673301
5684381
5695462
5706542
5717623
5728704
5739785
5750865
5761946
5773027
5784107
5795188
5806269
5817349
5828431
5839511
5850591
5861672
5872753
5883833
5894914
5905994
5917075
5928156
5939237
5950318
5961398
5972479
5983559
5994640
6005721
6016801
6027882
6038963
6050043
6061124
6072205
6083285
6094366
6105447
6116527
6127608
6138689
6149769
6160850
6171930
6183011
6194092
6205173
6216253
6227334
6238415
6249495
6260576
6271657
6282737
6293818
6304899
6315979
6327060
6338140
6349221
6360302
6371383
6382463
6393544
6404625
6415705
6426786
6437866
6448947
6460028
6471109
6482189
6493271
6504351
6515431
6526512
6537593
6548673
6559754
6570835
6581915
6592996
6604077
6615158
6626238
6637319
6648399
6659480
6670561
6681641
6692722
6703803
6714884
6725964
6737044
6748125
6759206
6770287
6781367
6792448
6803529
6814609
6825692
6836771
6847851
6858932
6870012
6881093
6892174
6903255
6914335
6925416
6936496
6947577
6958658
6969738
6980819
6991900
7002980
7014061
7025142
7036223
7047304
7058384
7069464
7080545
7091626
7102707
7113787
7124868
7135948
7147029
7158110
7169191
7180271
7191352
7202432
7213513
7224594
7235675
7246755
7257836
7268916
7279997
7291078
7302158
7313239
7324320
7335400
7346481
7357562
7368643
7379723
7390804
7401884
7412965
7424046
7435127
7446207
7457288
7468369
7479449
7490530
7501610
7512691
7523772
7534852
7545933
7557014
7568094
7579175
7590256
7601336
7612417
7623498
7634579
7645659
7656741
7667820
7678901
7689982
7701062
7712143
7723224
7734304
7745385
7756466
7767546
7778627
7789708
7800788
7811869
7822950
7834031
7845111
7856192
7867272
7878353
7889434
7900515
7911595
7922676
7933756
7944837
7955918
7966998
7978079
7989160
8000240
8011321
8022402
8033482
8044563
8055644
8066724
8077805
8088886
8099966
8111047
8122128
8133208
8144289
8155370
8166450
8177531
8188612
8199692
8210773
8221854
8232935
8244015
8255096
8266176
8277257
8288338
8299418
8310499
8321580
8332660
8343741
8354822
8365902
8376983
8388064
8399144
8410225
8421306
8432387
8443467
8454547
8465628
8476709
8487790
8498870
8509951
8521032
8532112
8543193
8554274
8565354
8576435
8587516
8598596
8609677
8620758
8631839
8642919
8654000
8665080
8676161
8687242
8698322
8709403
8720484
8731564
8742645
8753726
8764806
8775887
8786968
8798048
8809129
8820211
8831290
8842372
8853452
8864532
8875613
8886694
8897774
8908855
8919936
8931017
8942097
8953178
8964258
8975339
8986420
8997500
9008581
9019662
9030742
9041823
9052904
9063984
9075065
9086146
9097226
9108307
9119388
9130468
9141549
9152630
9163710
9174791
9185872
9196952
9208033
9219114
9230194
9241275
9252356
9263436
9274517
9285598
9296678
9307759
9318840
9329920
9341001
9352082
9363162
9374243
9385324
9396404
9407485
9418566
9429646
9440727
9451808
9462888
9473969
9485050
9496130
9507211
9518292
9529372
9540453
9551534
9562614
9573695
9584776
9595856
9606937
9618018
9629098
9640179
9651260
9662340
9673421
9684502
9695582
9706663
9717744
9728824
9739905
9750986
9762066
9773147
9784228
9795308
9806389
9817471
9828551
9839631
9850712
9861792
9872873
9883953
9895034
9906115
9917196
9928276
9939357
9950437
9961518
9972599
9983680
