11081
22161
33242
44323
55403
66484
77565
88645
99726
110806
121887
132968
144048
155129
166210
177291
188371
199452
210533
221613
232694
243775
254855
265936
277017
288097
299178
310259
321339
332420
343501
354581
365662
376743
387823
398904
409985
421065
432146
443227
454307
465388
476469
487549
498630
509711
520791
531872
542953
554033
565114
576195
587275
598356
609437
620517
631598
642679
653759
664840
675921
687001
698082
709162
720243
731324
742404
753485
764566
775647
786727
797808
808889
819969
831050
842131
853212
864292
875373
886453
897534
908615
919695
930776
941857
952937
964018
975099
986179
997260
1008341
1019421
1030502
1041583
1052664
1063744
1074825
1085905
1096986
1108067
1119147
1130228
1141309
1152389
1163470
1174551
1185631
1196712
1207793
1218873
1229954
1241035
1252115
1263196
1274277
1285357
1296438
1307519
1318599
1329680
1340761
1351842
1362922
1374003
1385083
1396164
1407245
1418325
1429406
1440487
1451568
1462648
1473729
1484809
1495890
1506971
1518051
1529132
1540213
1551293
1562374
1573455
1584535
1595616
1606697
1617777
1628858
1639939
1651020
1662100
1673181
1684261
1695342
1706423
1717503
1728584
1739665
1750745
1761826
1772907
1783987
1795068
1806149
1817229
1828310
1839392
1850472
1861552
1872633
1883713
1894794
1905875
1916956
1928036
1939117
1950197
1961278
1972359
1983439
1994520
2005601
2016682
2027762
2038843
2049924
2061004
2072085
2083165
2094246
2105327
2116407
2127488
2138569
2149651
2160731
2171812
2182892
2193973
2205054
2216134
2227215
2238296
2249376
2260457
2271538
2282618
2293699
2304780
2315860
2326941
2338022
2349102
2360183
2371264
2382344
2393425
2404506
2415586
2426667
2437748
2448828
2459909
2470990
2482071
2493151
2504232
2515312
2526393
2537474
2548554
2559635
2570716
2581796
2592877
2603958
2615038
2626119
2637201
2648280
2659361
2670442
2681522
2692603
2703684
2714764
2725845
2736926
2748006
2759087
2770168
2781248
2792329
2803410
2814491
2825571
2836652
2847733
2858814
2869894
2880974
2892055
2903136
2914216
2925297
2936378
2947459
2958539
2969620
2980700
2991781
3002862
3013942
3025023
3036104
3047185
3058265
3069346
3080426
3091507
3102588
3113668
3124749
3135830
3146910
3157991
3169072
3180153
3191233
3202314
3213395
3224475
3235556
3246637
3257717
3268798
3279878
3290959
3302040
3313120
3324201
3335282
3346363
3357443
3368524
3379604
3390685
3401766
3412846
3423927
3435008
3446089
3457169
3468250
3479330
3490411
3501492
3512572
3523653
3534734
3545815
3556895
3567976
3579056
3590137
3601218
3612298
3623379
3634460
3645541
3656621
3667704
3678783
3689863
3700944
3712024
3723105
3734186
3745266
3756347
3767428
3778509
3789589
3800670
3811750
3822831
3833913
3844993
3856073
3867154
3878235
3889315
3900396
3911476
3922557
3933638
3944719
3955799
3966880
3977960
3989041
4000122
4011203
4022283
4033364
4044445
4055525
4066606
4077687
4088767
4099848
4110929
4122009
4133090
4144171
4155251
4166332
4177413
4188493
4199574
4210655
4221735
4232816
4243897
4254977
4266058
4277139
4288219
4299300
4310381
4321461
4332542
4343622
4354703
4365784
4376865
4387945
4399026
4410107
4421187
4432268
4443349
4454429
4465510
4476590
4487672
4498752
4509833
4520913
4531994
4543075
4554155
4565236
4576316
4587398
4598478
4609559
4620639
4631720
4642801
4653881
4664962
4676043
4687123
4698204
4709285
4720365
4731446
4742526
4753607
4764688
4775768
4786849
4797930
4809011
4820091
4831173
4842253
4853333
4864414
4875495
4886575
4897656
4908737
4919817
4930898
4941978
4953060
4964140
4975221
4986301
4997382
5008463
5019543
5030624
5041705
5052785
5063866
5074947
5086027
5097108
5108189
5119269
5130350
5141431
5152511
5163593
5174673
5185753
5196834
5207915
5218995
5230076
5241157
5252237
5263318
5274399
5285479
5296560
5307641
5318721
5329802
5340883
5351963
5363044
5374125
5385205
5396286
5407367
5418447
5429528
5440609
5451689
5462770
5473851
5484931
5496012
5507093
5518173
5529254
5540335
5551415
5562496
5573577
5584657
5595738
5606819
5617899
5628981
5640061
5651141
5662222
5673304
5684383
5695464
5706545
5717625
5728706
5739787
5750867
5761948
5773029
5784110
5795190
5806271
5817352
5828433
5839513
5850594
5861674
5872755
5883835
5894916
5905997
5917078
5928158
5939239
5950319
5961400
5972481
5983562
5994642
6005723
6016804
6027884
6038965
6050046
6061126
6072207
6083288
6094368
6105449
6116530
6127610
6138691
6149772
6160852
6171933
6183013
6194094
6205175
6216256
6227336
6238417
6249498
6260578
6271659
6282739
6293820
6304901
6315982
6327062
6338143
6349223
6360304
6371385
6382465
6393546
6404627
6415708
6426788
6437869
6448949
6460030
6471111
6482191
6493272
6504353
6515434
6526514
6537595
6548676
6559756
6570837
6581918
6592998
6604079
6615159
6626240
6637321
6648401
6659483
6670563
6681644
6692724
6703805
6714885
6725966
6737047
6748127
6759209
6770289
6781370
6792450
6803531
6814613
6825693
6836774
6847854
6858934
6870015
6881096
6892176
6903257
6914338
6925418
6936499
6947580
6958660
6969741
6980822
6991902
7002983
7014064
7025144
7036225
7047306
7058386
7069467
7080548
7091628
7102709
7113790
7124870
7135951
7147032
7158112
7169193
7180274
7191354
7202435
7213516
7224597
7235677
7246758
7257838
7268919
7280000
7291080
7302161
7313242
7324323
7335403
7346484
7357564
7368645
7379726
7390806
7401887
7412968
7424049
7435129
7446210
7457290
7468371
7479452
7490532
7501613
7512694
7523774
7534855
7545936
7557016
7568097
7579178
7590258
7601339
7612420
7623501
7634581
7645662
7656742
7667823
7678904
7689984
7701065
7712146
7723226
7734307
7745388
7756468
7767549
7778630
7789711
7800791
7811872
7822954
7834034
7845114
7856194
7867275
7878356
7889436
7900517
7911598
7922678
7933759
7944840
7955920
7967001
7978082
7989163
8000243
8011324
8022405
8033485
8044566
8055647
8066727
8077808
8088889
8099969
8111050
8122131
8133211
8144292
8155372
8166453
8177534
8188615
8199695
8210776
8221857
8232937
8244018
8255098
8266179
8277260
8288340
8299421
8310502
8321583
8332663
8343744
8354825
8365905
8376986
8388066
8399147
8410228
8421309
8432389
8443470
8454551
8465631
8476712
8487793
8498873
8509954
8521035
8532115
8543196
8554276
8565357
8576438
8587519
8598599
8609680
8620761
8631841
8642922
8654003
8665083
8676164
8687244
8698325
8709406
8720487
8731567
8742648
8753729
8764809
8775890
8786970
8798051
8809132
8820213
8831293
8842375
8853455
8864535
8875616
8886696
8897777
8908858
8919939
8931019
8942100
8953181
8964261
8975342
8986423
8997503
9008584
9019665
9030745
9041826
9052907
9063987
9075068
9086149
9097229
9108310
9119391
9130471
9141552
9152633
9163713
9174794
9185875
9196955
9208036
9219117
9230197
9241278
9252359
9263439
9274520
9285601
9296681
9307762
9318843
9329923
9341004
9352085
9363165
9374246
9385327
9396407
9407488
9418569
9429649
9440730
9451811
9462891
9473972
9485053
9496134
9507214
9518295
9529375
9540456
9551537
9562617
9573698
9584779
9595859
9606940
9618021
9629102
9640182
9651263
9662343
9673424
9684505
9695585
9706666
9717747
9728827
9739908
9750989
9762070
9773150
9784231
9795311
9806392
9817474
9828554
9839634
9850715
9861795
9872876
9883957
9895037
9906118
9917199
9928279
9939360
9950441
9961522
9972602
