1
2
2
20
1225
81
10
6
11
8
11
365
955
2
2
6
3
4
14
1212
102
11
8
8
7
9
332
998
2
2
5
4
4
6
1225
141
8
21
17
10
14
290
1040
2
3
4
4
3
4
1152
169
8
10
9
11
13
234
1082
3
0
4
1
2
2
1121
199
17
8
6
10
10
193
1127
1
0
1
0
0
0
1076
234
9
8
6
11
9
153
1155
1
0
0
0
0
1
1036
271
10
8
6
9
10
126
1178
3
2
1
4
4
4
998
323
8
7
6
12
12
109
1183
35
0
5
4
3
5
966
376
6
9
20
12
15
89
1128
123
3
4
3
1
2
909
407
3
8
9
7
8
57
1048
216
1
3
3
3
2
861
456
12
7
10
6
4
37
997
288
1
0
2
2
0
811
511
8
6
9
8
7
26
953
345
0
3
3
0
0
757
559
13
10
11
11
7
21
897
397
2
2
2
1
2
702
619
9
11
6
6
9
12
860
451
6
5
4
8
7
651
683
4
7
14
10
7
12
822
501
3
5
0
6
3
584
730
9
11
10
11
12
10
764
550
0
3
0
3
2
521
803
11
8
10
12
12
16
715
613
1
2
3
3
4
438
894
8
12
9
10
6
7
674
661
2
2
1
0
2
354
970
7
10
11
9
8
16
620
700
1
1
2
2
2
234
1091
12
5
7
6
3
5
588
741
0
5
8
9
6
117
1211
11
4
9
13
12
9
549
779
0
1
1
1
2
64
1239
24
10
6
7
8
8
485
841
3
5
3
2
2
40
1250
39
10
12
10
10
10
442
886
2
1
4
0
1
24
1252
52
10
4
11
12
14
409
925
0
0
0
0
0
18
1227
79
15
7
16
11
9
356
954
2
1
4
3
2
14
1208
102
5
8
5
10
10
332
992
2
5
7
5
4
10
1201
127
14
11
8
9
9
293
1032
3
2
1
1
2
3
1158
157
6
10
9
14
8
245
1077
0
1
2
1
3
2
1135
193
6
9
8
7
9
207
1117
2
3
1
1
1
1
1092
235
8
10
12
10
12
157
1171
1
2
1
0
0
1
1051
272
11
17
12
13
10
134
1181
3
3
2
4
3
2
1005
314
10
11
7
7
5
113
1188
0
4
2
2
4
2
971
358
8
8
11
10
8
91
1134
103
4
1
3
3
4
918
407
10
4
11
12
10
67
1061
197
1
2
2
2
1
878
447
2
12
9
8
10
43
1010
278
2
2
2
3
0
825
503
10
10
8
5
10
32
966
0
2
1
0
0
3
766
549
12
9
10
16
8
20
906
388
2
3
2
1
5
711
611
9
10
12
7
4
20
865
445
5
3
7
1
5
658
675
5
8
8
8
6
12
832
494
1
4
4
6
9
604
719
7
5
4
6
4
8
782
0
5
2
3
2
0
534
788
14
8
12
9
7
4
722
600
3
3
2
3
1
459
869
11
9
9
8
8
12
680
654
2
1
2
1
3
370
954
15
11
10
12
8
11
623
690
1
2
1
3
1
256
1069
7
6
5
8
7
8
595
0
3
6
7
6
4
143
1183
15
15
11
4
6
10
569
782
4
4
7
4
4
84
1276
22
11
3
11
21
7
526
817
4
4
3
3
4
49
1241
40
15
9
11
10
7
448
872
2
1
5
2
1
32
1253
51
12
14
9
11
14
408
0
1
0
1
2
1
21
1235
72
10
9
10
10
10
371
947
3
1
1
3
4
16
1213
97
7
6
6
9
8
344
980
2
4
7
9
8
11
1223
122
14
7
8
5
9
309
1065
7
3
5
6
5
4
1232
152
8
6
3
21
29
279
0
4
4
3
4
4
5
1128
180
11
8
10
10
14
218
1103
3
5
4
4
4
4
1090
229
10
4
9
13
9
169
1149
2
3
1
4
2
2
1056
261
12
9
8
10
7
144
1172
2
0
3
4
5
3
1013
315
7
12
12
10
7
124
0
18
4
4
3
5
7
991
365
16
13
14
12
9
97
1195
88
3
6
6
5
3
987
413
6
8
12
20
25
81
1114
174
11
6
7
2
4
876
445
8
13
11
8
6
56
1010
263
1
2
3
2
3
829
498
5
9
8
5
7
38
0
326
3
3
5
3
6
780
544
15
12
6
9
13
22
924
377
2
3
2
3
2
726
600
5
7
6
6
6
16
878
432
4
5
6
4
5
674
662
9
11
5
7
10
10
855
493
4
2
5
5
5
646
749
4
7
6
19
19
19
0
527
8
4
7
6
6
549
776
8
7
6
6
10
5
732
587
3
3
5
3
0
477
849
13
9
4
7
7
11
684
645
0
2
3
3
3
385
934
8
10
10
9
8
8
637
677
3
0
0
3
1
278
1043
10
9
7
6
11
8
0
719
6
4
6
7
7
161
1163
13
8
10
10
13
11
570
760
6
4
5
5
5
89
1279
16
7
10
20
20
10
531
809
3
0
2
1
2
53
1238
32
7
11
7
11
11
464
858
3
2
4
4
6
32
1245
52
9
4
9
12
7
0
904
3
1
1
2
4
23
1238
69
13
12
10
5
7
377
945
1
2
3
3
3
17
1224
86
7
4
6
6
11
348
971
4
4
4
2
6
12
1202
117
6
5
9
10
6
306
1019
8
5
5
5
6
9
1192
146
8
9
15
13
10
0
1061
5
2
3
3
3
1
1139
179
8
4
8
11
11
222
1102
0
1
1
1
2
2
1119
219
11
5
10
11
12
175
1160
2
4
1
1
3
1
1066
262
7
7
4
8
10
145
1185
1
1
1
0
1
1
1030
298
14
13
6
10
6
0
1195
8
2
5
3
4
1
971
342
11
7
6
10
9
96
1156
74
6
3
2
3
4
939
393
8
7
11
7
16
74
1090
166
4
2
2
2
3
892
433
10
5
7
7
5
51
1029
253
3
4
2
3
6
844
498
7
9
7
13
6
0
990
321
2
3
1
2
2
797
552
8
7
9
11
9
28
947
383
1
1
2
2
1
749
590
7
8
7
12
9
15
886
428
2
4
3
2
1
688
637
2
6
7
5
5
10
837
474
4
5
5
5
6
624
702
10
11
11
11
5
0
791
530
1
2
2
0
0
559
765
8
7
7
9
7
7
742
587
2
1
2
2
4
493
850
5
8
2
4
7
16
707
640
3
1
1
3
2
404
949
10
10
13
6
6
7
660
697
0
0
3
1
1
306
1037
9
9
12
12
14
0
594
732
2
3
2
1
2
181
1135
6
9
8
9
11
7
559
759
3
2
4
7
4
87
1234
15
6
10
9
11
8
512
808
6
4
4
3
2
57
1248
27
10
6
5
4
11
472
863
2
2
0
2
2
36
1271
45
11
13
12
7
0
438
916
3
2
1
4
3
23
1268
66
5
7
10
11
7
391
965
2
0
1
1
1
16
1234
86
14
12
15
9
15
343
982
3
2
4
5
2
11
1200
115
6
7
10
5
5
306
1011
5
2
4
5
5
6
1178
139
7
10
4
6
0
277
1040
5
4
2
1
3
1
1153
172
7
6
7
9
7
217
1109
3
3
2
3
4
2
1132
214
8
9
8
8
4
186
1162
2
3
2
2
5
4
1092
255
14
14
12
10
7
156
1208
3
3
2
4
1
3
1044
300
9
13
11
11
0
124
1202
2
2
3
3
2
5
988
335
9
7
7
2
4
93
1168
56
3
6
7
6
7
944
376
8
4
6
6
7
73
1103
151
3
5
6
4
5
897
427
6
9
13
3
6
58
1037
239
6
5
3
1
2
850
491
5
5
10
9
0
43
994
309
1
2
3
3
2
812
539
12
11
7
10
8
27
960
373
2
3
4
4
3
752
585
13
13
15
9
9
22
892
419
1
3
0
3
4
692
631
3
5
5
4
4
9
848
463
6
4
5
4
5
634
693
9
8
7
7
0
4
805
515
4
8
5
5
4
576
750
6
4
4
7
10
9
748
577
3
2
3
4
2
504
833
4
10
11
3
5
6
708
633
2
1
0
2
1
424
926
9
8
7
7
11
6
664
690
2
4
3
3
2
324
1018
9
10
10
12
0
9
607
722
2
5
4
5
3
202
1115
4
4
9
4
5
4
571
747
4
2
5
6
7
99
1229
10
4
4
4
2
5
539
798
3
5
5
6
5
59
1248
27
5
5
5
11
9
491
838
4
6
5
8
5
38
1250
35
12
6
5
0
4
434
894
1
1
3
2
0
28
1253
63
7
10
11
9
17
391
953
1
0
2
4
2
15
1245
80
10
7
9
5
9
352
981
6
2
5
5
6
17
1207
107
8
7
5
5
5
317
1004
3
6
5
2
3
8
1192
137
8
2
3
0
5
281
1050
2
6
8
6
7
6
1187
162
10
13
12
17
7
255
1081
5
4
4
8
8
5
1115
201
9
7
15
11
7
191
1133
2
1
1
1
1
2
1088
253
8
6
10
8
7
161
1180
1
2
3
1
2
3
1047
282
9
9
8
0
7
128
1191
7
7
7
6
4
3
994
325
3
4
3
5
6
106
1181
41
5
5
6
6
2
954
375
5
6
5
4
7
81
1123
129
4
6
3
5
6
930
428
10
12
10
23
7
68
1062
215
6
4
5
2
4
860
458
9
13
9
0
3
44
1001
292
1
3
2
2
2
813
527
6
11
13
8
6
32
956
360
3
4
2
0
2
760
578
10
10
8
4
7
26
898
408
4
4
5
7
8
701
620
10
10
8
7
8
10
854
458
5
7
4
6
6
645
681
7
5
5
0
7
12
818
501
8
6
3
2
7
585
755
7
9
10
24
9
15
776
558
3
3
3
7
4
506
811
12
8
6
6
10
6
710
618
2
4
4
3
3
438
902
7
9
7
8
10
8
674
676
3
3
2
3
2
347
989
9
8
12
0
9
7
615
718
2
2
4
2
3
226
1096
10
13
9
8
9
11
571
746
6
3
2
2
2
114
1202
13
4
6
7
8
10
544
785
3
5
6
4
5
64
1251
19
14
9
8
9
13
503
832
3
1
3
4
6
46
1247
38
7
7
0
8
7
442
887
3
2
1
1
4
31
1264
56
6
4
11
10
11
403
939
1
2
3
5
3
18
1241
81
14
12
10
9
10
361
973
3
3
2
1
3
15
1216
102
12
6
9
9
10
323
995
2
5
5
2
3
10
1189
128
4
5
0
8
7
286
1035
4
4
4
1
2
2
1170
161
9
7
13
10
10
243
1077
4
2
1
4
4
2
1120
201
8
9
6
5
14
204
1128
2
4
2
1
2
4
1095
246
7
6
8
15
9
167
1176
2
3
1
3
4
2
1058
280
9
4
0
9
15
130
1202
1
1
0
1
3
0
1010
314
10
9
6
3
9
107
1185
30
5
3
5
4
3
954
362
9
6
8
8
8
80
1130
111
6
5
4
4
3
913
417
12
13
12
11
14
65
1063
199
5
5
5
3
3
871
455
9
7
0
6
10
44
1009
284
1
1
5
3
1
824
512
8
10
12
7
8
30
968
348
2
2
1
3
1
766
583
6
6
7
7
7
22
938
406
1
5
3
4
4
713
629
9
9
7
7
11
19
863
454
6
4
5
6
6
653
668
8
8
0
7
11
9
817
499
6
1
2
2
3
597
727
8
8
5
11
7
11
763
554
1
4
4
7
3
526
798
7
6
10
6
5
8
719
609
4
4
4
4
2
451
891
11
7
8
11
12
14
683
666
3
4
2
3
2
362
1002
9
8
0
10
11
11
647
713
3
2
3
2
1
249
1094
9
16
10
16
9
15
581
746
5
1
7
5
3
127
1189
7
3
5
2
5
7
540
781
1
2
3
2
1
72
1237
22
9
12
5
10
6
494
828
3
5
4
5
3
48
1242
34
7
0
9
4
10
453
879
5
3
4
3
3
32
1263
53
11
11
11
12
9
413
928
3
3
1
2
2
19
1260
75
8
7
9
9
7
377
976
4
2
4
2
2
12
1228
99
10
5
7
6
6
324
995
3
4
5
2
2
9
1186
126
5
0
10
6
6
292
1024
4
2
2
6
6
9
1164
158
11
9
6
8
6
249
1068
3
5
3
2
3
3
1129
191
7
7
9
8
11
203
1122
2
4
7
4
3
4
1104
232
6
5
9
6
7
178
1173
3
4
3
4
4
5
1077
278
15
0
9
15
14
141
1224
5
1
5
6
5
2
1025
321
6
7
4
10
11
112
1199
21
6
1
2
2
3
963
352
5
3
5
5
5
87
1138
99
3
0
3
5
3
920
402
4
8
7
6
8
61
1074
184
2
1
3
2
2
877
443
12
0
11
7
6
52
1012
269
3
3
4
4
2
830
511
6
7
8
7
3
35
983
333
5
3
1
3
2
780
569
11
5
8
7
8
25
941
398
2
2
3
5
3
729
608
12
8
11
10
10
18
871
439
1
2
3
2
6
668
649
10
0
5
5
7
6
824
492
2
4
4
4
3
603
722
9
7
14
10
6
7
781
541
4
5
3
1
3
541
779
5
5
4
6
10
6
728
593
3
1
2
2
3
467
866
5
3
11
9
10
9
686
651
4
5
4
1
6
378
964
11
0
7
12
10
7
653
702
2
6
6
5
5
271
1062
11
10
5
11
7
7
585
736
3
4
3
2
2
150
1162
11
5
3
8
4
5
543
772
3
4
3
4
4
77
1231
21
9
9
6
4
7
517
811
8
5
4
3
3
57
1249
31
0
7
5
7
9
468
859
6
3
5
1
5
30
1244
49
6
12
8
9
11
412
912
0
1
1
4
6
24
1243
73
7
7
11
10
10
376
962
3
3
4
4
3
15
1223
89
10
5
10
8
6
333
988
3
4
3
3
4
11
1194
119
0
9
7
3
5
297
1014
5
2
5
7
6
8
1176
147
7
3
8
10
11
265
1064
3
7
6
3
7
7
1165
191
10
6
7
27
16
234
1101
2
2
4
5
2
2
1101
213
8
8
9
8
7
178
1141
2
1
2
3
1
5
1071
262
0
4
7
9
6
146
1193
3
4
6
2
3
2
1033
298
8
3
4
7
7
118
1198
14
3
3
3
5
2
975
341
3
5
8
7
4
92
1146
85
7
3
7
5
4
932
392
9
7
7
10
9
68
1095
172
7
5
6
5
5
895
451
0
10
8
13
13
51
1039
248
4
4
2
3
4
843
474
7
7
5
4
9
37
975
320
1
2
2
1
2
789
552
7
7
6
10
7
25
941
380
4
3
5
5
3
735
596
4
5
10
10
9
11
881
433
2
4
2
3
2
682
636
0
7
5
4
8
7
827
480
2
2
2
6
5
614
704
9
11
9
5
8
8
794
525
5
5
3
6
6
549
784
6
6
11
13
6
9
751
579
6
6
5
5
4
478
844
2
7
10
11
4
8
685
641
5
3
2
2
2
398
937
0
6
12
5
7
11
652
686
4
3
2
3
2
290
1039
11
7
7
7
10
5
594
735
2
5
3
3
2
170
1144
14
9
9
8
7
7
544
766
7
6
5
5
7
82
1220
14
3
6
6
4
12
511
808
5
4
7
5
9
55
1249
0
7
10
10
10
12
479
844
5
3
3
2
4
35
1241
48
11
11
7
10
11
416
908
3
2
3
3
3
27
1246
68
8
10
6
3
7
385
964
1
1
2
1
2
15
1235
88
10
7
9
7
3
341
992
1
1
2
2
2
6
1207
0
9
8
5
10
12
302
1016
3
7
4
4
5
8
1167
141
10
6
7
5
7
263
1053
3
3
4
5
4
7
1148
178
8
5
8
12
14
227
1091
3
3
4
4
5
5
1106
212
8
5
8
11
8
180
1146
5
3
2
3
2
2
1076
0
11
5
2
10
8
151
1191
0
0
1
0
1
3
1036
304
11
9
10
3
5
117
1219
4
1
3
1
1
4
986
340
7
12
5
4
6
90
1160
69
2
2
7
9
6
934
375
3
6
10
9
4
70
1086
156
5
6
4
3
4
892
0
9
8
10
8
8
57
1029
237
4
5
4
2
1
848
472
11
7
10
6
9
40
989
313
5
1
2
1
2
803
541
5
3
4
9
4
24
952
372
1
0
2
2
0
746
606
9
12
4
9
11
18
914
430
3
3
2
2
0
688
0
17
11
11
8
9
16
837
480
1
4
4
5
5
632
686
5
5
7
10
7
3
789
521
4
4
7
4
5
560
759
11
7
6
16
9
12
739
579
5
2
5
4
4
493
828
9
7
7
4
7
7
695
634
2
3
4
4
1
418
0
8
3
6
8
6
4
670
684
1
0
1
2
1
313
1043
6
7
14
10
11
7
624
738
4
2
1
1
1
191
1149
11
13
8
8
11
9
558
769
5
7
6
3
4
92
1215
13
9
5
9
9
8
516
796
4
4
3
7
6
55
0
32
9
15
13
12
9
476
843
2
3
5
5
4
37
1246
42
9
7
8
8
6
431
901
3
4
5
6
2
28
1257
63
8
8
6
14
12
396
955
1
2
1
1
1
17
1253
90
10
7
8
9
10
362
1003
1
0
1
3
2
11
0
109
9
11
11
9
5
310
1019
5
2
5
8
7
9
1181
132
8
10
10
6
2
270
1044
7
3
2
3
6
5
1146
169
11
16
3
10
5
231
1081
1
2
4
6
2
5
1114
208
9
7
6
4
10
185
1142
5
2
4
5
6
1
0
254
7
4
4
5
6
156
1190
1
3
1
1
0
0
1055
298
10
5
9
5
6
122
1239
1
2
0
2
1
2
1004
339
5
9
9
9
7
99
1177
53
2
4
3
5
8
941
371
7
7
10
8
8
67
1101
146
4
7
4
3
2
0
416
9
7
16
10
15
56
1037
228
6
4
5
6
5
858
459
6
9
9
8
12
42
986
299
2
2
2
1
5
800
527
2
5
5
12
8
30
949
357
3
3
2
2
0
749
589
9
11
13
8
7
20
907
413
6
4
4
2
2
0
634
13
11
14
9
13
12
840
461
5
5
6
5
5
626
680
5
6
2
4
7
5
801
507
7
3
2
5
8
574
751
6
7
11
7
8
6
760
557
6
3
4
4
6
501
810
7
8
4
4
8
7
696
615
4
5
5
1
4
0
889
4
4
3
4
3
3
658
666
5
3
3
5
3
333
996
8
10
6
10
15
8
611
720
2
2
4
3
2
210
1111
10
12
7
10
9
6
559
749
4
7
7
6
7
102
1202
8
5
7
6
5
5
524
783
1
3
5
5
6
0
1242
25
7
6
9
8
12
500
833
3
3
3
3
2
40
1293
34
5
7
5
25
18
455
876
5
4
3
3
5
27
1234
55
6
9
7
6
9
392
922
7
6
7
6
2
24
1222
81
6
7
4
6
6
353
971
4
2
3
4
5
0
1199
103
9
8
9
8
6
308
998
4
7
6
5
4
7
1176
128
12
10
7
9
6
285
1028
6
2
3
7
4
6
1164
162
10
7
17
10
11
254
1096
5
6
7
6
5
5
1170
198
7
6
3
17
29
215
1113
5
5
6
7
3
0
1074
232
8
9
9
5
8
157
1155
4
3
3
3
5
4
1042
279
5
7
6
6
7
128
1194
5
3
5
9
7
5
1000
316
6
9
6
6
6
102
1173
37
4
4
3
5
3
950
353
6
7
7
8
5
77
1113
124
5
3
4
7
0
908
420
7
12
11
15
8
67
1084
209
5
5
3
3
7
905
471
8
6
4
14
18
71
1010
273
8
6
3
2
1
809
500
6
8
7
9
10
27
951
342
3
5
4
8
5
758
560
7
7
6
6
3
20
906
403
2
4
3
5
0
707
609
10
5
10
9
9
12
849
455
3
2
5
4
6
651
663
5
7
5
4
10
12
811
497
2
3
5
6
6
580
742
11
9
8
9
8
3
767
554
5
6
6
3
4
537
834
4
5
10
30
17
14
723
601
4
5
4
4
0
439
869
6
4
9
8
10
8
658
656
4
5
4
5
1
349
970
4
4
7
7
4
4
617
713
2
4
4
6
5
233
1083
9
7
10
9
3
8
568
740
6
3
3
4
5
112
1186
13
7
8
7
5
10
536
773
3
4
2
3
0
66
1238
23
14
9
6
7
6
512
807
7
8
7
7
3
46
1274
40
4
9
20
28
9
458
865
6
2
5
8
7
30
1235
49
5
10
8
8
6
399
918
5
3
2
5
4
23
1229
73
6
7
6
7
5
361
967
2
1
5
6
0
13
1215
95
6
7
3
3
4
315
1000
2
1
3
4
6
11
1185
119
7
8
5
6
8
280
1028
2
6
8
1
7
7
1145
159
5
9
13
10
7
244
1066
3
4
7
6
5
2
1123
199
12
9
21
5
12
213
1101
7
2
6
6
0
2
1076
228
8
5
9
5
9
167
1146
5
3
4
7
5
8
1044
277
7
8
7
4
5
131
1197
5
4
3
2
2
2
1004
320
7
9
5
4
5
102
1197
22
4
4
5
4
6
959
357
9
9
15
4
6
78
1121
112
6
2
4
0
4
911
395
8
8
5
9
9
63
1059
193
5
8
6
4
4
875
451
5
6
8
10
12
53
1008
268
4
4
1
2
4
821
491
9
5
9
8
8
30
961
333
3
2
4
4
7
764
557
4
4
7
5
7
25
915
395
5
1
8
0
4
721
615
7
11
8
4
7
14
881
451
3
1
1
0
2
659
671
8
11
6
8
9
6
814
493
4
4
5
3
3
597
711
6
6
3
8
7
9
773
542
4
7
6
7
6
521
793
13
10
15
9
13
9
715
595
3
4
5
0
5
452
858
7
7
5
8
4
7
666
649
3
5
7
6
4
367
954
6
6
4
6
7
8
626
705
2
3
7
8
6
257
1072
9
9
8
6
7
2
584
750
3
1
1
1
2
130
1193
12
5
9
7
11
8
532
776
5
6
4
0
2
69
1227
19
5
11
11
10
12
505
804
6
7
2
8
8
51
1244
32
13
10
8
13
7
457
856
6
4
2
3
4
30
1238
50
10
9
6
8
4
404
911
4
2
3
3
3
21
1232
73
5
5
5
4
8
369
958
5
4
4
0
6
20
1225
99
5
11
11
6
11
331
1011
3
3
1
2
2
8
1196
127
5
12
10
8
11
286
1025
1
4
5
7
4
5
1153
148
11
8
10
2
11
251
1051
5
8
6
8
5
8
1129
187
9
12
12
10
10
217
1092
6
2
1
0
3
3
1090
218
7
8
9
5
4
172
1145
2
2
2
3
3
5
1055
265
4
5
3
6
4
137
1188
6
3
5
2
5
4
1020
313
5
4
5
7
7
109
1220
16
4
2
1
4
9
970
353
7
8
9
7
8
80
1136
97
3
8
0
4
4
918
390
3
7
8
4
6
64
1067
182
6
3
7
8
3
871
440
10
12
11
12
14
52
1010
257
2
2
2
5
5
829
480
7
5
8
7
7
36
963
319
1
2
4
2
2
774
537
6
4
3
5
4
21
919
382
4
8
0
5
3
722
604
5
9
6
8
9
12
886
441
3
1
2
6
8
669
654
7
9
7
8
11
11
816
487
4
2
2
5
7
606
700
5
6
6
8
7
10
779
528
4
8
3
5
8
538
779
14
11
10
15
12
12
734
578
6
6
0
7
6
467
843
5
6
9
5
8
7
676
636
3
3
2
4
2
386
932
10
5
9
4
4
5
635
687
4
2
3
4
0
279
1047
5
5
6
4
4
4
588
742
8
1
5
8
4
151
1164
10
4
6
8
5
13
538
770
4
2
0
3
3
75
1221
16
5
4
9
13
14
507
801
9
9
10
4
5
52
1246
30
9
7
8
10
17
473
859
5
6
3
5
8
40
1279
45
5
4
5
25
15
437
890
7
6
3
5
3
20
1226
66
9
8
8
6
8
366
943
3
3
0
5
5
20
1209
93
3
6
5
2
4
335
990
4
2
5
6
3
11
1188
116
9
11
3
8
8
292
1010
2
2
2
6
5
7
1161
143
9
9
11
8
10
264
1049
5
9
8
4
8
4
1141
180
11
10
15
14
10
233
1107
8
6
0
4
5
5
1152
222
7
5
5
15
23
212
1127
4
5
3
9
6
7
1054
250
8
8
7
7
11
147
1165
3
3
3
4
3
3
1028
290
8
4
4
4
9
116
1204
8
5
4
5
5
5
976
336
11
7
6
10
12
85
1147
75
4
0
0
5
7
924
382
9
7
5
14
14
65
1086
165
2
5
7
7
10
882
436
6
12
8
12
7
57
1047
248
9
7
5
4
9
864
495
5
6
7
15
23
40
990
303
5
6
6
6
7
784
526
11
11
6
6
6
28
924
374
2
0
4
4
3
735
584
5
10
8
7
2
14
885
429
3
6
3
0
4
678
637
5
5
9
8
12
9
828
478
2
1
3
4
3
621
694
9
5
7
11
9
8
786
516
3
5
7
3
6
549
767
10
9
10
7
9
11
750
568
8
0
4
4
4
493
873
9
8
6
21
22
17
710
613
5
9
6
3
6
398
910
8
9
9
7
4
8
643
674
2
2
4
2
2
300
1016
9
4
2
4
4
4
591
732
5
5
3
2
3
174
1136
8
2
6
2
9
7
552
762
4
0
3
4
1
85
1212
14
6
7
6
9
9
509
798
6
7
10
6
5
55
1236
25
10
10
11
8
13
482
833
8
7
4
5
5
42
1270
44
8
5
14
28
8
445
875
6
6
4
4
7
25
1225
64
9
5
8
9
8
379
937
4
0
3
3
2
18
1220
88
6
5
7
4
6
339
989
3
4
5
5
4
12
1199
111
3
5
7
5
4
301
1013
2
3
6
3
3
5
1170
138
7
9
8
7
6
261
1042
3
6
8
8
3
7
1136
170
14
9
8
10
13
231
1074
7
0
4
4
6
5
1108
218
12
11
21
11
15
203
1118
3
6
5
8
5
7
1062
246
10
10
6
8
7
150
1164
2
5
3
2
5
4
1030
291
7
7
7
4
6
125
1200
6
6
5
1
3
4
983
340
8
9
8
8
10
90
1175
64
0
5
5
5
2
940
375
10
11
7
4
9
70
1087
157
5
5
6
5
10
880
421
8
5
8
9
5
56
1031
226
4
8
8
6
6
846
470
6
10
9
11
12
44
982
297
7
5
4
7
3
795
515
6
8
11
4
4
25
939
360
0
6
3
3
4
741
578
5
4
4
3
5
20
898
416
2
5
3
3
5
693
641
7
10
6
9
11
13
856
473
3
5
4
5
2
630
697
6
6
7
7
15
11
792
516
3
2
6
1
7
568
741
5
6
5
8
7
7
741
566
0
2
4
5
4
490
821
8
9
9
13
10
10
690
617
7
6
4
4
5
415
894
5
8
8
6
5
5
647
669
2
3
2
2
5
318
1010
9
10
9
8
6
5
604
726
6
5
1
3
4
194
1131
10
7
7
10
9
10
566
773
0
7
4
5
6
91
1225
18
8
5
12
10
11
511
796
6
5
5
2
8
58
1225
24
8
7
8
8
10
491
818
4
7
6
4
2
39
1239
42
10
16
10
14
12
433
879
6
7
5
3
2
26
1232
62
6
9
6
7
6
383
935
0
3
3
3
5
21
1221
83
5
7
5
7
5
347
980
1
4
4
3
4
13
1217
114
5
7
4
6
7
313
1027
5
5
5
2
2
5
1186
142
6
10
6
4
6
268
1046
6
5
3
5
3
5
1143
160
8
6
8
12
7
235
1074
0
4
7
7
4
4
1109
203
14
10
16
12
14
199
1107
6
8
6
5
2
5
1064
241
7
9
7
7
10
154
1158
2
2
2
3
2
4
1035
284
6
7
6
7
7
129
1200
1
2
3
0
6
5
999
334
4
2
5
9
8
101
1195
0
3
4
5
2
1
948
374
8
10
8
6
7
70
1098
142
4
5
4
4
6
892
411
7
9
5
7
9
57
1038
217
4
7
4
4
4
846
467
12
9
5
10
6
47
988
287
6
5
6
4
5
805
505
9
9
11
9
11
29
947
0
3
6
5
6
4
752
568
3
5
6
7
4
21
897
409
6
3
1
2
2
701
628
7
9
9
8
10
14
860
467
5
4
4
2
2
643
682
7
9
6
7
12
8
803
509
5
3
4
6
4
577
728
11
9
7
9
10
11
750
0
5
4
3
7
6
506
814
7
7
8
8
11
8
718
600
5
2
7
5
7
426
875
9
10
5
6
6
8
653
653
5
6
6
3
2
337
976
7
5
4
4
7
5
606
711
3
4
3
3
3
222
1102
5
8
5
8
10
10
569
0
4
2
5
5
4
106
1209
15
4
8
12
7
9
521
786
4
4
4
4
8
63
1226
28
9
7
1
7
7
497
815
7
5
6
2
2
43
1246
34
7
6
7
5
11
460
864
6
4
7
5
4
26
1271
52
5
4
3
21
17
413
0
2
4
4
2
4
23
1215
75
13
4
8
8
8
351
963
6
7
4
3
3
14
1211
103
8
6
7
7
4
317
1010
4
4
3
4
2
9
1183
126
9
9
8
8
6
273
1030
5
3
7
6
5
9
1146
159
13
11
13
9
10
245
0
4
1
3
7
4
2
1118
201
7
6
6
8
19
212
1113
5
7
8
4
4
4
1124
235
10
9
9
20
17
192
1140
5
4
4
3
6
7
1038
266
8
11
5
6
9
125
1184
8
5
2
2
6
4
1009
309
6
4
5
6
7
102
0
34
2
3
1
4
2
958
354
7
8
10
10
15
73
1112
123
6
5
4
3
3
896
405
9
9
9
14
11
65
1058
202
9
4
5
2
5
857
465
14
11
7
7
6
46
1027
276
5
6
6
1
6
837
516
9
9
6
14
19
39
0
330
6
6
4
8
4
759
542
10
7
11
10
7
23
900
397
3
3
4
1
3
707
614
7
5
2
5
8
17
855
460
3
2
3
2
5
652
660
6
12
5
9
10
3
807
502
6
5
4
4
5
589
715
11
6
7
6
10
10
0
542
4
4
3
6
5
519
799
9
11
8
7
10
9
732
588
3
1
6
6
2
454
899
5
5
16
24
13
8
680
644
0
4
5
3
1
352
952
8
10
7
7
8
7
609
708
2
4
6
5
4
239
1076
9
8
7
7
6
5
0
754
3
5
5
4
3
121
1190
11
8
5
4
4
7
529
784
5
4
2
2
2
68
1223
23
10
10
9
6
10
488
816
3
7
4
2
3
43
1237
39
11
10
9
8
10
463
858
2
4
3
4
5
31
1255
54
5
3
18
11
8
0
896
4
5
4
5
4
19
1228
69
7
6
8
11
10
359
962
5
5
6
4
4
13
1218
96
6
8
7
4
2
326
1006
3
3
3
4
7
11
1197
123
6
3
4
6
4
279
1043
4
7
3
2
2
4
1153
151
8
6
4
7
8
0
1059
4
3
3
4
3
2
1125
183
9
3
8
8
7
218
1097
2
1
2
4
5
3
1091
233
5
10
17
6
11
178
1138
4
5
5
4
5
7
1047
263
7
8
9
6
6
135
1185
5
3
7
4
4
3
1021
307
10
10
8
3
6
0
1214
24
4
6
6
4
1
975
364
7
8
10
10
10
81
1154
117
8
5
3
6
4
928
404
3
5
6
8
5
59
1066
187
4
4
3
3
3
862
442
8
4
9
7
6
42
1009
259
4
5
3
5
8
822
493
6
4
11
13
8
0
954
326
4
1
2
3
3
772
543
8
9
11
8
10
25
917
392
3
3
1
4
3
724
615
8
9
9
9
10
16
886
449
7
8
8
6
3
668
682
7
12
11
11
8
9
849
507
3
2
7
8
6
608
730
11
10
8
9
9
0
774
547
9
7
5
2
3
536
773
10
8
8
7
8
5
722
589
4
2
4
4
4
463
848
9
7
10
11
9
7
671
636
3
7
8
1
5
376
934
10
10
7
8
6
6
621
699
7
4
7
9
4
267
1072
8
8
9
5
4
0
597
752
1
6
5
5
4
139
1216
13
10
7
4
4
12
563
804
3
8
6
3
2
66
1265
18
8
9
8
11
12
493
834
3
2
3
4
4
48
1235
26
8
9
5
5
9
450
857
4
1
3
6
4
32
1238
52
13
8
7
10
0
409
898
5
5
4
4
2
25
1234
68
8
9
10
6
9
369
962
7
5
5
2
4
14
1233
98
14
10
6
7
5
336
1010
8
3
2
3
4
12
1223
134
8
7
5
6
7
301
1062
4
2
2
0
2
4
1183
151
10
9
5
9
0
249
1068
2
5
10
6
4
5
1130
173
6
6
5
6
7
221
1084
5
4
1
3
3
3
1094
219
7
15
8
11
12
179
1132
4
4
4
3
4
4
1059
256
9
9
7
9
6
146
1186
4
4
2
7
8
6
1028
309
5
5
5
9
0
110
1226
13
3
4
6
2
5
993
360
4
8
8
10
10
91
1176
98
5
4
2
3
4
948
389
8
10
10
12
7
72
1076
178
5
7
7
7
6
876
432
8
7
4
4
4
50
1009
248
1
2
1
3
5
833
486
8
7
9
12
0
40
962
315
5
6
5
4
5
779
535
8
7
6
8
10
26
915
384
4
2
3
5
2
738
601
13
11
2
7
7
16
890
438
2
4
4
2
4
680
672
8
8
9
6
8
13
859
499
4
4
6
4
7
621
721
9
12
8
10
0
13
783
536
6
3
3
5
6
554
754
6
5
6
9
10
12
721
580
4
1
4
4
4
472
837
7
7
4
9
5
2
680
627
3
3
3
1
3
397
919
13
6
10
10
7
8
629
688
2
2
3
6
4
288
1040
2
6
3
6
0
11
599
735
5
2
5
5
5
165
1171
10
5
9
7
8
5
560
792
6
5
4
4
3
78
1246
14
11
10
13
11
7
503
818
4
5
6
2
4
49
1233
27
8
7
9
9
6
457
849
6
5
4
4
4
35
1244
40
8
7
7
0
8
436
884
2
4
2
4
2
18
1247
64
8
6
6
12
9
398
927
8
3
5
4
4
13
1219
81
12
7
8
6
13
337
989
4
4
5
6
3
9
1209
120
6
5
12
8
8
303
1040
6
5
4
4
2
6
1178
148
11
4
11
0
8
252
1063
5
1
4
6
4
5
1135
172
12
7
9
11
5
228
1082
2
4
4
5
6
3
1101
216
7
4
5
12
13
195
1124
6
5
3
4
7
6
1071
254
8
5
7
11
12
161
1161
2
2
4
5
4
5
1016
293
6
9
7
0
8
119
1200
10
6
4
5
4
4
991
344
5
6
6
5
9
88
1182
76
3
4
8
6
4
947
377
8
11
12
11
11
71
1088
163
4
1
2
2
5
890
417
10
12
5
8
7
53
1021
237
2
2
2
1
0
839
479
5
8
10
0
7
38
985
304
4
2
7
8
3
794
526
6
7
8
9
12
33
925
367
7
4
1
3
4
739
570
11
7
8
10
12
21
888
423
7
2
4
4
1
694
642
9
9
8
4
6
11
852
485
5
6
4
2
5
633
698
8
11
10
0
6
4
793
528
3
4
5
5
6
564
746
9
8
5
12
10
9
737
571
5
5
1
3
4
484
824
8
15
10
9
9
7
700
617
3
4
5
8
5
406
915
4
8
7
10
6
9
652
668
4
3
3
2
4
309
1005
8
5
6
0
11
11
599
723
5
3
4
4
6
185
1148
9
6
8
9
4
10
570
776
3
3
8
9
4
92
1231
13
11
9
9
7
10
509
815
4
5
4
2
6
58
1238
29
12
7
6
4
6
463
844
6
3
1
4
5
38
1240
37
8
9
0
5
14
440
876
2
3
1
6
3
20
1247
63
4
9
12
9
12
399
921
4
1
1
4
2
14
1224
78
9
10
10
13
12
346
979
6
3
4
2
4
9
1211
114
7
7
10
9
5
314
1028
3
5
5
7
3
5
1190
134
7
7
0
4
6
262
1064
5
5
5
5
5
6
1149
172
10
14
8
9
7
225
1087
5
3
5
1
3
4
1107
202
9
9
9
12
8
189
1119
3
6
3
6
6
6
1071
245
8
4
9
10
14
160
1152
2
4
5
2
3
4
1027
282
8
8
0
9
9
119
1202
7
7
4
7
5
4
1008
327
9
4
2
1
2
97
1195
58
6
5
2
2
9
960
385
10
7
5
4
9
74
1123
165
8
8
2
2
3
907
425
9
13
12
9
8
56
1034
234
4
4
6
6
4
849
456
6
7
0
7
14
38
982
292
4
2
4
2
2
800
513
8
6
10
14
8
30
935
353
4
3
4
4
7
753
563
7
10
7
9
5
26
897
419
5
5
3
2
2
701
639
9
7
4
4
10
16
858
482
6
7
3
2
3
638
719
8
9
0
5
8
13
829
529
3
6
6
4
4
582
760
13
8
11
8
15
8
747
571
4
5
3
8
3
500
811
9
3
3
5
7
12
693
611
4
5
2
5
4
424
891
9
6
9
14
10
7
646
657
3
3
5
3
4
327
990
9
11
0
7
7
6
605
724
7
6
1
4
4
206
1129
11
6
8
9
7
5
575
775
4
6
4
3
5
98
1256
15
4
5
6
10
12
538
829
1
4
4
5
4
62
1263
24
7
12
8
9
13
477
845
4
1
5
4
3
40
1236
32
9
0
9
14
9
432
874
4
4
5
5
7
26
1240
55
6
9
8
9
12
394
917
3
3
3
6
7
20
1225
76
12
7
9
11
5
345
979
4
6
4
3
3
9
1219
107
10
8
5
5
7
315
1029
3
2
3
2
5
9
1209
147
8
0
8
10
7
282
1081
8
4
5
5
3
5
1171
168
10
13
8
10
10
227
1088
8
8
6
6
2
3
1107
196
10
12
7
12
9
193
1110
2
4
3
2
4
4
1077
236
8
17
7
4
10
160
1146
3
4
3
3
1
7
1043
274
4
0
10
8
11
123
1205
6
2
4
2
2
5
1014
322
5
6
7
9
9
96
1206
38
1
7
4
6
7
973
380
6
6
6
5
6
73
1149
146
4
5
4
2
5
921
421
11
10
8
9
13
57
1049
219
3
4
6
4
2
852
457
10
0
8
8
10
39
984
283
3
5
4
2
3
810
499
9
5
8
9
9
30
943
344
3
3
4
2
2
763
551
9
5
6
8
8
22
902
405
4
6
8
5
3
709
628
7
7
5
6
6
11
869
470
6
5
4
7
5
646
700
8
0
9
11
10
12
837
519
6
6
5
4
4
590
743
7
11
8
8
8
14
759
560
4
5
4
2
1
519
789
10
9
12
11
10
12
702
602
2
3
5
3
4
435
875
13
12
13
8
5
11
664
652
3
4
4
1
1
349
957
2
0
11
9
7
6
616
700
3
0
4
3
4
228
1095
8
4
9
11
5
7
577
757
1
2
5
4
6
111
1229
14
6
7
7
8
11
544
819
9
7
6
7
7
62
1258
23
12
7
11
9
11
490
838
2
4
4
4
5
42
1240
36
0
11
7
9
9
440
868
3
2
4
5
5
25
1241
50
9
9
5
9
8
412
904
6
8
5
6
4
15
1237
76
7
3
5
10
9
373
952
6
5
2
5
4
12
1207
100
8
3
8
7
10
320
1000
4
7
3
6
6
8
1202
131
0
9
8
7
8
275
1059
7
7
4
5
4
7
1164
157
10
7
12
9
9
238
1077
1
5
3
2
6
5
1114
191
7
11
9
10
4
205
1097
2
2
3
5
5
5
1081
231
6
3
6
10
10
181
1138
5
7
7
6
6
4
1048
277
0
7
7
14
10
152
1178
4
5
3
3
2
4
1002
307
6
10
4
7
12
108
1194
25
5
4
4
4
2
970
366
5
2
6
8
10
76
1145
121
8
6
3
5
7
923
403
14
13
15
12
7
63
1052
204
2
4
4
1
1
859
448
0
8
9
8
6
46
995
270
5
2
4
5
4
816
495
8
8
4
9
9
35
962
328
7
4
2
2
3
773
548
5
14
12
8
6
32
904
395
2
5
4
3
2
717
593
8
10
6
8
10
15
862
452
2
3
3
6
5
662
674
0
5
7
6
10
9
830
507
3
6
6
6
6
600
730
8
7
11
9
9
11
768
552
5
4
6
6
2
532
777
7
8
7
8
9
11
706
596
4
4
3
2
1
450
863
12
8
11
9
8
3
681
636
3
6
5
6
6
366
956
0
7
9
12
11
10
639
681
4
6
2
3
3
246
1062
6
7
9
9
6
15
583
743
3
3
3
2
1
126
1197
13
5
9
12
3
10
538
797
3
3
4
7
4
68
1249
19
6
6
6
8
8
488
832
4
4
6
5
4
48
1239
0
8
8
8
9
9
446
863
3
1
2
5
7
32
1235
46
7
4
7
9
8
411
902
7
6
7
5
4
14
1238
75
7
8
12
8
8
382
935
3
2
3
2
3
12
1209
94
7
4
11
7
10
328
1000
5
2
1
5
5
9
1203
0
5
9
8
7
6
290
1054
5
8
10
6
2
6
1177
157
5
8
7
7
5
245
1082
5
2
5
4
5
5
1141
181
6
12
14
11
7
209
1104
6
4
1
3
5
4
1086
216
9
5
7
2
8
174
1129
4
4
5
2
2
6
1048
0
6
8
12
11
11
149
1161
5
3
1
2
3
3
1011
305
8
9
17
7
10
104
1198
18
4
3
4
3
4
977
356
6
6
8
10
9
81
1158
106
3
6
7
8
6
937
417
10
8
8
8
7
67
1095
201
3
4
5
3
2
892
0
7
9
6
6
7
53
1010
263
4
3
3
5
5
829
477
6
12
11
8
12
35
962
315
4
2
3
2
2
781
538
12
5
13
8
9
29
907
381
4
5
3
4
5
726
587
8
13
10
5
8
16
877
443
7
5
5
5
5
671
0
8
9
7
2
7
6
841
506
4
6
12
6
5
615
749
7
10
9
7
8
7
816
553
3
5
6
8
6
548
804
10
9
14
9
10
11
730
595
4
4
2
4
3
473
840
11
3
9
10
12
10
677
631
2
4
6
3
2
381
0
5
10
11
11
7
9
629
679
4
1
6
3
3
270
1038
12
9
10
10
10
3
589
739
2
2
11
7
8
144
1180
9
5
4
4
5
9
553
791
6
7
4
6
6
69
1276
21
6
9
9
8
10
519
848
7
4
7
5
5
52
0
28
6
10
11
11
10
464
865
5
6
5
7
6
34
1237
38
8
8
11
11
6
414
894
6
2
2
4
5
18
1243
58
5
11
9
16
7
374
933
5
1
5
3
2
14
1219
83
11
9
14
13
10
331
995
5
6
7
5
4
11
0
120
5
6
7
6
7
301
1046
6
7
3
5
4
8
1196
158
5
7
5
3
4
261
1105
6
9
8
7
5
5
1158
182
9
8
8
6
10
216
1103
4
4
4
4
5
2
1096
204
12
10
7
9
9
183
1124
2
5
3
3
4
5
0
259
12
16
14
12
10
148
1159
2
6
3
5
3
5
1014
295
9
6
5
11
11
114
1204
14
8
6
7
5
6
981
348
10
9
7
8
10
81
1171
87
6
4
6
3
4
947
404
11
7
5
6
9
71
1109
186
8
8
8
5
6
0
438
5
11
7
11
11
50
1026
249
6
6
6
7
4
835
470
7
5
9
10
4
38
961
306
6
3
2
4
2
780
526
10
8
12
6
3
25
913
372
5
6
6
4
5
727
580
7
6
6
6
6
16
866
430
5
0
5
4
5
0
645
5
6
6
10
5
9
836
486
4
5
5
5
4
620
716
3
4
4
6
7
11
801
539
6
5
8
6
4
555
774
9
4
10
7
8
8
730
579
4
5
5
5
5
473
830
8
8
7
6
11
8
691
614
4
2
3
4
1
0
919
10
7
9
10
11
11
645
667
5
4
3
4
4
295
1013
8
9
10
8
10
6
596
709
4
3
6
7
6
174
1139
8
10
9
6
9
10
546
776
5
4
2
5
8
81
1238
8
1
5
6
6
7
506
828
6
4
5
7
6
0
1239
28
9
8
8
5
9
459
840
8
8
5
6
5
36
1234
41
8
9
8
8
6
433
876
2
4
7
5
8
22
1246
64
9
7
8
10
9
401
917
4
1
3
3
3
12
1262
78
10
9
6
19
17
364
962
3
3
3
2
2
0
1193
109
11
7
4
6
5
297
1009
7
7
7
5
6
9
1170
144
3
4
5
6
6
259
1069
6
4
5
5
3
6
1140
169
13
14
6
6
7
225
1074
5
4
4
5
4
1
1099
204
7
4
8
7
7
192
1109
5
2
2
3
5
0
1061
254
11
10
7
7
10
157
1158
3
2
4
5
7
8
1057
300
9
5
10
20
16
144
1183
6
6
3
6
2
4
975
322
7
13
5
5
6
87
1165
68
6
2
5
7
5
939
378
5
2
4
6
7
65
1096
164
7
4
3
3
0
888
426
4
9
7
6
5
56
1022
234
4
3
5
4
5
833
467
5
7
6
7
12
45
974
295
4
7
3
4
4
790
522
8
10
7
9
10
30
939
357
6
4
3
4
4
755
583
2
4
4
20
10
18
892
416
2
5
4
6
0
682
620
11
8
11
7
4
12
834
476
7
6
4
3
6
624
689
7
5
1
5
4
7
798
529
6
5
6
8
5
570
745
7
10
8
5
11
4
731
572
5
4
5
7
7
489
814
9
4
5
10
9
8
689
608
2
4
2
5
0
412
905
13
12
9
5
9
9
658
653
5
4
4
4
6
321
1028
4
4
7
20
24
11
623
695
3
3
2
6
3
191
1108
11
11
11
8
8
5
549
761
6
5
5
7
9
95
1217
11
2
4
4
3
5
515
807
6
5
5
7
0
55
1239
25
6
11
6
5
8
470
843
3
7
5
9
8
44
1233
37
9
14
9
9
8
427
871
2
5
5
4
5
24
1234
58
9
7
9
9
8
406
912
2
6
5
6
6
15
1227
93
10
7
15
13
9
364
955
5
8
2
3
0
11
1190
109
8
8
8
11
9
304
1010
7
7
3
5
8
12
1178
133
4
3
6
5
2
263
1062
4
3
5
5
5
4
1148
171
7
5
5
2
5
225
1092
7
8
5
5
7
6
1105
201
8
3
7
11
10
195
1105
7
4
6
4
0
5
1056
243
10
4
5
10
2
162
1142
3
6
2
3
2
3
1028
290
10
12
14
7
16
138
1174
2
5
8
7
4
3
983
319
10
5
11
5
7
95
1179
50
6
5
4
4
5
953
370
7
2
2
1
1
74
1109
151
4
5
4
0
4
904
434
6
8
7
8
7
56
1046
235
2
2
2
3
1
865
458
5
13
8
8
12
39
983
291
10
7
7
5
6
801
502
8
6
6
8
8
32
939
343
6
5
0
1
4
743
569
11
9
10
13
15
24
885
406
4
7
7
0
3
694
613
10
7
11
4
6
12
848
463
4
2
6
3
5
639
686
5
5
9
4
6
12
806
520
2
3
2
5
2
580
759
6
13
10
9
8
14
769
571
6
5
4
5
7
513
821
7
9
5
6
8
6
696
610
4
6
7
0
5
427
875
7
10
7
5
9
6
653
643
5
4
6
7
6
330
981
11
10
15
14
11
9
610
697
7
5
5
3
6
208
1097
8
12
7
6
3
8
562
761
5
6
3
8
7
100
1218
11
5
6
8
9
10
524
808
4
4
4
0
6
58
1266
28
6
7
9
9
12
492
861
2
1
5
6
6
40
1257
38
11
6
10
7
7
439
874
3
5
8
6
4
30
1231
49
6
3
7
9
7
398
903
7
6
8
5
7
18
1221
82
8
11
14
12
11
355
948
1
4
6
0
3
15
1199
103
10
3
9
8
9
316
997
5
2
7
3
7
13
1186
137
4
6
9
4
5
271
1057
2
4
2
4
5
5
1163
175
2
6
8
9
10
243
1106
4
7
6
5
5
4
1127
200
7
9
8
12
8
195
1112
3
5
6
0
4
2
1072
232
8
6
5
7
10
160
1136
4
3
1
5
5
5
1030
281
9
11
14
8
11
136
1169
4
3
5
7
6
6
992
316
6
6
3
0
7
108
1178
35
8
6
5
7
3
954
363
7
4
3
4
6
75
1123
137
4
5
0
5
5
911
415
7
9
7
11
11
55
1068
219
6
5
3
3
6
874
455
10
11
5
5
8
42
993
277
9
3
4
7
2
809
493
7
5
5
11
11
35
947
331
4
3
2
6
7
750
566
8
10
13
8
9
26
895
398
6
5
0
4
6
705
601
10
13
8
10
15
11
852
449
4
6
4
6
9
653
666
7
10
9
4
3
7
814
503
4
6
7
2
3
592
739
9
5
4
7
9
7
782
556
3
6
3
6
9
519
802
6
7
8
5
13
7
705
602
5
3
0
6
6
435
868
7
5
9
6
5
6
659
641
5
4
4
6
4
352
967
13
8
8
13
9
7
631
683
4
4
3
3
5
229
1079
8
8
14
14
11
12
567
736
6
6
7
6
6
119
1186
18
9
9
6
6
9
525
795
4
6
0
5
5
61
1257
14
4
4
3
5
4
485
849
7
4
3
7
3
44
1247
35
9
8
8
4
5
440
868
6
6
4
3
2
25
1236
48
8
6
7
7
6
408
897
5
6
5
3
3
18
1230
74
13
10
9
7
8
379
937
2
2
0
3
3
13
1250
96
6
7
5
21
17
349
976
2
6
4
4
4
9
1174
121
10
11
2
5
6
278
1030
5
7
5
6
5
4
1162
157
8
6
4
9
4
238
1086
6
5
6
7
10
6
1125
191
6
6
8
6
8
201
1099
6
1
0
5
4
7
1075
225
8
11
7
9
9
174
1130
4
6
3
7
5
5
1042
270
12
9
8
14
9
141
1176
4
6
6
7
4
6
1023
323
5
4
4
13
21
119
1184
22
5
6
3
4
4
962
343
11
12
9
7
4
85
1129
111
7
0
4
4
6
920
400
10
10
6
5
4
58
1075
200
9
5
5
7
5
870
442
7
8
11
8
5
41
1002
264
4
4
2
4
4
819
480
5
13
14
13
13
37
956
318
1
3
3
3
3
760
550
9
7
6
7
8
26
918
383
4
0
7
4
3
735
608
5
6
9
16
17
19
869
439
5
3
1
2
6
659
652
11
6
4
6
4
8
819
497
3
2
6
6
5
596
727
7
4
6
6
5
5
777
551
4
3
3
4
7
525
792
8
8
13
10
10
5
713
596
6
0
5
3
5
459
845
7
7
8
8
8
7
673
627
4
3
5
5
4
366
948
11
10
8
5
5
8
639
669
8
6
6
4
4
264
1076
5
7
8
23
18
9
595
722
3
5
7
4
5
137
1160
11
9
7
8
12
9
534
785
2
0
4
6
3
69
1238
17
7
6
7
4
5
494
830
4
3
5
2
6
48
1243
34
11
8
5
7
5
455
856
3
2
5
3
3
29
1237
44
3
6
16
12
12
406
893
5
8
8
5
3
17
1227
68
11
14
12
9
12
388
922
4
0
3
4
4
10
1217
99
8
13
12
15
8
343
976
5
4
3
6
7
10
1179
117
10
9
9
10
7
277
1036
5
1
4
4
6
9
1171
153
6
5
9
5
5
251
1077
3
4
9
5
3
8
1132
187
4
2
3
7
5
208
1114
3
0
3
4
6
5
1090
219
8
7
11
9
6
177
1118
4
3
6
4
3
4
1041
257
9
7
9
9
9
146
1157
4
7
4
1
5
5
1013
305
4
9
8
11
15
117
1185
17
5
7
7
3
5
969
335
4
8
13
8
8
85
1149
95
0
6
5
4
5
927
395
7
7
7
4
8
60
1082
189
4
9
3
3
4
890
441
11
6
5
5
7
43
1028
265
5
4
4
3
4
837
489
5
8
9
7
8
31
959
317
6
4
5
5
7
773
528
6
8
1
5
10
26
916
369
0
9
6
4
7
718
590
8
10
12
15
10
21
860
429
3
6
6
5
6
666
642
9
8
9
10
5
10
825
488
5
5
9
6
5
609
715
5
6
6
5
5
3
791
537
2
3
7
5
8
547
794
6
7
7
8
8
11
752
598
0
4
5
3
4
478
854
8
5
8
8
8
11
675
634
4
6
5
5
5
388
921
8
6
12
8
4
5
631
670
6
8
5
5
9
281
1030
12
7
8
20
11
11
591
714
7
7
2
4
6
158
1148
12
5
4
6
6
9
542
782
0
8
6
3
4
75
1240
12
2
7
6
6
5
503
833
7
5
5
5
4
49
1260
31
6
4
5
7
12
470
872
6
4
4
6
5
33
1248
46
8
7
11
5
8
414
892
8
5
7
7
6
21
1223
72
7
9
9
10
5
379
924
0
5
4
6
8
15
1215
96
9
14
11
9
9
336
970
6
5
2
4
5
11
1188
120
8
7
5
6
7
287
1029
4
4
4
5
4
7
1176
150
3
6
7
5
9
254
1074
1
5
6
1
4
6
1152
192
8
5
8
8
9
225
1115
0
3
5
5
5
5
1106
220
12
5
8
13
9
181
1127
6
8
3
3
6
6
1050
254
8
6
9
7
6
149
1152
5
4
4
2
1
3
1017
297
8
10
14
10
10
123
1181
9
5
9
6
4
4
969
335
5
5
4
3
6
89
1152
0
7
5
7
5
6
939
386
11
3
5
9
5
62
1091
176
8
5
3
4
4
892
438
8
7
4
11
6
52
1045
255
4
5
5
3
7
846
478
7
7
8
7
10
34
973
308
7
7
5
2
6
786
522
11
7
6
11
10
23
925
0
4
4
5
4
6
732
585
9
7
9
7
7
19
878
421
8
4
3
5
2
678
629
8
10
5
8
12
15
827
474
4
5
6
5
7
626
698
3
6
6
6
8
6
798
530
4
3
1
3
2
558
771
5
6
7
6
9
5
747
0
3
6
7
5
3
492
831
6
7
6
5
8
5
680
622
3
8
5
3
1
404
903
5
7
7
6
13
12
641
659
5
2
4
6
8
296
1022
10
7
6
13
8
15
608
704
6
8
7
4
4
177
1133
12
6
6
8
10
11
556
0
5
7
7
8
7
87
1214
15
8
13
9
6
10
504
816
4
6
7
4
7
58
1252
23
8
5
5
6
10
469
865
4
4
3
6
6
37
1243
43
9
7
7
11
9
424
886
6
7
8
7
6
24
1219
60
7
7
4
8
8
393
0
4
3
1
4
7
16
1216
88
6
11
17
11
12
365
956
6
8
5
4
8
13
1231
110
10
7
7
18
19
322
996
4
4
3
4
5
5
1161
138
9
11
9
7
5
257
1051
5
6
6
3
6
9
1148
169
5
3
1
7
8
226
0
4
7
4
2
2
4
1104
208
8
12
11
8
11
190
1109
5
6
5
2
5
4
1057
247
11
11
7
9
7
164
1141
4
3
4
5
3
2
1021
294
13
11
14
15
7
129
1195
4
4
4
6
5
5
1004
338
3
7
5
14
18
104
0
57
3
0
2
2
3
930
371
13
8
6
3
7
73
1096
154
5
5
6
7
5
903
420
9
8
8
7
6
52
1040
235
1
5
3
6
5
853
460
11
8
10
8
8
38
979
293
7
6
6
4
2
794
509
10
9
8
10
9
22
0
352
5
3
2
2
3
738
576
5
8
9
8
12
18
894
411
4
1
3
5
4
704
642
9
6
5
13
15
17
851
464
1
1
3
4
5
632
680
14
10
6
2
7
11
791
519
4
2
9
4
6
568
750
9
4
5
4
2
5
0
577
4
4
4
4
7
500
813
8
7
7
9
13
6
691
611
2
4
2
6
3
420
884
10
9
10
7
3
6
646
651
5
1
2
4
3
317
998
9
11
9
5
5
5
623
691
2
5
6
4
5
200
1135
4
6
12
21
15
11
0
744
5
3
2
2
2
102
1195
19
6
12
7
9
5
509
803
5
6
3
5
4
59
1244
24
5
3
9
5
5
472
855
6
9
4
3
5
38
1253
36
3
4
7
5
7
428
884
5
3
8
10
8
26
1233
59
8
10
5
11
13
0
908
2
6
6
5
4
14
1216
81
11
11
6
10
10
370
942
5
2
1
6
6
7
1207
106
14
7
15
9
10
327
989
3
2
3
5
6
8
1169
129
9
10
9
6
10
270
1042
3
4
4
8
7
4
1157
166
7
9
6
7
7
0
1097
6
6
5
7
3
4
1121
208
6
3
3
5
4
195
1133
7
5
6
7
6
4
1087
230
7
10
14
7
10
158
1153
4
3
3
2
2
3
1028
275
7
6
6
10
8
128
1176
5
4
6
6
6
3
989
325
9
9
12
7
15
0
1176
38
1
3
2
6
7
944
365
5
6
11
12
6
67
1118
143
2
4
6
6
11
904
420
8
6
8
5
9
56
1060
224
6
2
5
7
5
877
471
3
5
7
7
5
38
1014
295
4
4
3
3
4
813
514
9
10
6
7
10
0
942
347
4
4
2
4
4
754
547
7
9
8
8
14
23
888
403
3
6
5
3
3
702
612
8
5
9
13
11
17
844
458
1
4
3
0
2
647
668
14
10
6
9
5
9
813
510
2
2
7
5
1
588
753
6
6
6
5
8
0
776
568
4
8
7
8
4
525
839
4
9
13
11
11
11
740
631
3
2
4
5
5
440
903
10
9
5
9
11
12
664
661
6
5
5
7
4
346
967
7
8
7
10
6
5
611
694
3
4
3
4
6
223
1090
6
8
12
8
8
0
567
744
3
4
5
4
3
105
1201
19
9
8
12
10
6
528
800
2
5
3
5
1
65
1253
28
5
8
10
4
4
496
859
4
6
7
1
4
41
1285
41
6
6
8
7
9
457
907
4
6
6
4
3
33
1269
52
8
7
12
9
0
402
924
4
5
4
2
2
17
1225
71
9
9
8
9
11
360
949
2
2
5
4
2
11
1207
96
9
12
6
10
13
321
992
4
4
3
3
4
6
1187
132
10
6
6
10
10
275
1052
2
3
3
3
6
4
1170
167
7
5
9
7
0
236
1108
3
6
6
4
4
5
1153
210
5
8
7
6
9
212
1157
5
6
3
5
5
7
1105
234
11
13
15
6
10
168
1159
3
4
5
3
4
5
1040
267
11
12
12
16
11
132
1175
4
4
3
3
5
5
994
317
10
13
7
7
0
108
1181
26
3
2
1
2
3
961
356
11
5
11
8
8
80
1135
125
4
3
4
2
3
930
404
6
3
9
6
5
58
1075
213
6
3
6
6
8
885
469
7
1
7
9
4
43
1037
289
4
2
6
5
6
827
515
11
7
11
10
0
29
961
338
2
5
5
2
2
767
541
6
6
3
12
10
21
895
393
6
6
3
3
2
713
599
13
7
13
10
9
13
847
456
3
5
5
2
2
663
652
8
7
6
9
4
8
813
501
1
3
1
5
3
599
732
6
8
4
4
0
6
778
558
2
4
5
6
5
527
819
5
4
6
6
10
4
741
613
4
3
6
3
9
458
881
11
10
6
7
7
10
670
652
0
3
3
5
5
361
946
4
6
5
9
9
14
621
688
3
2
6
3
2
246
1066
6
7
10
13
0
9
577
735
5
5
5
3
5
126
1176
10
9
8
5
9
10
533
777
6
3
6
3
3
67
1246
22
10
12
9
12
10
488
844
5
3
4
6
5
48
1266
31
7
7
8
7
7
463
889
5
6
4
3
4
33
1254
54
10
8
10
0
11
404
917
2
5
2
3
3
16
1227
71
14
13
15
6
7
371
940
3
3
1
4
4
12
1212
95
9
5
4
5
7
339
979
4
9
9
6
7
10
1198
118
9
2
10
11
5
298
1026
4
4
6
4
4
3
1156
156
7
4
4
0
14
241
1080
3
2
0
3
4
2
1142
193
4
4
9
6
9
210
1132
6
6
3
3
4
5
1102
227
6
6
7
9
12
165
1149
2
1
3
5
4
1
1057
256
12
9
7
8
7
143
1169
4
4
5
6
6
6
1009
310
5
6
5
0
7
121
1182
24
7
5
4
6
8
962
358
4
7
3
8
11
92
1136
98
4
7
6
4
5
924
386
12
8
9
14
7
62
1078
192
3
3
5
5
4
886
447
9
8
9
7
6
47
1028
271
5
5
1
1
3
842
491
10
11
7
0
7
31
965
331
2
2
2
4
5
779
529
5
4
8
14
11
25
908
383
6
4
4
5
2
724
586
7
9
4
6
9
18
867
440
9
5
7
6
3
662
654
9
7
8
8
8
12
826
488
8
7
4
7
3
604
712
8
2
3
0
9
8
778
548
4
2
3
8
7
552
792
7
9
10
9
7
6
740
607
4
5
4
2
4
472
866
5
8
9
11
4
12
680
644
5
6
3
6
4
380
936
8
7
7
9
7
9
629
678
4
3
4
3
3
269
1039
4
4
7
0
12
7
591
721
4
4
5
3
7
146
1167
12
4
8
10
6
7
545
775
7
5
3
4
5
73
1230
17
3
8
10
11
9
494
832
4
2
2
3
7
48
1260
31
4
6
8
10
11
460
883
4
5
2
4
7
31
1261
45
8
8
0
12
5
410
920
5
4
3
4
4
19
1237
64
10
10
14
4
7
366
941
3
2
2
5
5
14
1213
86
7
5
4
6
7
338
973
4
4
7
6
4
8
1197
118
7
7
4
11
9
300
1018
5
3
4
5
3
2
1160
149
10
9
0
11
7
247
1081
7
5
5
2
3
3
1152
187
7
3
8
10
7
212
1126
6
7
4
3
5
5
1113
225
4
8
6
4
6
183
1158
6
4
6
6
8
3
1066
256
12
10
7
12
12
140
1169
2
4
4
2
3
5
1015
290
9
12
0
9
6
114
1183
11
6
6
5
2
2
972
347
9
7
16
10
12
95
1145
80
3
3
1
5
5
933
379
11
9
6
5
7
62
1090
181
4
3
4
4
6
892
445
5
11
3
7
4
48
1035
264
9
9
6
5
6
853
505
6
5
0
5
9
33
1010
328
2
3
3
5
6
792
551
8
11
11
9
10
26
927
380
5
4
8
7
1
738
572
13
10
10
10
9
12
866
431
3
3
2
6
1
674
636
10
8
13
6
7
10
822
482
4
3
3
3
5
612
703
11
12
0
6
8
14
790
536
7
6
5
5
3
560
781
7
8
7
9
3
9
751
593
4
6
7
3
3
488
875
5
4
6
8
9
12
713
657
4
2
4
5
6
409
942
11
9
9
12
3
7
638
688
3
4
4
2
2
294
1021
8
6
0
12
10
11
586
718
4
4
5
6
5
166
1141
12
3
9
11
8
12
541
765
1
4
4
3
5
83
1222
17
12
9
10
1
6
501
826
2
3
4
5
6
51
1265
32
8
5
6
7
8
473
872
8
5
6
1
3
33
1283
47
8
0
7
5
6
438
924
6
7
4
4
7
23
1254
62
7
11
9
9
11
380
945
3
4
2
3
2
14
1216
82
12
12
5
8
9
342
966
3
4
5
4
2
12
1199
115
6
9
14
10
4
300
1011
2
2
4
4
5
6
1169
149
8
0
6
8
8
256
1072
4
6
2
5
4
4
1156
179
7
11
11
5
3
219
1120
7
7
7
9
6
6
1136
223
7
4
3
6
9
192
1177
2
4
4
7
7
7
1087
255
13
9
10
6
10
145
1179
2
4
3
3
5
3
1024
288
13
0
10
9
12
119
1184
6
2
2
4
5
1
974
333
8
4
7
6
12
99
1153
65
2
2
2
2
6
937
379
13
8
7
23
13
71
1095
164
3
4
6
3
2
896
433
8
12
13
8
6
50
1046
247
4
8
10
10
8
860
494
7
0
9
3
6
37
1013
318
5
4
6
9
6
806
536
9
10
8
5
13
27
931
367
7
2
2
2
3
743
565
7
4
9
9
7
15
874
420
3
4
3
3
4
684
626
6
10
9
10
6
14
833
474
1
0
2
2
3
629
684
7
0
6
8
8
10
792
522
6
6
5
4
2
566
763
8
9
9
7
8
6
752
583
4
4
4
3
3
500
852
12
8
7
4
5
5
719
644
3
3
7
6
5
417
923
11
9
13
10
7
9
641
675
4
1
5
3
4
313
997
13
0
10
6
6
6
598
705
5
4
2
5
1
186
1129
13
7
4
6
6
2
562
760
8
4
3
5
4
96
1216
11
5
6
6
12
11
515
805
2
1
0
3
2
52
1246
28
8
8
8
10
11
473
859
5
7
5
4
3
38
1268
41
0
8
9
7
9
433
914
5
4
7
6
7
20
1258
58
11
14
7
8
5
394
931
2
3
4
3
2
13
1225
73
12
9
11
6
9
355
956
4
2
5
5
7
12
1202
110
8
10
9
7
6
327
991
7
2
6
4
7
8
1183
142
0
8
7
14
11
284
1042
5
2
5
3
3
3
1141
173
8
12
8
9
10
226
1101
5
4
2
3
0
3
1124
212
9
8
8
8
9
196
1149
3
7
4
5
6
4
1085
241
7
8
9
6
8
154
1165
3
1
2
2
3
3
1031
276
0
13
10
12
8
124
1182
5
3
6
4
3
7
979
336
11
9
7
8
8
100
1168
52
6
7
7
3
4
949
370
8
3
5
10
9
86
1091
149
3
3
5
2
3
904
410
9
4
6
7
16
55
1046
233
6
4
5
3
3
863
469
0
2
4
8
6
38
1012
301
4
5
2
3
5
813
518
5
10
7
7
16
31
946
351
3
7
8
2
1
754
553
6
13
12
9
9
17
883
414
3
3
4
4
4
697
618
7
9
10
9
10
14
847
461
5
3
5
6
4
633
687
0
8
9
14
8
17
806
507
4
5
3
3
1
575
737
8
6
9
9
9
9
752
575
5
7
6
5
3
509
826
6
7
4
6
6
6
712
629
5
4
2
1
1
436
897
10
6
6
5
6
6
652
666
3
2
2
5
3
337
977
0
10
9
8
11
12
608
698
4
4
1
4
2
208
1102
5
7
7
13
13
12
567
746
4
5
7
7
8
105
1211
15
3
4
6
12
7
535
787
5
5
5
3
3
56
1241
18
10
4
7
7
14
476
853
6
3
6
5
4
41
1258
0
7
9
6
8
9
440
902
5
6
4
7
5
23
1249
57
9
8
3
9
11
387
937
5
3
3
2
8
21
1223
76
7
8
9
9
5
353
955
1
3
5
8
7
14
1195
102
9
4
12
9
7
316
994
1
5
6
7
6
11
1182
0
10
7
11
9
8
283
1037
3
4
0
3
6
4
1147
170
10
11
11
11
7
228
1095
2
3
3
2
3
6
1130
207
4
8
7
8
5
194
1142
5
1
5
5
6
7
1093
248
4
5
4
4
4
160
1180
11
4
3
6
6
3
1046
0
10
5
10
15
18
125
1187
4
3
4
2
4
5
985
312
10
8
10
14
10
100
1173
33
4
4
4
3
3
953
357
11
7
13
7
9
82
1112
125
3
1
4
3
5
913
404
13
11
12
8
8
57
1056
220
2
4
4
3
7
876
0
8
2
5
16
11
39
1027
295
7
2
5
6
6
822
533
5
7
7
9
7
27
985
352
3
3
4
2
5
771
573
8
13
10
14
16
20
908
402
3
2
3
3
3
709
601
6
8
12
6
12
14
844
453
6
6
5
3
3
651
0
9
13
12
10
11
10
810
501
2
1
2
2
2
589
733
10
8
8
10
7
8
764
562
8
5
4
6
5
520
823
7
11
9
9
5
6
734
616
4
2
7
5
5
457
908
3
4
5
5
5
10
688
678
4
3
4
2
5
356
0
8
9
12
10
9
8
615
706
2
5
4
3
4
236
1072
6
7
9
9
5
8
568
738
3
3
3
2
3
124
1183
10
9
7
15
9
10
519
785
3
4
1
3
5
61
1242
21
8
10
10
7
10
482
847
2
2
1
5
4
46
0
38
8
8
5
3
9
458
890
3
5
5
5
6
26
1285
59
7
5
6
6
5
417
956
4
5
5
5
7
23
1256
74
10
6
8
9
6
352
970
3
4
4
2
2
12
1208
91
5
7
9
9
12
321
983
1
3
4
3
2
9
0
126
8
8
10
9
6
281
1026
4
3
2
3
2
4
1153
162
11
7
10
6
7
233
1087
3
4
2
3
6
4
1136
192
11
10
9
7
5
206
1135
3
5
3
6
3
7
1115
244
7
5
6
6
7
175
1197
4
8
3
5
6
5
0
284
11
9
10
9
8
135
1191
4
3
2
1
3
5
1003
307
4
11
4
11
11
106
1182
22
3
2
2
7
3
964
346
11
10
7
9
12
86
1117
112
5
2
3
5
5
926
387
7
8
10
10
9
63
1062
200
4
3
6
7
2
0
446
11
11
6
5
5
43
1012
278
6
5
4
3
4
821
519
9
13
15
5
10
36
978
344
3
5
6
4
5
771
553
5
7
5
12
6
20
906
389
3
5
0
0
3
717
590
5
8
6
6
10
11
853
439
4
3
2
2
2
0
658
9
5
9
6
6
9
819
487
6
5
2
4
5
593
711
9
10
10
12
13
9
759
548
4
3
4
2
4
530
791
12
6
8
6
3
9
720
600
5
4
6
5
4
459
871
6
5
8
5
7
4
678
657
5
3
3
6
7
0
949
10
7
12
9
9
4
620
691
7
5
2
4
4
252
1049
11
10
6
7
6
9
577
729
5
5
7
6
6
131
1176
14
11
7
9
7
6
548
763
4
9
4
5
5
71
1240
20
7
9
8
12
12
514
808
3
6
4
4
2
0
1232
35
4
7
9
5
5
445
867
6
3
4
1
3
27
1243
49
9
9
6
7
3
404
917
4
5
3
7
4
21
1230
64
7
5
8
6
4
366
937
2
5
5
4
3
8
1205
93
8
11
5
8
4
337
969
8
5
9
5
7
0
1185
124
11
8
11
14
9
304
1017
6
5
4
5
7
8
1186
149
5
5
8
16
12
268
1055
3
5
4
5
4
6
1126
183
11
4
7
8
6
211
1102
1
4
4
4
3
3
1095
220
9
4
11
6
3
176
1149
6
5
3
4
4
0
1050
263
9
4
6
6
6
137
1164
3
4
4
3
3
5
997
301
11
9
7
6
4
114
1181
22
5
4
4
6
5
961
350
10
7
9
9
10
92
1139
88
3
5
5
6
6
934
402
6
7
3
12
11
76
1077
184
4
6
4
4
0
875
431
6
5
7
5
8
44
1014
262
5
3
6
2
5
839
481
6
7
3
7
8
33
976
323
2
5
5
4
7
784
530
8
9
7
5
4
24
911
376
1
3
5
3
2
723
588
11
9
9
16
10
18
867
434
5
3
3
8
0
671
647
10
9
6
6
7
11
832
475
2
4
5
4
3
610
726
4
7
8
17
11
7
785
531
5
4
3
4
2
542
759
7
10
6
7
6
7
722
584
8
9
5
6
5
473
850
10
8
7
5
9
9
678
649
8
4
8
4
0
394
925
5
12
13
15
7
8
626
684
2
3
3
3
2
281
1031
7
13
6
7
7
11
583
718
7
4
4
4
6
154
1157
10
9
8
7
4
7
553
758
8
8
7
5
5
79
1237
20
5
9
16
12
7
511
803
6
6
5
3
0
46
1230
34
9
3
6
6
5
455
861
2
4
6
5
3
29
1246
48
6
6
7
3
7
418
910
4
5
8
6
3
24
1241
60
7
6
3
4
7
365
949
6
4
5
4
3
14
1205
89
7
3
12
6
8
337
965
4
5
4
6
0
12
1190
116
10
9
9
7
9
307
1000
5
5
7
6
4
7
1162
154
10
8
9
7
7
271
1045
8
5
3
4
7
6
1128
171
5
4
7
9
7
206
1107
6
8
6
3
4
3
1107
211
4
4
6
6
6
178
1145
2
4
3
3
0
5
1061
259
5
3
1
6
6
144
1182
5
7
7
6
6
5
1016
297
9
8
10
8
7
115
1181
7
1
1
3
5
5
964
340
13
7
10
8
7
97
1144
74
5
6
7
7
6
930
385
6
8
10
11
11
75
1083
162
5
7
4
0
2
877
424
9
9
9
10
6
50
1023
249
6
4
4
4
6
848
472
4
4
3
9
4
34
985
310
7
4
5
3
5
789
538
4
4
6
6
10
26
935
373
2
5
4
4
3
731
589
7
9
12
6
5
18
870
424
3
0
2
0
6
673
626
7
8
8
6
14
13
825
470
2
3
4
5
6
615
695
9
10
9
14
8
12
781
522
6
5
0
3
5
549
759
6
5
5
6
4
9
734
582
3
6
6
8
5
488
834
3
3
5
5
3
8
691
636
5
5
5
0
2
407
932
9
9
5
12
7
9
654
690
6
4
5
4
5
307
1023
6
2
6
10
8
9
589
719
5
6
4
1
3
176
1128
11
2
9
8
10
9
552
750
4
4
1
6
4
86
1215
21
6
6
14
12
5
503
800
4
3
3
0
2
52
1229
31
7
4
5
6
9
462
854
2
6
4
4
8
37
1245
40
4
2
3
3
3
427
900
4
2
3
5
3
23
1256
63
6
11
7
10
12
392
954
6
2
3
4
7
18
1229
84
6
6
11
9
9
342
968
3
3
4
0
3
9
1191
107
12
10
8
6
9
307
996
4
4
6
5
1
7
1169
143
8
10
11
14
7
265
1043
3
4
3
2
2
1
1134
173
4
9
7
4
4
211
1098
5
3
4
6
4
6
1105
210
3
4
2
6
7
186
1138
5
8
5
0
4
4
1069
260
5
6
4
10
15
151
1182
4
3
4
3
1
4
1033
290
4
7
7
6
6
117
1184
5
7
5
5
4
2
975
326
6
2
6
11
10
91
1153
60
5
7
6
5
2
934
380
7
5
11
12
10
78
1085
147
4
4
0
4
5
891
418
7
6
6
5
7
56
1034
233
3
2
3
6
6
856
460
5
4
6
11
8
39
991
300
5
4
7
7
5
801
528
3
4
8
7
8
24
951
362
5
6
4
3
7
745
577
8
4
9
8
7
16
882
416
5
5
0
4
6
681
619
10
5
8
7
9
10
834
466
4
3
6
5
2
632
686
9
8
11
13
12
10
797
514
5
3
7
3
4
558
753
8
5
8
6
9
11
737
568
6
3
3
4
6
495
824
10
11
10
9
7
8
695
628
7
4
0
5
4
422
904
5
4
1
3
5
4
661
676
4
3
4
4
6
317
997
8
6
8
13
11
10
595
708
4
3
2
5
3
195
1104
9
4
6
7
10
10
558
744
5
4
4
4
3
104
1203
17
10
7
8
8
16
533
787
5
4
0
6
6
59
1253
24
8
10
12
18
11
495
832
8
4
1
1
5
37
1233
44
13
7
5
8
4
425
892
8
8
5
6
6
27
1248
56
10
3
4
5
3
385
945
2
4
2
2
8
19
1222
81
5
5
8
7
10
353
952
9
6
0
2
2
8
1192
105
10
7
12
12
9
324
986
2
4
3
6
6
6
1171
135
9
10
13
9
9
284
1033
5
7
3
5
3
7
1163
175
3
5
3
24
14
249
1066
4
4
3
1
2
4
1111
197
16
14
6
7
8
195
1120
4
5
0
5
2
5
1078
240
6
5
5
4
2
151
1174
3
6
5
4
5
3
1031
280
9
7
5
8
8
121
1177
4
4
3
2
3
3
984
324
7
9
11
9
10
106
1163
40
3
4
5
6
5
946
366
9
10
10
9
11
76
1114
130
4
0
4
6
7
924
421
8
5
6
13
14
61
1052
216
1
3
3
4
4
848
456
10
8
7
8
6
40
992
287
7
6
5
5
2
813
508
6
7
8
7
6
27
948
352
3
5
7
5
4
758
558
9
9
6
8
7
20
889
403
5
0
2
3
3
698
608
10
7
7
4
10
17
840
453
7
5
5
3
2
642
676
11
11
7
4
7
12
811
501
2
5
4
4
4
581
751
5
4
7
18
10
8
768
551
5
3
4
6
2
507
800
9
8
5
6
9
7
704
609
6
0
7
5
5
437
886
8
7
10
5
5
6
666
667
3
5
5
2
6
343
977
9
9
11
10
7
9
602
704
6
7
7
7
6
223
1082
8
14
12
12
6
5
566
739
4
7
4
2
3
111
1196
13
8
7
6
9
12
534
779
3
0
4
6
2
61
1243
28
9
7
17
13
13
500
815
8
5
5
5
5
44
1232
40
8
6
9
6
7
437
879
5
7
4
5
6
31
1247
51
6
5
4
1
4
396
931
5
7
5
3
4
22
1225
75
3
5
10
6
3
349
961
7
0
4
7
6
15
1191
102
9
7
8
11
9
315
981
5
2
3
4
4
10
1175
132
11
10
11
13
8
294
1023
5
2
5
4
4
5
1154
160
16
8
10
14
6
259
1061
5
3
2
5
8
5
1104
197
5
9
9
9
7
197
1119
6
0
4
5
8
6
1085
235
6
8
4
4
1
164
1162
5
5
6
4
1
4
1045
282
4
10
11
8
4
126
1196
5
3
2
4
6
4
1005
311
10
8
9
7
11
105
1170
31
4
4
4
3
4
947
353
6
5
8
11
9
76
1114
116
0
2
3
2
3
909
405
4
7
10
10
12
64
1052
201
2
8
9
5
4
852
451
5
14
5
7
3
44
998
277
6
6
5
6
5
818
506
3
3
5
8
5
28
961
343
4
4
6
5
5
765
572
10
9
8
8
7
18
922
401
0
2
1
4
6
711
618
10
8
5
9
9
15
851
448
4
4
6
5
5
652
654
9
11
3
3
8
5
805
493
2
6
3
2
2
584
728
4
11
13
11
8
10
757
547
5
9
7
7
5
519
790
8
7
6
8
6
3
714
607
0
5
5
3
4
452
875
6
5
4
4
5
2
673
659
2
5
3
3
2
363
979
7
8
10
7
8
11
634
707
3
3
0
4
3
249
1083
8
8
6
12
11
9
572
738
5
7
7
7
3
126
1171
10
9
12
6
5
7
527
775
0
4
4
5
4
65
1231
23
11
13
17
13
13
495
816
6
6
6
6
4
47
1235
35
5
6
8
6
9
443
873
7
5
8
7
4
27
1253
51
6
8
7
2
6
403
928
5
5
4
1
5
22
1250
77
8
15
10
11
12
371
974
0
3
5
2
6
14
1215
99
7
5
13
9
7
326
984
5
7
1
7
6
12
1176
120
6
6
7
9
9
287
1017
4
5
9
4
4
4
1154
159
15
15
13
8
13
245
1058
2
7
8
9
7
4
1117
187
9
5
6
5
7
199
1110
0
1
3
8
7
7
1094
225
6
6
6
4
5
171
1158
3
4
6
5
2
4
1062
280
3
4
8
7
8
138
1209
6
5
4
5
4
3
1022
306
5
7
9
15
7
104
1189
19
5
6
8
6
2
959
339
7
9
7
8
7
85
1123
0
3
3
4
2
2
913
397
10
9
13
13
14
67
1061
187
7
5
4
6
5
868
437
8
9
7
9
11
43
1014
269
6
6
5
6
3
829
490
1
7
6
5
7
35
959
333
5
4
3
5
3
777
555
4
7
7
10
9
21
932
0
7
2
3
5
2
725
603
8
7
12
5
5
15
858
440
3
8
8
5
5
663
645
9
12
7
6
9
15
817
484
3
2
5
5
3
602
717
8
7
11
10
6
10
780
538
6
5
2
4
4
532
772
4
6
6
7
8
6
713
0
6
6
1
2
4
462
857
9
11
9
8
9
9
670
651
6
7
5
7
5
382
952
5
3
4
4
5
3
636
699
1
5
4
3
3
266
1056
5
10
8
10
5
8
576
732
4
3
3
2
7
138
1159
9
10
6
7
7
10
541
0
10
7
6
3
6
75
1229
19
11
10
5
7
8
518
803
6
5
5
2
4
48
1256
33
6
10
10
17
9
469
851
5
3
1
2
3
34
1232
50
6
5
7
9
8
404
911
7
5
6
6
6
24
1240
66
9
7
4
3
4
372
0
5
8
5
7
2
18
1210
93
8
6
10
7
7
332
975
6
3
5
5
2
9
1185
114
9
12
9
11
14
300
1007
5
3
4
3
4
6
1163
151
10
9
9
14
14
270
1053
4
3
1
2
5
7
1155
186
5
3
4
19
10
233
0
3
6
5
3
3
6
1092
214
16
12
6
4
5
170
1143
6
4
3
5
3
6
1060
260
6
5
9
8
4
140
1190
1
3
4
2
3
3
1021
298
9
8
10
10
5
112
1187
15
5
6
6
3
1
967
337
5
10
11
12
12
88
0
83
4
3
4
3
1
922
392
8
10
7
10
11
70
1083
172
6
9
5
4
6
902
437
9
6
7
15
14
51
1032
246
1
3
9
6
3
833
472
10
12
4
5
8
31
971
318
3
7
4
5
8
783
535
5
2
8
5
6
21
0
382
4
4
6
4
7
735
577
6
4
10
9
7
13
868
432
7
8
3
3
5
674
633
10
7
4
10
10
15
824
481
4
3
2
2
0
613
704
7
12
7
6
10
11
794
526
8
6
5
7
2
551
787
3
3
5
16
14
9
0
573
6
4
4
4
3
467
832
10
11
9
6
8
7
679
634
5
3
2
4
9
391
927
4
2
3
4
3
3
635
688
5
6
2
5
3
286
1034
8
8
5
6
6
6
594
718
4
3
5
5
4
165
1138
7
13
9
9
10
8
0
755
3
3
3
5
4
78
1214
23
12
10
13
12
7
517
797
5
7
7
5
5
50
1241
36
10
12
23
11
10
478
841
5
5
3
5
6
31
1233
49
8
7
8
8
9
410
907
6
7
6
7
2
23
1247
56
5
7
5
4
7
0
956
6
6
3
4
2
21
1222
90
8
2
6
7
9
336
978
3
4
2
5
4
12
1188
112
9
3
5
16
11
299
1003
2
4
5
6
2
4
1158
143
9
12
13
6
6
262
1047
7
5
4
3
7
6
1143
176
9
10
10
9
12
0
1085
4
3
4
4
5
4
1098
210
4
6
10
7
9
176
1144
4
5
4
6
4
4
1078
250
5
5
7
4
5
141
1194
5
7
1
1
2
5
1037
307
7
3
3
7
7
115
1217
10
3
4
5
6
6
986
341
9
8
8
10
8
0
1149
71
2
5
3
5
4
929
376
8
9
8
5
10
72
1076
162
5
3
3
8
6
888
425
7
4
8
12
15
54
1029
236
4
4
5
4
6
846
468
10
8
9
10
8
40
984
312
5
6
5
2
5
801
531
4
6
9
8
5
0
953
374
7
7
3
4
6
749
614
9
5
7
6
6
22
919
431
5
7
6
6
5
699
646
4
10
9
11
10
11
840
476
6
4
3
2
3
622
689
3
6
9
7
4
6
779
520
2
1
6
6
2
560
752
8
10
6
11
12
0
733
574
7
2
4
4
6
487
837
10
12
9
8
8
8
694
634
6
4
2
4
3
413
931
12
5
6
8
8
10
663
689
4
4
4
3
2
319
1048
5
8
9
7
8
11
624
743
2
6
5
3
4
193
1153
14
12
12
11
5
0
555
771
4
2
1
3
4
92
1211
14
6
10
11
7
7
507
800
2
2
5
3
4
59
1237
27
14
13
12
8
8
467
843
5
1
1
1
4
40
1242
43
7
6
13
11
13
427
905
5
3
2
7
7
22
1263
61
7
3
7
3
0
392
961
5
4
5
3
2
16
1261
91
7
4
8
6
8
356
1012
4
4
3
3
5
13
1222
111
9
5
7
9
11
311
1018
5
5
3
5
5
4
1171
129
9
6
5
6
9
269
1040
2
2
6
5
4
4
1137
173
6
10
12
8
0
229
1081
5
2
4
4
5
4
1110
205
14
8
10
8
8
186
1137
4
4
5
3
5
2
1086
251
5
7
10
8
6
153
1189
6
4
5
6
6
4
1057
307
6
9
5
3
8
123
1244
4
7
6
5
4
7
1006
333
10
7
10
8
0
97
1179
51
5
2
5
4
3
940
366
9
8
11
9
5
70
1089
145
3
1
2
5
2
899
411
11
6
9
6
6
58
1036
224
2
3
4
2
5
851
456
6
5
8
4
7
43
991
297
5
6
7
2
3
807
527
3
10
10
6
0
28
958
359
7
6
4
4
4
760
587
10
11
5
9
4
18
928
425
3
3
3
4
7
707
634
11
9
17
7
8
16
845
471
6
5
0
1
1
637
675
10
10
6
10
10
10
796
510
3
1
2
3
3
567
747
12
12
10
9
0
7
745
563
4
3
5
4
4
500
813
12
7
8
8
10
4
703
617
3
5
6
2
6
430
903
8
6
6
10
10
3
663
679
3
5
5
9
5
335
1014
5
11
7
6
7
5
630
735
6
4
4
4
7
211
1124
12
9
8
6
0
11
561
761
2
2
4
4
4
102
1199
13
9
6
11
16
11
509
798
4
2
2
2
5
55
1241
23
6
7
5
6
4
486
833
3
0
6
6
5
41
1250
39
9
8
7
7
7
441
877
2
2
2
3
2
23
1239
54
11
12
11
0
12
391
939
3
4
6
6
3
15
1249
78
7
12
9
7
12
359
992
1
1
3
2
3
12
1220
107
9
9
10
12
10
312
1009
4
0
2
3
3
4
1177
137
12
9
7
9
7
277
1033
2
4
5
6
4
1
1146
170
7
7
4
0
9
250
1077
6
5
5
5
4
7
1122
203
8
7
7
12
11
210
1114
4
3
2
2
5
2
1083
232
9
6
5
9
14
153
1172
2
6
3
6
4
6
1056
281
6
8
7
6
9
123
1219
5
5
7
6
1
2
1009
321
6
7
7
0
8
100
1183
36
1
1
5
5
3
947
355
9
11
5
10
7
79
1110
127
5
4
5
5
3
907
409
13
7
5
10
7
55
1057
213
4
6
4
8
3
859
462
4
7
9
10
11
50
999
280
6
2
1
0
4
813
496
9
4
6
0
12
34
956
347
3
3
6
6
6
766
571
9
7
3
5
4
20
923
406
4
2
3
4
5
714
617
8
9
10
9
11
14
857
460
3
3
4
4
4
651
659
9
8
7
7
5
8
800
498
2
4
4
4
6
583
728
10
9
7
0
9
6
761
550
3
6
5
7
3
514
812
5
7
10
12
5
6
716
603
9
4
0
2
1
444
874
8
4
6
13
10
5
666
664
2
4
4
3
2
359
982
6
9
5
6
6
7
630
718
6
6
2
3
1
236
1101
6
7
3
0
9
11
576
753
3
4
4
4
8
114
1196
7
7
8
9
8
7
516
787
4
4
3
5
6
62
1235
14
5
5
4
5
3
486
822
4
6
6
7
4
41
1247
36
4
7
6
10
11
447
868
5
3
4
3
2
25
1239
56
7
13
0
10
12
392
936
2
4
5
4
5
16
1246
83
7
4
6
8
10
362
988
6
5
6
7
5
12
1229
98
8
5
12
10
4
320
1013
4
5
5
3
4
12
1186
128
10
7
9
9
11
280
1030
5
4
3
3
2
1
1147
156
9
3
0
10
11
244
1063
5
3
3
4
4
6
1126
191
7
5
4
12
13
211
1100
7
4
3
2
2
4
1090
224
12
16
10
10
8
158
1167
4
3
6
5
4
4
1061
279
7
7
4
8
10
131
1216
5
7
5
7
6
2
1025
325
5
6
0
9
5
101
1227
25
3
4
4
4
8
974
358
12
14
11
9
9
74
1126
116
2
2
4
4
5
914
391
7
6
7
10
9
56
1052
201
6
5
4
3
7
868
446
11
8
20
8
14
42
1004
271
1
4
3
7
4
831
486
9
7
0
9
6
28
965
335
2
5
3
5
2
777
562
9
8
8
6
5
23
934
400
6
6
5
7
6
732
632
4
8
5
3
3
16
896
464
2
1
3
1
5
665
679
3
12
8
12
7
10
820
504
3
5
5
3
8
596
712
5
6
0
7
10
5
758
542
6
6
3
4
3
524
782
3
3
7
6
9
9
713
593
4
4
3
3
6
454
869
13
10
13
12
12
7
673
654
6
6
3
1
2
369
969
7
12
9
9
9
6
642
717
10
10
7
7
2
259
1104
8
5
0
7
8
3
601
762
2
3
3
7
9
132
1208
16
8
9
13
11
8
534
792
5
2
6
3
6
71
1225
15
9
13
9
10
12
493
818
7
6
5
6
6
46
1244
31
6
10
14
6
14
450
866
8
5
7
4
1
28
1244
56
11
0
11
5
5
404
926
4
3
7
4
5
25
1253
76
8
8
7
3
7
373
979
6
5
5
7
5
18
1253
102
10
3
3
8
7
344
1027
7
3
5
2
5
11
1213
128
6
9
7
8
8
290
1039
2
4
4
3
2
5
1162
149
11
0
12
8
6
250
1060
4
2
3
8
5
6
1121
192
10
10
12
10
7
208
1101
2
2
3
4
6
2
1094
222
10
10
9
10
7
166
1158
6
3
5
7
6
3
1072
267
8
8
6
11
10
134
1213
6
5
5
6
7
1
1028
323
5
0
6
5
7
111
1236
19
3
2
4
6
3
983
355
14
13
6
10
8
79
1153
97
4
2
6
3
3
926
384
4
7
8
13
9
65
1060
187
4
6
7
3
3
877
437
10
12
7
4
11
51
1012
259
5
4
5
3
4
836
480
5
0
6
7
13
35
978
331
4
5
5
3
3
786
551
9
6
4
3
7
26
934
389
2
6
7
3
5
734
616
5
5
7
6
3
18
907
451
1
0
3
4
2
680
662
12
11
8
13
9
15
830
495
4
4
4
3
2
604
704
6
0
7
15
11
10
769
534
5
4
4
6
4
536
772
8
8
9
9
10
9
726
590
5
3
3
3
3
467
848
9
8
8
8
9
11
679
639
2
4
5
5
3
389
943
8
6
6
9
7
5
634
700
6
5
6
3
6
279
1065
8
0
7
7
9
3
609
751
5
6
6
5
6
153
1184
12
8
12
10
13
9
541
783
1
4
5
4
3
80
1220
17
9
13
13
13
6
496
812
7
4
4
7
7
52
1243
31
6
8
5
5
5
465
852
7
5
5
4
5
33
1249
39
0
6
5
8
5
430
895
4
4
4
2
1
17
1235
64
8
9
15
13
10
370
956
5
4
3
3
3
19
1224
97
8
3
10
9
6
336
1008
6
4
3
3
3
9
1210
120
8
8
10
11
7
290
1025
3
2
2
4
2
4
1164
145
0
8
8
7
9
247
1052
5
3
3
6
4
3
1126
187
9
5
5
5
6
226
1087
2
6
5
8
10
5
1099
220
8
8
8
8
9
196
1124
4
4
6
8
4
4
1067
245
8
8
7
8
10
139
1178
3
4
3
4
6
1
1033
301
0
5
6
7
10
112
1223
12
7
3
5
4
4
989
341
2
5
8
8
8
84
1155
83
4
3
5
5
4
929
380
10
10
8
9
8
71
1073
176
3
5
7
6
7
882
435
8
8
6
5
8
52
1028
238
4
7
4
5
4
836
480
0
6
6
11
7
48
977
309
3
1
3
5
4
788
526
6
6
9
9
8
27
934
377
6
2
1
5
6
746
595
7
5
7
6
9
16
903
438
3
5
0
2
3
691
646
12
10
10
7
8
8
836
484
3
3
2
4
1
620
692
0
5
7
7
11
10
776
526
3
4
6
4
3
554
763
9
14
13
9
9
6
744
572
8
8
6
5
9
487
837
6
7
3
12
8
13
688
626
4
1
6
7
3
403
913
8
8
5
9
8
11
638
689
3
1
5
4
5
305
1037
0
7
13
4
5
6
608
739
2
4
2
5
5
176
1157
7
8
13
11
10
6
543
780
2
5
6
1
7
87
1218
17
6
7
5
4
11
499
807
3
5
4
5
7
55
1237
18
10
5
9
8
8
463
849
7
4
6
5
9
41
1244
0
8
9
8
10
6
432
888
4
3
4
4
4
21
1239
61
11
7
10
4
7
382
951
3
7
8
2
4
17
1241
85
8
7
6
9
5
342
999
4
4
2
1
4
10
1210
113
6
8
6
8
9
303
1027
4
2
4
6
6
8
1174
0
8
9
12
5
6
258
1052
4
5
3
3
3
1
1138
171
11
11
10
7
5
228
1076
5
5
10
4
6
7
1099
219
9
7
10
9
12
190
1122
5
1
1
3
4
3
1076
243
8
11
7
3
9
145
1178
6
4
2
6
8
4
1041
0
8
7
9
6
6
117
1226
8
8
10
7
3
4
999
346
8
6
2
8
9
88
1190
66
4
6
5
5
6
956
381
8
5
8
7
9
71
1091
161
1
1
3
2
6
893
406
14
11
9
15
6
50
1026
235
5
5
7
6
8
840
0
8
10
12
13
10
41
978
299
8
7
4
3
0
798
522
9
8
9
7
7
28
943
365
7
5
4
4
4
754
585
5
6
5
7
4
18
914
421
3
5
4
4
7
704
661
6
11
8
7
8
12
869
488
5
6
8
4
4
635
0
8
11
6
12
8
8
800
523
6
3
1
4
4
567
743
8
8
10
7
12
7
736
570
6
6
8
3
5
493
820
5
12
12
9
10
11
693
618
5
3
2
5
5
420
901
5
8
4
6
8
9
653
680
4
4
5
9
6
329
0
13
7
8
10
4
3
614
734
3
4
4
6
6
198
1158
5
6
9
8
6
7
579
788
4
3
5
5
2
93
1241
14
12
5
9
8
11
510
815
3
6
4
2
2
58
1232
21
10
9
9
8
8
469
833
5
9
10
8
3
40
0
36
9
7
13
8
13
427
886
3
5
3
2
3
23
1246
58
9
10
11
8
8
387
945
4
4
2
6
4
16
1247
86
7
8
10
6
8
351
1003
7
4
4
2
3
9
1248
117
6
8
4
7
4
329
1050
3
3
3
2
3
7
0
143
11
12
6
11
8
269
1065
4
3
3
7
7
7
1143
169
8
8
10
12
12
234
1079
5
3
7
7
5
7
1100
203
10
13
8
4
10
191
1117
9
4
4
3
4
5
1081
242
11
6
4
7
9
152
1177
4
6
7
4
4
3
0
292
8
6
9
7
9
125
1224
3
3
6
3
5
4
1018
344
7
6
7
3
7
102
1227
49
4
4
4
7
5
967
379
12
10
8
10
7
76
1114
148
3
4
4
5
3
897
409
6
9
11
8
9
52
1036
219
7
4
4
9
10
0
462
9
10
10
10
12
47
989
288
10
5
8
8
7
808
501
8
7
7
8
3
25
939
352
7
6
4
4
7
762
560
9
10
11
10
8
20
900
409
3
6
5
2
3
701
631
5
7
6
9
6
19
867
471
3
4
6
3
3
0
683
10
11
7
11
13
7
798
510
6
7
6
4
4
575
727
7
7
5
5
5
5
743
555
6
8
10
9
9
500
808
10
10
10
6
6
8
704
606
2
5
4
2
4
427
878
9
9
8
10
9
7
645
661
5
7
3
3
3
0
977
10
9
5
11
9
10
610
713
1
4
4
6
5
220
1111
10
9
6
6
8
9
573
766
6
7
4
3
5
107
1208
11
7
5
7
4
6
516
792
3
3
5
3
5
58
1229
16
10
11
9
10
12
479
825
6
6
6
6
7
0
1243
34
8
7
8
6
9
449
863
7
4
6
7
5
27
1252
52
7
6
2
13
10
412
910
7
3
7
7
5
16
1220
77
14
10
10
7
8
353
963
6
4
3
3
5
14
1207
107
5
7
11
8
10
320
1010
9
8
5
4
4
0
1192
121
11
9
9
4
8
279
1024
4
4
3
6
4
7
1138
164
7
8
9
12
5
240
1062
5
4
4
6
4
4
1111
199
6
9
11
7
11
213
1101
7
6
7
6
5
6
1099
235
7
12
11
18
13
175
1141
4
5
3
4
5
0
1036
260
9
11
7
10
6
131
1184
5
6
4
3
2
3
1010
310
8
13
9
12
7
101
1200
33
2
3
2
4
4
958
348
10
7
7
9
3
73
1107
125
5
5
8
7
6
900
402
6
8
7
6
9
57
1043
203
5
2
4
8
0
854
460
9
11
9
12
8
45
1007
265
6
7
5
5
6
821
508
3
6
7
11
10
34
952
338
6
7
6
5
7
756
544
11
8
7
7
3
21
894
404
5
7
3
3
4
711
610
4
12
10
13
11
14
854
463
3
5
4
4
0
655
660
9
14
4
5
2
8
804
500
5
3
2
5
8
585
717
4
3
7
5
8
8
752
541
2
6
5
4
2
515
793
13
8
7
3
7
7
723
586
7
6
5
2
6
446
890
11
12
8
19
11
13
674
639
4
8
10
10
0
353
954
12
10
5
9
6
7
611
702
5
6
5
7
4
240
1082
13
10
12
14
10
7
575
754
4
5
7
6
5
125
1189
12
8
6
6
7
6
525
783
1
0
1
5
4
65
1228
16
10
12
16
10
7
484
818
7
5
9
6
0
44
1237
33
13
11
9
7
7
458
852
5
6
5
2
4
24
1249
48
6
7
13
9
9
416
903
6
5
5
7
7
18
1221
72
8
7
5
8
5
358
959
2
5
3
3
3
11
1212
103
8
3
10
9
8
326
1004
5
6
6
5
0
7
1188
123
6
4
6
7
4
273
1040
6
5
6
4
5
7
1145
154
10
6
9
7
9
238
1053
7
7
7
5
8
4
1112
183
8
6
9
8
8
210
1091
1
2
6
4
4
9
1087
225
10
10
10
12
13
176
1135
3
3
5
7
0
8
1043
260
13
9
7
2
12
129
1187
4
4
0
0
4
6
1014
309
10
9
7
6
6
108
1203
26
4
5
6
2
6
971
361
6
5
7
6
4
83
1140
115
4
5
2
5
5
922
397
4
10
10
9
10
62
1052
199
4
7
8
0
3
859
441
8
9
7
5
9
43
1005
260
3
3
6
8
0
811
495
5
7
5
8
11
40
949
325
7
6
3
6
4
763
540
5
7
10
14
5
28
909
391
6
3
8
2
4
724
599
8
10
9
6
8
19
873
447
7
4
2
0
5
666
666
7
12
10
6
10
13
836
507
5
5
3
6
6
603
721
4
4
8
8
15
11
758
549
5
4
3
4
6
530
770
11
7
7
6
6
10
710
585
5
3
6
3
7
453
857
5
5
11
10
10
11
667
634
6
5
5
0
4
373
936
8
6
9
13
8
9
627
698
5
5
7
3
7
265
1060
7
10
7
8
7
7
582
750
5
5
6
4
4
138
1194
14
8
10
5
5
7
543
798
3
5
4
3
5
72
1240
18
4
13
13
6
10
492
822
3
5
8
0
6
46
1230
23
5
4
7
10
8
446
852
5
7
6
5
6
29
1237
45
5
5
12
7
9
407
892
3
4
10
9
8
20
1229
69
7
4
7
12
11
367
950
6
7
6
6
8
19
1223
97
7
7
5
8
8
332
996
4
3
4
0
2
10
1209
129
7
9
7
4
7
304
1048
3
2
3
9
7
7
1173
157
16
7
12
11
10
246
1067
4
7
5
6
6
3
1118
181
6
6
6
5
4
215
1081
5
4
4
7
7
3
1083
223
11
10
9
6
12
176
1125
4
8
7
0
6
7
1049
256
7
3
5
5
6
140
1180
5
9
5
4
3
6
1016
309
4
10
5
8
7
111
1209
13
8
5
3
4
5
975
354
9
8
8
9
5
84
1162
100
5
6
4
3
5
933
392
8
9
9
13
12
67
1064
184
5
7
0
8
6
867
426
7
6
4
6
8
47
1006
250
8
7
8
6
4
823
483
5
12
13
5
8
40
957
316
4
7
3
7
4
780
529
12
9
11
7
11
27
910
379
6
4
3
6
9
735
576
8
7
9
6
5
17
870
442
4
3
0
4
3
684
652
6
6
4
8
6
10
839
496
4
6
3
5
4
612
710
9
9
10
10
9
5
774
534
5
3
3
4
6
544
760
8
5
3
3
7
12
721
579
2
6
8
5
3
470
838
5
6
5
6
6
9
683
620
7
5
0
3
3
390
912
8
10
8
14
14
12
626
679
4
5
3
6
5
283
1034
7
9
9
10
12
12
583
734
6
3
6
3
6
158
1170
5
5
4
7
8
4
549
789
3
5
6
6
4
82
1232
17
4
6
10
12
5
493
814
9
6
0
3
7
47
1233
25
6
5
11
7
8
459
840
5
5
6
6
7
36
1238
41
7
7
11
3
7
433
879
6
9
4
4
4
19
1246
60
4
4
3
10
11
396
918
1
4
4
6
3
14
1208
88
8
5
7
5
6
339
977
5
6
0
7
7
10
1196
114
8
10
7
10
7
294
1031
9
6
8
3
4
6
1165
146
9
5
10
8
7
257
1044
4
6
6
5
5
6
1121
179
14
10
9
6
9
227
1070
4
6
7
3
4
6
1095
214
9
9
11
14
11
193
1117
5
4
0
3
3
2
1069
257
8
5
7
12
16
159
1152
6
6
7
2
5
7
1011
287
11
12
8
9
7
120
1196
12
3
4
6
5
3
978
336
9
8
8
12
9
89
1167
78
3
4
3
5
5
941
370
12
11
10
6
9
66
1069
169
6
0
4
3
8
881
416
6
11
4
6
5
50
1024
239
9
5
8
9
7
828
477
10
8
13
10
9
42
981
295
2
4
4
2
2
797
531
5
8
12
7
14
28
931
361
4
10
7
9
3
734
563
7
10
12
7
8
14
875
426
5
0
3
4
6
689
633
11
7
6
8
5
11
839
482
6
7
5
5
5
623
692
9
6
3
6
5
7
778
524
6
7
7
4
5
555
753
10
7
10
12
13
11
730
570
5
8
4
6
7
481
827
11
12
4
3
5
5
698
610
6
0
5
7
6
403
919
5
8
5
16
4
12
651
658
8
5
5
6
7
301
1003
4
8
5
7
7
3
590
719
6
6
7
7
8
182
1140
11
4
10
6
12
10
549
777
6
6
6
3
7
91
1228
10
11
11
7
8
9
499
817
8
0
7
9
5
56
1232
22
7
10
9
7
10
461
837
3
7
4
4
6
38
1230
41
5
12
8
7
7
433
866
8
7
7
8
7
23
1236
59
8
9
13
14
9
402
915
5
6
3
7
9
16
1212
82
10
8
6
7
5
341
975
5
0
4
7
6
12
1201
114
5
10
11
10
8
307
1024
4
2
5
9
3
7
1181
136
7
9
8
8
9
260
1063
4
2
1
3
2
6
1135
170
7
5
8
5
8
225
1072
4
4
7
9
7
6
1095
208
9
10
13
11
10
190
1107
7
0
4
4
1
1
1063
248
7
9
10
8
14
169
1143
4
3
1
2
4
5
1016
284
4
4
8
7
10
121
1189
7
6
8
7
8
7
994
326
8
4
5
6
4
96
1183
58
6
4
3
8
5
955
382
6
5
3
5
7
66
1119
159
0
3
4
4
4
896
427
7
12
8
9
9
52
1027
233
4
4
4
6
6
831
463
6
5
4
9
11
46
973
286
6
4
5
4
5
791
516
8
8
10
9
12
30
930
354
5
6
7
6
8
749
558
8
8
5
13
9
16
889
418
0
4
4
8
7
696
628
10
7
7
6
8
12
847
476
4
3
4
2
7
641
703
4
9
8
4
7
6
820
524
5
5
3
3
4
572
754
8
14
12
7
8
11
735
569
5
4
3
7
3
496
806
6
6
9
8
9
5
691
603
0
4
2
3
4
419
893
8
7
8
11
10
8
647
656
9
10
7
6
4
319
989
4
11
10
5
8
13
596
715
4
7
8
7
4
199
1117
9
7
7
6
8
11
568
767
4
4
2
5
4
94
1241
15
9
11
6
6
5
526
821
0
6
5
6
8
59
1254
23
15
11
13
9
10
473
839
3
4
9
7
8
42
1230
37
10
7
5
7
6
435
860
5
4
5
6
3
23
1234
53
6
9
13
13
4
389
911
4
6
8
6
6
16
1213
82
5
6
10
9
10
354
966
0
5
5
7
6
15
1203
111
6
7
6
4
7
313
1016
5
3
3
9
4
7
1195
140
7
8
9
10
12
285
1065
3
4
3
4
5
6
1156
170
8
8
9
11
11
228
1080
8
8
6
7
5
4
1098
195
11
6
7
9
6
197
1097
0
5
3
5
4
3
1068
239
10
8
8
5
10
167
1139
6
4
7
4
3
3
1034
267
11
6
5
2
5
123
1185
4
8
7
6
7
6
999
318
10
9
6
14
10
97
1191
41
6
6
9
4
7
964
371
8
5
4
7
4
78
1134
0
4
5
5
3
7
915
418
9
10
14
5
13
57
1038
222
2
1
6
6
1
850
451
11
11
7
7
7
41
984
278
4
4
6
7
5
800
504
9
9
9
7
4
29
942
339
9
5
8
5
6
747
552
8
7
13
5
11
21
890
0
6
3
2
5
2
705
611
6
7
6
4
4
16
855
465
6
5
5
6
6
650
677
8
5
2
7
9
5
822
513
3
4
7
4
5
582
739
5
9
7
11
10
4
745
558
2
6
3
5
5
504
794
13
8
5
4
9
9
700
0
5
3
5
4
4
426
884
7
8
8
5
9
7
655
643
4
6
5
8
6
337
961
8
6
10
12
10
11
609
695
7
3
7
9
6
223
1091
6
8
8
9
4
5
569
750
7
2
6
7
2
108
1213
15
5
3
6
5
7
532
0
2
6
5
7
3
62
1242
20
6
10
3
5
5
476
829
7
7
7
4
4
41
1231
31
8
7
7
10
13
443
855
4
5
3
1
2
25
1231
52
6
9
8
11
10
416
899
0
2
1
1
3
11
1249
74
3
5
2
19
9
379
0
2
6
6
8
0
9
1199
99
6
13
9
7
4
312
997
4
5
5
4
5
7
1188
123
7
6
5
10
8
277
1054
4
3
7
7
4
7
1152
165
8
6
2
6
7
236
1067
5
6
5
5
6
6
1099
194
6
6
10
9
7
211
0
3
3
3
4
3
5
1072
236
9
8
15
11
13
177
1131
4
3
4
4
3
3
1052
277
5
7
4
16
15
142
1173
6
5
7
5
6
9
989
309
11
9
10
7
2
103
1184
27
4
5
3
8
6
965
353
7
8
5
7
7
71
0
124
7
8
6
4
6
914
399
6
7
6
5
3
56
1045
204
3
8
6
5
4
851
443
10
5
10
5
8
47
997
264
4
2
2
5
5
808
496
8
6
9
15
10
34
956
324
3
2
4
5
2
775
553
6
5
4
14
8
26
0
391
6
3
7
6
9
706
593
9
6
4
4
5
9
859
449
3
5
5
6
4
664
650
13
7
9
9
6
9
820
505
5
8
6
7
7
595
726
9
11
9
5
3
5
758
547
4
6
3
4
6
523
781
9
6
8
9
8
5
0
590
8
8
5
3
5
447
860
7
4
6
7
8
11
673
632
3
2
3
3
6
356
966
8
7
6
13
10
5
633
675
6
4
7
3
5
244
1055
11
6
7
6
3
9
575
738
7
9
4
8
7
124
1186
12
10
6
7
9
6
0
792
7
5
4
4
7
69
1235
19
12
12
10
6
6
485
828
5
4
9
3
5
43
1233
35
7
14
13
8
9
439
856
5
7
5
7
2
29
1231
46
8
8
12
5
5
416
892
4
3
6
5
3
12
1235
74
6
9
9
4
9
0
933
9
7
5
1
1
11
1202
93
2
7
4
9
14
326
997
5
7
4
5
7
11
1190
125
4
4
8
10
9
280
1048
8
4
4
2
5
6
1167
154
12
6
10
7
3
245
1075
3
4
3
5
3
1
1122
195
8
2
7
9
11
0
1089
4
5
7
7
4
6
1076
226
9
8
5
9
11
175
1122
4
5
2
5
3
4
1045
268
6
9
7
6
8
144
1169
5
7
7
2
4
3
1001
306
7
9
10
8
13
110
1195
20
4
3
4
4
5
973
356
4
2
7
7
5
0
1153
111
7
5
4
4
3
940
410
7
4
6
4
4
67
1091
202
6
6
4
7
4
888
446
8
5
8
8
10
42
1018
265
5
5
7
3
4
825
477
5
5
14
14
11
32
955
316
8
7
5
6
5
776
529
7
7
11
13
9
0
908
383
2
6
5
4
5
723
587
6
8
2
6
4
14
874
450
3
5
6
6
2
679
660
5
9
7
8
12
10
847
508
2
5
7
7
5
616
745
12
7
4
6
6
7
811
557
5
3
1
3
2
544
806
6
12
10
7
9
0
724
598
4
6
7
6
7
468
841
6
9
7
8
9
18
662
630
3
6
5
9
6
379
925
5
6
9
11
10
16
622
683
7
5
3
5
5
275
1042
9
6
5
7
8
1
584
747
2
5
7
5
8
145
1194
13
7
13
3
8
0
549
806
5
6
4
4
5
74
1284
16
5
5
4
5
5
515
861
3
5
3
8
4
49
1272
27
4
10
8
6
9
450
870
6
10
9
8
2
34
1236
50
9
9
5
9
7
415
888
4
5
3
2
4
13
1234
65
6
10
10
9
0
376
934
4
4
5
5
6
13
1220
91
7
7
7
9
10
335
992
7
4
7
4
4
9
1212
124
10
8
9
8
6
296
1055
5
7
7
9
5
8
1196
159
5
4
5
9
8
262
1107
3
4
4
5
6
6
1155
184
12
10
9
8
0
215
1105
5
3
7
7
8
6
1086
212
10
10
5
5
7
174
1119
6
4
2
4
1
4
1046
262
6
9
8
10
7
148
1162
4
4
7
6
3
5
1015
300
5
3
3
7
3
110
1204
11
5
6
6
4
2
995
342
7
4
6
4
0
82
1174
93
2
6
4
10
8
953
399
7
8
7
11
6
67
1112
195
3
3
2
7
3
901
439
6
11
8
6
8
43
1024
254
4
5
5
4
1
835
469
6
11
11
9
13
35
960
312
3
4
4
3
5
782
521
6
10
6
13
0
25
913
375
10
9
5
5
8
735
575
2
2
6
5
6
17
877
431
2
4
5
4
6
687
648
5
9
5
6
9
9
849
491
5
5
6
10
9
625
728
5
11
4
8
10
8
819
550
3
5
7
7
8
559
783
8
11
9
7
0
8
733
586
4
5
6
7
9
478
830
9
12
12
7
13
10
682
617
3
4
3
1
5
396
909
6
7
7
5
6
8
633
673
5
5
3
2
7
286
1015
9
8
7
4
4
7
588
724
3
8
4
3
6
172
1150
8
9
9
9
0
10
551
783
4
4
5
9
6
83
1260
16
6
5
6
5
8
521
846
10
6
7
8
6
52
1267
25
8
6
8
6
4
461
862
7
5
6
5
5
34
1237
46
9
10
7
9
9
419
886
4
5
2
3
3
17
1231
63
8
7
5
0
7
395
917
5
4
5
1
4
12
1227
83
9
7
5
6
8
355
962
4
4
2
3
1
9
1191
106
5
6
5
5
4
292
1030
4
6
7
6
4
7
1179
149
7
6
7
6
6
259
1077
2
4
6
5
4
4
1148
179
6
7
4
0
4
216
1091
8
3
0
5
4
3
1090
211
11
5
7
8
3
186
1111
3
2
4
4
2
6
1054
250
5
6
4
4
3
152
1155
4
1
1
6
3
5
1020
289
2
2
3
8
7
130
1178
9
3
3
5
3
4
976
328
6
5
8
0
9
87
1174
70
7
2
2
2
8
952
379
3
7
12
11
6
63
1104
172
6
3
4
5
3
898
425
12
9
7
6
5
49
1029
241
8
6
4
8
6
836
465
8
6
14
14
13
40
968
300
5
1
3
2
4
796
504
9
11
8
0
6
31
931
359
6
5
4
4
2
745
569
6
5
4
8
7
18
886
414
3
3
5
1
4
691
615
3
6
6
4
3
11
841
474
5
3
3
5
5
637
695
5
8
10
11
8
10
805
534
5
6
7
4
7
575
754
6
6
9
0
8
7
743
573
8
6
4
6
3
492
809
3
4
6
6
7
12
684
614
5
4
5
4
4
413
888
9
13
9
7
7
2
652
656
5
2
3
3
2
305
1008
7
5
5
11
6
7
609
706
3
6
6
3
3
186
1118
7
6
9
0
9
5
548
772
6
4
4
5
5
91
1239
13
4
5
5
5
6
515
828
8
6
4
3
3
54
1260
21
6
4
10
7
7
470
852
2
4
3
5
7
40
1241
37
5
4
8
5
7
427
876
4
4
0
4
3
21
1226
60
11
6
0
11
9
398
911
2
4
6
6
3
12
1223
80
8
5
10
8
10
359
954
5
4
2
5
6
9
1199
101
3
5
3
5
5
304
1022
10
3
3
4
4
4
1193
141
5
8
8
9
8
270
1080
9
6
6
5
5
8
1163
172
9
9
0
6
4
228
1104
6
6
5
5
6
6
1121
204
7
11
11
6
4
195
1116
4
5
6
4
4
3
1053
243
12
11
5
6
6
160
1140
4
6
5
4
4
2
1025
287
6
4
8
14
11
128
1180
5
4
4
4
3
3
989
321
4
6
0
9
9
90
1187
50
4
6
5
3
3
959
377
10
10
9
8
9
70
1126
156
7
3
7
5
5
917
434
4
6
6
7
8
48
1078
240
8
11
7
4
2
867
471
14
12
9
6
9
35
995
298
3
2
5
4
5
805
496
9
7
0
12
9
29
927
348
3
2
0
5
3
747
560
8
5
12
10
10
18
884
411
5
5
3
2
8
698
619
12
8
9
8
7
9
853
466
8
4
6
3
5
648
687
7
11
14
7
9
9
822
526
10
6
4
4
7
586
779
7
7
0
7
9
8
789
580
6
4
3
9
7
513
832
9
7
12
9
9
7
701
618
5
8
5
4
7
428
880
8
9
13
12
6
14
648
650
3
2
2
3
4
335
974
4
9
11
13
6
10
606
700
5
3
1
6
4
210
1105
9
6
0
6
6
7
557
767
4
4
3
3
3
98
1237
14
11
10
8
8
8
528
825
8
9
3
4
5
59
1292
22
7
9
6
8
3
495
876
5
2
6
3
8
44
1274
33
12
12
9
9
6
433
889
6
3
9
7
7
24
1227
52
10
0
11
13
5
396
907
4
6
7
5
3
12
1230
72
4
5
8
14
7
356
952
1
2
3
2
2
8
1203
107
5
3
3
5
7
312
1012
5
4
5
5
3
8
1196
140
6
7
7
11
11
277
1071
8
8
7
6
7
9
1177
181
4
0
9
8
7
247
1125
5
4
6
11
10
8
1137
201
7
13
11
7
12
195
1124
1
2
3
7
6
3
1065
237
11
9
7
10
9
162
1139
2
1
3
4
6
5
1034
273
9
8
7
12
11
130
1173
4
4
5
2
4
4
994
317
6
0
5
7
11
91
1199
35
4
4
6
4
4
966
367
7
6
7
7
13
71
1136
141
5
6
6
4
5
926
428
4
6
6
5
4
58
1087
230
4
6
4
4
5
881
455
7
11
7
10
13
38
1002
283
3
2
2
4
3
812
491
5
0
11
10
10
29
940
332
2
2
4
5
2
754
552
12
10
6
10
10
21
890
398
2
4
4
4
5
707
596
4
5
2
3
4
10
856
457
4
7
5
4
4
661
670
9
14
9
8
5
8
824
516
2
2
5
8
5
587
761
6
0
6
4
9
9
791
571
7
5
6
6
6
522
820
9
12
12
8
11
7
708
607
3
4
5
3
6
447
862
7
10
8
8
5
12
652
642
3
2
3
3
5
351
956
5
5
6
9
9
10
619
685
7
3
5
6
2
229
1078
10
0
7
8
9
8
565
742
4
7
5
3
2
117
1199
6
5
9
10
10
9
528
807
6
4
6
3
5
64
1271
18
8
8
9
6
7
491
860
6
6
4
6
5
43
1262
33
8
6
7
4
8
431
881
2
1
5
4
0
28
1233
48
0
9
10
6
11
403
902
2
6
6
2
2
12
1230
69
7
4
3
4
6
369
939
2
3
3
5
4
6
1219
93
6
7
6
7
7
329
982
1
6
4
2
2
5
1173
125
6
7
6
7
7
276
1041
3
1
4
5
4
3
1164
169
0
10
11
9
6
245
1098
4
7
7
5
4
3
1129
195
8
13
3
8
4
206
1105
3
2
4
3
4
0
1073
232
8
7
9
10
8
177
1128
4
3
4
3
4
6
1037
271
6
3
5
7
6
138
1171
3
1
4
4
5
2
1005
309
0
7
7
8
9
115
1178
24
4
6
2
3
4
955
345
6
8
8
4
10
81
1134
116
6
4
3
4
4
928
403
7
7
9
8
4
54
1094
211
4
5
7
6
7
880
451
9
8
7
7
10
40
1009
269
2
2
3
5
5
824
479
0
9
7
8
6
36
953
321
2
1
4
2
3
769
536
11
7
7
7
6
22
905
388
7
8
3
5
5
714
593
4
5
7
11
6
20
855
443
2
5
5
2
2
658
646
5
7
8
9
8
10
820
496
9
6
4
7
10
603
732
0
9
17
10
13
14
784
558
4
5
6
5
7
533
799
10
9
11
8
10
5
714
605
6
3
6
4
4
460
848
4
6
8
6
9
7
658
638
3
2
1
3
3
368
937
7
6
7
6
12
9
627
677
5
7
5
2
4
254
1059
0
7
5
7
6
9
582
727
1
5
5
4
6
131
1170
8
8
5
7
6
6
528
790
5
5
3
3
3
73
1253
22
9
7
6
8
8
494
848
6
7
6
6
5
47
1261
26
9
7
4
6
6
446
875
5
5
4
3
7
30
1244
0
4
10
7
4
10
401
901
5
4
3
5
6
12
1230
63
9
7
9
13
8
375
927
4
7
8
2
0
10
1217
88
6
4
8
7
12
336
977
3
3
4
4
3
8
1189
118
5
8
10
10
10
284
1038
4
5
7
6
1
4
1178
0
8
10
6
10
10
247
1095
6
6
9
8
4
5
1148
193
10
8
8
4
5
211
1127
2
5
6
6
5
6
1100
220
8
8
10
5
6
171
1141
7
2
1
2
1
1
1045
248
12
7
11
6
2
144
1154
2
3
3
4
5
7
1003
0
7
1
3
8
9
113
1184
14
4
4
4
6
7
970
338
8
7
7
7
4
79
1147
99
2
0
5
5
6
935
398
3
7
4
9
9
63
1103
193
7
7
8
5
4
889
456
6
8
3
3
4
44
1043
274
4
5
6
7
5
847
0
9
10
8
2
13
31
970
324
8
2
4
5
2
774
526
9
9
10
10
7
23
901
380
3
3
3
2
4
725
576
7
10
12
7
10
16
857
437
2
5
4
3
3
667
641
5
8
8
6
8
9
829
491
6
5
4
9
9
614
0
11
6
8
7
6
7
798
550
8
4
6
8
7
553
808
5
6
8
8
10
8
760
610
11
5
3
3
10
478
869
14
10
13
11
8
7
683
635
4
3
5
6
7
385
921
8
7
11
6
7
3
631
672
4
3
3
3
5
276
0
6
13
12
9
10
8
586
723
2
2
5
7
4
151
1164
6
5
4
11
6
6
540
784
3
5
7
4
6
75
1254
15
9
12
7
12
13
500
848
4
3
8
8
5
51
1281
30
11
7
7
6
4
472
893
4
5
4
7
4
30
0
42
11
11
15
5
6
415
907
7
4
5
7
5
14
1229
63
8
7
5
8
10
379
921
3
0
2
1
4
9
1209
89
8
7
15
10
8
335
968
5
3
2
4
4
5
1191
116
1
8
6
7
8
293
1029
4
4
7
4
6
4
0
152
9
10
10
4
8
258
1088
4
2
6
6
7
3
1167
193
8
8
5
7
8
232
1138
9
7
9
8
3
5
1120
223
12
13
13
6
6
182
1140
5
4
5
6
3
5
1055
244
9
8
9
9
7
150
1154
4
1
4
6
4
5
0
290
13
14
7
8
5
116
1181
10
4
2
3
3
6
977
330
6
4
2
4
7
87
1163
77
4
4
7
7
4
941
386
15
6
7
6
10
63
1095
181
5
7
8
7
5
901
450
6
1
4
5
8
48
1054
264
4
5
7
8
6
0
475
9
9
7
11
7
29
975
312
8
4
3
4
6
785
519
9
12
6
9
13
25
913
362
4
4
4
5
3
731
569
6
5
11
8
4
20
865
427
4
2
6
4
5
678
627
9
7
7
8
8
10
827
472
4
3
6
6
6
0
694
6
5
7
5
7
4
789
533
6
4
8
10
7
561
770
5
4
5
4
6
6
749
590
6
7
10
9
4
483
840
6
7
9
6
7
6
681
621
10
12
10
3
2
397
899
8
7
7
8
12
7
632
662
3
1
3
2
2
0
1011
5
4
8
6
6
6
604
702
4
2
3
2
3
174
1133
9
6
8
12
12
10
549
755
5
4
1
4
5
85
1209
16
5
6
4
4
7
499
813
4
4
5
4
4
49
1248
24
4
8
5
0
3
466
858
3
8
4
9
4
0
1238
44
8
9
5
5
7
416
879
3
4
3
4
1
18
1222
58
8
6
6
7
13
391
910
5
3
4
5
3
11
1218
87
7
10
8
7
10
356
955
6
6
4
4
3
5
1221
109
13
8
4
18
6
313
994
5
5
6
4
4
0
1154
146
6
8
10
7
4
255
1051
5
3
5
6
5
5
1148
173
9
6
6
6
8
228
1098
4
5
7
10
6
9
1102
209
8
10
8
7
8
183
1113
6
6
2
4
5
3
1051
243
10
9
6
7
8
165
1135
3
3
2
2
3
0
1016
289
9
8
12
9
10
130
1175
4
4
3
6
8
4
999
339
7
8
7
15
14
108
1156
56
4
5
5
4
1
935
366
9
8
9
7
7
67
1087
154
3
6
6
6
4
893
420
3
4
7
4
6
47
1037
241
6
11
4
1
0
840
464
7
5
4
4
4
33
976
292
3
2
3
5
6
785
505
10
9
9
9
10
26
928
347
5
3
3
3
2
738
565
7
10
7
8
8
15
892
408
3
4
5
4
5
698
634
10
9
9
15
13
18
849
452
4
4
4
4
0
632
668
9
9
12
7
3
5
789
520
3
2
4
5
8
568
753
8
5
7
6
5
7
750
578
2
3
4
10
6
492
825
8
5
9
8
3
0
687
612
4
8
3
7
7
415
892
10
8
10
10
10
10
646
651
3
2
4
1
0
310
998
5
4
8
9
9
11
614
693
5
3
5
5
3
195
1126
10
9
9
19
10
17
567
740
3
3
5
3
4
94
1195
20
12
7
7
7
9
503
803
7
6
9
2
6
56
1248
23
9
8
10
5
3
470
854
6
7
9
7
0
37
1245
33
4
10
9
7
8
428
883
3
6
7
7
8
25
1227
54
13
8
8
10
14
395
907
4
4
3
5
6
9
1216
77
12
14
11
6
7
367
941
3
4
3
4
7
7
1206
109
7
5
11
14
8
330
984
5
4
1
4
0
5
1159
138
7
11
5
4
6
266
1043
0
3
5
7
5
6
1145
171
3
8
4
6
3
230
1092
6
3
1
4
3
6
1111
206
8
8
7
10
4
197
1121
7
5
6
3
4
6
1073
233
12
7
7
6
6
160
1136
3
4
4
6
0
5
1023
271
8
8
8
9
10
127
1166
4
4
6
5
4
3
984
323
7
9
17
10
9
106
1166
37
3
2
4
6
4
938
359
6
6
7
6
6
76
1110
142
9
5
4
5
3
902
415
3
5
6
4
6
51
1045
231
4
1
3
0
7
867
465
6
6
8
3
4
35
1008
296
4
4
6
3
6
812
511
4
9
10
8
6
29
932
348
8
6
5
3
4
744
549
7
10
9
8
7
20
883
400
4
2
3
4
3
697
606
5
12
14
8
10
18
836
449
4
5
3
0
3
640
663
6
4
5
10
7
7
802
511
6
4
5
5
3
584
738
7
6
6
7
5
4
759
567
6
8
8
8
8
509
828
5
9
6
6
5
4
723
626
1
4
3
4
4
443
891
6
7
7
9
14
7
649
657
7
7
6
0
6
334
961
14
8
8
8
9
5
610
685
3
3
1
0
1
215
1090
6
6
10
13
13
14
565
734
4
7
7
7
9
103
1191
13
8
8
6
7
9
512
801
5
3
2
4
4
63
1244
22
5
6
8
9
6
481
850
4
6
5
0
6
41
1269
35
6
8
7
6
3
448
898
4
5
3
5
5
26
1247
53
9
10
11
14
8
393
910
4
7
7
9
7
11
1218
72
13
12
8
6
9
365
933
3
3
5
5
4
7
1204
100
8
4
8
11
10
319
986
5
5
6
0
4
8
1173
127
4
0
3
2
8
282
1033
6
6
5
4
5
6
1152
162
5
5
7
5
7
241
1086
3
5
2
4
5
6
1131
201
5
7
11
10
5
205
1136
1
3
1
2
3
6
1092
233
7
9
7
8
8
170
1140
4
7
4
0
9
4
1032
262
9
8
9
10
7
132
1161
3
3
6
6
4
2
991
312
8
8
11
12
9
107
1169
29
3
8
6
4
8
948
354
5
6
6
3
4
75
1114
124
6
8
4
2
6
917
401
5
6
5
9
11
62
1059
215
3
5
0
2
4
871
458
8
7
5
8
6
40
1027
285
5
4
5
5
2
821
503
9
14
11
7
11
29
948
339
3
7
5
7
6
755
542
7
7
9
8
11
24
893
390
6
6
3
1
5
703
600
12
9
10
7
6
12
852
442
5
5
0
4
7
652
650
8
10
10
8
5
13
809
497
1
3
2
3
6
593
724
6
12
9
4
9
8
764
562
7
4
5
4
4
521
803
9
7
8
7
5
8
720
610
5
3
5
3
7
454
870
12
9
11
9
12
6
661
636
4
8
0
4
4
359
937
7
10
6
10
6
3
618
675
4
2
4
4
3
236
1070
4
4
4
3
8
7
587
725
5
4
4
5
6
124
1185
9
5
9
11
11
9
541
771
7
3
5
7
8
64
1224
22
2
6
5
6
5
483
832
5
5
0
5
3
47
1247
33
6
4
4
6
8
440
884
3
4
1
3
4
26
1242
52
9
7
3
3
9
400
901
8
8
5
5
9
17
1220
69
8
9
6
5
9
373
927
5
2
4
4
1
7
1210
98
11
8
11
6
9
337
977
4
8
0
3
4
4
1220
124
8
7
7
20
12
303
1014
3
5
8
7
9
5
1145
157
9
7
9
5
4
237
1068
7
6
4
6
4
5
1128
194
5
8
8
9
9
202
1119
3
1
4
4
6
5
1090
223
5
4
3
5
13
171
1129
3
4
0
5
7
8
1037
261
5
7
15
10
7
144
1162
5
4
3
6
4
3
998
311
6
8
8
9
7
114
1182
20
2
1
4
3
4
976
355
8
8
5
18
15
95
1131
95
4
6
5
8
8
906
385
8
12
10
10
9
59
1056
202
4
0
5
7
4
869
450
5
5
7
9
10
39
1018
