0
11081
22162
33243
44324
55404
66485
77565
88646
99726
110807
121887
132968
144049
155130
166210
177291
188371
199452
210533
221613
232694
243775
254856
265936
277017
288097
299178
310258
321339
332420
343501
354581
365662
376743
387823
398903
409984
421065
432145
443226
454307
465388
476468
487549
498629
509711
520790
531871
542952
554033
565113
576194
587275
598355
609436
620516
631597
642679
653758
664839
675920
687000
698081
709161
720242
731323
742404
753484
764565
775646
786726
797807
808887
819968
831049
842131
853210
864291
875371
886452
897533
908614
919693
930774
941855
952935
964016
975097
986177
997259
1008339
1019419
1030500
1041581
1052662
1063742
1074823
1085904
1096984
1108065
1119145
1130226
1141306
1152387
1163468
1174548
1185629
1196710
1207791
1218871
1229952
1241033
1252113
1263194
1274274
1285355
1296436
1307516
1318597
1329678
1340758
1351839
1362919
1374000
1385081
1396162
1407242
1418323
1429403
1440484
1451564
1462645
1473726
1484807
1495887
1506968
1518048
1529129
1540209
1551290
1562371
1573452
1584532
1595613
1606694
1617774
1628855
1639935
1651016
1662097
1673178
1684258
1695339
1706420
1717500
1728581
1739662
1750742
1761823
1772903
1783984
1795064
1806145
1817226
1828307
1839389
1850468
1861548
1872629
1883710
1894790
1905871
1916952
1928033
1939113
1950194
1961274
1972355
1983435
1994517
2005597
2016677
2027758
2038840
2049920
2061000
2072080
2083161
2094242
2105323
2116403
2127484
2138564
2149646
2160726
2171806
2182887
2193968
2205048
2216129
2227210
2238291
2249371
2260452
2271532
2282613
2293694
2304774
2315855
2326935
2338017
2349097
2360178
2371258
2382338
2393419
2404500
2415580
2426661
2437742
2448823
2459903
2470984
2482064
2493145
2504226
2515307
2526387
2537468
2548548
2559629
2570709
2581790
2592871
2603952
2615032
2626113
2637194
2648274
2659354
2670435
2681516
2692596
2703677
2714758
2725839
2736919
2748000
2759080
2770161
2781242
2792322
2803403
2814484
2825564
2836646
2847726
2858806
2869887
2880968
2892048
2903129
2914211
2925291
2936372
2947452
2958533
2969614
2980694
2991774
3002855
3013937
3025016
3036098
3047179
3058259
3069339
3080420
3091500
3102581
3113662
3124742
3135823
3146904
3157984
3169066
3180146
3191226
3202307
3213388
3224468
3235549
3246629
3257710
3268791
3279871
3290952
3302033
3313113
3324195
3335275
3346356
3357437
3368517
3379598
3390678
3401758
3412839
3423920
3435002
3446081
3457162
3468242
3479323
3490404
3501484
3512565
3523645
3534728
3545807
3556887
3567968
3579049
3590129
3601210
3612291
3623371
3634453
3645533
3656613
3667698
3678774
3689855
3700936
3712016
3723097
3734178
3745259
3756339
3767420
3778500
3789581
3800662
3811742
3822823
3833904
3844986
3856065
3867145
3878226
3889307
3900387
3911468
3922548
3933629
3944710
3955791
3966871
3977952
3989033
4000119
4011194
4022274
4033355
4044436
4055516
4066597
4077677
4088758
4099839
4110920
4122000
4133081
4144161
4155242
4166323
4177403
4188484
4199565
4210645
4221726
4232809
4243887
4254968
4266049
4277129
4288210
4299291
4310371
4321452
4332532
4343613
4354695
4365774
4376855
4387936
4399016
4410097
4421178
4432259
4443339
4454420
4465500
4476581
4487661
4498742
4509823
4520903
4531984
4543064
4554145
4565226
4576306
4587387
4598468
4609549
4620629
4631710
4642791
4653871
4664952
4676033
4687113
4698194
4709274
4720356
4731435
4742516
4753597
4764677
4775758
4786839
4797919
4809000
4820081
4831162
4842243
4853323
4864403
4875484
4886575
4897645
4908726
4919806
4930888
4941968
4953048
4964129
4975210
4986290
4997371
5008452
5019532
5030613
5041694
5052774
5063855
5074936
5086016
5097097
5108177
5119258
5130339
5141419
5152500
5163581
5174661
5185742
5196823
5207903
5218984
5230065
5241146
5252226
5263306
5274387
5285467
5296548
5307629
5318710
5329791
5340872
5351952
5363032
5374113
5385193
5396274
5407354
5418435
5429516
5440597
5451677
5462758
5473839
5484919
5496000
5507080
5518161
5529242
5540322
5551403
5562484
5573564
5584645
5595725
5606806
5617887
5628968
5640048
5651129
5662211
5673290
5684371
5695451
5706532
5717613
5728693
5739774
5750855
5761935
5773016
5784096
5795177
5806258
5817338
5828421
5839501
5850580
5861661
5872741
5883822
5894903
5905983
5917064
5928145
5939225
5950306
5961387
5972467
5983548
5994629
6005709
6016790
6027871
6038952
6050032
6061112
6072193
6083274
6094354
6105435
6116516
6127596
6138677
6149758
6160838
6171919
6183000
6194080
6205161
6216242
6227323
6238404
6249484
6260564
6271645
6282725
6293806
6304887
6315967
6327048
6338129
6349209
6360290
6371370
6382451
6393532
6404612
6415693
6426774
6437854
6448935
6460016
6471096
6482177
6493258
6504338
6515419
6526499
6537580
6548661
6559741
6570822
6581903
6592983
6604064
6615145
6626226
6637306
6648387
6659467
6670549
6681628
6692709
6703790
6714870
6725951
6737032
6748112
6759193
6770273
6781354
6792435
6803516
6814596
6825678
6836758
6847838
6858919
6869999
6881080
6892161
6903241
6914322
6925402
6936483
6947563
6958644
6969725
6980806
6991886
7002967
7014048
7025129
7036209
7047289
7058371
7069451
7080532
7091612
7102693
7113773
7124854
7135935
7147016
7158096
7169177
7180257
7191338
7202419
7213499
7224580
7235660
7246741
7257822
7268902
7279983
7291064
7302144
7313225
7324307
7335386
7346467
7357547
7368628
7379709
7390790
7401870
7412951
7424031
7435112
7446193
7457273
7468354
7479435
7490516
7501601
7512676
7523758
7534838
7545918
7556999
7568080
7579161
7590241
7601322
7612402
7623483
7634564
7645644
7656725
7667806
7678886
7689967
7701047
7712128
7723209
7734289
7745370
7756451
7767531
7778613
7789692
7800774
7811854
7822936
7834016
7845096
7856177
7867257
7878338
7889419
7900499
7911580
7922660
7933741
7944821
7955902
7966983
7978064
7989145
8000225
8011305
8022387
8033467
8044547
8055628
8066709
8077789
8088870
8099951
8111031
8122112
8133193
8144273
8155353
8166435
8177515
8188596
8199677
8210757
8221838
8232919
8243999
8255082
8266160
8277241
8288321
8299402
8310483
8321563
8332644
8343724
8354805
8365886
8376967
8388047
8399128
8410209
8421290
8432370
8443450
8454531
8465612
8476692
8487773
8498853
8509934
8521015
8532095
8543176
8554257
8565337
8576418
8587500
8598579
8609660
8620742
8631821
8642902
8653982
8665064
8676144
8687224
8698305
8709386
8720467
8731547
8742628
8753708
8764789
8775870
8786950
8798031
8809112
8820193
8831273
8842354
8853434
8864515
8875595
8886676
8897757
8908837
8919918
8930999
8942079
8953160
8964240
8975321
8986403
8997482
9008563
9019644
9030725
9041805
9052886
9063966
9075047
9086128
9097208
9108289
9119369
9130450
9141530
9152611
9163692
9174773
9185854
9196934
9208015
9219096
9230176
9241260
9252337
9263418
9274498
9285580
9296660
9307740
9318822
9329902
9340982
9352063
9363143
9374225
9385305
9396385
9407466
9418547
9429628
9440708
9451789
9462869
9473950
9485031
9496111
9507192
9518272
9529353
9540434
9551514
9562595
9573676
9584756
9595837
9606918
9617999
9629079
9640160
9651240
9662323
9673401
9684482
9695563
9706644
9717724
9728805
9739886
9750966
9762047
9773127
9784208
9795289
9806369
9817451
9828532
9839611
