0
11080
22161
33241
44322
55402
66483
77564
88645
99725
110806
121887
132967
144048
155128
166209
177290
188371
199451
210532
221612
232693
243775
254854
265935
277015
288097
299177
310258
321338
332419
343500
354580
365661
376741
387822
398902
409983
421064
432144
443225
454306
465386
476467
487547
498629
509709
520789
531870
542951
554031
565112
576193
587273
598354
609435
620516
631596
642677
653757
664838
675918
686999
698080
709160
720241
731322
742403
753483
764564
775644
786725
797805
808886
819967
831047
842129
853209
864289
875370
886451
897531
908614
919693
930773
941854
952935
964015
975096
986176
997257
1008338
1019419
1030499
1041581
1052660
1063742
1074822
1085903
1096983
1108064
1119145
1130226
1141306
1152387
1163468
1174549
1185629
1196709
1207790
1218871
1229951
1241033
1252113
1263193
1274274
1285355
1296435
1307516
1318597
1329677
1340758
1351839
1362919
1374000
1385080
1396161
1407242
1418322
1429403
1440484
1451564
1462645
1473725
1484806
1495887
1506968
1518048
1529128
1540209
1551290
1562370
1573451
1584532
1595612
1606693
1617774
1628855
1639936
1651016
1662096
1673177
1684258
1695338
1706419
1717499
1728580
1739661
1750741
1761822
1772903
1783984
1795064
1806145
1817225
1828306
1839388
1850468
1861548
1872629
1883709
1894790
1905870
1916951
1928031
1939119
1950193
1961274
1972354
1983435
1994516
2005598
2016677
2027757
2038838
2049919
2061000
2072080
2083161
2094241
2105322
2116402
2127483
2138564
2149644
2160725
2171806
2182887
2193967
2205048
2216128
2227209
2238291
2249370
2260451
2271531
2282612
2293693
2304774
2315854
2326935
2338016
2349096
2360177
2371257
2382339
2393419
2404499
2415580
2426661
2437741
2448822
2459903
2470983
2482064
2493145
2504225
2515306
2526386
2537467
2548548
2559628
2570709
2581789
2592870
2603951
2615031
2626112
2637193
2648273
2659354
2670434
2681516
2692596
2703676
2714757
2725838
2736918
2747999
2759079
2770160
2781241
2792322
2803402
2814483
2825564
2836646
2847725
2858806
2869887
2880967
2892047
2903128
2914209
2925290
2936370
2947450
2958531
2969613
2980692
2991773
3002854
3013934
3025015
3036096
3047176
3058257
3069338
3080418
3091499
3102580
3113660
3124741
3135822
3146902
3157982
3169063
3180144
3191225
3202305
3213386
3224467
3235548
3246628
3257709
3268789
3279870
3290951
3302031
3313112
3324192
3335273
3346355
3357434
3368515
3379596
3390676
3401757
3412837
3423918
3435000
3446079
3457160
3468240
3479322
3490402
3501483
3512563
3523644
3534725
3545805
3556886
3567967
3579047
3590129
3601208
3612289
3623370
3634452
3645531
3656612
3667692
3678773
3689854
3700934
3712015
3723096
3734176
3745257
3756337
3767418
3778499
3789580
3800660
3811740
3822821
3833903
3844983
3856063
3867144
3878224
3889305
3900386
3911466
3922547
3933628
3944708
3955789
3966870
3977950
3989031
4000113
4011193
4022273
4033355
4044434
4055515
4066595
4077676
4088757
4099838
4110918
4121998
4133079
4144160
4155241
4166321
4177402
4188482
4199563
4210644
4221724
4232806
4243886
4254966
4266047
4277128
4288208
4299289
4310369
4321450
4332531
4343611
4354692
4365772
4376853
4387934
4399015
4410095
4421176
4432257
4443337
4454418
4465498
4476579
4487660
4498741
4509821
4520902
4531982
4543063
4554144
4565224
4576305
4587386
4598466
4609547
4620628
4631709
4642789
4653869
4664953
4676031
4687112
4698192
4709272
4720353
4731434
4742514
4753595
4764676
4775756
4786837
4797918
4808998
4820079
4831160
4842241
4853321
4864401
4875482
4886563
4897643
4908724
4919805
4930885
4941966
4953047
4964127
4975208
4986288
4997369
5008450
5019530
5030611
5041692
5052773
5063853
5074933
5086014
5097095
5108176
5119256
5130337
5141418
5152498
5163579
5174660
5185741
5196821
5207901
5218982
5230063
5241144
5252224
5263305
5274385
5285466
5296546
5307627
5318708
5329788
5340869
5351950
5363031
5374111
5385192
5396273
5407353
5418434
5429515
5440595
5451676
5462756
5473836
5484917
5495998
5507079
5518159
5529240
5540320
5551402
5562482
5573562
5584644
5595724
5606805
5617885
5628967
5640046
5651127
5662208
5673288
5684369
5695450
5706530
5717611
5728691
5739772
5750852
5761933
5773014
5784095
5795175
5806256
5817337
5828419
5839499
5850578
5861659
5872740
5883821
5894901
5905982
5917062
5928143
5939224
5950304
5961386
5972465
5983546
5994627
6005708
6016788
6027869
6038949
6050030
6061111
6072191
6083272
6094353
6105433
6116514
6127594
6138675
6149756
6160836
6171917
6182998
6194078
6205159
6216240
6227321
6238401
6249481
6260562
6271643
6282723
6293804
6304885
6315965
6327047
6338127
6349207
6360288
6371369
6382449
6393530
6404611
6415691
6426772
6437853
6448933
6460014
6471094
6482176
6493256
6504336
6515417
6526497
6537578
6548659
6559739
6570820
6581901
6592981
6604062
6615143
6626224
6637304
6648385
6659465
6670547
6681627
6692707
6703788
6714868
6725949
6737030
6748110
6759191
6770272
6781352
6792434
6803514
6814594
6825677
6836757
6847836
6858917
6869997
6881078
6892160
6903239
6914320
6925401
6936481
6947562
6958643
6969723
6980804
6991886
7002965
7014046
7025127
7036207
7047288
7058368
7069449
7080530
7091610
7102691
7113771
7124852
7135933
7147014
7158094
7169174
7180256
7191336
7202417
7213497
7224579
7235658
7246739
7257820
7268900
7279981
7291062
7302143
7313223
7324304
7335384
7346465
7357545
7368626
7379707
7390787
7401868
7412949
7424030
7435110
7446190
7457272
7468352
7479432
7490514
7501594
7512675
7523755
7534836
7545916
7556997
7568078
7579158
7590239
7601320
7612400
7623481
7634562
7645642
7656723
7667804
7678884
7689965
7701045
7712126
7723207
7734288
7745368
7756448
7767529
7778610
7789690
7800771
7811852
7822933
7834014
7845093
7856174
7867255
7878336
7889416
7900497
7911578
7922658
7933738
7944819
7955900
7966980
7978061
7989142
8000224
8011303
8022385
8033465
8044545
8055626
8066706
8077787
8088868
8099948
8111029
8122110
8133190
8144271
8155352
8166432
8177513
8188594
8199678
8210755
8221837
8232916
8243997
8255077
8266158
8277238
8288319
8299400
8310480
8321561
8332642
8343722
8354803
8365884
8376964
8388045
8399126
8410206
8421287
8432368
8443448
8454529
8465610
8476690
8487771
8498851
8509932
8521013
8532093
8543174
8554255
8565335
8576416
8587497
8598577
8609658
8620739
8631819
8642900
8653982
8665062
8676141
8687222
8698303
8709383
8720465
8731545
8742625
8753706
8764787
8775868
8786948
8798029
8809110
8820191
8831272
8842352
8853432
8864513
8875593
8886673
8897754
8908835
8919916
8930996
8942077
8953158
8964238
8975319
8986400
8997480
9008561
9019642
9030722
9041803
9052884
9063964
9075045
9086125
9097206
9108286
9119367
9130448
9141529
9152609
9163690
9174770
9185851
9196932
9208012
9219094
9230174
9241254
9252335
9263416
9274496
9285577
9296657
9307738
9318819
9329900
9340980
9352061
9363142
9374222
9385303
9396383
9407464
9418545
9429625
9440706
9451787
9462867
9473947
9485030
9496109
9507190
9518270
9529351
9540432
9551512
9562593
9573674
9584754
9595835
9606916
9617996
9629077
9640157
9651238
9662318
9673399
9684483
9695560
9706641
9717721
9728802
9739883
9750964
9762045
9773125
9784207
9795286
9806367
9817449
9828529
9839609
