4778.0
1594.0
2062.0
3808.0
1764.0
1666.0
2416.0
208.0
1194.0
17016.0
2150.0
2356.0
2508.0
2226.0
2244.0
2140.0
2214.0
2110.0
2072.0
2110.0
2146.0
1372.0
178.0
1736.0
1948.0
2402.0
2230.0
2262.0
2460.0
2194.0
2704.0
2314.0
2468.0
2166.0
2236.0
1990.0
1186.0
130.0
1638.0
1800.0
2356.0
2692.0
2332.0
2376.0
2652.0
2748.0
2390.0
2394.0
2050.0
2462.0
2072.0
1526.0
46.0
1818.0
2050.0
2484.0
2794.0
2350.0
2344.0
2662.0
2566.0
3004.0
2534.0
2398.0
2374.0
1246.0
20.0
1510.0
2124.0
2294.0
2692.0
2434.0
2750.0
2416.0
2180.0
2246.0
2744.0
2494.0
2260.0
2090.0
1542.0
66.0
1858.0
2126.0
2308.0
2296.0
2610.0
2316.0
2938.0
2738.0
2392.0
2562.0
2898.0
2286.0
2082.0
1312.0
54.0
1468.0
1910.0
2518.0
2226.0
2474.0
2338.0
2468.0
2408.0
2360.0
2720.0
2446.0
2458.0
2208.0
1332.0
128.0
1836.0
2346.0
2186.0
2408.0
2456.0
2322.0
2506.0
2418.0
2726.0
2346.0
1978.0
2180.0
1486.0
112.0
1494.0
2310.0
2398.0
2628.0
2520.0
2116.0
2550.0
2610.0
2062.0
2768.0
2462.0
2404.0
2266.0
1596.0
358.0
1604.0
2498.0
2458.0
2232.0
2276.0
2280.0
2618.0
2480.0
2376.0
2986.0
2178.0
2206.0
2138.0
1586.0
272.0
1188.0
2482.0
2490.0
2942.0
2720.0
2234.0
2402.0
2736.0
2158.0
2356.0
2646.0
2680.0
2176.0
1670.0
548.0
1430.0
2122.0
2352.0
2664.0
2220.0
2516.0
2646.0
2542.0
3068.0
2384.0
1814.0
2692.0
1762.0
508.0
1016.0
2204.0
2274.0
2890.0
2416.0
2490.0
2522.0
3552.0
2116.0
2438.0
2554.0
2556.0
2266.0
1906.0
830.0
1428.0
2248.0
2082.0
2806.0
2080.0
2400.0
2140.0
2498.0
2540.0
2438.0
2150.0
1878.0
2712.0
1576.0
624.0
1016.0
1986.0
2234.0
2830.0
2504.0
2698.0
2280.0
3146.0
2768.0
2332.0
2726.0
2164.0
2354.0
1896.0
1082.0
974.0
2274.0
2176.0
2750.0
1854.0
2504.0
2798.0
2510.0
2818.0
2302.0
2298.0
2630.0
2078.0
774.0
746.0
1666.0
2494.0
2816.0
2972.0
2842.0
2256.0
3262.0
2656.0
2216.0
2360.0
2136.0
2242.0
1924.0
1188.0
1066.0
1852.0
2280.0
2896.0
1972.0
1934.0
2368.0
2772.0
2266.0
2178.0
2410.0
2346.0
2524.0
2094.0
978.0
490.0
1574.0
1806.0
2552.0
2860.0
2490.0
2684.0
3306.0
2438.0
2416.0
2654.0
1986.0
2686.0
1920.0
1388.0
754.0
2192.0
2526.0
2476.0
1900.0
2140.0
1918.0
2400.0
2336.0
2498.0
2782.0
2080.0
2002.0
892.0
364.0
1708.0
1978.0
2396.0
2780.0
2626.0
2592.0
3076.0
2744.0
2446.0
2834.0
2220.0
2522.0
2182.0
1498.0
440.0
2164.0
2228.0
2312.0
2064.0
2402.0
2318.0
2354.0
3006.0
2384.0
2752.0
2820.0
2210.0
2064.0
1236.0
228.0
2042.0
2086.0
2194.0
2756.0
2616.0
2314.0
2710.0
2862.0
2524.0
2636.0
1902.0
2142.0
2324.0
1450.0
168.0
1920.0
2026.0
2510.0
2236.0
2710.0
2530.0
2994.0
2560.0
2736.0
2802.0
2216.0
2028.0
1182.0
56.0
1756.0
1928.0
2390.0
2760.0
2786.0
2528.0
2506.0
2944.0
2280.0
2414.0
2150.0
2520.0
2416.0
1518.0
40.0
1928.0
2108.0
2354.0
2458.0
2456.0
2226.0
2606.0
2468.0
2550.0
2904.0
2588.0
2382.0
2108.0
1344.0
30.0
1732.0
2172.0
2396.0
2342.0
2430.0
2404.0
2858.0
2152.0
2322.0
2466.0
2550.0
2132.0
2204.0
1508.0
76.0
1670.0
2340.0
2302.0
2392.0
2408.0
2794.0
2510.0
2086.0
2676.0
2498.0
2560.0
2102.0
1648.0
78.0
1414.0
2218.0
2488.0
2194.0
2406.0
1978.0
2250.0
2368.0
2334.0
2592.0
2408.0
2468.0
2084.0
1636.0
190.0
1382.0
2254.0
2326.0
2594.0
2320.0
2204.0
2664.0
2958.0
2404.0
2554.0
2610.0
2118.0
1914.0
1640.0
150.0
1372.0
2508.0
2334.0
2680.0
2588.0
2102.0
2652.0
2346.0
1960.0
2624.0
2466.0
2524.0
2258.0
1634.0
398.0
1544.0
2258.0
2338.0
2822.0
2364.0
2446.0
2686.0
2546.0
3164.0
2280.0
2092.0
2300.0
1686.0
262.0
1252.0
2344.0
2254.0
2776.0
2438.0
2192.0
2266.0
2790.0
2270.0
2298.0
2454.0
2560.0
2330.0
1946.0
574.0
1320.0
2114.0
2352.0
2634.0
2290.0
2318.0
2602.0
2852.0
2478.0
3078.0
2246.0
2146.0
2326.0
1686.0
562.0
894.0
1844.0
2304.0
2560.0
2804.0
2808.0
2382.0
3242.0
2130.0
2188.0
2740.0
2648.0
2184.0
1870.0
838.0
1356.0
2192.0
2180.0
2576.0
2030.0
2450.0
2418.0
2866.0
2280.0
2038.0
2016.0
2904.0
1836.0
722.0
740.0
1804.0
2322.0
2914.0
2668.0
2750.0
2334.0
3080.0
2746.0
2516.0
2754.0
2240.0
2362.0
2096.0
960.0
1106.0
1916.0
2288.0
2688.0
2048.0
2196.0
2520.0
2540.0
2402.0
2262.0
2088.0
2226.0
2792.0
1730.0
832.0
614.0
1638.0
2066.0
2554.0
2836.0
2462.0
2108.0
3110.0
2672.0
2160.0
2458.0
2230.0
2622.0
2012.0
1160.0
850.0
2282.0
2556.0
2662.0
2220.0
2378.0
2466.0
2178.0
2362.0
2480.0
2196.0
2396.0
1880.0
870.0
464.0
1822.0
1880.0
2492.0
2786.0
2524.0
2704.0
3000.0
2186.0
2396.0
2740.0
2070.0
2618.0
2088.0
1346.0
662.0
2176.0
2364.0
2574.0
2092.0
2308.0
1954.0
2086.0
2410.0
2482.0
2386.0
2656.0
2506.0
2158.0
966.0
320.0
1752.0
1970.0
2220.0
2530.0
2430.0
2380.0
2608.0
2778.0
2254.0
2644.0
2224.0
2632.0
2178.0
1338.0
412.0
1832.0
2036.0
2538.0
2718.0
2230.0
2352.0
2724.0
1952.0
2808.0
2388.0
2344.0
2042.0
1152.0
128.0
1756.0
1964.0
2466.0
2616.0
2432.0
2320.0
2722.0
2754.0
2370.0
2734.0
1998.0
2220.0
2230.0
1348.0
170.0
1874.0
2206.0
2486.0
2696.0
2364.0
2052.0
2422.0
2782.0
2456.0
2856.0
2294.0
2170.0
1984.0
1330.0
62.0
1618.0
2040.0
2528.0
2662.0
2454.0
2426.0
2734.0
2466.0
2070.0
2348.0
2100.0
2368.0
2324.0
1520.0
46.0
1696.0
2294.0
2370.0
2098.0
2212.0
2710.0
2654.0
2280.0
2860.0
2652.0
2564.0
2322.0
1396.0
18.0
1400.0
2144.0
2476.0
2238.0
2464.0
2354.0
2370.0
2364.0
1984.0
2412.0
2468.0
2206.0
2160.0
1696.0
78.0
1612.0
2434.0
2078.0
2416.0
2086.0
2294.0
2950.0
2810.0
2350.0
2798.0
2742.0
2574.0
1970.0
1376.0
82.0
1438.0
2370.0
2276.0
2458.0
2432.0
2166.0
2782.0
2574.0
2228.0
2828.0
2464.0
2412.0
2274.0
1612.0
232.0
1560.0
2316.0
2200.0
2210.0
2306.0
2840.0
2866.0
2460.0
2892.0
2346.0
2260.0
2112.0
1346.0
162.0
1136.0
2198.0
2218.0
2826.0
2554.0
2374.0
2926.0
2704.0
2296.0
2682.0
2620.0
2322.0
1998.0
1592.0
368.0
1322.0
2356.0
2032.0
2526.0
2264.0
2198.0
2510.0
2860.0
2810.0
3144.0
2646.0
2292.0
2198.0
1502.0
290.0
728.0
1910.0
2412.0
2802.0
2812.0
2302.0
2472.0
3070.0
2184.0
2452.0
2546.0
2466.0
2194.0
1622.0
522.0
1380.0
2240.0
2012.0
2866.0
2236.0
2226.0
2968.0
2030.0
3100.0
2614.0
2178.0
2232.0
1546.0
364.0
800.0
1738.0
2330.0
2686.0
2582.0
2624.0
2314.0
3020.0
1938.0
2286.0
2848.0
2632.0
2352.0
1482.0
662.0
992.0
2168.0
2036.0
2686.0
2042.0
1764.0
2448.0
2778.0
2788.0
2266.0
2394.0
2256.0
2534.0
1436.0
556.0
626.0
1586.0
1818.0
2474.0
2748.0
2282.0
2156.0
3300.0
2.199159932e-314
2.1974423344e-314
2.1974420815e-314
2.1991500427e-314
2.1991599635e-314
2.1974421763e-314
2.1974420815e-314
2.1974420973e-314
2.1991596473e-314
2.1974435834e-314
2.1991388096e-314
2.199159521e-314
2.1974421605e-314
2.1991599003e-314
2.1974428403e-314