6266.0
2328.0
2462.0
5620.0
2618.0
2316.0
3134.0
326.0
2066.0
25506.0
3442.0
3152.0
3214.0
2826.0
3400.0
2796.0
3332.0
2872.0
2800.0
2736.0
2662.0
1874.0
404.0
2146.0
3012.0
3202.0
3180.0
4032.0
3368.0
3086.0
3600.0
3366.0
3234.0
3188.0
2790.0
2848.0
1638.0
264.0
2434.0
2506.0
3142.0
3640.0
3278.0
3028.0
3160.0
3320.0
2952.0
3090.0
2834.0
2802.0
2872.0
2014.0
202.0
2488.0
3240.0
3150.0
3240.0
3692.0
2824.0
3760.0
3246.0
3800.0
3644.0
3064.0
3046.0
1880.0
74.0
2036.0
3196.0
3132.0
3390.0
2812.0
3354.0
3532.0
2694.0
3354.0
3344.0
3516.0
2852.0
2894.0
1964.0
92.0
2274.0
3186.0
3242.0
3212.0
3468.0
3132.0
3720.0
3744.0
2960.0
3302.0
3814.0
3344.0
3168.0
2146.0
60.0
2026.0
2838.0
3262.0
3148.0
3032.0
3186.0
3354.0
2766.0
2902.0
3612.0
3270.0
3026.0
2966.0
2042.0
166.0
2384.0
3590.0
3134.0
3240.0
3314.0
3054.0
3650.0
3072.0
3736.0
3460.0
2924.0
3420.0
2444.0
156.0
1770.0
2930.0
2876.0
3120.0
3216.0
2858.0
3256.0
3248.0
3268.0
3624.0
3238.0
3196.0
3244.0
2212.0
480.0
2170.0
3234.0
3230.0
2956.0
3180.0
3418.0
3462.0
3412.0
3266.0
3492.0
3348.0
2876.0
3478.0
2330.0
372.0
1586.0
2952.0
3116.0
3242.0
3468.0
2868.0
3452.0
3378.0
2938.0
3618.0
3676.0
3258.0
2950.0
2214.0
746.0
1938.0
3128.0
3112.0
3188.0
3386.0
3736.0
3868.0
3590.0
3656.0
3586.0
3270.0
3708.0
2480.0
784.0
1430.0
3076.0
2762.0
3636.0
3474.0
3214.0
3694.0
3922.0
2798.0
3222.0
3690.0
3294.0
3222.0
2506.0
1114.0
1786.0
2894.0
2964.0
3230.0
3714.0
3308.0
3246.0
3832.0
3574.0
3676.0
3376.0
3224.0
3450.0
2542.0
930.0
1398.0
2670.0
3300.0
3454.0
3866.0
3346.0
3518.0
3666.0
3006.0
3386.0
3620.0
3102.0
3128.0
2752.0
1234.0
1604.0
2892.0
3036.0
3400.0
3536.0
3720.0
3590.0
3440.0
3602.0
3452.0
3498.0
3422.0
2758.0
1108.0
1118.0
2400.0
2798.0
4012.0
4042.0
3616.0
3462.0
3882.0
3116.0
3548.0
3410.0
2902.0
3078.0
2480.0
1556.0
1572.0
2736.0
3330.0
3370.0
3466.0
2874.0
3086.0
3454.0
3048.0
3428.0
3770.0
3472.0
2920.0
2590.0
1378.0
816.0
2320.0
2710.0
3608.0
3762.0
3750.0
3472.0
3822.0
3096.0
3604.0
3372.0
2836.0
3198.0
2886.0
1580.0
1042.0
2542.0
3328.0
3112.0
3268.0
3202.0
3194.0
3376.0
3076.0
3218.0
3706.0
2592.0
2820.0
1554.0
676.0
2378.0
3010.0
3448.0
3480.0
3636.0
3548.0
3754.0
3204.0
3586.0
3260.0
3100.0
3158.0
2790.0
1950.0
600.0
2752.0
3148.0
2916.0
3126.0
3440.0
3144.0
3232.0
3546.0
3264.0
3480.0
3646.0
2840.0
2972.0
1458.0
416.0
2414.0
2746.0
3386.0
3360.0
3110.0
3292.0
3862.0
3224.0
3186.0
3010.0
2582.0
2884.0
2802.0
2076.0
376.0
2348.0
3388.0
2588.0
3202.0
3620.0
3440.0
3914.0
3290.0
3548.0
3974.0
2754.0
2940.0
1604.0
194.0
2206.0
2698.0
3326.0
3606.0
3224.0
3044.0
3494.0
3284.0
3004.0
3176.0
2904.0
3026.0
2766.0
1794.0
176.0
2264.0
3028.0
3038.0
3534.0
3604.0
2796.0
3334.0
3874.0
3372.0
3794.0
3694.0
3116.0
3090.0
1770.0
70.0
2064.0
2832.0
3066.0
3314.0
2828.0
3272.0
3454.0
2568.0
3368.0
2992.0
3016.0
2780.0
3010.0
2012.0
70.0
2120.0
3478.0
3104.0
3440.0
3258.0
3742.0
3594.0
2774.0
3226.0
3288.0
3130.0
3122.0
2046.0
78.0
1782.0
3136.0
2962.0
3134.0
2866.0
2848.0
3418.0
2804.0
2968.0
3436.0
3406.0
2926.0
2944.0
2016.0
210.0
2056.0
3082.0
3254.0
3370.0
3222.0
3266.0
3544.0
3850.0
3008.0
3634.0
3436.0
3108.0
3336.0
2264.0
222.0
1686.0
3356.0
3136.0
3346.0
3378.0
3064.0
3568.0
3358.0
2874.0
3900.0
3162.0
2942.0
3066.0
2064.0
416.0
2084.0
3100.0
3158.0
3150.0
3012.0
3332.0
3786.0
3268.0
3628.0
3338.0
3344.0
3404.0
2432.0
432.0
1676.0
3348.0
2908.0
3428.0
3370.0
2818.0
3366.0
3538.0
3068.0
3356.0
3498.0
3260.0
2918.0
2494.0
610.0
2078.0
2980.0
3040.0
3150.0
3590.0
3726.0
3372.0
4046.0
3520.0
3478.0
3356.0
3078.0
3714.0
2438.0
770.0
1236.0
2892.0
3104.0
3340.0
3668.0
3366.0
3802.0
4178.0
2924.0
3530.0
3824.0
3306.0
3006.0
2558.0
1018.0
1822.0
2922.0
3002.0
3086.0
3408.0
3222.0
3572.0
3908.0
3680.0
3262.0
3504.0
3600.0
2582.0
996.0
1032.0
2612.0
2958.0
3758.0
3586.0
3460.0
3816.0
3748.0
3324.0
3608.0
3522.0
2732.0
3112.0
2262.0
1258.0
1386.0
2424.0
3400.0
3346.0
3462.0
3034.0
3172.0
3804.0
3278.0
3282.0
3414.0
3442.0
3572.0
2708.0
1268.0
956.0
2322.0
2994.0
3578.0
3390.0
3314.0
3442.0
3658.0
3008.0
3438.0
3480.0
2644.0
3100.0
2464.0
1486.0
1362.0
2634.0
3076.0
3598.0
3544.0
2858.0
3520.0
3274.0
3588.0
3766.0
3446.0
3128.0
2584.0
1300.0
786.0
2682.0
2656.0
3428.0
3714.0
3492.0
3588.0
3946.0
2902.0
3268.0
3466.0
3020.0
3344.0
2676.0
1660.0
950.0
2438.0
3108.0
3268.0
3148.0
3368.0
3068.0
3258.0
3396.0
2962.0
3110.0
3544.0
2926.0
2938.0
1284.0
562.0
2184.0
2870.0
3390.0
3336.0
3296.0
3634.0
3640.0
3264.0
3194.0
3342.0
3130.0
3542.0
2968.0
1700.0
586.0
2270.0
3398.0
3080.0
3136.0
3122.0
3168.0
3566.0
3216.0
3454.0
3798.0
2824.0
2960.0
1604.0
352.0
2236.0
2650.0
3352.0
3544.0
3156.0
3334.0
3382.0
3148.0
3266.0
3036.0
2666.0
2898.0
2962.0
1812.0
342.0
2318.0
3070.0
3470.0
3296.0
3694.0
2898.0
3276.0
3972.0
3242.0
3462.0
3570.0
2900.0
2742.0
1558.0
178.0
2160.0
2970.0
3116.0
3270.0
3256.0
3084.0
3558.0
2884.0
3254.0
3132.0
3054.0
2984.0
2838.0
1882.0
168.0
2362.0
3402.0
3228.0
3060.0
2994.0
3452.0
3896.0
3282.0
3804.0
3748.0
2988.0
3220.0
1648.0
44.0
1814.0
2930.0
3000.0
3274.0
2950.0
2942.0
3646.0
2804.0
3132.0
3362.0
2792.0
2808.0
2842.0
1930.0
68.0
2416.0
3200.0
2746.0
3040.0
3198.0
2694.0
3438.0
3880.0
2920.0
3194.0
3564.0
3236.0
3150.0
2014.0
84.0
2016.0
2960.0
2978.0
3422.0
3052.0
2774.0
3626.0
2704.0
2902.0
3640.0
3244.0
2916.0
2812.0
2192.0
196.0
2082.0
3058.0
3248.0
2858.0
3076.0
3328.0
3494.0
2966.0
3612.0
3556.0
3424.0
3104.0
1982.0
240.0
1886.0
3046.0
2994.0
3254.0
3268.0
2790.0
3436.0
3332.0
3146.0
3742.0
3218.0
2828.0
2414.0
2244.0
426.0
2086.0
2646.0
3156.0
3304.0
3268.0
3404.0
2960.0
3824.0
3212.0
3584.0
3358.0
3254.0
3406.0
2062.0
426.0
1344.0
2790.0
3286.0
3640.0
3662.0
2832.0
3406.0
3434.0
2806.0
3108.0
3340.0
3118.0
2892.0
2370.0
654.0
1898.0
2576.0
2826.0
2964.0
3584.0
3350.0
3850.0
3278.0
3682.0
3484.0
3158.0
3600.0
2174.0
652.0
1100.0
2100.0
2960.0
3454.0
3720.0
3106.0
3342.0
3658.0
2854.0
3258.0
3490.0
3206.0
3022.0
2312.0
948.0
1574.0
2256.0
3208.0
3352.0
3286.0
2842.0
3100.0
3338.0
3772.0
3402.0
3482.0
3004.0
3412.0
2094.0
1010.0
1074.0
1934.0
2552.0
3262.0
3740.0
3032.0
3512.0
3782.0
2.1974428403e-314
2.1974429826e-314
2.199138778e-314
2.199159742e-314
2.199159521e-314
2.1974421763e-314
2.1991596473e-314
2.1974436783e-314
2.1991596473e-314
2.1974431724e-314
2.199138778e-314
2.1991599635e-314
2.1974422554e-314
2.1974420815e-314
2.1974420973e-314