9
5
4
6
268
1039
2
5
7
10
7
9
578
741
2
0
1
2
1
139
1169
10
6
7
7
7
6
537
791
0
1
0
2
4
79
1232
23
7
9
3
6
5
492
835
3
2
3
3
2
55
1226
34
9
6
7
6
3
428
858
0
8
11
7
8
39
1199
48
5
6
6
9
9
392
883
9
14
10
8
8
27
1190
68
10
11
10
15
11
351
932
6
5
12
7
3
11
1194
87
10
7
13
7
5
308
994
3
4
2
4
1
7
1181
126
4
7
6
5
5
279
1034
0
1
1
2
1
0
1171
151
8
7
6
8
8
238
1085
2
2
1
0
0
2
1123
191
11
4
4
6
10
197
1092
7
5
8
7
7
6
1069
212
8
8
8
8
17
161
1109
14
10
6
6
10
9
1024
258
6
7
9
10
12
143
1143
0
11
5
8
9
7
1000
291
11
8
9
14
10
101
1186
17
2
4
8
5
7
971
342
7
10
10
1
8
89
1133
102
3
5
2
3
0
928
394
9
9
8
6
3
64
1074
195
3
2
2
3
3
878
439
13
7
4
5
9
44
992
0
3
6
5
6
3
810
471
6
5
9
8
11
39
934
313
7
10
10
9
7
763
521
5
6
6
11
8
25
893
381
7
7
11
12
8
718
561
11
12
11
6
8
16
845
433
9
11
3
7
6
673
631
2
7
9
3
5
6
815
0
6
3
1
4
5
616
698
6
7
5
8
11
6
783
543
1
3
5
2
1
558
755
12
5
7
8
8
8
707
579
5
8
8
8
6
469
812
7
7
10
5
14
16
658
620
5
6
6
8
7
388
892
6
8
7
8
12
8
626
0
8
6
9
9
12
274
998
14
12
11
10
11
9
570
716
13
7
7
3
4
158
1127
15
8
7
4
5
7
525
776
6
4
5
6
3
92
1206
23
8
7
4
5
5
491
830
0
1
2
0
4
61
1221
26
5
11
5
14
11
435
0
9
8
6
5
8
38
1196
41
6
7
10
13
18
396
878
9
11
8
4
11
23
1196
63
9
4
6
5
4
369
904
5
5
5
8
4
13
1196
84
5
8
6
15
7
330
950
7
10
6
8
8
13
1169
110
10
8
16
14
8
279
0
10
6
5
5
4
9
1162
143
6
10
8
9
7
238
1073
3
2
2
3
4
6
1122
174
10
8
9
9
11
202
1076
8
4
8
8
4
7
1067
201
15
12
12
8
7
170
1100
8
9
4
6
9
9
1028
249
8
4
3
8
6
151
0
9
5
6
8
9
6
993
290
7
6
6
10
9
126
1153
10
8
7
6
5
7
959
323
10
13
8
10
12
89
1141
82
7
5
6
4
4
930
375
3
8
6
7
8
63
1079
177
5
2
5
6
5
883
414
2
6
11
9
10
52
0
249
5
7
7
8
6
818
461
6
7
9
9
13
40
940
306
10
8
11
9
5
770
513
11
10
4
8
9
25
895
363
5
3
8
7
8
724
562
6
9
6
8
11
20
848
419
3
11
11
12
11
679
605
10
11
11
8
10
10
0
484
5
6
8
2
2
626
681
5
10
5
6
5
5
784
532
5
2
5
5
4
563
741
8
5
8
7
7
6
708
583
8
4
10
9
8
490
796
13
9
8
8
10
9
664
615
6
7
2
10
3
400
877
9
3
3
6
7
6
0
651
8
8
8
6
7
296
984
8
6
8
10
6
10
585
697
6
5
1
5
5
176
1102
12
13
7
10
12
6
537
762
6
4
7
5
4
101
1200
13
5
5
4
8
5
494
820
4
3
4
2
3
63
1225
23
6
7
11
5
6
0
853
6
5
8
7
8
46
1211
35
10
7
8
7
5
400
879
6
6
10
12
8
33
1196
62
10
5
7
5
7
371
904
7
9
6
8
4
19
1189
72
7
4
10
7
6
328
951
6
2
5
8
9
14
1175
110
8
9
12
9
7
0
1019
4
4
5
4
5
15
1164
144
6
8
6
6
5
251
1066
5
3
3
2
6
6
1145
165
6
2
8
8
9
212
1093
6
3
5
5
8
4
1095
198
6
7
8
9
13
173
1105
9
10
8
9
9
4
1040
238
8
9
9
9
9
0
1122
8
8
6
7
4
4
1005
278
10
10
11
11
7
124
1161
8
7
1
3
3
8
974
321
5
7
10
8
5
92
1155
66
7
3
4
6
4
950
374
5
6
7
13
9
69
1111
164
2
4
5
5
6
908
438
6
7
5
8
8
0
1051
247
2
4
4
6
2
861
474
14
10
10
7
6
39
977
300
3
6
6
5
7
789
505
10
9
7
11
8
27
903
362
6
5
4
3
2
740
540
7
9
8
14
9
20
860
412
2
3
4
6
4
696
615
8
10
9
5
4
0
836
482
7
5
6
5
8
652
683
7
6
10
7
5
9
809
531
1
6
6
3
2
590
760
4
3
5
5
6
10
765
583
1
3
2
4
3
521
815
9
10
7
5
5
9
685
620
6
6
5
2
3
424
863
10
9
5
3
6
0
628
658
10
7
4
5
5
329
956
6
8
7
13
10
7
588
707
2
3
4
1
6
210
1097
12
3
8
8
6
6
554
774
7
6
4
6
9
107
1216
18
3
6
8
5
4
519
825
4
2
4
4
5
67
1267
28
5
13
14
13
0
478
878
3
3
6
3
5
44
1256
38
8
8
3
9
6
423
891
4
2
2
4
3
30
1208
59
9
7
6
5
3
371
915
5
7
6
5
6
20
1193
75
9
11
7
6
6
325
961
4
5
5
5
7
13
1204
101
8
11
10
6
0
294
1026
4
6
5
5
7
10
1194
138
7
6
6
7
7
268
1076
2
5
6
5
5
6
1180
175
9
6
5
8
11
233
1124
5
6
2
5
4
6
1131
202
10
16
7
9
9
183
1130
6
6
3
7
7
6
1063
226
13
12
9
5
0
150
1138
4
4
6
9
4
4
1016
266
5
10
12
4
10
120
1165
6
4
3
5
7
7
985
318
8
7
8
3
7
93
1177
49
3
3
1
4
11
963
365
12
8
7
11
4
74
1121
150
4
4
10
4
4
925
422
5
8
4
10
0
57
1069
237
3
3
9
6
8
864
468
9
9
6
6
5
36
988
291
4
5
3
4
7
796
494
10
7
8
8
9
31
916
351
4
7
9
10
6
748
540
5
7
8
6
7
18
872
403
7
6
6
1
3
704
592
5
7
10
8
0
9
837
465
3
2
4
4
5
656
668
5
7
7
9
8
10
811
522
6
6
6
4
4
596
749
9
7
11
6
11
10
779
575
7
2
5
9
10
531
806
9
7
11
10
8
5
698
616
2
6
6
5
7
440
848
9
6
10
6
0
8
635
648
5
3
6
9
4
344
941
6
8
8
8
4
7
594
699
7
9
6
6
4
225
1065
6
6
6
6
9
8
550
750
5
6
1
3
3
119
1188
17
6
4
9
9
8
519
809
4
4
3
4
3
79
1243
25
8
6
7
0
9
484
858
7
6
7
5
7
56
1242
35
7
11
6
10
6
420
880
4
4
6
5
8
32
1207
56
12
7
5
8
10
377
902
5
7
4
10
13
21
1196
76
11
3
2
7
7
342
933
7
9
8
8
9
12
1176
92
8
8
11
0
5
300
975
8
8
9
9
6
8
1173
117
9
9
10
7
7
253
1055
7
6
3
6
7
7
1167
161
8
7
6
2
8
233
1104
5
2
2
2
3
3
1124
191
10
11
10
10
12
189
1109
4
4
8
6
6
7
1063
222
4
4
10
0
2
156
1121
7
7
7
6
7
9
1020
266
5
8
8
10
9
130
1149
6
10
7
10
5
8
981
301
5
4
9
4
13
99
1160
32
8
6
7
8
8
958
344
12
11
11
8
7
74
1120
128
5
3
5
4
3
924
398
5
6
7
0
5
52
1070
218
6
3
2
3
2
869
450
7
7
10
5
2
40
987
282
4
3
7
7
8
807
482
9
5
6
9
7
31
920
343
8
7
6
11
7
758
523
9
8
6
5
10
23
872
389
4
4
10
7
6
700
581
7
7
8
0
8
19
825
452
5
8
7
4
9
661
636
5
9
6
13
11
14
806
510
6
2
6
7
7
607
725
10
9
8
8
8
6
768
571
6
4
4
3
2
536
786
10
5
10
7
10
5
707
609
4
4
5
4
3
459
838
5
4
8
0
6
12
645
642
4
7
9
7
10
360
920
4
4
8
11
11
8
600
683
8
7
6
7
4
240
1038
4
7
9
13
12
9
547
739
7
6
8
6
8
132
1165
13
7
13
7
10
7
516
810
3
4
6
6
7
78
1240
22
12
9
0
7
8
489
850
4
3
4
3
3
60
1238
39
10
9
8
6
5
434
883
2
4
4
1
8
31
1222
50
7
6
2
6
8
382
907
6
8
5
4
8
21
1202
66
11
6
9
8
5
348
933
8
6
5
8
7
14
1185
90
8
4
0
9
12
304
980
8
4
6
5
8
9
1182
118
10
10
10
10
10
271
1050
3
2
2
4
4
2
1174
155
9
11
7
5
8
237
1096
3
3
4
7
6
5
1135
190
3
5
6
6
7
200
1121
6
8
4
4
3
5
1085
220
7
10
0
6
2
163
1129
5
8
10
8
10
4
1034
249
7
7
5
7
9
122
1158
6
9
6
5
6
7
984
296
10
7
10
7
10
103
1160
28
4
6
8
4
7
962
341
7
11
9
9
6
73
1139
113
3
6
3
6
5
934
394
8
8
0
5
11
60
1083
203
3
4
4
0
3
886
460
8
9
9
6
8
46
1029
283
6
7
3
3
5
836
500
12
8
7
8
9
32
953
337
5
6
6
7
2
769
526
6
6
7
11
9
29
876
389
8
6
8
8
8
716
569
12
8
0
14
6
17
840
441
9
13
9
12
6
674
639
4
7
8
10
13
14
817
505
3
2
3
5
4
616
714
8
8
8
10
7
7
782
555
2
5
5
3
3
551
800
4
9
6
9
8
9
742
611
6
4
4
3
4
475
861
8
10
0
7
11
7
664
647
4
5
2
3
5
380
909
7
7
2
8
14
11
605
678
7
5
8
8
10
267
1011
8
10
9
12
7
12
562
732
5
5
5
4
8
151
1155
13
7
9
8
5
6
533
794
4
7
4
7
6
84
1239
22
8
0
3
7
8
498
847
1
0
3
4
5
54
1270
38
4
3
7
9
8
456
898
5
5
6
3
2
37
1256
45
8
10
10
8
7
399
915
1
3
4
2
6
27
1203
65
3
7
9
8
9
346
928
9
7
9
5
8
15
1180
88
11
0
11
9
7
309
979
8
8
4
4
7
12
1190
118
9
8
4
9
6
278
1043
7
6
8
8
4
4
1178
154
5
7
10
10
8
244
1095
2
4
3
4
4
5
1162
194
4
5
5
9
6
214
1136
6
5
3
2
3
5
1105
225
7
0
6
11
12
170
1143
5
9
8
7
10
9
1043
252
6
8
9
6
9
126
1156
12
7
9
8
7
3
994
285
6
7
10
11
7
110
1174
17
5
6
8
8
5
965
335
4
8
9
12
6
82
1145
93
6
9
4
3
4
938
392
5
0
10
11
9
59
1089
189
3
3
3
5
4
894
446
11
7
6
7
3
47
1039
268
6
4
3
2
2
843
483
10
8
12
12
8
34
955
324
6
7
4
6
2
779
513
5
6
13
7
5
22
892
375
11
8
6
7
8
723
560
10
0
9
14
7
18
851
426
10
13
8
2
7
676
622
9
11
4
7
9
13
820
487
5
5
6
5
6
631
688
7
11
6
5
6
8
787
539
4
2
2
5
3
564
776
6
5
5
7
7
6
747
603
5
4
1
2
5
494
840
7
0
4
12
11
3
669
638
6
3
3
7
9
404
890
7
2
5
6
8
12
617
668
9
6
10
9
8
286
988
8
6
5
10
6
5
572
718
7
3
7
7
3
166
1114
12
8
8
10
8
13
529
761
6
7
7
10
7
97
1204
20
0
6
6
6
8
496
828
4
6
5
3
5
64
1243
33
3
7
10
6
5
456
882
6
3
2
5
4
42
1246
41
8
11
7
11
13
399
901
9
5
9
8
9
27
1206
62
6
6
5
7
7
358
919
3
5
4
9
6
14
1186
79
0
8
8
6
7
319
954
3
6
6
6
4
10
1167
107
4
5
7
14
14
283
994
4
7
8
4
5
7
1152
134
9
6
13
16
7
245
1066
10
6
3
7
6
7
1150
175
7
8
6
5
4
217
1119
7
7
3
2
4
6
1106
210
0
12
12
11
9
173
1119
7
6
2
4
6
8
1039
238
3
2
8
7
3
141
1140
4
5
6
7
3
4
996
283
8
4
6
3
6
122
1151
14
6
5
4
8
8
957
318
9
6
7
9
10
94
1124
74
4
3
4
4
6
922
376
0
8
9
12
9
62
1086
172
10
12
9
6
8
906
419
11
10
8
5
6
46
1037
256
3
6
8
7
4
853
466
8
8
11
11
14
35
955
315
9
4
8
5
8
780
504
5
10
11
5
4
26
894
364
6
1
5
6
7
730
550
0
6
5
1
5
17
852
415
4
5
7
7
8
681
594
11
7
7
9
7
13
812
466
8
8
6
6
9
634
668
13
12
11
12
9
7
780
534
5
7
10
5
4
572
755
2
7
10
6
8
9
744
587
7
5
5
4
5
503
822
0
14
9
9
7
4
683
635
6
8
10
9
7
420
880
6
17
10
10
10
8
625
662
8
5
3
6
3
305
974
6
8
11
8
10
10
564
715
3
8
6
6
4
186
1088
5
9
5
8
12
10
527
756
5
5
5
5
5
99
1191
0
11
10
10
11
5
502
815
10
8
5
6
5
62
1243
26
5
7
8
6
7
461
870
4
7
7
9
5
46
1241
44
4
7
7
4
6
410
905
5
6
7
8
9
31
1222
62
12
7
7
9
8
365
917
7
6
7
6
4
18
1193
0
13
7
9
7
7
324
953
7
5
8
5
4
8
1176
95
6
4
6
10
9
286
995
3
3
3
3
6
5
1168
131
12
10
8
8
10
246
1065
6
7
9
5
4
4
1158
167
6
6
7
8
10
222
1113
4
4
6
8
7
6
1122
0
7
3
6
4
3
182
1150
3
3
5
7
3
3
1076
238
8
10
10
13
11
149
1144
7
8
4
5
4
3
1012
269
10
9
12
8
7
114
1162
8
2
6
8
4
4
968
311
5
4
6
9
6
100
1135
61
3
5
4
2
3
939
0
10
11
7
9
9
69
1098
159
4
5
9
3
5
913
410
11
8
7
7
8
42
1053
243
5
6
10
6
3
864
483
8
5
7
8
7
37
1008
310
2
5
6
4
8
815
517
7
5
9
5
5
24
924
360
6
7
4
5
3
748
0
10
11
4
10
10
12
869
408
4
5
7
5
7
699
590
9
7
6
9
10
16
815
463
6
7
7
9
7
644
662
9
5
10
11
15
13
803
515
11
9
4
6
6
587
745
5
9
12
8
12
6
759
579
12
6
6
3
6
522
0
5
6
9
12
8
10
721
635
6
4
5
3
5
433
902
9
10
8
11
12
7
640
671
10
5
6
7
4
331
951
7
6
6
10
6
4
586
696
7
8
6
5
7
210
1064
14
9
14
10
9
10
541
746
7
6
8
5
2
109
0
17
12
9
11
4
9
508
812
5
4
9
6
9
71
1243
26
7
5
15
10
6
474
866
7
9
6
7
2
49
1264
43
8
7
7
6
4
437
922
4
3
4
5
4
34
1249
52
8
6
11
12
12
375
933
6
3
6
6
4
15
0
76
9
7
9
9
6
331
953
8
5
6
8
9
14
1175
95
6
8
9
9
11
288
995
8
4
6
7
8
12
1179
127
6
10
4
9
10
260
1057
8
8
7
7
9
10
1161
165
7
9
7
7
10
224
1108
6
9
7
7
7
3
0
208
9
10
9
7
7
189
1158
5
5
2
6
7
5
1091
241
5
10
14
9
11
154
1152
2
4
7
5
6
4
1019
266
10
11
8
4
9
125
1155
5
4
7
6
5
6
975
298
8
9
6
14
10
101
1154
42
8
8
6
4
3
0
353
11
7
9
10
9
71
1104
144
7
6
5
8
8
911
408
7
11
9
7
9
50
1055
235
6
3
4
6
5
871
472
7
6
7
6
9
38
1018
303
2
3
5
6
3
821
507
10
10
6
9
11
28
933
353
8
8
3
6
5
0
536
12
6
9
7
7
18
873
399
7
2
4
3
3
699
582
3
6
12
6
9
10
830
449
5
7
7
5
5
652
631
6
7
7
9
9
12
782
502
4
5
6
8
5
593
711
5
4
5
6
11
13
750
563
6
9
6
7
8
0
796
2
5
4
2
3
5
706
616
4
6
7
6
6
449
852
11
13
10
10
11
17
641
643
3
6
6
6
8
350
928
11
8
8
14
8
16
594
683
6
9
5
5
4
225
1041
7
11
10
4
10
9
545
726
7
6
4
6
7
0
1149
11
6
9
8
10
13
508
772
6
3
10
5
3
74
1201
23
12
12
9
9
11
464
835
6
6
6
5
12
49
1228
32
9
5
10
9
5
428
887
7
7
7
6
11
29
1222
49
15
6
11
13
9
380
898
7
8
5
10
9
0
1186
73
17
14
11
11
9
337
928
5
8
14
8
9
15
1167
89
7
7
13
6
4
308
956
4
5
10
6
6
10
1144
123
8
7
6
7
8
279
992
6
6
7
5
11
11
1129
148
13
9
9
9
9
231
1060
3
5
6
4
8
0
1116
177
13
7
7
7
10
185
1118
9
9
6
9
6
9
1068
223
11
4
9
10
10
158
1119
4
8
10
3
7
6
1012
259
8
9
5
12
6
130
1134
3
7
8
6
6
9
964
299
4
8
7
8
4
112
1128
33
6
4
5
4
0
923
342
2
4
5
11
10
83
1082
112
6
10
8
10
11
890
381
9
6
9
15
10
51
1035
207
3
4
6
7
7
868
432
5
9
10
10
3
34
989
286
11
9
7
5
5
809
483
12
7
6
12
11
27
921
329
5
6
7
7
0
747
527
9
9
11
9
7
23
869
384
10
9
6
7
6
695
568
6
6
10
4
8
12
831
428
7
6
3
5
9
644
617
4
4
5
11
12
11
784
481
9
7
7
9
7
596
683
7
6
10
9
7
7
740
546
5
7
9
10
0
533
759
7
7
9
7
6
6
706
600
6
6
7
9
13
459
832
14
6
11
12
12
5
646
641
8
8
5
4
5
367
908
7
8
5
5
9
7
596
674
4
7
4
7
10
246
1017
8
6
9
9
10
7
561
705
9
5
7
5
0
138
1125
13
4
5
7
6
11
512
755
9
6
9
11
8
80
1182
26
10
10
9
6
7
472
818
6
8
4
4
5
52
1220
35
8
9
10
8
9
431
874
6
9
8
7
8
37
1218
50
8
8
8
10
15
383
905
6
2
1
1
0
25
1197
65
10
10
7
7
11
346
922
12
10
10
6
7
10
1170
94
13
9
12
7
6
311
954
4
5
9
4
7
5
1147
112
7
4
10
11
11
273
990
8
7
9
8
9
7
1133
144
10
8
10
13
13
233
1060
6
6
6
5
0
7
1120
180
6
8
11
11
7
197
1115
9
8
8
8
7
11
1087
216
5
4
6
10
11
160
1137
4
5
5
4
6
8
1041
251
13
14
6
9
9
131
1142
9
6
5
6
4
6
980
289
6
9
5
6
5
108
1139
22
8
5
4
0
3
931
331
7
5
6
7
8
85
1091
97
7
9
9
13
9
899
380
9
11
13
12
16
64
1048
193
5
1
5
2
7
875
426
13
15
9
8
6
41
1004
274
8
10
7
8
8
831
484
5
5
6
5
5
25
961
332
8
9
9
0
6
775
525
11
10
13
7
8
23
883
380
5
9
5
4
7
708
561
7
8
8
7
3
14
826
431
4
5
6
7
5
655
611
6
3
5
7
9
7
794
475
7
8
12
10
10
609
676
8
12
8
11
13
12
757
534
10
5
3
0
7
547
762
11
8
12
8
4
10
718
595
7
6
10
8
6
476
841
11
10
8
10
8
5
671
650
6
6
9
9
6
392
909
9
13
13
12
11
15
610
666
9
8
7
4
6
274
995
6
9
5
6
6
6
559
706
3
7
5
0
7
147
1113
11
6
11
9
10
9
520
752
9
7
8
7
7
89
1187
18
9
11
7
9
9
483
814
3
3
6
7
6
56
1216
35
11
6
12
12
8
439
870
10
8
8
8
7
40
1239
50
9
11
6
7
10
407
920
6
7
7
0
7
24
1218
63
6
13
7
11
7
349
931
7
5
7
8
4
14
1172
86
9
4
12
9
12
315
953
8
6
5
3
2
6
1153
109
11
9
3
8
5
274
996
5
6
8
7
5
8
1145
135
8
12
15
10
17
240
1051
6
7
4
0
3
6
1120
179
10
13
14
11
9
200
1108
5
7
9
8
6
8
1102
212
8
8
3
7
10
172
1149
6
8
8
6
5
7
1049
247
7
12
12
10
10
128
1141
8
9
9
3
6
7
978
281
8
6
7
11
11
104
1146
13
5
3
0
3
2
938
325
6
7
7
7
7
86
1108
75
3
5
2
4
7
904
371
8
13
11
9
8
66
1048
176
10
9
11
5
6
869
420
12
9
14
10
11
45
1010
255
9
9
4
6
8
834
474
8
9
8
7
7
29
976
325
8
8
0
6
6
779
521
15
13
9
13
10
24
887
367
7
8
4
7
7
717
549
5
4
12
10
6
18
837
414
5
3
5
2
5
664
603
8
8
4
2
5
13
797
466
2
4
5
6
4
609
660
8
12
11
7
10
11
752
524
5
7
0
6
7
549
739
8
8
13
10
7
9
722
576
10
10
10
7
7
486
819
10
6
7
9
5
6
674
639
6
16
9
5
8
408
891
14
14
11
12
14
12
616
659
7
3
8
6
7
290
971
7
6
8
8
6
10
570
698
1
3
0
5
2
169
1093
4
5
9
7
6
7
529
736
4
1
3
2
4
96
1161
13
8
6
5
5
4
480
787
5
3
4
4
7
63
1189
30
12
14
11
11
13
446
848
5
3
6
8
6
40
1219
49
13
11
10
8
9
400
904
8
11
0
8
10
24
1206
65
12
11
5
9
7
359
912
3
7
4
5
4
14
1170
81
12
12
9
8
7
319
943
4
6
7
1
1
9
1155
103
4
5
9
6
4
290
973
5
4
5
7
7
5
1132
132
4
3
6
3
9
252
1012
5
3
0
2
3
3
1101
173
13
5
8
10
6
212
1072
8
6
8
6
7
6
1093
206
13
17
11
13
8
177
1128
9
7
9
6
6
9
1049
236
9
15
14
14
14
147
1130
2
4
2
4
5
4
989
272
10
5
6
9
8
116
1138
9
3
0
10
7
5
951
311
7
2
2
6
4
98
1105
66
5
3
4
2
3
906
355
7
4
3
3
10
72
1044
154
5
5
3
5
4
871
409
6
9
9
14
7
54
1007
239
7
7
6
9
5
828
466
6
9
10
8
8
36
969
306
9
0
5
9
7
786
507
12
17
15
7
10
26
903
357
8
4
1
2
4
725
544
10
9
8
9
6
13
847
404
4
6
2
6
6
677
588
7
3
3
3
6
8
808
454
5
4
5
5
4
621
642
6
5
3
8
8
9
757
509
3
0
6
5
3
568
714
7
9
6
8
10
11
721
567
2
5
7
4
6
496
799
12
12
8
4
7
7
681
621
9
8
6
6
6
415
875
9
9
9
6
7
7
630
650
8
5
8
3
5
316
955
11
8
8
7
5
7
571
699
5
0
5
5
3
194
1066
8
2
1
5
6
5
528
733
2
1
2
0
2
101
1152
11
4
5
5
3
8
492
775
6
6
6
4
2
64
1193
23
14
8
8
10
10
446
838
4
4
6
4
4
41
1213
43
9
13
10
8
9
414
889
9
0
5
8
9
26
1217
57
10
12
8
10
8
370
920
3
3
3
4
7
13
1192
78
8
8
10
9
5
326
939
6
4
2
3
5
9
1156
100
6
5
4
3
5
291
969
4
3
4
0
2
5
1135
125
6
7
2
8
10
251
1012
2
0
4
4
3
3
1120
165
6
12
12
7
7
217
1073
5
2
3
5
4
3
1087
202
10
10
8
10
13
184
1118
8
8
9
6
5
5
1064
238
11
6
7
6
11
146
1151
11
12
8
8
6
5
1019
271
12
10
14
10
9
124
1150
7
0
5
6
4
4
963
308
5
9
5
6
5
91
1128
50
5
1
3
4
2
914
352
4
6
11
11
9
76
1054
144
1
3
2
5
4
880
398
8
11
9
10
6
51
1015
230
3
5
6
8
6
844
461
9
12
13
9
11
41
980
300
0
8
10
6
5
801
515
6
9
12
10
9
24
940
359
9
7
10
7
8
746
551
17
10
13
12
10
30
855
406
5
5
4
5
5
686
580
5
6
7
5
7
15
811
446
5
3
3
6
3
633
629
3
2
5
9
7
11
766
498
0
7
6
4
8
575
703
6
8
10
8
7
4
