6
13
717
577
2
3
2
1
1
483
800
7
5
10
5
9
8
660
610
4
3
6
6
5
405
861
5
5
5
4
4
6
605
658
7
6
7
6
7
298
963
3
5
6
9
10
5
559
710
5
3
5
5
3
182
1100
12
9
10
0
7
6
537
767
1
2
3
3
3
93
1212
18
6
8
10
9
9
510
820
1
1
5
5
5
64
1228
30
8
7
4
6
7
452
854
3
0
3
6
6
35
1218
39
11
7
12
13
5
399
877
3
5
5
5
7
28
1191
54
8
5
0
6
5
357
908
6
8
6
3
6
18
1169
81
4
9
9
10
8
317
954
7
6
5
4
6
7
1178
110
6
6
5
6
5
288
1019
2
2
3
2
4
3
1173
143
7
5
9
11
5
260
1069
3
3
4
2
3
3
1147
172
5
8
0
6
8
219
1099
5
4
3
2
3
2
1096
206
7
10
11
10
9
178
1103
3
3
3
1
3
4
1044
228
8
7
10
8
7
140
1122
5
3
7
7
6
6
997
266
8
6
10
8
10
108
1158
11
6
5
3
4
4
981
314
12
7
0
4
7
84
1162
69
2
3
2
2
3
943
372
8
6
9
3
4
70
1098
169
4
4
4
4
7
906
431
5
7
7
6
5
53
1043
243
6
4
2
2
6
851
471
7
8
8
12
10
37
961
302
2
3
3
2
3
792
483
8
9
0
6
10
24
905
352
4
6
5
7
9
737
531
7
4
4
5
5
22
853
416
2
4
4
4
4
689
610
5
6
2
4
9
7
841
467
2
2
4
2
1
638
685
8
8
8
7
7
12
807
522
6
3
4
8
6
572
767
13
11
0
6
8
10
765
576
4
3
6
3
3
507
816
9
11
10
8
7
10
679
617
1
4
4
1
3
423
854
8
7
6
7
9
12
611
656
6
7
7
6
7
320
941
6
3
7
8
9
11
571
708
5
8
5
6
4
204
1098
10
7
0
7
8
7
545
768
3
4
3
4
1
100
1212
18
6
7
5
7
13
519
817
2
2
5
5
7
68
1253
28
6
8
6
3
2
480
866
6
5
2
4
4
42
1251
37
7
9
11
12
9
418
883
3
2
5
4
5
30
1196
56
9
0
8
8
4
363
909
7
8
5
6
10
20
1177
74
7
8
9
8
9
317
957
4
5
6
4
4
8
1192
103
8
5
7
6
3
297
1019
0
2
2
5
5
4
1182
141
10
8
6
6
11
266
1064
3
3
3
4
7
6
1166
178
7
0
7
9
7
229
1110
3
4
5
4
4
4
1119
199
11
10
7
13
8
190
1110
3
2
2
2
2
5
1050
225
13
5
5
11
10
143
1123
8
7
8
6
5
4
999
260
5
8
5
10
8
114
1158
9
11
10
4
6
7
981
310
5
0
6
9
9
89
1168
52
1
2
2
4
6
954
362
6
12
6
6
8
76
1106
152
4
2
4
1
0
908
432
9
10
9
9
8
56
1056
237
2
3
2
1
6
860
460
11
6
11
7
5
41
971
294
4
2
5
6
6
796
482
8
0
12
10
8
28
903
344
6
4
9
9
2
739
530
8
8
8
8
6
20
863
404
7
8
7
8
5
697
595
6
9
8
6
10
14
837
459
5
4
2
5
5
646
673
7
4
4
3
6
10
805
514
2
3
3
3
2
587
743
7
0
9
7
6
6
776
565
2
3
2
5
6
520
805
10
11
14
9
8
11
686
607
3
6
5
2
4
437
839
8
5
5
11
10
5
625
643
6
6
6
8
5
339
926
5
4
7
3
3
4
579
689
5
6
4
5
5
221
1051
6
0
12
8
8
9
536
747
4
3
2
1
4
110
1183
18
5
6
7
6
11
518
806
5
3
6
3
3
74
1242
24
3
8
7
6
9
484
857
5
6
6
2
2
46
1246
33
11
9
12
7
11
418
879
4
5
4
3
0
28
1203
50
0
7
8
4
7
373
903
5
6
5
7
4
21
1178
69
5
6
7
7
10
328
927
3
3
1
3
5
12
1155
93
6
7
5
7
12
290
966
5
4
4
2
9
11
1158
123
13
8
11
11
11
259
1037
2
2
5
6
2
2
1158
155
0
13
9
8
10
226
1093
2
1
4
6
3
4
1114
187
7
11
10
5
8
191
1092
8
8
7
7
3
6
1053
218
7
11
9
14
5
146
1115
4
5
6
4
7
6
1003
256
8
7
5
6
5
117
1141
4
4
3
7
6
3
966
298
0
11
11
8
13
97
1144
36
9
5
5
8
8
942
350
5
10
5
3
2
72
1106
132
7
3
7
6
2
912
409
7
3
4
8
5
55
1056
222
1
2
2
5
5
870
445
10
7
9
10
9
43
984
282
5
5
3
6
5
806
479
0
8
6
8
9
26
917
342
5
7
5
5
4
753
521
6
6
2
4
5
18
858
388
4
7
5
3
1
691
569
7
7
10
12
7
14
819
442
6
6
6
5
6
652
640
7
8
5
7
6
5
806
499
3
4
5
3
3
603
715
0
6
8
4
4
7
771
557
5
1
4
3
3
528
789
9
7
7
10
10
8
704
602
3
3
4
4
2
452
838
7
9
7
10
7
9
633
636
5
5
1
5
4
361
912
7
6
7
7
9
8
584
680
3
4
4
3
3
240
1024
0
8
10
9
13
10
537
728
6
7
5
5
7
125
1160
13
6
8
7
4
6
513
794
2
4
4
4
7
72
1230
25
4
10
12
6
6
487
846
1
3
5
7
6
51
1239
32
8
12
9
8
9
437
877
3
5
5
4
4
32
1222
0
8
12
12
9
12
378
906
2
4
8
4
4
23
1190
68
8
9
5
8
7
342
926
4
4
8
6
8
12
1167
89
13
10
10
11
9
300
967
7
6
10
8
8
11
1164
121
7
9
10
5
5
274
1034
2
0
2
3
4
10
1159
0
10
8
5
7
9
243
1087
3
2
3
2
6
4
1129
190
7
7
9
9
4
203
1113
6
5
3
5
6
4
1087
220
9
10
11
8
10
160
1124
1
2
5
4
2
3
1021
253
8
9
7
6
10
129
1139
8
5
8
7
7
5
975
0
10
6
10
7
9
100
1150
27
6
8
10
7
6
960
343
6
5
7
10
8
70
1125
115
3
2
0
1
2
921
402
7
5
6
9
9
62
1067
207
3
4
5
6
6
882
455
8
7
7
5
8
44
1022
278
3
3
2
3
5
836
0
10
12
7
7
9
33
937
333
2
3
4
3
3
763
514
7
7
9
6
4
26
879
379
8
9
6
7
7
712
559
6
6
10
5
9
16
840
438
2
2
3
6
5
664
644
3
8
7
4
9
6
817
495
3
3
6
4
4
605
0
8
9
9
8
6
6
786
544
3
6
7
11
3
546
796
4
8
7
7
5
10
739
602
3
3
4
8
3
473
852
10
13
14
9
5
11
658
637
1
4
4
1
4
374
901
9
3
8
10
9
9
594
676
3
5
6
10
8
259
0
4
3
7
2
9
10
553
726
5
3
3
1
2
141
1156
7
7
7
5
6
3
529
784
5
3
4
2
5
81
1228
23
5
8
9
7
5
495
837
5
4
3
6
5
48
1269
35
7
6
8
7
4
454
890
2
4
4
3
3
34
0
52
10
7
12
11
12
401
903
3
3
6
5
3
23
1194
66
9
9
7
9
7
341
928
4
6
4
5
7
13
1171
83
5
8
5
9
9
299
973
3
7
5
3
4
7
1173
118
9
9
12
10
10
277
1030
2
3
3
3
3
4
0
153
14
10
9
4
10
246
1079
4
6
2
4
6
7
1149
187
8
11
9
10
6
210
1137
7
4
7
7
5
6
1100
217
7
9
8
12
10
166
1130
2
4
4
3
2
3
1030
249
7
10
7
4
9
136
1133
4
4
3
4
5
3
0
282
5
7
5
6
8
105
1162
18
5
6
4
4
7
959
329
11
9
7
15
12
75
1131
91
3
3
1
2
3
922
395
3
6
6
8
13
60
1077
194
4
2
5
2
3
891
442
5
8
7
4
6
50
1037
267
3
6
9
8
4
0
481
7
8
9
8
11
38
951
320
3
6
2
1
2
775
503
6
6
6
6
6
26
878
372
5
5
8
6
6
719
550
3
5
5
9
7
17
840
429
5
4
4
3
5
669
615
14
6
7
8
4
10
807
473
3
3
1
1
3
0
694
7
7
10
4
7
10
773
535
9
4
7
5
4
545
774
6
6
5
8
5
5
731
586
11
2
6
3
5
482
820
9
5
12
9
4
7
653
625
4
3
1
2
1
387
879
4
5
8
6
8
5
599
665
7
6
5
4
5
0
975
7
5
5
9
8
10
551
711
2
3
3
4
1
159
1102
10
7
5
4
5
5
511
754
5
1
5
4
4
90
1180
12
6
7
6
4
5
480
808
2
3
2
4
6
53
1225
31
7
9
9
7
11
453
863
4
4
6
5
9
0
1217
43
9
9
10
5
6
401
874
5
4
2
7
6
25
1184
61
6
6
6
5
4
354
912
4
4
5
5
2
14
1172
78
6
7
4
5
7
315
937
4
6
1
9
8
3
1146
103
9
11
13
12
7
277
978
6
2
4
2
3
0
1130
141
11
6
7
5
8
243
1041
3
1
2
6
4
5
1116
178
9
8
9
7
4
203
1097
6
7
8
3
3
4
1081
198
12
11
8
4
8
178
1086
4
2
2
4
6
2
1018
245
7
8
5
6
1
141
1119
6
6
4
1
1
0
986
275
7
6
9
10
4
110
1142
8
3
5
3
3
5
938
319
5
8
7
10
13
86
1115
70
3
8
8
2
1
913
359
7
5
6
5
9
64
1056
163
3
0
4
4
5
870
416
10
5
9
11
8
49
1014
250
6
7
7
6
0
830
456
6
9
4
4
5
35
941
306
6
6
6
6
5
773
494
6
5
7
7
11
24
891
356
2
4
6
4
2
717
542
8
5
7
6
7
13
834
412
5
6
6
4
4
664
592
5
5
5
9
6
10
790
464
3
1
3
3
0
614
656
9
5
4
8
10
10
764
520
4
2
4
1
0
557
738
11
14
7
10
10
8
732
570
9
7
4
5
9
490
802
6
5
7
8
8
6
667
612
4
4
3
3
1
407
864
6
6
3
7
7
3
614
650
3
4
4
3
0
303
957
8
8
7
6
7
7
562
695
2
3
4
5
3
184
1071
9
8
6
11
9
10
520
741
7
4
3
4
3
93
1173
16
10
6
7
7
5
491
796
3
3
2
4
3
60
1216
23
4
11
11
7
5
459
847
7
6
4
8
0
38
1221
44
6
12
8
8
6
405
881
4
5
3
5
2
28
1199
56
5
3
6
1
3
358
904
1
2
1
2
2
15
1168
81
8
7
8
6
6
321
939
2
3
2
4
3
9
1142
105
9
6
10
10
8
281
978
2
3
1
2
0
3
1135
136
6
9
7
4
5
247
1033
4
2
3
3
3
5
1131
169
5
9
10
4
10
213
1088
9
5
4
5
3
9
1091
202
2
7
11
9
6
184
1114
9
6
5
5
9
7
1045
240
8
7
5
9
5
145
1119
2
0
3
3
0
2
996
270
5
8
8
10
5
118
1142
5
3
2
5
4
6
952
303
3
9
12
9
14
89
1120
57
4
3
2
1
3
916
360
5
7
5
7
9
71
1076
149
6
6
5
8
4
884
410
12
9
9
11
11
55
1022
233
11
9
4
0
7
845
463
13
12
9
10
8
44
978
301
5
8
6
9
9
791
506
14
14
8
13
10
24
903
345
4
5
8
5
4
723
548
6
9
10
8
3
19
845
404
2
2
5
5
6
675
583
6
4
7
6
8
17
807
449
3
2
1
0
4
627
649
6
7
5
6
5
8
772
507
7
9
4
2
4
568
723
7
9
7
8
9
8
737
567
4
7
9
5
8
512
809
10
7
13
13
13
8
698
626
9
7
5
4
5
426
873
9
9
11
7
10
10
627
645
5
4
3
0
4
321
947
8
9
10
6
5
4
573
690
2
2
0
3
2
202
1056
8
6
6
8
6
5
534
734
3
2
5
6
6
102
1175
14
11
7
6
8
6
507
782
6
4
9
9
6
70
1216
26
9
7
9
7
9
463
853
4
9
8
0
4
40
1235
55
9
5
11
4
9
431
897
3
4
4
6
7
31
1228
58
10
11
6
5
11
376
905
6
5
4
5
5
20
1173
80
2
5
6
4
6
331
932
2
2
3
4
4
10
1154
96
4
5
8
11
6
291
975
4
2
3
0
4
5
1145
131
4
9
12
4
5
260
1026
4
5
5
7
6
6
1131
166
5
7
8
6
7
226
1083
5
5
8
6
7
6
1111
204
8
9
9
10
6
193
1129
6
7
6
9
8
8
1068
234
6
9
6
8
10
147
1130
8
6
4
0
3
4
999
262
8
7
9
7
6
122
1144
2
2
3
2
6
4
954
304
5
6
4
9
4
86
1141
38
3
4
5
5
2
928
342
6
6
3
10
7
71
1075
134
3
4
1
2
5
892
397
5
10
10
7
11
55
1026
228
4
4
0
4
7
855
457
3
7
8
8
7
39
995
291
7
5
5
4
7
801
500
11
13
13
10
9
31
912
341
6
5
3
4
3
739
527
8
4
8
3
7
16
864
389
2
3
4
4
0
686
576
4
1
4
6
6
12
813
444
3
3
0
2
3
643
630
6
6
8
5
4
10
780
494
1
2
2
3
1
582
707
6
8
7
7
9
6
744
554
6
7
8
6
6
516
790
8
9
16
11
10
10
710
605
4
9
7
7
6
439
851
11
9
16
9
11
11
634
635
3
2
0
2
3
341
922
6
6
8
9
8
8
580
684
3
3
4
7
3
223
1038
5
8
7
4
4
6
538
721
5
3
4
3
6
122
1131
11
7
8
3
7
8
494
769
2
1
4
4
1
69
1191
24
2
6
7
6
4
457
827
5
3
0
5
5
43
1220
35
8
8
7
5
5
424
875
9
7
9
6
6
36
1210
49
8
7
10
5
7
371
896
1
4
2
6
2
14
1176
72
6
6
9
8
11
339
921
5
6
1
4
4
13
1153
95
8
10
9
5
5
302
951
5
7
0
6
4
7
1131
121
8
11
5
5
14
257
1000
2
3
2
3
6
8
1121
152
7
6
4
7
4
224
1057
4
5
6
5
3
5
1104
189
6
9
7
8
10
186
1114
2
5
7
3
6
6
1062
221
7
7
6
6
6
154
1112
4
2
0
4
3
1
1004
260
8
6
4
10
7
132
1129
2
2
4
9
6
5
965
295
9
5
6
9
6
95
1137
31
7
7
5
5
4
920
332
6
5
3
5
9
76
1076
114
3
3
5
7
5
884
387
3
6
4
8
6
56
1030
202
4
0
6
4
5
857
433
10
9
7
8
8
41
989
281
7
3
8
7
4
810
480
5
6
8
5
4
35
912
330
1
0
3
4
5
744
526
3
6
5
8
5
18
863
387
6
6
3
5
0
695
563
6
3
7
7
10
16
821
429
1
0
3
7
7
643
615
6
6
8
9
9
11
775
488
1
4
4
3
4
593
686
7
7
6
5
8
9
746
538
6
7
6
6
6
524
765
2
6
6
10
8
8
705
595
7
7
10
7
9
455
835
11
7
5
5
9
6
649
636
5
0
5
3
4
360
915
3
8
7
7
9
9
589
676
3
5
3
2
1
244
1017
8
9
6
4
3
5
542
717
3
5
4
4
4
134
1120
11
5
5
9
8
5
506
757
1
3
5
2
3
70
1196
18
6
4
8
4
7
469
821
5
0
6
6
6
48
1212
34
9
9
13
10
12
433
873
3
4
8
7
5
37
1218
51
14
13
9
9
9
390
899
5
3
4
5
6
23
1187
71
6
5
5
5
5
347
919
2
4
5
5
1
11
1162
90
7
10
7
6
7
308
954
4
0
4
2
2
6
1138
115
5
6
10
8
7
264
994
2
4
4
4
4
5
1127
143
8
6
6
8
7
232
1048
2
7
4
2
6
7
1112
179
10
9
7
6
6
197
1104
5
6
6
6
7
5
1073
218
10
11
10
9
7
155
1135
6
0
8
8
8
10
1029
253
7
9
8
6
10
134
1131
2
4
5
4
3
4
976
286
6
8
10
12
10
107
1137
20
4
3
4
4
4
931
321
7
8
10
10
7
80
1094
99
4
3
3
3
2
897
378
8
4
8
5
5
56
1043
188
0
6
7
8
4
863
431
4
11
12
11
8
46
999
269
7
4
10
5
6
822
491
13
9
13
11
8
35
961
325
6
6
4
2
4
771
528
9
9
10
14
12
20
883
370
0
4
4
4
1
706
565
7
7
8
9
14
18
832
420
0
3
1
2
5
650
610
7
10
6
10
7
7
787
475
2
2
3
3
2
599
684
6
5
7
5
6
5
755
531
8
5
3
5
7
542
760
9
9
8
8
8
10
716
589
5
9
4
5
2
476
845
14
10
8
8
5
7
681
646
0
6
4
5
4
386
918
11
10
6
4
6
9
604
677
4
4
3
5
4
266
995
4
7
10
8
10
8
552
710
4
4
4
3
4
145
1110
8
3
8
8
9
10
515
752
5
4
3
5
2
78
1189
16
6
4
5
5
2
477
815
0
3
4
6
6
55
1225
31
10
10
11
11
11
445
868
11
9
5
8
7
40
1234
52
11
9
11
10
12
406
912
3
2
3
4
5
20
1220
67
16
16
14
12
11
350
929
5
8
7
5
7
13
1174
84
7
5
7
7
7
317
946
0
6
6
2
1
10
1145
108
2
3
5
8
4
280
989
4
3
3
3
4
2
1134
141
6
7
8
5
9
237
1042
4
6
4
5
7
5
1118
175
10
7
8
9
10
198
1105
6
6
5
1
3
6
1096
217
8
10
14
16
12
168
1148
0
2
2
3
5
6
1049
249
6
13
10
13
12
133
1143
8
1
5
6
7
5
982
286
9
7
8
8
5
109
1142
10
2
3
4
4
2
937
324
7
5
6
10
5
84
1106
78
3
2
4
3
3
903
365
5
4
6
7
7
64
1052
0
4
6
6
2
7
871
420
3
7
7
8
8
43
1004
254
4
6
3
3
3
834
476
13
12
13
10
9
38
973
319
5
3
6
7
5
778
521
9
11
10
6
9
24
888
368
5
3
5
2
3
711
549
9
6
11
9
7
21
831
0
5
3
4
1
7
661
597
5
5
10
8
2
7
792
464
4
4
3
3
3
603
664
3
8
9
4
12
8
751
516
6
6
6
5
4
546
737
9
10
7
9
9
11
721
575
4
4
6
4
7
485
828
12
10
17
8
10
12
687
0
3
5
6
3
1
406
897
7
9
9
12
11
5
612
664
7
6
7
6
4
292
976
11
7
5
6
9
7
566
696
5
7
7
5
6
167
1085
8
4
10
8
6
11
522
734
6
4
4
2
4
93
1154
12
8
9
7
6
3
474
0
6
5
2
4
3
58
1193
25
9
10
6
5
6
439
847
6
7
3
4
4
42
1218
45
9
8
7
8
10
402
902
4
5
6
8
10
25
1211
60
10
11
7
7
5
354
916
5
8
5
3
4
15
1175
81
10
10
9
6
8
313
0
4
3
3
5
8
7
1143
106
8
10
7
10
10
286
970
4
5
6
5
6
4
1124
126
8
7
4
6
10
248
1015
3
5
4
5
5
3
1107
166
4
6
11
6
7
201
1082
4
4
3
4
4
4
1085
200
12
11
9
9
7
171
0
6
3
6
6
3
4
1043
247
9
10
13
12
8
140
1131
4
3
6
3
6
7
987
280
7
8
10
14
13
112
1143
5
5
3
2
0
6
941
316
3
6
6
5
4
88
1099
67
4
3
4
5
5
900
352
8
5
7
10
13
71
0
156
4
5
6
7
7
864
406
6
3
12
5
7
47
1009
241
9
5
7
4
7
842
460
8
10
6
6
9
40
971
308
5
5
4
2
2
789
507
5
5
7
11
8
26
898
359
11
6
1
5
7
725
549
11
9
11
10
6
18
0
405
4
5
3
4
5
674
588
7
9
7
8
5
5
801
452
4
6
5
6
3
615
641
4
9
11
6
14
7
748
512
5
5
4
6
4
561
718
6
6
9
6
2
4
719
567
4
6
4
2
8
493
801
8
10
9
3
7
13
0
619
6
1
5
6
5
412
882
9
6
5
7
8
9
628
655
7
7
8
7
5
312
959
5
5
4
6
7
9
576
690
6
2
6
4
6
190
1070
9
7
6
5
5
4
529
731
8
4
9
5
2
99
1152
11
7
7
9
14
6
0
783
5
5
5
3
7
65
1198
24
7
6
4
6
8
453
842
2
8
8
8
6
39
1226
44
7
8
10
9
9
408
900
1
2
2
2
6
30
1221
61
7
9
6
10
9
370
926
7
5
6
6
4
13
1186
83
5
5
9
10
7
0
937
7
6
7
3
5
10
1151
103
7
4
7
5
11
290
966
7
8
4
2
4
6
1128
128
6
7
9
14
10
250
1017
4
0
4
6
4
9
1119
164
7
6
8
5
7
212
1085
7
8
7
7
6
3
1100
204
10
8
7
7
6
0
1133
3
3
5
6
7
7
1067
238
6
6
5
3
3
144
1161
3
6
3
5
3
5
1022
267
4
8
7
7
9
120
1154
7
2
3
4
4
6
962
311
9
5
5
7
4
89
1134
53
8
5
5
4
6
921
342
7
8
11
9
11
0
1064
147
6
7
6
5
6
889
403
5
8
8
10
5
51
1036
231
6
6
5
5
9
863
457
11
7
10
7
6
41
998
299
0
5
4
5
7
809
532
8
7
8
12
8
27
960
360
3
6
6
3
3
761
568
11
8
8
7
8
0
881
407
3
10
5
5
4
696
591
8
7
5
5
6
14
815
453
4
6
3
7
8
635
642
6
11
10
8
6
12
771
502
5
3
3
7
8
572
730
7
5
8
10
6
6
751
568
5
7
3
6
5
516
812
5
14
6
6
7
0
707
627
5
10
6
2
5
444
908
7
9
6
9
5
7
676
673
5
6
1
4
4
346
988
12
8
8
11
5
8
588
712
5
6
9
6
7
213
1066
7
8
3
4
4
12
535
741
4
3
3
5
5
108
1157
15
11
8
8
9
0
502
778
7
5
5
6
5
68
1213
27
9
10
6
8
4
464
850
5
5
4
5
4
45
1247
42
7
5
8
12
7
437
899
3
4
6
4
4
27
1270
62
4
5
3
9
4
399
956
7
6
4
6
6
19
1238
77
11
6
4
11
0
337
968
10
5
7
5
8
10
1177
97
6
3
7
8
6
289
985
6
5
1
6
8
8
1148
120
6
9
7
10
9
263
1019
7
4
6
3
6
4
1139
160
7
3
11
8
8
216
1089
4
6
8
7
5
3
1127
197
7
8
7
10
0
191
1142
4
4
5
4
3
6
1096
250
7
5
7
7
6
164
1178
7
9
8
6
4
7
1048
272
10
13
6
9
6
123
1177
10
6
6
7
6
2
975
303
7
5
5
4
6
93
1146
38
4
3
4
4
3
929
339
6
10
12
5
0
69
1085
129
5
3
8
6
11
893
397
9
6
4
8
7
57
1031
219
5
2
6
5
7
865
450
8
8
7
13
7
46
998
289
5
6
5
2
6
817
523
8
13
8
9
10
34
970
354
5
10
7
5
7
765
562
17
8
6
7
0
20
888
401
5
5
4
6
7
705
575
4
9
10
8
10
13
824
445
3
6
3
6
5
646
625
7
5
8
4
10
11
778
501
6
2
6
9
7
596
693
7
8
8
6
7
3
743
552
7
7
6
11
5
528
791
4
4
6
6
0
10
712
616
1
3
4
2
4
456
879
10
9
10
5
8
8
678
669
8
5
5
5
5
362
961
15
7
8
10
7
6
603
696
5
2
4
4
4
233
1048
6
7
6
4
6
7
541
733
4
3
2
7
7
128
1141
12
5
9
7
0
3
500
768
5
4
4
5
4
74
1184
16
9
4
6
6
15
463
818
4
7
3
8
5
43
1219
36
6
5
8
7
8
430
883
7
1
6
4
7
33
1245
55
8
8
5
9
11
401
935
8
5
3
3
5
20
1230
71
11
11
11
0
7
340
952
4
4
4
5
3
10
1186
89
5
8
9
8
8
303
974
4
5
3
5
3
6
1151
118
6
5
9
4
7
269
998
8
8
10
5
7
7
1123
146
8
9
6
11
10
224
1050
1
3
4
8
7
3
1106
183
11
6
7
0
11
192
1114
7
6
4
7
5
6
1095
228
11
6
10
7
12
165
1165
3
3
5
6
6
4
1050
260
8
3
10
8
8
126
1166
4
3
3
4
6
7
979
303
8
6
7
13
9
100
1152
30
6
4
3
5
5
939
331
5
10
4
0
6
83
1084
107
6
6
7
6
6
891
376
9
4
4
6
7
64
1017
200
7
6
3
4
6
864
429
8
10
9
11
9
45
992
281
6
4
6
2
5
825
495
9
10
14
10
10
38
965
337
5
8
5
2
4
777
543
6
7
5
0
6
24
897
390
2
2
4
6
3
716
576
5
7
