11080
22161
33241
44322
55403
66483
77564
88645
99725
110806
121887
132967
144048
155129
166209
177290
188371
199451
210532
221613
232693
243774
254855
265935
277016
288097
299177
310258
321339
332419
343500
354581
365662
376742
387823
398903
409984
421065
432145
443226
454307
465388
476468
487549
498629
509711
520791
531872
542952
554033
565114
576194
587275
598356
609436
620517
631598
642678
653759
664840
675921
687001
698082
709162
720243
731324
742405
753486
764567
775647
786728
797809
808889
819970
831051
842131
853212
864293
875373
886454
897535
908615
919696
930777
941857
952938
964019
975099
986180
997261
1008341
1019422
1030503
1041583
1052664
1063745
1074826
1085906
1096987
1108068
1119148
1130229
1141310
1152390
1163471
1174551
1185633
1196713
1207793
1218874
1229955
1241035
1252116
1263197
1274278
1285358
1296439
1307520
1318600
1329681
1340762
1351842
1362923
1374004
1385084
1396165
1407246
1418326
1429407
1440488
1451568
1462649
1473730
1484810
1495891
1506973
1518053
1529133
1540214
1551294
1562375
1573456
1584536
1595617
1606698
1617779
1628859
1639940
1651020
1662101
1673182
1684262
1695344
1706424
1717505
1728585
1739666
1750747
1761827
1772908
1783989
1795069
1806150
1817230
1828311
1839392
1850472
1861553
1872634
1883714
1894795
1905876
1916957
1928038
1939118
1950199
1961279
1972360
1983440
1994521
2005602
2016683
2027763
2038844
2049925
2061005
2072086
2083166
2094247
2105328
2116409
2127489
2138570
2149651
2160731
2171812
2182893
2193973
2205054
2216135
2227215
2238296
2249377
2260457
2271538
2282619
2293700
2304780
2315861
2326941
2338022
2349103
2360183
2371264
2382345
2393426
2404506
2415587
2426668
2437748
2448829
2459910
2470990
2482071
2493152
2504234
2515313
2526394
2537474
2548555
2559636
2570716
2581797
2592878
2603958
2615039
2626120
2637200
2648281
2659362
2670442
2681523
2692604
2703684
2714766
2725846
2736926
2748007
2759088
2770168
2781249
2792330
2803410
2814491
2825572
2836653
2847733
2858814
2869895
2880975
2892056
2903137
2914217
2925298
2936379
2947459
2958540
2969621
2980701
2991782
3002862
3013943
3025024
3036105
3047185
3058266
3069347
3080427
3091508
3102589
3113669
3124750
3135831
3146911
3157992
3169073
3180153
3191234
3202315
3213395
3224476
3235557
3246637
3257718
3268799
3279879
3290960
3302041
3313121
3324202
3335283
3346364
3357444
3368525
3379605
3390686
3401767
3412847
3423928
3435009
3446089
3457170
3468251
3479331
3490412
3501494
3512574
3523654
3534735
3545816
3556896
3567977
3579057
3590138
3601219
3612300
3623380
3634461
3645542
3656622
3667703
3678784
3689864
3700945
3712026
3723106
3734187
3745268
3756348
3767429
3778510
3789590
3800671
3811752
3822832
3833913
3844994
3856075
3867155
3878236
3889316
3900397
3911478
3922558
3933639
3944720
3955801
3966881
3977962
3989043
4000123
4011204
4022284
4033365
4044446
4055527
4066608
4077688
4088768
4099849
4110930
4122010
4133091
4144172
4155253
4166335
4177414
4188495
4199575
4210656
4221737
4232817
4243898
4254979
4266059
4277140
4288221
4299301
4310382
4321463
4332543
4343624
4354705
4365785
4376866
4387947
4399027
4410108
4421189
4432269
4443350
4454431
4465512
4476592
4487673
4498755
4509835
4520915
4531995
4543076
4554157
4565237
4576318
4587399
4598480
4609560
4620641
4631721
4642802
4653883
4664963
4676045
4687125
4698206
4709287
4720367
4731448
4742528
4753609
4764690
4775770
4786851
4797932
4809012
4820093
4831174
4842254
4853335
4864416
4875496
4886577
4897658
4908739
4919819
4930900
4941981
4953061
4964142
4975222
4986303
4997384
5008464
5019545
5030626
5041706
5052787
5063868
5074948
5086029
5097110
5108191
5119271
5130352
5141433
5152513
5163594
5174674
5185755
5196836
5207917
5218997
5230078
5241159
5252239
5263320
5274401
5285481
5296562
5307643
5318723
5329804
5340885
5351965
5363046
5374127
5385207
5396288
5407368
5418449
5429530
5440611
5451691
5462772
5473853
5484933
5496014
5507095
5518176
5529256
5540337
5551417
5562498
5573578
5584659
5595740
5606821
5617902
5628982
5640063
5651143
5662224
5673305
5684386
5695466
5706547
5717627
5728708
5739789
5750870
5761950
5773031
5784112
5795192
5806273
5817354
5828434
5839515
5850596
5861676
5872757
5883838
5894919
5906000
5917079
5928160
5939241
5950322
5961402
5972483
5983564
5994644
6005725
6016806
6027886
6038967
6050048
6061128
6072209
6083290
6094371
6105451
6116532
6127612
6138693
6149774
6160854
6171935
6183016
6194096
6205177
6216258
6227338
6238419
6249500
6260581
6271661
6282742
6293823
6304903
6315984
6327066
6338145
6349226
6360307
6371387
6382468
6393549
6404629
6415710
6426790
6437871
6448952
6460033
6471113
6482194
6493276
6504356
6515436
6526517
6537597
6548678
6559759
6570839
6581920
6593001
6604081
6615162
6626243
6637323
6648404
6659485
6670565
6681646
6692727
6703808
6714888
6725969
6737049
6748130
6759211
6770291
6781372
6792453
6803533
6814614
6825695
6836776
6847856
6858937
6870017
6881098
6892179
6903260
6914340
6925421
6936502
6947582
6958663
6969744
6980824
6991905
7002985
7014066
7025147
7036228
7047308
7058389
7069470
7080550
7091631
7102712
7113792
7124873
7135954
7147035
7158115
7169196
7180276
7191357
7202438
7213518
7224599
7235680
7246761
7257841
7268922
7280002
7291083
7302164
7313244
7324325
7335406
7346486
7357567
7368648
7379729
7390809
7401890
7412970
7424051
7435132
7446213
7457293
7468374
7479455
7490536
7501617
7512697
7523777
7534858
7545939
7557019
7568100
7579181
7590261
7601342
7612423
7623503
7634584
7645665
7656746
7667826
7678907
7689988
7701069
7712149
7723229
7734310
7745391
7756471
7767552
7778633
7789713
7800794
7811875
7822955
7834036
7845117
7856197
7867278
7878359
7889440
7900521
7911601
7922681
7933762
7944843
7955924
7967004
7978085
7989166
8000246
8011327
8022408
8033488
8044569
8055649
8066730
8077811
8088892
8099972
8111053
8122134
8133214
8144295
8155375
8166457
8177537
8188617
8199698
8210779
8221860
8232940
8244021
8255102
8266182
8277263
8288344
8299425
8310505
8321586
8332666
8343747
8354828
8365908
8376989
8388069
8399150
8410231
8421312
8432392
8443473
8454554
8465634
8476715
8487797
8498877
8509957
8521038
8532119
8543199
8554280
8565361
8576441
8587522
8598602
8609683
8620764
8631845
8642925
8654006
8665086
8676167
8687248
8698329
8709409
8720490
8731571
8742651
8753732
8764813
8775893
8786974
8798054
8809135
8820216
8831297
8842377
8853458
8864539
8875619
8886700
8897781
8908861
8919942
8931023
8942103
8953184
8964265
8975345
8986426
8997507
9008587
9019668
9030749
9041829
9052910
9063991
9075072
9086152
9097233
9108314
9119394
9130475
9141556
9152639
9163717
9174798
9185878
9196959
9208040
9219120
9230201
9241281
9252362
9263443
9274524
9285604
9296685
9307766
9318847
9329927
9341007
9352088
9363169
9374250
9385330
9396411
9407492
9418572
9429653
9440734
9451814
9462895
9473976
9485057
9496138
9507218
9518298
9529379
9540460
9551540
9562621
9573702
9584782
9595863
9606944
9618024
9629105
9640186
9651267
9662347
9673428
9684509
9695589
9706670
9717751
9728831
9739912
9750992
9762074
9773154
9784235
9795315
9806396
9817478
9828557
9839638
9850719
9861799
9872880
9883961
9895042
9906122
9917202
9928283
9939364
9950445
9961525
9972606
9983687
9994767
10005848
10016929
10028009
10039090
10050171
10061251
10072332
10083413
10094494
10105574
10116655
10127735
10138816
10149897
10160977
10172058
10183139
10194219
10205300
10216381
10227461
10238542
10249623
10260704
10271784
10282865
10293945
10305026
10316107
10327188
10338268
10349349
10360429
10371510
10382591
10393671
10404752
10415833
10426913
10437994
10449075
10460156
10471236
10482318
10493398
10504478
10515559
10526640
10537720
10548801
10559882
10570962
10582043
10593124
10604204
10615285
10626366
10637446
10648527
10659608
10670688
10681769
10692850
10703930
10715011
10726092
10737173
10748253
10759334
10770415
10781495
10792576
10803657
10814737
10825818
10836899
10847979
10859060
10870140
10881221
10892302
10903383
10914463
10925544
10936625
10947705
10958786
10969866
10980947
10992028
11003109
11014189
11025270
11036351
11047431
11058512
11069593
11080673
11091754
11102835
11113915
11124996
11136077
11147158
11158238
11169319
11180399
11191480
11202561
11213641
11224722
11235803
11246883
11257964
11269045
11280126
11291206
11302287
11313367
11324448
11335529
11346609
11357690
11368771
11379852
11390932
11402013
11413093
11424174
11435255
11446335
11457416
11468497
11479578
11490659
11501739
11512819
11523900
11534981
11546062
11557142
11568223
11579304
11590384
11601465
11612546
11623626
11634707
11645788
11656868
11667949
11679030
11690111
11701191
11712272
11723352
11734433
11745514
11756594
11767675
11778756
11789836
11800917
11811998
11823078
11834159
11845240
11856320
11867401
11878482
11889563
11900643
11911724
11922805
11933885
11944966
11956047
11967127
11978208
11989288
12000369
12011450
12022531
12033611
12044692
12055773
12066853
12077934
12089015
12100095
12111176
12122257
12133337
12144418
12155498
12166579
12177660
12188740
12199821
12210902
12221983
12233063
12244144
12255225
12266305
12277386
12288467
12299548
12310628
12321709
12332789
12343870
12354951
12366031
12377112
12388193
12399274
12410354
12421435
12432515
12443596
12454677
12465758
12476839
12487920
12499000
12510080
12521161
12532241
12543322
12554403
12565484
12576564
12587645
12598725
12609806
12620887
12631967
12643049
12654129
12665210
12676290
12687371
12698452
12709532
12720613
12731694
12742774
12753855
12764936
12776016
12787097
12798178
12809258
12820339
12831420
12842500
12853581
12864662
12875743
12886823
12897904
12908984
12920065
12931146
12942226
12953307
12964388
12975468
12986549
12997630
13008710
13019791
13030872
13041952
13053033
13064114
13075195
13086275
13097356
13108436
13119517
13130598
13141679
13152759
13163840
13174921
13186001
13197082
13208162
13219243
13230324
13241405
13252485
13263566
13274647
13285727
13296808
13307890
13318969
13330050
13341131
13352211
13363292
13374373
13385453
13396535
13407614
13418695
13429776
13440857
13451937
13463018
13474099
13485180
13496260
13507341
13518421
13529502
13540583
13551664
13562744
13573825
13584905
13595986
13607067
13618148
13629228
13640309
13651389
13662470
13673551
13684632
13695712
13706793
13717874
13728954
13740035
13751115
13762196
13773277
13784357
13795438
13806519
13817600
13828680
13839761
13850842
13861922
13873004
13884084
13895164
13906245
13917326
13928406
13939487
13950568
13961648
13972729
13983810
13994890
14005971
14017052
14028132
14039213
14050294
14061374
14072455
14083536
14094616
14105697
14116778
14127858
14138939
14150020
14161101
14172181
14183262
14194343
14205423
14216504
14227584
14238665
14249746
14260826
14271910
14282988
14294069
14305149
14316230
14327311
14338391
14349472
14360552
14371633
14382714
14393794
14404875
14415956
14427037
14438117
14449198
14460279
14471360
14482441
14493521
14504601
14515682
14526763
14537843
14548924
14560005
14571085
14582166
14593247
14604327
14615408
14626489
14637569
14648650
14659731
14670812
14681892
14692973
14704054
14715134
14726215
14737296
14748376
14759457
14770538
14781618
14792699
14803779
14814860
14825941
14837022
14848102
14859183
14870264
14881345
14892425
14903506
14914586
14925667
14936748
14947829
14958909
14969990
14981070
14992151
15003231
15014312
15025393
15036474
15047554
15058635
15069716
15080796
15091877
15102958
15114038
15125119
15136200
15147281
15158361
15169442
15180522
15191603
15202684
15213764
15224845
15235926
15247006
15258087
15269168
15280248
15291329
15302410
15313490
15324571
15335652
15346733
15357813
15368894
15379974
15391055
15402136
15413216
15424297
15435378
15446459
15457539
15468621
15479701
15490781
15501862
15512943
15524023
15535104
15546185
15557265
15568346
15579427
15590507
15601588
15612669
15623749
15634830
15645911
15656991
15668073
15679153
15690234
15701314
15712395
15723475
15734556
15745637
15756717
15767798
15778879
15789959
15801040
15812121
15823202
15834282
15845363
15856444
15867525
15878605
15889686
15900766
15911847
15922927
15934008
15945089
15956170
15967250
15978331
15989412
16000492
16011573
16022654
16033734
16044815
16055896
16066976
16078058
16089138
16100218
16111299
16122380
16133460
16144541
16155622
16166702
16177783
16188864
16199944
16211025
16222106
16233186
16244267
16255348
16266429
16277509
16288590
16299670
16310751
16321832
16332912
16343993
16355074
16366154
16377235
16388316
16399396
16410477
16421558
16432639
16443719
16454800
16465882
16476962
16488042
16499122
16510203
16521284
16532365
16543445
16554526
16565606
16576687
16587768
16598848
16609929
16621010
16632091
16643171
16654252
16665333
16676414
16687494
16698575
16709655
16720736
16731817
16742897
16753978
16765059
16776139
16787220
16798301
16809381
16820462
16831543
16842623
16853704
16864785
16875866
16886946
16898027
16909107
16920188
16931269
16942349
16953430
16964511
16975591
16986672
16997753
17008834
17019914
17030995
17042076
17053156
17064237
17075318
17086398
17097479
17108560
17119640
17130721
17141801
17152882
17163963
17175044
17186124
17197205
17208286
17219366
17230447
17241528
17252608
17263689
17274770
17285850
17296931
17308012
17319092
17330173
17341254
17352335
17363415
17374496
17385576
17396657
17407738
17418818
17429899
17440980
17452060
17463142
17474222
17485303
17496383
17507464
17518545
17529625
17540705
17551786
17562866
17573947
17585028
17596108
17607189
17618270
17629351
17640431
17651512
17662593
17673673
17684754
17695834
17706915
17717996
17729076
17740157
17751238
17762318
17773399
17784480
17795560
17806641
17817722
17828803
17839883
17850964
17862045
17873126
17884206
17895286
17906367
17917448
17928528
17939609
17950690
17961771
17972851
17983932
17995012
18006093
18017174
18028254
18039335
18050416
18061497
18072577
18083658
18094738
18105819
18116900
18127981
18139061
18150142
18161223
18172303
18183384
18194465
18205545
18216626
18227707
18238788
18249868
18260949
18272029
18283110
18294191
18305271
18316352
18327433
18338514
18349594
18360675
18371755
18382836
18393917
18404997
18416078
18427159
18438240
18449320
18460401
18471481
18482562
18493643
18504723
18515804
18526885
18537965
18549046
18560127
18571207
18582288
18593369
18604449
18615530
18626611
18637692
18648772
18659853
18670934
18682014
18693095
18704176
18715256
18726337
18737418
18748499
18759579
18770660
18781740
18792821
18803902
18814982
18826063
18837144
18848225
18859305
18870386
18881466
18892547
18903628
18914708
18925789
18936870
18947950
18959031
18970112
18981192
18992273
19003354
19014434
19025515
19036596
19047676
19058758
19069838
19080918
19091999
19103080
19114160
19125241
19136322
19147403
19158483
19169564
19180645
19191725
19202806
19213886
19224967
19236048
19247129
19258209
19269290
19280371
19291452
19302532
19313613
19324693
19335774
19346855
19357935
19369016
19380097
19391177
19402258
19413342
19424419
19435500
19446581
19457662
19468742
19479823
19490903
19501984
19513065
19524145
19535226
19546307
19557387
19568468
19579549
19590629
19601710
19612791
19623871
19634952
19646033
19657114
19668194
19679275
19690355
19701436
19712517
19723597
19734678
19745759
19756840
19767920
19779001
19790082
19801162
19812243
19823324
19834404
19845485
19856566
19867647
19878727
19889808
19900888
19911969
19923050
19934130
19945211
19956292
19967372
19978453
19989534
20000614
20011695
20022776
20033856
20044937
20056018
20067098
20078179
20089260
20100340
20111421
20122502
20133582
20144663
20155744
20166824
20177905
20188986
20200066
20211147
20222228
20233309
20244389
20255470
20266550
20277631
20288712
20299792
20310873
20321954
20333034
20344115
20355196
20366276
20377357
20388438
20399519
20410599
20421680
20432761
20443841
20454923
20466003
20477083
20488164
20499245
20510325
20521406
20532487
20543567
20554648
20565729
20576809
20587890
20598971
20610051
20621132
20632213
20643294
20654374
20665455
20676535
20687616
20698697
20709777
20720858
20731939
20743020
20754101
20765182
20776262
20787343
20798424
20809504
20820585
20831666
20842746
20853827
20864908
20875988
20887069
20898150
20909230
20920311
20931392
20942472
20953554
20964634
20975714
20986795
20997876
21008957
21020037
21031118
21042199
21053279
21064361
21075441
21086521
21097602
21108682
21119763
21130844
21141925
21153005
21164086
21175167
21186247
21197328
21208408
21219489
21230570
21241651
21252731
21263813
21274893
21285973
21297054
21308135
21319215
21330296
21341377
21352457
21363538
21374619
21385700
21396780
21407861
21418941
21430022
21441103
21452184
21463264
21474345
21485425
21496506
21507587
21518668
21529748
21540829
21551909
21562990
21574071
21585151
21596232
21607313
21618395
21629474
21640555
21651636
21662716
21673797
21684878
21695958
21707039
21718119
21729200
21740281
21751362
21762442
21773523
21784604
21795684
21806765
21817845
21828926
21840007
21851088
21862169
21873249
21884330
21895410
21906491
21917572
21928652
21939733
21950814
21961894
21972975
21984056
21995136
22006217
22017298
22028378
22039459
22050540
22061621
22072701
22083782
22094862
22105943
22117024
22128104
22139185
22150266
22161346
22172427
22183508
22194589
22205669
22216750
22227831
22238911
22249992
22261073
22272153
22283234
22294315
22305395
22316476
22327557
22338637
22349718
22360799
22371879
22382960
22394041
22405121
22416202
22427283
22438364
22449445
22460525
22471605
22482686
22493767
22504847
22515928
22527009
22538089
22549170
22560251
22571331
22582412
22593492
22604573
22615654
22626735
22637815
22648897
22659977
22671057
22682138
22693219
22704299
22715380
22726461
22737541
22748623
22759703
22770784
22781864
22792945
22804025
22815106
22826187
22837268
22848349
22859430
22870510
22881590
22892671
22903752
22914832
22925913
22936994
22948074
22959155
22970235
22981316
22992397
23003478
23014558
23025639
23036720
23047801
23058881
23069962
23081042
23092123
23103204
23114285
23125365
23136446
23147526
23158607
23169688
23180768
23191849
23202930
23214010
23225091
23236172
23247253
23258333
23269414
23280494
23291575
23302656
23313736
23324817
23335898
23346978
23358059
23369140
23380221
23391301
23402382
23413463
23424543
23435624
23446705
23457785
23468866
23479947
23491027
23502108
23513189
23524269
23535350
23546430
23557511
23568592
23579673
23590753
23601834
23612914
23623995
23635076
23646157
23657237
23668318
23679399
23690479
23701560
23712641
23723722
23734802
23745883
23756963
23768044
23779126
23790205
23801286
23812367
23823447
23834528
23845609
23856690
23867770
23878851
23889931
23901012
23912093
23923173
23934254
23945335
23956415
23967496
23978577
23989657
24000738
24011819
24022900
24033980
24045061
24056142
24067222
24078303
24089384
24100464
24111545
24122625
24133706
24144787
24155868
24166948
24178029
24189110
24200190
24211271
24222352
24233432
24244513
24255594
24266675
24277755
24288836
24299916
24310997
24322078
24333158
24344239
24355320
24366400
24377481
24388562
24399642
24410723
24421804
24432884
24443967
24455046
24466127
24477207
24488288
24499368
24510449
24521530
24532610
24543691
24554772
24565853
24576933
24588014
24599095
24610175
24621256
24632336
24643417
24654499
24665579
24676659
24687740
24698821
24709901
24720982
24732062
24743143
24754224
24765305
24776385
24787466
24798547
24809627
24820708
24831788
24842869
24853950
24865031
24876111
24887192
24898273
24909353
24920434
24931515
24942595
24953676
24964757
24975837
24986918
24997999
25009080
25020160
25031241
25042321
25053402
25064483
25075563
25086644
25097725
25108806
25119886
25130967
25142047
25153128
25164209
25175290
25186370
25197451
25208531
25219612
25230693
25241774
25252854
25263935
25275015
25286096
25297177
25308258
25319338
25330419
25341500
25352580
25363661
25374742
25385822
25396903
25407984
25419064
25430145
25441226
25452306
25463387
25474467
25485548
25496629
25507710
25518790
25529871
25540952
25552032
25563113
25574194
25585274
25596355
25607436
25618516
25629597
25640678
25651759
25662839
25673920
25685000
25696081
25707162
25718242
25729323
25740404
25751484
25762565
25773646
25784726
25795807
25806888
25817968
25829049
25840130
25851211
25862291
25873372
25884452
25895533
25906614
25917694
25928775
25939856
25950936
25962017
25973098
25984179
25995259
26006340
26017421
26028501
26039583
26050663
26061743
26072824
26083904
26094985
26106066
26117147
26128227
26139308
26150388
26161469
26172550
26183630
26194711
26205792
26216872
26227953
26239034
26250115
26261196
26272276
26283357
26294437
26305518
26316599
26327679
26338760
26349841
26360921
26372002
26383083
26394164
26405244
26416325
26427406
26438487
26449567
26460648
26471728
26482809
26493890
26504970
26516051
26527131
26538212
26549293
26560374
26571454
26582535
26593616
26604698
26615777
26626858
26637938
26649019
26660100
26671180
26682261
26693342
26704422
26715503
26726584
26737664
26748745
26759826
26770906
26781987
26793068
26804148
26815229
26826310
26837390
26848472
26859552
26870632
26881713
26892794
26903874
26914955
26926036
26937116
26948197
26959278
26970359
26981439
26992520
27003600
27014681
27025762
27036843
27047924
27059004
27070085
27081165
27092246
27103326
27114408
27125488
27136569
27147649
27158730
27169810
27180891
27191972
27203053
27214133
27225214
27236295
27247375
27258456
27269538
27280617
27291698
27302779
27313859
27324940
27336021
27347101
27358182
27369262
27380343
27391424
27402505
27413585
27424666
27435748
27446828
27457908
27468989
27480069
27491150
27502231
27513312
27524392
27535473
27546553
27557634
27568715
27579795
27590876
27601957
27613037
27624118
27635199
27646280
27657360
27668441
27679522
27690602
27701683
27712763
27723844
27734925
27746006
27757086
27768167
27779248
27790328
27801409
27812489
27823570
27834651
27845732
27856812
27867893
27878974
27890054
27901135
27912216
27923296
27934377
27945458
27956538
27967619
27978700
27989780
28000861
28011942
28023022
28034103
28045185
28056264
28067345
28078426
28089506
28100587
28111668
28122748
28133829
28144910
28155990
28167071
28178152
28189232
28200313
28211394
28222475
28233556
28244636
28255716
28266797
28277878
28288959
28300039
28311120
28322201
28333281
28344362
28355442
28366523
28377604
28388685
28399765
28410846
28421927
28433008
28444088
28455168
28466249
28477330
28488411
28499491
28510572
28521653
28532733
28543814
28554895
28565975
28577056
28588137
28599218
28610298
28621379
28632459
28643540
28654621
28665701
28676782
28687863
28698943
28710024
28721105
28732185
28743266
28754347
28765427
28776508
28787589
28798670
28809750
28820831
28831912
28842992
28854073
28865153
28876234
28887315
28898396
28909476
28920557
28931637
28942718
28953799
28964880
28975960
28987041
28998122
29009202
29020283
29031364
29042445
29053525
29064606
29075686
29086767
29097848
29108928
29120009
29131090
29142170
29153251
29164332
29175412
29186493
29197574
29208654
29219735
29230816
29241897
29252977
29264058
29275138
29286219
29297300
29308380
29319461
29330542
29341622
29352703
29363784
29374864
29385945
29397026
29408106
29419187
29430269
29441349
29452429
29463510
29474591
29485671
29496752
29507833
29518913
29529994
29541075
29552155
29563236
29574316
29585397
29596478
29607558
29618639
29629721
29640801
29651882
29662962
29674042
29685123
29696204
29707284
29718365
29729446
29740527
29751607
29762688
29773769
29784849
29795930
29807011
29818091
29829172
29840253
29851334
29862414
29873494
29884575
29895656
29906737
29917817
29928898
29939980
29951059
29962140
29973221
29984302
29995382
30006463
30017544
30028624
30039705
30050785
30061866
30072947
30084028
30095108
30106189
30117270
30128350
30139431
30150512
30161592
30172673
30183754
30194834
30205915
30216995
30228076
30239158
30250237
30261318
30272399
30283480
30294560
30305641
30316722
30327802
30338883
30349964
30361044
30372125
30383206
30394286
30405367
30416448
30427529
30438610
30449690
30460770
30471851
30482932
30494012
30505094
30516174
30527254
30538335
30549416
30560497
30571577
30582658
30593739
30604819
30615900
30626981
30638061
30649142
30660222
30671303
30682384
30693465
30704545
30715626
30726707
30737787
30748868
30759949
30771029
30782110
30793191
30804271
30815352
30826433
30837513
30848594
30859675
30870755
30881836
30892917
30903997
30915078
30926158
30937239
30948320
30959401
30970481
30981562
30992642
31003723
31014804
31025885
31036966
31048046
31059127
31070208
31081288
31092369
31103449
31114530
31125611
31136692
31147772
31158853
31169934
31181014
31192095
31203175
31214256
31225337
31236418
31247498
31258579
31269660
31280740
31291821
31302901
31313982
31325063
31336144
31347224
31358305
31369386
31380466
31391547
31402628
31413708
31424790
31435870
31446951
31458031
31469112
31480193
31491273
31502354
31513434
31524515
31535596
31546676
31557757
31568838
31579919
31591001
31602080
31613160
31624241
31635322
31646402
31657483
31668564
31679644
31690725
31701806
31712886
31723967
31735048
31746129
31757209
31768290
31779371
31790451
31801532
31812613
31823693
31834774
31845855
31856935
31868016
31879097
31890177
31901258
31912339
31923419
31934500
31945581
31956661
31967742
31978823
31989903
32000984
32012065
32023145
32034226
32045307
32056387
32067468
32078548
32089629
32100710
32111791
32122871
32133952
32145033
32156113
32167194
32178275
32189355
32200436
32211517
32222598
32233679
32244759
32255840
32266920
32278001
32289081
32300162
32311243
32322323
32333404
32344485
32355565
32366646
32377727
32388807
32399888
32410969
32422050
32433131
32444211
32455292
32466372
32477453
32488533
32499614
32510695
32521776
32532856
32543937
32555018
32566098
32577179
32588260
32599340
32610421
32621502
32632582
32643663
32654744
32665824
32676905
32687985
32699066
32710147
32721228
32732308
32743389
32754470
32765551
32776631
32787712
32798792
32809873
32820954
32832035
32843115
32854196
32865276
32876357
32887438
32898518
32909599
32920681
32931760
32942841
32953922
32965002
32976084
32987164
32998245
33009325
33020406
33031487
33042568
33053648
33064729
33075809
33086890
33097971
33109051
33120132
33131213
33142293
33153374
33164454
33175535
33186616
33197696
33208777
33219858
33230939
33242019
33253100
33264181
33275261
33286342
33297423
33308503
33319584
33330665
33341745
33352826
33363906
33374987
33386068
33397149
33408229
33419311
33430391
33441471
33452552
33463633
33474714
33485794
33496875
33507955
33519036
33530117
33541197
33552278
33563358
33574440
33585520
33596601
33607682
33618762
33629843
33640924
33652004
33663085
33674165
33685246
33696327
33707408
33718488
33729569
33740650
33751731
33762811
33773892
33784972
33796053
33807134
33818214
33829295
33840376
33851456
33862537
33873618
33884698
33895779
33906860
33917940
33929021
33940102
33951182
33962263
33973344
33984424
33995505
34006586
34017666
34028748
34039828
34050909
34061989
34073070
34084150
34095231
34106313
34117392
34128473
34139554
34150635
34161715
34172796
34183876
34194957
34206038
34217119
34228200
34239280
34250361
34261442
34272522
34283602
34294683
34305764
34316845
34327925
34339006
34350087
34361168
34372248
34383329
34394409
34405490
34416571
34427652
34438732
34449813
34460894
34471974
34483055
34494135
34505216
34516297
34527377
34538458
34549539
34560619
34571700
34582781
34593861
34604942
34616023
34627104
34638184
34649265
34660345
34671426
34682507
34693587
34704668
34715749
34726830
34737910
34748991
34760071
34771152
34782233
34793313
34804394
34815475
34826556
34837636
34848717
34859797
34870878
34881960
34893040
34904120
34915201
34926281
34937362
34948443
34959524
34970604
34981685
34992766
35003846
35014927
35026008
35037088
35048169
35059250
35070330
35081411
35092492
35103572
35114653
35125734
35136814
35147895
35158976
35170056
35181137
35192218
35203298
35214379
35225460
35236540
35247621
35258702
35269782
35280863
35291944
35303025
35314105
35325186
35336267
35347347
35358428
35369508
35380589
35391670
35402751
35413832
35424913
35435993
35447073
35458154
35469234
35480315
35491396
35502477
35513557
35524638
35535719
35546800
35557880
35568960
35580041
35591122
35602202
35613283
35624364
35635445
35646525
35657606
35668687
35679767
35690848
35701929
35713009
35724090
35735171
35746252
35757332
35768413
35779493
35790574
35801655
35812736
35823816
35834897
35845978
35857058
35868139
35879219
35890300
35901381
35912463
35923542
35934623
35945704
35956785
35967865
35978946
35990026
36001107
36012189
36023268
36034349
36045430
36056510
36067591
36078672
36089752
36100833
36111914
36122994
36134075
36145156
36156236
36167317
36178397
36189478
36200559
36211640
36222720
36233801
36244882
36255962
36267043
36278124
36289204
36300285
36311366
36322446
36333527
36344608
36355688
36366769
36377850
36388930
36400011
36411092
36422172
36433253
36444334
36455415
36466495
36477576
36488656
36499737
36510818
36521898
36532979
36544060
36555141
36566221
36577302
36588383
36599463
36610544
36621625
36632705
36643786
36654867
36665947
36677028
36688109
36699189
36710270
36721351
36732431
36743512
36754593
36765673
36776754
36787835
36798915
36809997
36821077
36832158
36843238
36854318
36865399
36876480
36887561
36898641
36909722
36920803
36931884
36942964
36954045
36965125
36976206
36987287
36998368
37009448
37020529
37031610
37042690
37053771
37064851
37075932
37087013
37098094
37109174
37120255
37131335
37142417
37153497
37164578
37175658
37186739
37197820
37208900
37219982
37231061
37242143
37253223
37264304
37275384
37286465
37297546
37308626
37319707
37330788
37341868
37352949
37364030
37375110
37386191
37397272
37408353
37419434
37430514
37441594
37452675
37463756
37474836
37485917
37496998
37508078
37519159
37530240
37541320
37552401
37563482
37574563
37585643
37596724
37607804
37618886
37629966
37641046
37652127
37663208
37674289
37685369
37696450
37707531
37718611
37729692
37740773
37751853
37762934
37774015
37785095
37796176
37807257
37818338
37829418
37840499
37851579
37862660
37873741
37884821
37895902
37906983
37918063
37929144
37940225
37951305
37962386
37973467
37984547
37995628
38006709
38017790
38028870
38039951
38051031
38062112
38073194
38084273
38095354
38106435
38117515
38128596
38139677
38150757
38161838
38172919
38183999
38195080
38206161
38217242
38228322
38239403
38250483
38261564
38272645
38283726
38294806
38305887
38316967
38328048
38339129
38350209
38361290
38372371
38383452
38394532
38405614
38416695
38427775
38438855
38449936
38461016
38472097
38483178
38494258
38505339
38516420
38527500
38538581
38549661
38560742
38571823
38582904
38593984
38605065
38616146
38627226
38638307
38649388
38660468
38671549
38682630
38693711
38704791
38715872
38726952
38738033
38749114
38760194
38771275
38782356
38793437
38804517
38815598
38826678
38837759
38848840
38859921
38871001
38882082
38893163
38904243
38915324
38926405
38937485
38948566
38959647
38970727
38981808
38992889
39003969
39015051
39026131
39037211
39048292
39059373
39070453
39081534
39092615
39103695
39114776
39125857
39136937
39148018
39159099
39170180
39181260
39192341
39203422
39214503
39225583
39236663
39247744
39258825
39269905
39280986
39292067
39303148
39314228
39325309
39336390
39347470
39358551
39369632
39380712
39391793
39402874
39413954
39425035
39436116
39447196
39458277
39469357
39480438
39491519
39502600
39513680
39524761
39535842
39546922
39558003
39569083
39580164
39591245
39602326
39613406
39624487
39635568
39646648
39657729
39668810
39679890
39690971
39702052
39713132
39724213
39735294
39746374
39757455
39768536
39779616
39790697
39801778
39812858
39823939
39835020
39846100
39857181
39868262
39879342
39890423
39901504
39912584
39923665
39934746
39945826
39956907
39967988
39979069
39990149
40001230
40012311
40023391
40034472
40045552
40056633
40067714
40078795
40089875
40100956
40112037
40123117
40134198
40145278
40156359
40167440
40178521
40189601
40200682
40211763
40222843
40233925
40245005
40256085
40267166
40278247
40289327
40300408
40311488
40322569
40333651
40344730
40355811
40366892
40377973
40389053
40400135
40411215
40422295
40433376
40444457
40455538
40466618
40477699
40488779
40499860
40510941
40522022
40533102
40544183
40555264
40566344
40577425
40588505
40599586
40610667
40621748
40632828
40643909
40654990
40666070
40677151
40688231
40699312
40710393
40721474
40732554
40743635
40754716
40765796
40776877
40787958
40799040
40810119
40821200
40832280
40843361
40854442
40865522
40876603
40887684
40898764
40909845
40920926
40932006
40943087
40954168
40965248
40976329
40987410
40998490
41009572
41020652
41031733
41042813
41053894
41064974
41076055
41087136
41098216
41109297
41120378
41131459
41142539
41153620
41164700
41175781
41186862
41197943
41209023
41220104
41231185
41242265
41253346
41264427
41275507
41286588
41297669
41308749
41319830
41330911
41341991
41353072
41364153
41375233
41386314
41397395
41408476
41419556
41430637
41441717
41452798
41463879
41474959
41486040
41497121
41508201
41519282
41530363
41541443
41552524
41563606
41574685
41585766
41596847
41607927
41619008
41630089
41641169
41652250
41663331
41674412
41685492
41696573
41707654
41718734
41729815
41740896
41751976
41763057
41774138
41785218
41796299
41807380
41818460
41829541
41840621
41851702
41862783
41873864
41884944
41896025
41907106
41918186
41929267
41940347
41951428
41962509
41973590
41984670
41995751
42006832
42017912
42028993
42040074
42051154
42062235
42073316
42084396
42095477
42106558
42117638
42128719
42139800
42150880
42161961
42173042
42184123
42195203
42206284
42217365
42228445
42239526
42250606
42261687
42272768
42283849
42294929
42306010
42317090
42328171
42339252
42350333
42361413
42372494
42383575
42394656
42405736
42416817
42427897
42438978
42450059
42461139
42472220
42483301
42494381
42505462
42516543
42527623
42538704
42549785
42560865
42571946
42583027
42594108
42605188
42616269
42627349
42638430
42649511
42660591
42671672
42682753
42693833
42704914
42715995
42727075
42738156
42749237
42760317
42771398
42782479
42793560
42804640
42815721
42826802
42837882
42848963
42860043
42871124
42882205
42893285
42904366
42915447
42926527
42937608
42948689
42959770
42970850
42981931
42993012
43004092
43015173
43026254
43037334
43048415
43059497
43070576
43081657
43092738
43103818
43114899
43125980
43137060
43148141
43159222
43170302
43181383
43192464
43203545
43214625
43225706
43236786
43247867
43258948
43270028
43281109
43292190
43303270
43314352
43325432
43336512
43347593
43358674
43369754
43380835
43391917
43402997
43414077
43425158
43436238
43447319
43458400
43469480
43480561
43491642
43502722
43513803
43524884
43535965
43547045
43558126
43569208
43580287
43591368
43602449
43613529
43624610
43635691
43646771
43657852
43668933
43680013
43691094
43702175
43713255
43724337
43735417
43746497
43757578
43768659
43779740
43790820
43801901
43812981
43824062
43835143
43846223
43857304
43868385
43879466
43890546
43901627
43912707
43923788
43934869
43945950
43957030
43968111
43979192
43990272
44001353
44012434
44023514
44034595
44045676
44056756
44067837
44078917
44089998
44101079
44112160
44123240
44134321
44145402
44156482
44167563
44178644
44189724
44200806
44211886
44222966
44234047
44245128
44256208
44267289
44278370
44289450
44300531
44311612
44322692
44333773
44344854
44355934
44367015
44378096
44389177
44400257
44411338
44422418
44433499
44444580
44455660
44466741
44477822
44488902
44499983
44511064
44522145
44533225
44544306
44555386
44566467
44577548
44588629
44599709
44610790
44621871
44632951
44644032
44655113
44666193
44677274
44688355
44699436
44710516
44721596
44732677
44743758
44754838
44765919
44777000
44788081
44799161
44810242
44821323
44832403
44843484
44854565
44865645
44876726
44887806
44898888
44909968
44921049
44932129
44943210
44954291
44965371
44976452
44987533
44998614
45009694
45020775
45031855
45042936
45054017
45065098
45076178
45087259
45098340
45109420
45120501
45131581
45142662
45153743
45164824
45175904
45186985
45198066
45209146
45220228
45231307
45242388
45253469
45264550
45275630
45286711
45297792
45308872
45319953
45331034
45342114
45353195
45364275
45375356
45386438
45397518
45408598
45419679
45430760
45441840
45452921
45464001
45475083
45486163
45497244
45508324
45519405
45530486
45541566
45552647
45563728
45574808
45585890
45596970
45608050
45619131
45630212
45641292
45652373
45663454
45674534
45685615
45696696
45707777
45718857
45729938
45741018
45752099
45763180
45774261
45785341
45796422
45807503
45818583
45829664
45840744
45851825
45862906
45873987
45885067
45896148
45907228
45918309
45929390
45940471
45951551
45962632
45973713
45984793
45995874
46006955
46018035
46029116
46040197
46051277
46062358
46073439
46084519
46095600
46106681
46117761
46128842
46139923
46151004
46162084
46173165
46184246
46195326
46206407
46217487
46228568
46239649
46250730
46261810
46272891
46283972
46295052
46306133
46317214
46328294
46339375
46350456
46361536
46372617
46383699
46394779
46405859
46416940
46428020
46439101
46450182
46461262
46472343
46483424
46494504
46505585
46516666
46527746
46538827
46549908
46560988
46572069
46583150
46594230
46605311
46616392
46627472
46638553
46649634
46660715
46671795
46682876
46693956
46705037
46716119
46727198
46738279
46749360
46760441
46771521
46782602
46793682
46804763
46815844
46826925
46838005
46849086
46860166
46871247
46882328
46893409
46904489
46915570
46926651
46937731
46948812
46959892
46970974
46982054
46993135
47004215
47015296
47026377
47037457
47048538
47059619
47070699
47081780
47092861
47103941
47115022
47126103
47137183
47148264
47159345
47170425
47181506
47192587
47203667
47214748
47225829
47236909
47247990
47259071
47270151
47281232
47292313
47303394
47314474
47325555
47336636
47347716
47358797
47369878
47380959
47392039
47403120
47414200
47425281
47436361
47447442
47458523
47469603
47480684
47491765
47502846
47513926
47525007
47536088
47547168
47558249
47569330
47580410
47591491
47602572
47613652
47624733
47635814
47646894
47657975
47669056
47680136
47691217
47702298
47713378
47724459
47735540
47746620
47757701
47768782
47779863
47790943
47802024
47813104
47824185
47835266
47846347
47857427
47868508
47879589
47890669
47901750
47912830
47923911
47934992
47946072
47957153
47968234
47979315
47990395
48001476
48012556
48023637
48034718
48045799
48056879
48067960
48079041
48090121
48101202
48112283
48123363
48134444
48145525
48156605
48167686
48178767
48189848
48200928
48212009
48223089
48234170
48245251
48256331
48267412
48278493
48289573
48300654
48311735
48322815
48333896
48344977
48356057
48367138
48378220
48389300
48400380
48411461
48422542
48433622
48444703
48455783
48466864
48477945
48489026
48500106
48511187
48522268
48533348
48544429
48555510
48566590
48577671
48588752
48599832
48610913
48621994
48633074
48644155
48655235
48666316
48677397
48688478
48699558
48710639
48721720
48732800
48743881
48754962
48766042
48777127
48788204
48799284
48810365
48821446
48832526
48843607
48854687
48865768
48876850
48887930
48899010
48910091
48921173
48932252
48943333
48954414
48965494
48976576
48987656
48998737
49009817
49020898
49031978
49043059
49054140
49065221
49076301
49087382
49098462
49109543
49120624
49131705
49142785
49153866
49164947
49176027
49187108
49198188
49209269
49220350
49231431
49242511
49253592
49264673
49275753
49286834
49297914
49308995
49320076
49331157
49342237
49353318
49364399
49375481
49386560
49397641
49408721
49419802
49430883
49441963
49453044
49464125
49475205
49486286
49497367
49508447
49519528
49530609
49541690
49552770
49563851
49574932
49586012
49597093
49608173
49619254
49630335
49641416
49652496
49663577
49674658
49685738
49696819
49707900
49718980
49730061
49741142
49752222
49763303
49774384
49785464
49796545
49807626
49818706
49829787
49840868
49851948
49863029
49874110
49885190
49896271
49907352
49918432
49929513
49940594
49951674
49962755
49973836
49984916
49995997
50007078
50018158
50029239
50040320
50051401
50062481
50073562
50084642
50095723
50106804
50117884
50128965
50140046
50151126
50162207
50173288
50184369
50195449
50206531
50217611
50228691
50239772
50250852
50261933
50273014
50284094
50295175
50306256
50317337
50328417
50339498
50350578
50361659
50372741
50383821
50394901
50405982
50417062
50428143
50439224
50450304
50461385
50472466
50483547
50494627
50505708
50516790
50527869
50538950
50550031
50561111
50572192
50583273
50594353
50605434
50616515
50627595
50638676
50649757
50660838
50671918
50682999
50694079
50705160
50716241
50727321
50738402
50749483
50760564
50771644
50782725
50793805
50804886
50815967
50827048
50838128
50849209
50860290
50871370
50882451
50893531
50904612
50915693
50926774
50937854
50948935
50960016
50971096
50982177
50993258
51004338
51015419
51026500
51037582
51048661
51059742
51070822
51081903
51092984
51104064
51115145
51126226
51137306
51148387
51159468
51170549
51181630
51192710
51203791
51214871
51225952
51237033
51248113
51259194
51270274
51281355
51292436
51303516
51314597
51325678
51336759
51347839
51358920
51370002
51381082
51392162
51403243
51414323
51425404
51436485
51447565
51458646
51469727
51480807
51491888
51502969
51514049
51525130
51536210
51547291
51558372
51569453
51580534
51591614
51602695
51613775
51624856
51635937
51647017
51658098
51669179
51680259
51691340
51702422
51713501
51724582
51735663
51746743
51757824
51768905
51779985
51791066
51802147
51813228
51824308
51835389
51846469
51857550
51868631
51879711
51890792
51901873
51912954
51924034
51935115
51946195
51957276
51968357
51979438
51990518
52001599
52012680
52023760
52034841
52045921
52057002
52068083
52079164
52090244
52101325
52112405
52123486
52134567
52145648
52156728
52167815
52178890
52189970
52201051
52212132
52223212
52234293
52245374
52256454
52267541
52278616
52289696
52300777
52311858
52322938
52334019
52345100
52356180
52367261
52378342
52389423
52400503
52411584
52422665
52433745
52444826
52455907
52466987
52478068
52489148
52500229
52511310
52522391
52533471
52544552
52555633
52566713
52577794
52588874
52599955
52611036
52622117
52633197
52644278
52655359
52666439
52677520
52688601
52699681
52710762
52721843
52732923
52744004
52755085
52766165
52777246
52788327
52799407
52810488
52821569
52832650
52843730
52854811
52865891
52876972
52888053
52899133
52910214
52921295
52932375
52943456
52954537
52965618
52976698
52987779
52998860
53009940
53021021
53032101
53043182
53054263
53065343
53076424
53087505
53098586
53109666
53120747
53131828
53142908
53153989
53165070
53176151
53187231
53198312
53209392
53220473
53231554
53242635
53253715
53264796
53275876
53286957
53298038
53309118
53320199
53331280
53342360
53353441
53364523
53375603
53386683
53397764
53408844
53419925
53431006
53442086
53453167
53464248
53475328
53486409
53497490
53508570
53519651
53530732
53541812
53552893
53563975
53575055
53586135
53597216
53608297
53619377
53630458
53641538
53652619
53663700
53674780
53685861
53696942
53708023
53719103
53730184
53741264
53752345
53763426
53774507
53785587
53796668
53807749
53818829
53829910
53840991
53852071
53863152
53874233
53885313
53896394
53907475
53918555
53929636
53940717
53951797
53962878
53973959
53985039
53996120
54007201
54018281
54029362
54040443
54051523
54062604
54073685
54084765
54095846
54106927
54118008
54129088
54140169
54151250
54162330
54173411
54184491
54195572
54206653
54217734
54228815
54239895
54250976
54262056
54273137
54284218
54295298
54306379
54317460
54328540
54339621
54350702
54361784
54372864
54383944
54395024
54406105
54417186
54428267
54439347
54450428
54461508
54472589
54483670
54494750
54505831
54516912
54527992
54539073
54550154
54561235
54572316
54583396
54594476
54605557
54616638
54627718
54638799
54649880
54660961
54672041
54683122
54694202
54705283
54716364
54727444
54738525
54749606
54760687
54771767
54782848
54793928
54805009
54816090
54827170
54838251
54849332
54860413
54871493
54882574
54893655
54904735
54915816
54926897
54937977
54949058
54960139
54971219
54982300
54993381
55004461
55015542
55026623
55037703
55048784
55059865
55070945
55082026
55093107
55104187
55115268
55126349
55137429
55148510
55159591
55170672
55181752
55192833
55203913
55214994
55226075
55237155
55248236
55259317
55270397
55281478
55292559
55303640
55314720
55325801
55336881
55347962
55359043
55370124
55381204
55392285
55403365
55414446
55425527
55436608
55447688
55458769
55469849
55480930
55492011
55503092
55514172
55525253
55536334
55547414
55558495
55569576
55580656
55591737
55602818
55613898
55624979
55636060
55647140
55658221
55669302
55680382
55691463
55702544
55713624
55724705
55735786
55746866
55757947
55769028
55780108
55791189
55802270
55813351
55824431
55835512
55846593
55857673
55868754
55879835
55890915
55901996
55913077
55924157
55935238
55946319
55957399
55968480
55979561
55990641
56001722
56012802
56023883
56034964
56046045
56057125
56068206
56079287
56090367
56101448
56112529
56123609
56134690
56145771
56156851
56167932
56179013
56190093
56201174
56212255
56223335
56234416
56245497
56256577
56267658
56278739
56289819
56300900
56311981
56323062
56334142
56345223
56356304
56367384
56378465
56389546
56400626
56411707
56422788
56433868
56444949
56456030
56467110
56478191
56489272
56500352
56511433
56522513
56533594
56544675
56555756
56566837
56577917
56588998
56600078
56611159
56622240
56633320
56644401
56655482
56666562
56677643
56688724
56699804
56710885
56721966
56733046
56744127
56755208
56766289
56777369
56788450
56799530
56810611
56821692
56832772
56843853
56854934
56866014
56877095
56888176
56899257
56910337
56921418
56932499
56943579
56954660
56965741
56976821
56987902
56998983
57010063
57021144
57032224
57043305
57054386
57065467
57076547
57087628
57098709
57109789
57120870
57131951
57143031
57154112
57165193
57176273
57187354
57198435
57209515
57220596
57231677
57242757
57253838
57264918
57275999
57287080
57298161
57309242
57320322
57331403
57342483
57353565
57364645
57375725
57386806
57397887
57408967
57420049
57431129
57442209
57453290
57464371
57475452
57486532
57497613
57508694
57519774
57530855
57541936
57553016
57564097
57575178
57586258
57597339
57608419
57619500
57630581
57641661
57652742
57663823
57674904
57685984
57697065
57708146
57719226
57730307
57741388
57752468
57763549
57774630
57785710
57796791
57807872
57818952
57830033
57841114
57852194
57863275
57874356
57885436
57896517
57907598
57918678
57929759
57940840
57951920
57963001
57974082
57985162
57996243
58007324
58018404
58029485
58040566
58051647
58062727
58073808
58084889
58095969
58107050
58118130
58129211
58140292
58151373
58162453
58173534
58184614
58195695
58206776
58217856
58228937
58240018
58251099
58262179
58273260
58284341
58295421
58306502
58317583
58328663
58339744
58350827
58361906
58372986
58384067
58395147
58406228
58417309
58428389
58439470
58450551
58461631
58472712
58483793
58494873
58505954
58517035
58528116
58539196
58550278
58561358
58572438
58583519
58594599
58605680
58616761
58627842
58638922
58650003
58661083
58672164
58683245
58694325
58705406
58716487
58727568
58738648
58749729
58760810
58771890
58782971
58794051
58805132
58816213
58827294
58838374
58849455
58860536
58871616
58882697
58893777
58904858
58915939
58927020
58938100
58949181
58960262
58971342
58982423
58993503
59004584
59015667
59026746
59037826
59048907
59059988
59071068
59082149
59093230
59104310
59115391
59126472
59137552
59148633
59159714
59170795
59181875
59192956
59204037
59215117
59226198
59237279
59248359
59259440
59270521
59281601
59292682
59303762
59314843
59325924
59337005
59348086
59359167
59370247
59381327
59392408
59403488
59414569
59425650
59436731
59447811
59458892
59469973
59481053
59492134
59503215
59514295
59525376
59536457
59547537
59558619
59569699
59580780
59591860
59602941
59614021
59625102
59636183
59647263
59658344
59669425
59680507
59691586
59702667
59713747
59724828
59735909
59746990
59758070
59769151
59780231
59791312
59802393
59813473
59824554
59835635
59846715
59857796
59868877
59879957
59891038
59902119
59913200
59924280
59935361
59946442
59957522
59968603
