11081
22162
33243
44323
55404
66484
77565
88646
99726
110807
121888
132968
144049
155130
166210
177291
188372
199452
210533
221614
232694
243775
254856
265936
277017
288099
299179
310260
321341
332422
343502
354583
365664
376744
387825
398905
409986
421067
432147
443228
454309
465389
476470
487551
498632
509712
520793
531873
542954
554035
565115
576196
587277
598358
609438
620519
631600
642680
653761
664842
675924
687004
698084
709164
720245
731326
742406
753487
764568
775648
786729
797810
808891
819971
831052
842132
853213
864294
875374
886455
897536
908617
919697
930778
941858
952939
964020
975101
986181
997262
1008342
1019423
1030504
1041584
1052665
1063746
1074827
1085907
1096988
1108069
1119149
1130230
1141311
1152391
1163472
1174553
1185633
1196714
1207795
1218875
1229956
1241037
1252117
1263198
1274279
1285360
1296440
1307521
1318601
1329682
1340763
1351843
1362924
1374005
1385085
1396166
1407247
1418327
1429408
1440489
1451569
1462650
1473731
1484811
1495892
1506973
1518053
1529134
1540215
1551296
1562376
1573457
1584537
1595618
1606699
1617779
1628860
1639941
1651022
1662102
1673184
1684264
1695344
1706425
1717505
1728587
1739667
1750748
1761828
1772909
1783990
1795070
1806151
1817231
1828312
1839394
1850474
1861554
1872635
1883716
1894796
1905877
1916958
1928038
1939119
1950200
1961280
1972361
1983442
1994522
2005604
2016684
2027764
2038845
2049926
2061007
2072087
2083169
2094249
2105329
2116410
2127490
2138571
2149652
2160732
2171814
2182894
2193974
2205055
2216136
2227217
2238297
2249379
2260459
2271539
2282621
2293700
2304781
2315862
2326943
2338024
2349104
2360185
2371265
2382346
2393427
2404507
2415588
2426669
2437749
2448830
2459911
2470991
2482072
2493153
2504234
2515314
2526395
2537475
2548556
2559637
2570718
2581798
2592879
2603959
2615040
2626121
2637202
2648282
2659363
2670445
2681525
2692605
2703685
2714766
2725847
2736928
2748008
2759089
2770169
2781250
2792331
2803412
2814492
2825573
2836654
2847734
2858815
2869896
2880976
2892057
2903138
2914219
2925299
2936380
2947460
2958541
2969622
2980702
2991783
3002864
3013944
3025025
3036106
3047186
3058267
3069348
3080429
3091509
3102590
3113671
3124751
3135832
3146913
3157993
3169074
3180154
3191235
3202316
3213397
3224477
3235558
3246639
3257719
3268800
3279881
3290961
3302042
3313122
3324203
3335284
3346364
3357445
3368526
3379606
3390687
3401768
3412849
3423929
3435010
3446091
3457171
3468252
3479333
3490413
3501494
3512574
3523655
3534736
3545817
3556897
3567978
3579059
3590140
3601220
3612301
3623381
3634462
3645543
3656624
3667705
3678786
3689866
3700946
3712027
3723107
3734188
3745269
3756350
3767430
3778511
3789591
3800672
3811753
3822834
3833914
3844995
3856076
3867156
3878237
3889317
3900398
3911479
3922560
3933640
3944721
3955802
3966882
3977963
3989044
4000125
4011205
4022286
4033366
4044447
4055528
4066609
4077689
4088770
4099851
4110931
4122012
4133092
4144173
4155254
4166337
4177415
4188496
4199576
4210657
4221738
4232819
4243899
4254980
4266061
4277142
4288222
4299303
4310383
4321464
4332545
4343625
4354706
4365786
4376867
4387948
4399029
4410109
4421190
4432270
4443351
4454432
4465513
4476593
4487674
4498755
4509835
4520916
4531997
4543077
4554158
4565239
4576319
4587400
4598481
4609561
4620642
4631723
4642803
4653884
4664966
4676045
4687126
4698207
4709287
4720368
4731449
4742529
4753610
4764691
4775772
4786852
4797933
4809013
4820094
4831175
4842256
4853336
4864417
4875498
4886578
4897659
4908740
4919820
4930901
4941982
4953062
4964143
4975223
4986304
4997385
5008465
5019546
5030627
5041708
5052788
5063869
5074950
5086030
5097111
5108191
5119272
5130353
5141434
5152514
5163595
5174676
5185756
5196837
5207918
5218998
5230079
5241160
5252240
5263321
5274402
5285483
5296563
5307644
5318724
5329805
5340886
5351967
5363047
5374128
5385209
5396289
5407370
5418451
5429531
5440612
5451692
5462773
5473854
5484935
5496015
5507096
5518177
5529257
5540338
5551419
5562499
5573580
5584660
5595741
5606822
5617903
5628983
5640064
5651145
5662226
5673307
5684386
5695468
5706548
5717629
5728709
5739790
5750871
5761951
5773032
5784113
5795193
5806274
5817355
5828436
5839516
5850597
5861678
5872758
5883839
5894920
5906000
5917081
5928162
5939242
5950323
5961403
5972484
5983565
5994646
6005726
6016807
6027888
6038968
6050049
6061130
6072210
6083291
6094372
6105453
6116533
6127614
6138694
6149775
6160857
6171936
6183017
6194098
6205178
6216259
6227340
6238420
6249501
6260582
6271662
6282743
6293824
6304904
6315985
6327066
6338146
6349227
6360308
6371388
6382469
6393550
6404630
6415711
6426792
6437872
6448953
6460034
6471115
6482195
6493276
6504356
6515437
6526518
6537598
6548679
6559760
6570841
6581921
6593002
6604082
6615163
6626244
6637325
6648405
6659489
6670566
6681647
6692728
6703808
6714889
6725970
6737051
6748131
6759212
6770293
6781373
6792454
6803535
6814615
6825697
6836777
6847857
6858938
6870019
6881099
6892180
6903261
6914341
6925422
6936503
6947583
6958664
6969745
6980825
6991906
7002987
7014067
7025148
7036229
7047310
7058390
7069471
7080551
7091632
7102713
7113794
7124874
7135955
7147035
7158116
7169197
7180278
7191358
7202439
7213520
7224600
7235681
7246762
7257842
7268924
7280004
7291084
7302165
7313246
7324326
7335408
7346487
7357568
7368649
7379730
7390811
7401891
7412972
7424052
7435133
7446214
7457294
7468375
7479456
7490537
7501617
7512698
7523778
7534859
7545941
7557020
7568101
7579182
7590262
7601343
7612424
7623504
7634585
7645666
7656747
7667827
7678908
7689989
7701069
7712150
7723231
7734311
7745392
7756473
7767553
7778634
7789715
7800796
7811876
7822957
7834037
7845118
7856200
7867279
7878360
7889441
7900522
7911602
7922683
7933763
7944844
7955925
7967005
7978086
7989167
8000247
8011328
8022409
8033489
8044570
8055651
8066732
8077812
8088893
8099973
8111054
8122135
8133215
8144296
8155377
8166457
8177538
8188619
8199699
8210780
8221861
8232942
8244022
8255103
8266184
8277264
8288345
8299426
8310506
8321587
8332668
8343748
8354829
8365910
8376990
8388071
8399152
8410232
8421313
8432394
8443474
8454555
8465636
8476716
8487797
8498877
8509958
8521040
8532120
8543200
8554281
8565362
8576442
8587523
8598604
8609684
8620765
8631846
8642926
8654008
8665088
8676168
8687249
8698330
8709411
8720491
8731572
8742652
8753733
8764814
8775895
8786975
8798056
8809137
8820218
8831298
8842378
8853459
8864540
8875621
8886701
8897782
8908863
8919943
8931024
8942104
8953185
8964266
8975347
8986428
8997508
9008589
9019669
9030750
9041831
9052911
9063993
9075073
9086153
9097234
9108315
9119395
9130476
9141557
9152638
9163718
9174799
9185880
9196960
9208041
9219121
9230202
9241283
9252364
9263445
9274525
9285606
9296686
9307767
9318848
9329928
9341009
9352090
9363170
9374251
9385332
9396412
9407493
9418574
9429654
9440735
9451816
9462896
9473977
9485058
9496138
9507219
9518300
9529380
9540461
9551542
9562622
9573703
9584784
9595864
9606945
9618026
9629106
9640187
9651268
9662349
9673429
9684510
9695590
9706671
9717752
9728832
9739913
9750994
9762074
9773155
9784236
9795317
9806397
9817478
9828559
9839639
9850720
9861801
9872881
9883962
9895042
9906123
9917204
9928284
9939365
9950446
9961527
9972607
9983688
9994768
10005849
10016930
10028010
10039091
10050172
10061253
10072333
10083414
10094494
10105575
10116656
10127737
10138817
10149899
10160979
10172059
10183140
10194221
10205301
10216382
10227463
10238543
10249624
10260705
10271785
10282866
10293947
10305027
10316108
10327189
10338269
10349350
10360431
10371511
10382592
10393673
10404753
10415834
10426915
10437996
10449076
10460157
10471238
10482318
10493399
10504480
10515560
10526641
10537722
10548802
10559883
10570964
10582044
10593125
10604206
10615286
10626367
10637448
10648529
10659609
10670689
10681770
10692851
10703932
10715012
10726093
10737174
10748254
10759335
10770416
10781497
10792577
10803658
10814738
10825819
10836900
10847981
10859061
10870142
10881223
10892303
10903384
10914464
10925545
10936626
10947707
10958787
10969868
10980949
10992029
11003110
11014191
11025271
11036352
11047433
11058513
11069594
11080674
11091755
11102836
11113917
11124997
11136078
11147159
11158239
11169320
11180400
11191481
11202562
11213643
11224723
11235804
11246885
11257965
11269046
11280127
11291207
11302288
11313369
11324449
11335530
11346611
11357692
11368772
11379853
11390933
11402014
11413095
11424175
11435256
11446337
11457418
11468498
11479579
11490659
11501740
11512821
11523901
11534982
11546063
11557144
11568224
11579305
11590386
11601466
11612547
11623627
11634708
11645790
11656870
11667951
11679031
11690112
11701192
11712273
11723353
11734434
11745515
11756596
11767676
11778757
11789838
11800918
11812000
11823079
11834160
11845241
11856322
11867402
11878483
11889564
11900644
11911725
11922806
11933886
11944967
11956048
11967128
11978213
11989290
12000370
12011451
12022532
12033612
12044693
12055774
12066855
12077935
12089016
12100097
12111177
12122258
12133339
12144419
12155500
12166581
12177661
12188742
12199823
12210903
12221984
12233065
12244146
12255226
12266307
12277387
12288468
12299549
12310630
12321710
12332791
12343871
12354952
12366033
12377113
12388194
12399275
12410355
12421436
12432517
12443597
12454679
12465759
12476840
12487920
12499001
12510081
12521162
12532243
12543323
12554404
12565485
12576565
12587646
12598727
12609807
12620888
12631969
12643050
12654131
12665211
12676291
12687372
12698453
12709534
12720614
12731695
12742775
12753856
12764937
12776018
12787098
12798179
12809260
12820340
12831421
12842502
12853582
12864663
12875744
12886824
12897905
12908986
12920066
12931147
12942228
12953308
12964389
12975470
12986550
12997631
13008712
13019792
13030873
13041955
13053035
13064115
13075196
13086277
13097357
13108438
13119518
13130599
13141682
13152760
13163841
13174922
13186002
13197083
13208164
13219244
13230325
13241406
13252487
13263567
13274648
13285729
13296809
13307890
13318970
13330051
13341132
13352213
13363293
13374374
13385454
13396535
13407616
13418696
13429777
13440858
13451939
13463019
13474100
13485181
13496261
13507342
13518422
13529503
13540584
13551665
13562745
13573826
13584907
13595987
13607068
13618148
13629229
13640311
13651391
13662472
13673552
13684633
13695713
13706794
13717875
13728955
13740036
13751117
13762197
13773278
13784359
13795440
13806521
13817601
13828682
13839762
13850843
13861924
13873004
13884085
13895166
13906246
13917327
13928408
13939488
13950569
13961650
13972730
13983811
13994891
14005972
14017053
14028134
14039214
14050295
14061376
14072456
14083537
14094618
14105698
14116779
14127860
14138941
14150021
14161102
14172182
14183263
14194344
14205424
14216505
14227586
14238667
14249748
14260828
14271909
14282989
14294070
14305150
14316231
14327312
14338392
14349473
14360554
14371635
14382715
14393796
14404877
14415957
14427038
14438119
14449200
14460280
14471360
14482441
14493522
14504603
14515683
14526764
14537845
14548925
14560006
14571087
14582167
14593248
14604328
14615409
14626490
14637572
14648652
14659732
14670813
14681893
14692974
14704055
14715135
14726216
14737297
14748377
14759458
14770539
14781619
14792700
14803781
14814861
14825942
14837024
14848104
14859184
14870265
14881345
14892426
14903507
14914587
14925668
14936749
14947829
14958910
14969991
14981072
14992152
15003233
15014313
15025394
15036475
15047557
15058636
15069717
15080798
15091878
15102959
15114040
15125120
15136201
15147281
15158362
15169443
15180524
15191605
15202685
15213766
15224846
15235927
15247008
15258088
15269169
15280250
15291330
15302412
15313492
15324572
15335653
15346734
15357814
15368895
15379976
15391056
15402137
15413218
15424298
15435379
15446460
15457540
15468622
15479702
15490782
15501863
15512944
15524024
15535105
15546186
15557267
15568347
15579428
15590509
15601589
15612670
15623750
15634832
15645913
15656993
15668073
15679154
15690235
15701315
15712396
15723477
15734557
15745638
15756719
15767799
15778880
15789961
15801041
15812123
15823203
15834283
15845364
15856445
15867525
15878606
15889687
15900767
15911848
15922929
15934009
15945090
15956171
15967252
15978332
15989413
16000493
16011574
16022655
16033736
16044816
16055897
16066977
16078058
16089139
16100220
16111300
16122381
16133465
16144542
16155623
16166704
16177784
16188865
16199945
16211026
16222107
16233188
16244269
16255349
16266430
16277510
16288591
16299672
16310752
16321833
16332914
16343994
16355075
16366156
16377236
16388317
16399398
16410478
16421560
16432640
16443720
16454801
16465882
16476963
16488043
16499124
16510204
16521285
16532366
16543446
16554527
16565608
16576688
16587769
16598850
16609931
16621011
16632093
16643173
16654254
16665334
16676415
16687495
16698576
16709657
16720737
16731818
16742899
16753979
16765060
16776141
16787222
16798302
16809382
16820463
16831544
16842625
16853706
16864786
16875867
16886948
16898028
16909109
16920189
16931270
16942351
16953431
16964512
16975593
16986673
16997754
17008835
17019915
17030996
17042077
17053157
17064238
17075319
17086400
17097480
17108561
17119641
17130722
17141803
17152884
17163964
17175045
17186126
17197206
17208287
17219368
17230448
17241529
17252610
17263690
17274771
17285851
17296932
17308013
17319094
17330174
17341255
17352335
17363416
17374497
17385577
17396658
17407739
17418820
17429900
17440981
17452062
17463143
17474223
17485304
17496384
17507465
17518546
17529626
17540707
17551788
17562868
17573949
17585030
17596110
17607191
17618272
17629354
17640434
17651514
17662594
17673675
17684756
17695836
17706917
17717998
17729079
17740159
17751240
17762322
17773401
17784482
17795563
17806643
17817724
17828805
17839886
17850966
17862046
17873127
17884208
17895288
17906369
17917450
17928531
17939611
17950692
17961773
17972853
17983934
17995015
18006095
18017176
18028257
18039337
18050418
18061499
18072579
18083660
18094741
18105821
18116902
18127983
18139063
18150144
18161225
18172305
18183386
18194467
18205547
18216628
18227709
18238790
18249870
18260951
18272032
18283112
18294193
18305273
18316354
18327435
18338515
18349596
18360677
18371758
18382838
18393919
18404999
18416080
18427161
18438242
18449322
18460403
18471484
18482564
18493645
18504726
18515806
18526887
18537968
18549048
18560129
18571210
18582291
18593371
18604452
18615532
18626615
18637694
18648774
18659855
18670936
18682017
18693097
18704178
18715258
18726339
18737420
18748500
18759581
18770662
18781742
18792824
18803904
18814984
18826065
18837146
18848227
18859307
18870388
18881468
18892549
18903630
18914710
18925791
18936872
18947953
18959033
18970114
18981194
18992275
19003356
19014436
19025517
19036598
19047679
19058759
19069840
19080921
19092001
19103082
19114163
19125243
19136324
19147405
19158485
19169566
19180647
19191727
19202808
19213889
19224969
19236051
19247131
19258211
19269292
19280373
19291454
19302534
19313615
19324695
19335776
19346857
19357938
19369018
19380099
19391179
19402260
19413341
19424422
19435502
19446583
19457676
19468744
19479825
19490905
19501986
19513067
19524148
19535228
19546309
19557390
19568470
19579551
19590632
19601712
19612793
19623875
19634955
19646035
19657116
19668196
19679277
19690358
19701438
19712519
19723600
19734680
19745761
19756842
19767922
19779003
19790084
19801164
19812245
19823326
19834406
19845487
19856568
19867648
19878729
19889810
19900890
19911971
19923052
19934132
19945213
19956294
19967375
19978455
19989536
20000617
20011697
20022778
20033859
20044939
20056020
20067101
20078181
20089262
20100343
20111423
20122505
20133584
20144665
20155746
20166827
20177907
20188988
20200069
20211149
20222230
20233311
20244391
20255472
20266553
20277633
20288714
20299795
20310875
20321956
20333037
20344117
20355198
20366279
20377359
20388440
20399521
20410601
20421682
20432763
20443843
20454924
20466005
20477086
20488166
20499247
20510328
20521408
20532489
20543569
20554650
20565731
20576812
20587892
20598973
20610054
20621135
20632215
20643296
20654376
20665457
20676537
20687618
20698699
20709780
20720860
20731941
20743021
20754103
20765183
20776264
20787345
20798425
20809506
20820586
20831667
20842748
20853828
20864909
20875990
20887071
20898151
20909232
20920312
20931393
20942474
20953554
20964635
20975716
20986796
20997877
21008958
21020039
21031119
21042200
21053280
21064361
21075442
21086522
21097603
21108684
21119765
21130845
21141926
21153006
21164087
21175168
21186249
21197329
21208410
21219491
21230572
21241652
21252733
21263813
21274894
21285975
21297055
21308136
21319217
21330297
21341378
21352458
21363539
21374620
21385701
21396781
21407862
21418943
21430024
21441104
21452185
21463265
21474346
21485427
21496507
21507588
21518669
21529749
21540830
21551911
21562991
21574072
21585153
21596234
21607314
21618396
21629476
21640556
21651637
21662718
21673798
21684879
21695959
21707040
21718121
21729201
21740282
21751363
21762444
21773524
21784605
21795686
21806766
21817847
21828928
21840008
21851089
21862170
21873250
21884331
21895412
21906492
21917573
21928654
21939734
21950815
21961895
21972976
21984057
21995138
22006218
22017299
22028380
22039460
22050541
22061622
22072702
22083783
22094864
22105944
22117025
22128106
22139187
22150267
22161348
22172428
22183509
22194590
22205671
22216751
22227832
22238913
22249993
22261074
22272154
22283236
22294316
22305396
22316477
22327558
22338639
22349719
22360800
22371880
22382962
22394042
22405123
22416203
22427285
22438365
22449446
22460526
22471607
22482687
22493768
22504849
22515929
22527010
22538091
22549171
22560252
22571333
22582413
22593494
22604575
22615657
22626737
22637817
22648897
22659978
22671059
22682139
22693220
22704301
22715382
22726462
22737543
22748624
22759704
22770785
22781866
22792946
22804027
22815108
22826188
22837269
22848350
22859430
22870511
22881592
22892672
22903753
22914834
22925914
22936995
22948076
22959156
22970237
22981318
22992398
23003479
23014560
23025641
23036721
23047802
23058882
23069963
23081044
23092124
23103205
23114286
23125366
23136447
23147528
23158609
23169689
23180770
23191850
23202931
23214012
23225093
23236173
23247254
23258334
23269415
23280496
23291577
23302657
23313738
23324818
23335899
23346980
23358061
23369141
23380222
23391303
23402383
23413464
23424545
23435625
23446707
23457786
23468867
23479948
23491029
23502109
23513190
23524270
23535351
23546432
23557512
23568593
23579674
23590755
23601835
23612917
23623997
23635078
23646158
23657239
23668319
23679400
23690481
23701561
23712642
23723723
23734803
23745884
23756965
23768045
23779126
23790207
23801287
23812368
23823449
23834529
23845610
23856691
23867771
23878852
23889933
23901013
23912094
23923175
23934255
23945336
23956417
23967498
23978578
23989659
24000740
24011820
24022901
24033982
24045062
24056143
24067224
24078304
24089385
24100465
24111547
24122627
24133707
24144788
24155869
24166950
24178030
24189111
24200192
24211272
24222353
24233434
24244514
24255595
24266676
24277757
24288837
24299918
24310998
24322079
24333160
24344240
24355321
24366402
24377482
24388563
24399644
24410724
24421806
24432886
24443967
24455047
24466128
24477209
24488289
24499370
24510450
24521531
24532612
24543693
24554773
24565854
24576935
24588015
24599096
24610177
24621258
24632338
24643418
24654499
24665580
24676661
24687741
24698822
24709903
24720984
24732064
24743145
24754225
24765306
24776387
24787467
24798548
24809629
24820709
24831790
24842871
24853951
24865032
24876113
24887193
24898274
24909355
24920435
24931516
24942597
24953677
24964758
24975839
24986919
24998000
25009081
25020162
25031242
25042323
25053403
25064484
25075565
25086646
25097726
25108807
25119887
25130968
25142049
25153130
25164210
25175291
25186372
25197452
25208533
25219614
25230694
25241775
25252855
25263936
25275017
25286098
25297178
25308259
25319340
25330420
25341501
25352581
25363662
25374743
25385824
25396904
25407985
25419066
25430146
25441227
25452308
25463388
25474469
25485550
25496630
25507711
25518792
25529873
25540953
25552034
25563115
25574195
25585276
25596357
25607439
25618518
25629598
25640679
25651760
25662841
25673921
25685002
25696082
25707163
25718244
25729325
25740405
25751486
25762567
25773648
25784728
25795808
25806889
25817970
25829051
25840131
25851212
25862293
25873373
25884454
25895534
25906615
25917696
25928777
25939858
25950938
25962019
25973100
25984180
25995261
26006341
26017422
26028503
26039583
26050664
26061745
26072825
26083906
26094987
26106067
26117148
26128229
26139310
26150390
26161471
26172552
26183632
26194713
26205794
26216874
26227955
26239036
26250116
26261197
26272278
26283359
26294439
26305519
26316600
26327681
26338762
26349842
26360923
26372004
26383084
26394165
26405246
26416327
26427407
26438488
26449568
26460649
26471730
26482810
26493891
26504972
26516052
26527133
26538214
26549294
26560375
26571456
26582536
26593617
26604699
26615779
26626859
26637940
26649020
26660101
26671182
26682263
26693343
26704424
26715504
26726585
26737666
26748747
26759827
26770908
26781989
26793069
26804150
26815231
26826311
26837392
26848472
26859553
26870634
26881714
26892795
26903876
26914957
26926037
26937118
26948198
26959279
26970360
26981441
26992521
27003602
27014683
27025763
27036844
27047924
27059006
27070086
27081167
27092247
27103328
27114409
27125489
27136570
27147651
27158731
27169812
27180893
27191973
27203054
27214138
27225215
27236296
27247377
27258457
27269538
27280619
27291700
27302780
27313861
27324942
27336022
27347103
27358184
27369265
27380345
27391425
27402506
27413587
27424667
27435749
27446829
27457910
27468991
27480071
27491151
27502232
27513313
27524394
27535474
27546555
27557636
27568716
27579797
27590878
27601959
27613040
27624120
27635200
27646281
27657362
27668442
27679523
27690604
27701684
27712765
27723846
27734927
27746007
27757088
27768169
27779249
27790330
27801411
27812491
27823572
27834653
27845733
27856814
27867895
27878975
27890056
27901137
27912217
27923298
27934380
27945459
27956540
27967621
27978701
27989782
28000863
28011943
28023024
28034105
28045185
28056266
28067347
28078427
28089508
28100589
28111669
28122750
28133831
28144911
28155992
28167073
28178153
28189234
28200315
28211396
28222476
28233557
28244637
28255718
28266799
28277879
28288960
28300041
28311121
28322202
28333283
28344363
28355444
28366525
28377605
28388686
28399767
28410848
28421928
28433010
28444090
28455170
28466251
28477332
28488412
28499493
28510574
28521654
28532735
28543815
28554896
28565977
28577058
28588138
28599220
28610300
28621380
28632461
28643542
28654622
28665703
28676784
28687864
28698945
28710026
28721106
28732187
28743268
28754348
28765429
28776510
28787590
28798671
28809752
28820832
28831913
28842994
28854074
28865155
28876236
28887316
28898397
28909478
28920559
28931639
28942720
28953801
28964881
28975962
28987042
28998123
29009204
29020285
29031365
29042446
29053527
29064608
29075688
29086768
29097850
29108930
29120011
29131091
29142172
29153253
29164333
29175414
29186495
29197575
29208656
29219737
29230818
29241898
29252979
29264062
29275140
29286221
29297301
29308382
29319463
29330543
29341624
29352705
29363785
29374866
29385947
29397028
29408109
29419189
29430270
29441350
29452431
29463511
29474592
29485673
29496754
29507834
29518915
29529996
29541076
29552157
29563238
29574319
29585399
29596481
29607560
29618641
29629722
29640802
29651883
29662963
29674044
29685125
29696206
29707286
29718367
29729448
29740528
29751609
29762690
29773770
29784851
29795932
29807013
29818093
29829174
29840254
29851335
29862416
29873496
29884577
29895658
29906738
29917819
29928900
29939980
29951061
29962142
29973222
29984303
29995384
30006465
30017545
30028626
30039707
30050787
30061868
30072948
30084029
30095111
30106190
30117271
30128352
30139432
30150513
30161594
30172675
30183755
30194837
30205917
30216998
30228078
30239159
30250239
30261320
30272401
30283481
30294562
30305643
30316723
30327804
30338884
30349965
30361046
30372127
30383207
30394288
30405369
30416449
30427531
30438611
30449691
30460772
30471853
30482933
30494014
30505095
30516175
30527256
30538337
30549418
30560498
30571579
30582659
30593742
30604821
30615902
30626982
30638063
30649144
30660224
30671305
30682386
30693466
30704547
30715628
30726708
30737789
30748870
30759951
30771032
30782112
30793192
30804273
30815354
30826434
30837515
30848596
30859676
30870757
30881838
30892918
30903999
30915080
30926160
30937241
30948322
30959402
30970483
30981564
30992645
31003725
31014806
31025886
31036967
31048048
31059128
31070209
31081290
31092371
31103451
31114532
31125612
31136693
31147774
31158855
31169935
31181016
31192097
31203177
31214258
31225339
31236419
31247500
31258581
31269661
31280742
31291823
31302903
31313984
31325064
31336145
31347226
31358307
31369387
31380468
31391549
31402630
31413710
31424791
31435871
31446952
31458033
31469113
31480194
31491275
31502355
31513436
31524517
31535597
31546678
31557759
31568839
31579920
31591002
31602082
31613162
31624243
31635324
31646404
31657485
31668565
31679646
31690727
31701808
31712888
31723969
31735050
31746130
31757211
31768291
31779372
31790453
31801534
31812614
31823695
31834776
31845856
31856937
31868017
31879098
31890179
31901260
31912340
31923421
31934502
31945582
31956663
31967743
31978824
31989905
32000986
32012066
32023147
32034228
32045309
32056389
32067470
32078550
32089631
32100712
32111792
32122873
32133954
32145034
32156115
32167196
32178276
32189357
32200438
32211518
32222599
32233680
32244760
32255843
32266922
32278003
32289083
32300164
32311245
32322325
32333406
32344486
32355567
32366648
32377729
32388809
32399891
32410971
32422051
32433132
32444213
32455293
32466374
32477455
32488535
32499616
32510697
32521777
32532858
32543939
32555019
32566100
32577181
32588262
32599342
32610423
32621503
32632584
32643665
32654745
32665826
32676907
32687987
32699068
32710149
32721230
32732310
32743391
32754472
32765552
32776633
32787714
32798794
32809875
32820956
32832036
32843117
32854198
32865278
32876359
32887440
32898520
32909601
32920681
32931762
32942843
32953923
32965004
32976085
32987166
32998246
33009327
33020408
33031488
33042569
33053650
33064730
33075811
33086892
33097972
33109053
33120134
33131214
33142295
33153376
33164456
33175537
33186618
33197698
33208779
33219860
33230940
33242021
33253102
33264182
33275263
33286344
33297425
33308505
33319586
33330667
33341747
33352828
33363908
33374989
33386071
33397151
33408231
33419312
33430392
33441473
33452554
33463634
33474715
33485796
33496877
33507957
33519038
33530119
33541199
33552280
33563361
33574441
33585523
33596603
33607683
33618764
33629845
33640925
33652006
33663087
33674167
33685248
33696329
33707409
33718490
33729571
33740651
33751732
33762813
33773893
33784974
33796055
33807136
33818216
33829297
33840378
33851459
33862539
33873620
33884700
33895781
33906862
33917943
33929023
33940104
33951184
33962265
33973346
33984426
33995507
34006588
34017668
34028749
34039830
34050910
34061991
34073072
34084153
34095233
34106313
34117394
34128475
34139556
34150636
34161717
34172798
34183878
34194959
34206040
34217120
34228201
34239282
34250362
34261443
34272524
34283604
34294685
34305767
34316846
34327927
34339008
34350088
34361169
34372250
34383330
34394412
34405492
34416573
34427653
34438734
34449815
34460895
34471976
34483056
34494137
34505218
34516300
34527379
34538460
34549541
34560621
34571702
34582785
34593864
34604944
34616025
34627105
34638186
34649267
34660347
34671428
34682509
34693589
34704670
34715751
34726831
34737912
34748994
34760073
34771154
34782235
34793316
34804396
34815477
34826558
34837638
34848719
34859799
34870880
34881961
34893041
34904122
34915203
34926284
34937364
34948445
34959526
34970606
34981687
34992768
35003848
35014929
35026010
35037090
35048171
35059252
35070332
35081413
35092494
35103574
35114655
35125736
35136816
35147897
35158977
35170058
35181139
35192220
35203300
35214381
35225462
35236542
35247623
35258704
35269784
35280865
35291946
35303026
35314107
35325188
35336268
35347349
35358430
35369511
35380591
35391672
35402752
35413833
35424914
35435995
35447076
35458156
35469237
35480317
35491398
35502478
35513559
35524640
35535720
35546801
35557882
35568963
35580044
35591124
35602204
35613285
35624366
35635446
35646528
35657608
35668689
35679769
35690850
35701931
35713011
35724092
35735173
35746253
35757334
35768414
35779496
35790577
35801657
35812737
35823818
35834899
35845979
35857060
35868141
35879221
35890302
35901383
35912464
35923544
35934625
35945706
35956786
35967867
35978948
35990029
36001109
36012189
36023270
36034351
36045432
36056512
36067593
36078674
36089754
36100835
36111915
36122996
36134077
36145158
36156238
36167319
36178400
36189481
36200561
36211642
36222722
36233803
36244884
36255964
36267045
36278126
36289206
36300287
36311368
36322448
36333529
36344610
36355690
36366771
36377852
36388932
36400013
36411094
36422174
36433255
36444336
36455416
36466497
36477578
36488658
36499739
36510820
36521900
36532981
36544062
36555142
36566223
36577305
36588385
36599465
36610546
36621626
36632707
36643788
36654868
36665949
36677030
36688111
36699191
36710272
36721353
36732433
36743515
36754594
36765675
36776756
36787837
36798917
36809998
36821079
36832160
36843240
36854321
36865401
36876482
36887563
36898643
36909725
36920805
36931886
36942966
36954047
36965127
36976208
36987289
36998369
37009450
37020531
37031612
37042692
37053773
37064854
37075934
37087015
37098095
37109176
37120257
37131337
37142418
37153499
37164580
37175660
37186741
37197822
37208902
37219983
37231064
37242144
37253225
37264306
37275386
37286467
37297548
37308628
37319709
37330790
37341870
37352951
37364032
37375112
37386193
37397274
37408355
37419435
37430516
37441596
37452677
37463758
37474838
37485919
37497000
37508080
37519161
37530242
37541323
37552403
37563484
37574566
37585646
37596726
37607807
37618887
37629968
37641049
37652129
37663210
37674291
37685371
37696452
37707533
37718613
37729694
37740775
37751855
37762936
37774017
37785098
37796178
37807259
37818339
37829420
37840501
37851581
37862662
37873743
37884823
37895904
37906985
37918065
37929146
37940227
37951307
37962388
37973469
37984550
37995630
38006711
38017791
38028872
38039953
38051034
38062114
38073196
38084275
38095356
38106437
38117517
38128598
38139679
38150759
38161840
38172922
38184002
38195082
38206163
38217244
38228324
38239406
38250485
38261566
38272647
38283728
38294808
38305889
38316970
38328051
38339131
38350212
38361292
38372373
38383454
38394534
38405615
38416696
38427777
38438857
38449938
38461018
38472099
38483180
38494260
38505341
38516422
38527503
38538583
38549664
38560744
38571826
38582906
38593987
38605067
38616148
38627228
38638309
38649390
38660471
38671551
38682632
38693713
38704793
38715874
38726955
38738037
38749116
38760197
38771277
38782359
38793439
38804519
38815600
38826681
38837761
38848842
38859923
38871003
38882084
38893165
38904245
38915326
38926407
38937487
38948568
38959649
38970729
38981810
38992891
39003971
39015052
39026133
39037213
39048294
39059375
39070456
39081536
39092617
39103697
39114778
39125859
39136939
39148020
39159101
39170182
39181262
39192343
39203423
39214504
39225585
39236666
39247746
39258827
39269908
39280988
39292069
39303149
39314230
39325311
39336392
39347472
39358553
39369634
39380715
39391795
39402876
39413956
39425037
39436118
39447198
39458279
39469360
39480440
39491521
39502602
39513682
39524763
39535844
39546924
39558005
39569087
39580167
39591247
39602328
39613408
39624489
39635570
39646650
39657731
39668812
39679893
39690973
39702054
39713135
39724215
39735297
39746376
39757457
39768538
39779619
39790699
39801780
39812861
39823941
39835022
39846102
39857183
39868264
39879345
39890425
39901506
39912587
39923667
39934748
39945828
39956909
39967991
39979071
39990151
40001232
40012313
40023393
40034474
40045554
40056635
40067717
40078797
40089878
40100958
40112039
40123120
40134200
40145281
40156361
40167442
40178523
40189604
40200684
40211765
40222846
40233927
40245007
40256088
40267168
40278249
40289329
40300410
40311491
40322572
40333652
40344733
40355814
40366894
40377975
40389056
40400137
40411217
40422297
40433378
40444459
40455540
40466620
40477701
40488782
40499862
40510943
40522024
40533104
40544185
40555266
40566348
40577427
40588508
40599588
40610669
40621750
40632830
40643911
40654992
40666072
40677153
40688234
40699314
40710395
40721476
40732556
40743638
40754718
40765799
40776880
40787960
40799041
40810121
40821202
40832283
40843363
40854444
40865525
40876605
40887686
40898767
40909847
40920928
40932009
40943089
40954170
40965251
40976331
40987412
40998493
41009573
41020654
41031735
41042815
41053896
41064976
41076057
41087138
41098219
41109299
41120380
41131461
41142541
41153622
41164703
41175783
41186864
41197945
41209025
41220106
41231187
41242268
41253348
41264429
41275509
41286590
41297671
41308751
41319832
41330913
41341993
41353074
41364170
41375236
41386316
41397398
41408477
41419558
41430639
41441719
41452800
41463881
41474962
41486042
41497123
41508204
41519284
41530365
41541445
41552526
41563608
41574688
41585768
41596849
41607929
41619011
41630091
41641172
41652252
41663333
41674413
41685494
41696575
41707655
41718737
41729817
41740898
41751978
41763059
41774140
41785220
41796301
41807382
41818463
41829543
41840624
41851704
41862785
41873866
41884946
41896027
41907108
41918189
41929269
41940350
41951431
41962511
41973592
41984672
41995753
42006834
42017915
42028995
42040076
42051157
42062238
42073318
42084399
42095479
42106560
42117641
42128721
42139802
42150883
42161963
42173044
42184125
42195205
42206286
42217367
42228448
42239528
42250609
42261689
42272770
42283851
42294931
42306012
42317093
42328173
42339254
42350335
42361416
42372496
42383577
42394658
42405738
42416819
42427900
42438980
42450061
42461142
42472222
42483303
42494384
42505464
42516545
42527626
42538706
42549787
42560869
42571949
42583029
42594110
42605190
42616271
42627352
42638432
42649513
42660594
42671674
42682755
42693836
42704916
42715997
42727078
42738158
42749239
42760320
42771401
42782481
42793562
42804642
42815723
42826804
42837884
42848965
42860046
42871126
42882207
42893288
42904368
42915449
42926530
42937610
42948691
42959772
42970853
42981933
42993014
43004095
43015175
43026256
43037336
43048417
43059499
43070578
43081659
43092740
43103821
43114901
43125982
43137063
43148143
43159224
43170305
43181385
43192466
43203547
43214627
43225708
43236789
43247869
43258950
43270031
43281111
43292192
43303273
43314353
43325434
43336515
43347595
43358676
43369757
43380837
43391918
43402999
43414079
43425160
43436241
43447321
43458402
43469483
43480563
43491644
43502725
43513806
43524886
43535967
43547048
43558129
43569209
43580290
43591370
43602451
43613531
43624612
43635693
43646774
43657854
43668935
43680015
43691096
43702177
43713258
43724338
43735419
43746500
43757580
43768662
43779742
43790822
43801903
43812984
43824064
43835145
43846226
43857306
43868387
43879469
43890550
43901629
43912710
43923790
43934871
43945952
43957032
43968113
43979194
43990275
44001355
44012436
44023517
44034597
44045678
44056759
44067839
44078920
44090001
44101081
44112162
44123242
44134323
44145404
44156485
44167565
44178646
44189727
44200807
44211888
44222969
44234049
44245130
44256211
44267291
44278372
44289453
44300533
44311614
44322695
44333775
44344856
44355937
44367017
44378098
44389179
44400259
44411340
44422421
44433501
44444582
44455663
44466743
44477824
44488905
44499986
44511066
44522147
44533227
44544308
44555390
44566470
44577550
44588631
44599712
44610792
44621873
44632954
44644034
44655115
44666196
44677276
44688357
44699438
44710518
44721599
44732679
44743760
44754842
44765922
44777002
44788083
44799164
44810244
44821325
44832406
44843486
44854567
44865648
44876728
44887809
44898890
44909970
44921051
44932132
44943212
44954293
44965374
44976454
44987535
44998616
45009696
45020777
45031858
45042938
45054020
45065100
45076180
45087261
45098342
45109422
45120503
45131584
45142664
45153745
45164826
45175906
45186987
45198068
45209149
45220230
45231310
45242391
45253471
45264552
45275632
45286713
45297794
45308875
45319955
45331036
45342117
45353198
45364278
45375358
45386440
45397520
45408601
45419682
45430762
45441843
45452923
45464004
45475085
45486165
45497246
45508327
45519407
45530488
45541569
45552650
45563731
45574811
45585891
45596972
45608053
45619134
45630214
45641295
45652376
45663456
45674537
45685618
45696698
45707779
45718860
45729940
45741021
45752102
45763183
45774263
45785344
45796424
45807505
45818585
45829667
45840747
45851828
45862908
45873989
45885070
45896150
45907231
45918312
45929392
45940473
45951554
45962635
45973715
45984796
45995876
46006957
46018038
46029118
46040199
46051280
46062360
46073441
46084522
46095602
46106683
46117764
46128844
46139925
46151006
46162087
46173167
46184248
46195329
46206409
46217490
46228570
46239651
46250732
46261813
46272893
46283974
46295055
46306135
46317216
46328296
46339377
46350458
46361539
46372619
46383700
46394780
46405861
46416942
46428022
46439103
46450184
46461264
46472345
46483426
46494507
46505587
46516668
46527748
46538829
46549910
46560991
46572071
46583152
46594233
46605313
46616394
46627475
46638555
46649636
46660717
46671797
46682878
46693959
46705039
46716120
46727201
46738282
46749362
46760443
46771523
46782604
46793685
46804766
46815846
46826927
46838008
46849088
46860169
46871250
46882331
46893411
46904491
46915572
46926653
46937734
46948814
46959896
46970976
46982056
46993137
47004217
47015299
47026379
47037460
47048541
47059621
47070702
47081782
47092863
47103944
47115024
47126105
47137186
47148266
47159347
47170428
47181508
47192589
47203670
47214750
47225831
47236912
47247992
47259073
47270154
47281234
47292315
47303396
47314476
47325557
47336638
47347719
47358799
47369880
47380962
47392041
47403122
47414202
47425283
47436364
47447445
47458525
47469606
47480687
47491767
47502848
47513928
47525009
47536090
47547172
47558252
47569332
47580413
47591493
47602574
47613655
47624735
47635816
47646897
47657977
47669058
47680139
47691219
47702300
47713381
47724461
47735542
47746623
47757704
47768784
47779865
47790945
47802026
47813107
47824187
47835268
47846349
47857429
47868510
47879591
47890671
47901752
47912833
47923914
47934994
47946075
47957156
47968236
47979317
47990398
48001478
48012559
48023640
48034720
48045801
48056881
48067962
48079043
48090124
48101204
48112285
48123366
48134446
48145527
48156608
48167688
48178769
48189850
48200930
48212011
48223092
48234172
48245253
48256334
48267414
48278495
48289576
48300656
48311737
48322818
48333898
48344979
48356060
48367141
48378222
48389302
48400383
48411463
48422544
48433625
48444705
48455786
48466867
48477947
48489028
48500108
48511189
48522270
48533351
48544433
48555512
48566593
48577673
48588754
48599835
48610915
48621996
48633077
48644157
48655238
48666319
48677399
48688480
48699561
48710643
48721722
48732803
48743883
48754965
48766045
48777125
48788206
48799287
48810367
48821448
48832529
48843609
48854690
48865771
48876852
48887932
48899013
48910093
48921174
48932255
48943336
48954417
48965497
48976578
48987658
48998739
49009819
49020900
49031981
49043062
49054142
49065223
49076304
49087384
49098465
49109546
49120627
49131707
49142788
49153868
49164949
49176030
49187110
49198191
49209272
49220352
49231433
49242514
49253594
49264675
49275756
49286836
49297917
49308998
49320078
49331159
49342240
49353321
49364401
49375482
49386562
49397643
49408724
49419805
49430885
49441966
49453046
49464127
49475208
49486289
49497369
49508450
49519531
49530611
49541692
49552773
49563853
49574934
49586015
49597095
49608176
49619257
49630337
49641418
49652498
49663579
49674660
49685741
49696821
49707902
49718983
49730063
49741145
49752225
49763305
49774386
49785467
49796547
49807628
49818708
49829789
49840870
49851951
49863031
49874112
49885193
49896273
49907354
49918435
49929515
49940596
49951677
49962758
49973838
49984919
49996000
50007080
50018161
50029242
50040323
50051403
50062484
50073564
50084645
50095725
50106806
50117887
50128968
50140048
50151129
50162210
50173290
50184371
50195451
50206533
50217613
50228694
50239774
50250855
50261936
50273016
50284097
50295177
50306258
50317339
50328420
50339500
50350581
50361662
50372743
50383823
50394904
50405985
50417065
50428146
50439226
50450307
50461388
50472469
50483549
50494630
50505710
50516791
50527872
50538954
50550034
50561114
50572195
50583275
50594356
50605436
50616517
50627598
50638679
50649759
50660840
50671921
50683001
50694082
50705162
50716243
50727324
50738405
50749486
50760566
50771647
50782727
50793808
50804889
50815969
50827050
50838131
50849211
50860292
50871373
50882453
50893534
50904615
50915695
50926776
50937857
50948938
50960018
50971099
50982179
50993260
51004341
51015421
51026502
51037583
51048663
51059744
51070825
51081905
51092986
51104067
51115147
51126228
51137309
51148389
51159470
51170551
51181632
51192712
51203793
51214873
51225954
51237035
51248115
51259196
51270277
51281358
51292438
51303519
51314599
51325680
51336761
51347842
51358922
51370003
51381084
51392164
51403245
51414326
51425406
51436487
51447568
51458648
51469729
51480810
51491891
51502971
51514052
51525132
51536214
51547294
51558375
51569455
51580536
51591616
51602697
51613778
51624858
51635939
51647020
51658101
51669181
51680262
51691343
51702424
51713504
51724584
51735665
51746747
51757827
51768907
51779988
51791069
51802149
51813230
51824310
51835391
51846472
51857553
51868634
51879714
51890795
51901875
51912956
51924037
51935117
51946198
51957279
51968359
51979440
51990521
52001601
52012682
52023763
52034843
52045924
52057005
52068085
52079166
52090247
52101328
52112408
52123489
52134570
52145651
52156731
52167812
52178892
52189973
52201054
52212134
52223215
52234295
52245376
52256457
52267538
52278618
52289699
52300780
52311860
52322941
52334022
52345102
52356183
52367263
52378344
52389425
52400506
52411586
52422667
52433748
52444828
52455909
52466990
52478070
52489151
52500232
52511312
52522393
52533474
52544555
52555635
52566716
52577796
52588877
52599958
52611039
52622119
52633200
52644280
52655361
52666442
52677522
52688603
52699684
52710764
52721845
52732926
52744007
52755087
52766168
52777249
52788329
52799410
52810491
52821571
52832652
52843732
52854813
52865894
52876975
52888055
52899136
52910217
52921297
52932378
52943459
52954539
52965620
52976701
52987781
52998862
53009943
53021024
53032104
53043185
53054265
53065346
53076427
53087507
53098588
53109669
53120749
53131833
53142911
53153991
53165072
53176153
53187233
53198314
53209395
53220475
53231556
53242637
53253717
53264798
53275879
53286960
53298040
53309121
53320202
53331282
53342363
53353444
53364524
53375605
53386686
53397766
53408847
53419928
53431008
53442089
53453170
53464250
53475331
53486412
53497492
53508573
53519654
53530736
53541815
53552896
53563976
53575057
53586138
53597218
53608299
53619380
53630460
53641541
53652622
53663702
53674783
53685864
53696945
53708025
53719106
53730187
53741267
53752348
53763428
53774509
53785590
53796670
53807751
53818832
53829913
53840993
53852074
53863155
53874235
53885316
53896397
53907477
53918558
53929639
53940720
53951800
53962881
53973961
53985042
53996123
54007203
54018284
54029365
54040445
54051526
54062607
54073687
54084768
54095849
54106929
54118010
54129091
54140171
54151252
54162332
54173413
54184494
54195575
54206656
54217736
54228817
54239898
54250978
54262059
54273139
54284220
54295301
54306382
54317462
54328543
54339624
54350704
54361787
54372866
54383946
54395027
54406108
54417188
54428269
54439350
54450430
54461511
54472592
54483672
54494753
54505833
54516915
54528030
54539076
54550156
54561237
54572318
54583398
54594479
54605560
54616641
54627721
54638802
54649882
54660963
54672044
54683124
54694205
54705286
54716366
54727447
54738528
54749608
54760689
54771770
54782850
54793931
54805012
54816092
54827173
54838254
54849335
54860415
54871496
54882577
54893657
54904738
54915818
54926899
54937980
54949061
54960141
54971222
54982303
54993383
55004464
55015545
55026626
55037706
55048787
55059867
55070948
55082029
55093109
55104190
55115271
55126351
55137432
55148513
55159593
55170674
55181755
55192836
55203916
55214997
55226077
55237158
55248239
55259319
55270400
55281481
55292561
55303642
55314723
55325803
55336884
55347965
55359046
55370126
55381207
55392287
55403368
55414449
55425530
55436610
55447691
55458772
55469852
55480933
55492014
55503094
55514175
55525257
55536337
55547417
55558498
55569578
55580659
55591740
55602820
55613901
55624982
55636062
55647144
55658224
55669304
55680385
55691466
55702546
55713627
55724708
55735789
55746869
55757950
55769030
55780111
55791192
55802272
55813353
55824434
55835514
55846595
55857676
55868756
55879837
55890918
55901999
55913079
55924160
55935241
55946321
55957402
55968483
55979563
55990644
56001725
56012805
56023886
56034966
56046047
56057128
56068208
56079289
56090370
56101451
56112531
56123612
56134693
56145773
56156854
56167935
56179015
56190096
56201177
56212257
56223338
56234419
56245499
56256580
56267661
56278741
56289822
56300903
56311983
56323064
56334145
56345225
56356306
56367387
56378467
56389548
56400629
56411709
56422790
56433871
56444951
56456032
56467113
56478193
56489274
56500355
56511436
56522517
56533597
56544678
56555758
56566839
56577919
56589000
56600081
56611162
56622242
56633323
56644404
56655484
56666565
56677646
56688727
56699807
56710888
56721968
56733049
56744130
56755210
56766291
56777372
56788452
56799533
56810614
56821694
56832775
56843856
56854936
56866017
56877098
56888178
56899259
56910340
56921420
56932501
56943582
56954662
56965743
56976824
56987905
56998985
57010066
57021147
57032228
57043308
57054388
57065469
57076550
57087631
57098711
57109792
57120873
57131954
57143034
57154114
57165195
57176276
57187357
57198437
57209518
57220598
57231679
57242760
57253841
57264921
57276002
57287083
57298163
57309244
57320325
57331405
57342486
57353567
57364647
57375728
57386809
57397889
57408970
57420051
57431131
57442212
57453293
57464373
57475454
57486535
57497615
57508696
57519779
57530858
57541938
57553019
57564100
57575180
57586261
57597342
57608422
57619503
57630584
57641664
57652745
57663825
57674906
57685987
57697068
57708148
57719229
57730310
57741390
57752471
57763551
57774632
57785713
57796794
57807874
57818955
57830036
57841116
57852197
57863278
57874358
57885439
57896520
57907601
57918681
57929762
57940842
57951923
57963004
57974084
57985165
57996246
58007326
58018407
58029488
58040569
58051649
58062730
58073810
58084891
58095972
58107053
58118133
58129214
58140295
58151375
58162456
58173537
58184617
58195698
58206779
58217860
58228940
58240021
58251101
58262182
58273263
58284343
58295424
58306505
58317585
58328667
58339747
58350828
58361908
58372989
58384069
58395150
58406231
58417311
58428392
58439473
58450553
58461634
58472715
58483795
58494876
58505957
58517039
58528119
58539199
58550279
58561360
58572441
58583521
58594602
58605683
58616764
58627844
58638925
58650006
58661086
58672167
58683248
58694328
58705409
58716490
58727570
58738651
58749732
58760812
58771893
58782973
58794054
58805135
58816216
58827296
58838377
58849458
58860538
58871619
58882700
58893780
58904861
58915942
58927023
58938103
58949184
58960264
58971345
58982426
58993506
59004587
59015668
59026748
59037829
59048910
59059990
59071071
59082152
59093232
59104313
59115394
59126475
59137555
59148636
59159717
59170797
59181878
59192959
59204039
59215120
59226201
59237281
59248362
59259442
59270523
59281604
59292684
59303765
59314846
59325927
59337007
59348088
59359168
59370249
59381330
59392411
59403491
59414572
59425653
59436733
59447814
59458895
59469975
59481056
59492137
59503217
59514300
59525379
59536459
59547540
59558621
59569701
59580782
59591863
59602944
59614024
59625105
59636185
59647266
59658347
59669427
59680508
59691589
59702669
59713750
59724831
59735911
59746992
59758073
59769154
59780234
59791315
59802395
59813477
59824557
59835637
59846718
59857799
59868880
59879960
59891041
59902121
59913203
59924283
59935364
59946444
59957525
59968606
59979686
