11080
22161
33241
44322
55403
66484
77564
88645
99726
110806
121887
132968
144048
155129
166210
177291
188371
199452
210532
221613
232695
243774
254855
265936
277017
288097
299178
310258
321339
332420
343501
354581
365662
376742
387823
398904
409984
421065
432146
443226
454307
465388
476469
487549
498630
509711
520791
531872
542953
554033
565114
576194
587275
598356
609437
620517
631598
642678
653759
664840
675921
687001
698082
709163
720243
731324
742405
753485
764566
775647
786727
797808
808889
819969
831050
842131
853211
864292
875373
886454
897534
908615
919696
930776
941857
952937
964018
975099
986180
997260
1008341
1019421
1030502
1041583
1052663
1063744
1074825
1085905
1096986
1108067
1119148
1130228
1141309
1152389
1163470
1174551
1185631
1196712
1207793
1218874
1229954
1241035
1252116
1263196
1274277
1285358
1296438
1307519
1318600
1329680
1340761
1351842
1362922
1374003
1385084
1396164
1407245
1418326
1429406
1440487
1451568
1462648
1473729
1484810
1495890
1506971
1518052
1529132
1540213
1551294
1562375
1573455
1584536
1595616
1606697
1617778
1628858
1639939
1651020
1662101
1673181
1684262
1695342
1706423
1717504
1728585
1739665
1750746
1761827
1772907
1783988
1795069
1806149
1817230
1828311
1839391
1850472
1861553
1872634
1883715
1894795
1905875
1916956
1928037
1939117
1950198
1961279
1972359
1983440
1994521
2005602
2016682
2027763
2038843
2049924
2061005
2072086
2083166
2094247
2105327
2116408
2127489
2138569
2149650
2160731
2171812
2182893
2193973
2205053
2216134
2227215
2238296
2249376
2260457
2271538
2282619
2293699
2304780
2315860
2326941
2338022
2349102
2360183
2371264
2382344
2393425
2404506
2415586
2426667
2437748
2448828
2459909
2470990
2482070
2493151
2504232
2515312
2526393
2537474
2548554
2559635
2570716
2581796
2592877
2603958
2615038
2626119
2637200
2648281
2659361
2670443
2681523
2692603
2703684
2714764
2725845
2736926
2748007
2759087
2770168
2781248
2792329
2803410
2814491
2825571
2836652
2847732
2858814
2869895
2880976
2892056
2903137
2914218
2925298
2936379
2947460
2958540
2969621
2980701
2991782
3002863
3013944
3025024
3036105
3047186
3058267
3069347
3080428
3091508
3102589
3113670
3124750
3135831
3146912
3157992
3169074
3180153
3191234
3202315
3213396
3224476
3235557
3246638
3257718
3268800
3279880
3290960
3302041
3313122
3324202
3335284
3346364
3357444
3368525
3379606
3390686
3401767
3412848
3423928
3435009
3446090
3457170
3468251
3479332
3490413
3501493
3512574
3523654
3534735
3545816
3556896
3567977
3579058
3590138
3601219
3612300
3623380
3634461
3645542
3656622
3667705
3678784
3689865
3700945
3712026
3723106
3734187
3745268
3756348
3767429
3778510
3789590
3800671
3811752
3822832
3833914
3844994
3856074
3867155
3878236
3889317
3900397
3911478
3922558
3933640
3944720
3955801
3966882
3977962
3989043
4000126
4011204
4022285
4033365
4044446
4055526
4066608
4077688
4088769
4099850
4110930
4122011
4133092
4144172
4155253
4166334
4177414
4188495
4199575
4210656
4221737
4232818
4243898
4254979
4266060
4277140
4288221
4299302
4310382
4321463
4332544
4343624
4354705
4365786
4376866
4387947
4399028
4410108
4421189
4432270
4443350
4454431
4465512
4476592
4487673
4498755
4509834
4520915
4531996
4543076
4554157
4565238
4576318
4587399
4598480
4609560
4620641
4631722
4642802
4653883
4664967
4676044
4687125
4698206
4709287
4720367
4731448
4742528
4753609
4764690
4775770
4786851
4797932
4809013
4820093
4831174
4842254
4853335
4864416
4875497
4886577
4897658
4908739
4919819
4930900
4941980
4953061
4964142
4975222
4986304
4997384
5008464
5019545
5030626
5041706
5052787
5063868
5074949
5086029
5097110
5108191
5119271
5130352
5141432
5152513
5163595
5174674
5185755
5196836
5207917
5218998
5230078
5241158
5252240
5263320
5274401
5285482
5296562
5307643
5318724
5329805
5340885
5351966
5363046
5374127
5385208
5396288
5407369
5418450
5429530
5440611
5451691
5462773
5473853
5484934
5496015
5507095
5518176
5529256
5540337
5551417
5562498
5573579
5584660
5595741
5606821
5617902
5628982
5640063
5651144
5662227
5673305
5684386
5695466
5706547
5717628
5728709
5739789
5750870
5761951
5773031
5784112
5795193
5806273
5817354
5828435
5839515
5850596
5861677
5872757
5883838
5894919
5905999
5917080
5928161
5939241
5950322
5961402
5972483
5983564
5994645
6005725
6016806
6027887
6038967
6050048
6061129
6072209
6083290
6094371
6105451
6116532
6127612
6138693
6149774
6160855
6171935
6183016
6194097
6205177
6216258
6227339
6238419
6249500
6260581
6271662
6282742
6293823
6304904
6315984
6327065
6338145
6349226
6360307
6371387
6382468
6393549
6404630
6415710
6426791
6437872
6448952
6460033
6471114
6482194
6493275
6504356
6515436
6526517
6537598
6548678
6559759
6570840
6581920
6593001
6604082
6615162
6626243
6637324
6648404
6659485
6670566
6681647
6692727
6703808
6714889
6725969
6737050
6748130
6759211
6770292
6781372
6792453
6803534
6814615
6825699
6836776
6847856
6858937
6870018
6881099
6892179
6903260
6914341
6925421
6936502
6947583
6958663
6969744
6980825
6991905
7002986
7014067
7025147
7036228
7047308
7058389
7069470
7080550
7091631
7102712
7113793
7124873
7135954
7147035
7158116
7169196
7180277
7191357
7202438
7213519
7224599
7235680
7246761
7257841
7268922
7280003
7291083
7302164
7313245
7324325
7335406
7346487
7357567
7368648
7379729
7390809
7401890
7412971
7424051
7435132
7446213
7457294
7468374
7479455
7490535
7501616
7512697
7523778
7534858
7545939
7557019
7568100
7579181
7590261
7601342
7612423
7623504
7634584
7645665
7656746
7667826
7678907
7689987
7701068
7712149
7723230
7734311
7745391
7756472
7767552
7778633
7789714
7800794
7811875
7822955
7834036
7845117
7856198
7867278
7878359
7889440
7900520
7911601
7922682
7933762
7944843
7955924
7967004
7978085
7989166
8000246
8011327
8022408
8033488
8044569
8055650
8066731
8077811
8088892
8099972
8111053
8122134
8133214
8144295
8155376
8166457
8177537
8188618
8199698
8210779
8221860
8232940
8244021
8255102
8266183
8277263
8288344
8299425
8310505
8321586
8332667
8343747
8354828
8365909
8376989
8388070
8399151
8410231
8421312
8432393
8443473
8454554
8465635
8476715
8487796
8498877
8509957
8521038
8532119
8543199
8554280
8565361
8576441
8587522
8598603
8609684
8620764
8631845
8642925
8654008
8665087
8676168
8687248
8698329
8709410
8720490
8731571
8742651
8753732
8764813
8775894
8786974
8798055
8809136
8820217
8831297
8842377
8853458
8864539
8875620
8886700
8897781
8908861
8919942
8931023
8942103
8953184
8964265
8975346
8986426
8997507
9008588
9019668
9030749
9041830
9052910
9063991
9075072
9086152
9097233
9108314
9119394
9130475
9141556
9152637
9163717
9174798
9185878
9196959
9208040
9219121
9230201
9241282
9252363
9263443
9274524
9285605
9296685
9307766
9318847
9329927
9341008
9352089
9363169
9374250
9385331
9396411
9407492
9418573
9429653
9440734
9451815
9462895
9473976
9485062
9496137
9507218
9518299
9529379
9540460
9551541
9562621
9573702
9584783
9595863
9606944
9618025
9629105
9640186
9651268
9662348
9673428
9684509
9695589
9706670
9717751
9728831
9739912
9750993
9762073
9773154
9784235
9795316
9806396
9817477
9828558
9839638
9850719
9861800
9872880
9883961
9895041
9906122
9917203
9928284
9939364
9950445
9961526
9972606
9983687
9994767
10005848
10016929
10028010
10039090
10050171
10061252
10072332
10083413
10094494
10105574
10116655
10127736
10138816
10149898
10160978
10172058
10183139
10194220
10205300
10216381
10227462
10238542
10249623
10260704
10271785
10282865
10293946
10305026
10316107
10327188
10338268
10349349
10360430
10371511
10382591
10393672
10404753
10415833
10426914
10437994
10449075
10460156
10471237
10482317
10493398
10504479
10515559
10526640
10537720
10548801
10559882
10570963
10582043
10593124
10604205
10615285
10626366
10637447
10648528
10659608
10670689
10681769
10692850
10703931
10715011
10726092
10737173
10748253
10759334
10770415
10781495
10792576
10803657
10814738
10825818
10836899
10847979
10859060
10870141
10881221
10892302
10903383
10914464
10925544
10936625
10947706
10958786
10969867
10980947
10992028
11003109
11014190
11025270
11036351
11047432
11058512
11069593
11080674
11091754
11102835
11113916
11124996
11136077
11147158
11158238
11169319
11180399
11191480
11202561
11213642
11224722
11235803
11246884
11257965
11269045
11280126
11291206
11302287
11313371
11324448
11335529
11346610
11357690
11368771
11379852
11390932
11402013
11413094
11424174
11435255
11446336
11457417
11468497
11479578
11490658
11501739
11512820
11523901
11534981
11546062
11557143
11568223
11579304
11590385
11601465
11612546
11623627
11634707
11645790
11656869
11667949
11679030
11690111
11701191
11712272
11723353
11734433
11745514
11756595
11767675
11778756
11789837
11800917
11811998
11823078
11834159
11845241
11856322
11867401
11878482
11889563
11900643
11911724
11922805
11933885
11944966
11956047
11967127
11978208
11989289
12000369
12011450
12022531
12033611
12044692
12055773
12066854
12077934
12089015
12100095
12111176
12122257
12133338
12144419
12155499
12166580
12177660
12188741
12199822
12210902
12221983
12233063
12244144
12255225
12266305
12277386
12288467
12299548
12310629
12321709
12332790
12343870
12354951
12366031
12377112
12388193
12399274
12410355
12421435
12432516
12443596
12454677
12465758
12476839
12487919
12499000
12510081
12521161
12532242
12543322
12554403
12565484
12576564
12587645
12598726
12609807
12620887
12631968
12643050
12654129
12665210
12676291
12687371
12698452
12709533
12720613
12731694
12742775
12753855
12764936
12776016
12787097
12798178
12809259
12820339
12831420
12842501
12853581
12864662
12875743
12886823
12897904
12908985
12920066
12931146
12942227
12953307
12964388
12975469
12986549
12997630
13008711
13019791
13030872
13041953
13053033
13064114
13075195
13086275
13097356
13108437
13119517
13130598
13141679
13152759
13163840
13174921
13186001
13197082
13208163
13219244
13230324
13241405
13252486
13263566
13274647
13285728
13296808
13307889
13318969
13330050
13341131
13352212
13363292
13374373
13385453
13396534
13407615
13418695
13429776
13440858
13451938
13463018
13474099
13485180
13496260
13507341
13518421
13529502
13540583
13551664
13562744
13573825
13584906
13595986
13607067
13618148
13629228
13640310
13651390
13662471
13673551
13684632
13695713
13706793
13717874
13728954
13740035
13751116
13762196
13773277
13784358
13795439
13806520
13817600
13828681
13839761
13850842
13861923
13873003
13884084
13895165
13906245
13917326
13928407
13939487
13950568
13961648
13972729
13983810
13994891
14005971
14017052
14028133
14039213
14050294
14061375
14072455
14083536
14094617
14105697
14116778
14127859
14138940
14150020
14161101
14172181
14183262
14194343
14205423
14216504
14227585
14238665
14249746
14260827
14271907
14282988
14294069
14305149
14316230
14327311
14338391
14349472
14360553
14371634
14382714
14393795
14404876
14415956
14427037
14438118
14449198
14460279
14471360
14482440
14493521
14504602
14515682
14526763
14537844
14548924
14560005
14571085
14582166
14593247
14604328
14615408
14626489
14637576
14648651
14659731
14670812
14681892
14692973
14704054
14715134
14726215
14737296
14748376
14759457
14770538
14781618
14792699
14803780
14814860
14825941
14837022
14848103
14859183
14870264
14881344
14892425
14903506
14914586
14925667
14936748
14947829
14958909
14969990
14981070
14992151
15003232
15014312
15025393
15036474
15047555
15058635
15069716
15080796
15091877
15102958
15114039
15125119
15136200
15147281
15158361
15169442
15180523
15191603
15202684
15213765
15224845
15235926
15247007
15258087
15269168
15280249
15291329
15302410
15313491
15324571
15335652
15346733
15357813
15368894
15379975
15391055
15402136
15413217
15424297
15435379
15446459
15457539
15468621
15479701
15490781
15501862
15512943
15524024
15535104
15546185
15557265
15568346
15579427
15590508
15601588
15612669
15623750
15634831
15645911
15656992
15668072
15679153
15690234
15701314
15712395
15723476
15734556
15745637
15756717
15767798
15778879
15789960
15801042
15812121
15823202
15834282
15845363
15856444
15867524
15878605
15889686
15900767
15911847
15922928
15934008
15945089
15956170
15967251
15978331
15989412
16000493
16011573
16022654
16033735
16044816
16055896
16066976
16078057
16089138
16100219
16111299
16122380
16133461
16144541
16155622
16166702
16177783
16188864
16199944
16211025
16222106
16233187
16244268
16255348
16266429
16277509
16288590
16299671
16310751
16321832
16332913
16343993
16355074
16366155
16377235
16388316
16399397
16410477
16421558
16432639
16443720
16454800
16465882
16476961
16488042
16499123
16510203
16521284
16532365
16543445
16554526
16565607
16576688
16587768
16598849
16609929
16621010
16632092
16643172
16654252
16665333
16676414
16687494
16698575
16709655
16720736
16731817
16742897
16753978
16765059
16776140
16787220
16798301
16809381
16820462
16831543
16842624
16853704
16864785
16875865
16886946
16898027
16909108
16920188
16931269
16942349
16953430
16964511
16975592
16986672
16997753
17008834
17019914
17030995
17042076
17053156
17064237
17075318
17086398
17097479
17108560
17119640
17130721
17141802
17152882
17163963
17175044
17186125
17197205
17208286
17219367
17230447
17241528
17252608
17263689
17274770
17285851
17296932
17308012
17319093
17330173
17341254
17352335
17363415
17374496
17385577
17396657
17407738
17418818
17429899
17440980
17452061
17463141
17474222
17485303
17496384
17507464
17518545
17529625
17540706
17551787
17562867
17573948
17585029
17596109
17607190
17618271
17629352
17640433
17651513
17662593
17673674
17684755
17695835
17706916
17717997
17729078
17740158
17751239
17762319
17773400
17784481
17795562
17806642
17817723
17828804
17839884
17850965
17862046
17873126
17884207
17895288
17906368
17917449
17928530
17939610
17950691
17961772
17972852
17983933
17995014
18006094
18017175
18028256
18039336
18050417
18061498
18072578
18083659
18094740
18105820
18116901
18127982
18139063
18150143
18161224
18172304
18183385
18194466
18205546
18216627
18227708
18238789
18249869
18260950
18272030
18283111
18294192
18305272
18316353
18327434
18338515
18349595
18360676
18371757
18382837
18393918
18404998
18416080
18427160
18438241
18449321
18460402
18471482
18482563
18493644
18504725
18515805
18526886
18537967
18549047
18560128
18571208
18582289
18593370
18604451
18615531
18626613
18637693
18648773
18659854
18670935
18682015
18693096
18704177
18715257
18726338
18737419
18748500
18759580
18770661
18781742
18792822
18803903
18814983
18826064
18837145
18848225
18859306
18870387
18881467
18892548
18903629
18914710
18925790
18936871
18947952
18959032
18970113
18981193
18992274
19003355
19014436
19025516
19036597
19047677
19058758
19069839
19080920
19092000
19103081
19114162
19125243
19136323
19147404
19158485
19169565
19180646
19191726
19202807
19213888
19224968
19236049
19247130
19258210
19269291
19280372
19291454
19302533
19313614
19324694
19335775
19346856
19357936
19369017
19380098
19391179
19402259
19413340
19424421
19435501
19446582
19457663
19468743
19479824
19490905
19501985
19513066
19524147
19535227
19546308
19557389
19568469
19579550
19590630
19601711
19612792
19623874
19634954
19646034
19657115
19668195
19679276
19690357
19701437
19712518
19723599
19734679
19745760
19756841
19767921
19779002
19790083
19801164
19812244
19823325
19834406
19845486
19856567
19867647
19878728
19889809
19900890
19911970
19923051
19934131
19945212
19956294
19967373
19978454
19989535
20000615
20011696
20022777
20033858
20044938
20056019
20067100
20078180
20089261
20100341
20111422
20122503
20133583
20144664
20155745
20166826
20177906
20188987
20200068
20211149
20222229
20233310
20244390
20255471
20266552
20277632
20288713
20299794
20310875
20321955
20333036
20344116
20355197
20366278
20377358
20388439
20399520
20410600
20421682
20432762
20443842
20454924
20466004
20477085
20488165
20499246
20510326
20521408
20532488
20543568
20554649
20565730
20576811
20587891
20598972
20610053
20621133
20632214
20643295
20654375
20665456
20676537
20687617
20698698
20709779
20720859
20731940
20743021
20754101
20765182
20776263
20787344
20798424
20809505
20820585
20831666
20842747
20853827
20864908
20875989
20887069
20898150
20909231
20920311
20931392
20942473
20953554
20964634
20975715
20986795
20997876
21008957
21020038
21031118
21042199
21053279
21064360
21075441
21086521
21097602
21108683
21119763
21130844
21141925
21153006
21164086
21175167
21186248
21197328
21208409
21219490
21230570
21241651
21252732
21263812
21274893
21285974
21297054
21308135
21319216
21330296
21341377
21352458
21363538
21374619
21385700
21396780
21407861
21418942
21430022
21441103
21452183
21463264
21474345
21485426
21496506
21507587
21518668
21529748
21540829
21551910
21562990
21574071
21585152
21596233
21607313
21618395
21629475
21640555
21651636
21662716
21673797
21684878
21695958
21707039
21718120
21729201
21740281
21751362
21762443
21773523
21784604
21795684
21806765
21817846
21828927
21840007
21851088
21862169
21873249
21884330
21895411
21906492
21917572
21928653
21939733
21950814
21961895
21972975
21984056
21995137
22006217
22017298
22028379
22039459
22050540
22061621
22072701
22083782
22094863
22105944
22117024
22128105
22139185
22150266
22161347
22172427
22183508
22194589
22205670
22216751
22227831
22238911
22249992
22261073
22272154
22283234
22294315
22305396
22316477
22327557
22338638
22349718
22360799
22371879
22382960
22394041
22405122
22416202
22427284
22438363
22449445
22460525
22471607
22482686
22493767
22504848
22515928
22527009
22538090
22549170
22560251
22571332
22582413
22593493
22604574
22615681
22626735
22637816
22648896
22659977
22671058
22682138
22693219
22704300
22715381
22726461
22737542
22748622
22759703
22770784
22781866
22792945
22804026
22815107
22826187
22837268
22848349
22859429
22870510
22881590
22892671
22903752
22914833
22925913
22936994
22948075
22959155
22970236
22981317
22992397
23003478
23014559
23025639
23036720
23047801
23058881
23069962
23081043
23092123
23103204
23114285
23125365
23136446
23147527
23158607
23169688
23180769
23191850
23202930
23214011
23225091
23236172
23247253
23258333
23269414
23280496
23291576
23302656
23313737
23324818
23335898
23346979
23358060
23369140
23380221
23391302
23402382
23413463
23424544
23435624
23446705
23457785
23468866
23479947
23491028
23502108
23513189
23524270
23535350
23546431
23557512
23568592
23579673
23590754
23601834
23612916
23623996
23635076
23646157
23657238
23668318
23679399
23690480
23701561
23712641
23723722
23734802
23745883
23756964
23768044
23779125
23790206
23801286
23812367
23823448
23834528
23845609
23856690
23867771
23878851
23889932
23901013
23912093
23923174
23934255
23945336
23956416
23967497
23978577
23989658
24000739
24011820
24022900
24033981
24045061
24056142
24067222
24078303
24089384
24100465
24111546
24122626
24133707
24144787
24155868
24166949
24178029
24189110
24200191
24211271
24222352
24233433
24244513
24255594
24266675
24277756
24288836
24299917
24310997
24322078
24333159
24344239
24355320
24366401
24377481
24388562
24399643
24410724
24421804
24432885
24443966
24455046
24466127
24477208
24488288
24499369
24510449
24521530
24532611
24543692
24554772
24565853
24576934
24588014
24599095
24610177
24621257
24632337
24643418
24654498
24665579
24676660
24687740
24698821
24709902
24720982
24732063
24743144
24754224
24765305
24776386
24787466
24798547
24809628
24820708
24831789
24842870
24853950
24865031
24876112
24887192
24898273
24909354
24920434
24931515
24942596
24953676
24964757
24975838
24986919
24997999
25009080
25020161
25031241
25042322
25053402
25064483
25075564
25086645
25097725
25108807
25119886
25130967
25142048
25153129
25164209
25175290
25186370
25197451
25208532
25219613
25230693
25241774
25252854
25263935
25275016
25286097
25297177
25308258
25319339
25330419
25341500
25352581
25363661
25374742
25385823
25396904
25407984
25419065
25430145
25441226
25452307
25463387
25474468
25485549
25496629
25507710
25518791
25529872
25540952
25552033
25563113
25574194
25585275
25596356
25607437
25618518
25629597
25640678
25651759
25662839
25673920
25685001
25696082
25707163
25718243
25729324
25740404
25751485
25762566
25773646
25784727
25795808
25806888
25817970
25829050
25840130
25851211
25862292
25873372
25884453
25895534
25906614
25917695
25928776
25939856
25950937
25962018
25973098
25984179
25995260
26006341
26017421
26028502
26039583
26050663
26061744
26072825
26083905
26094986
26106067
26117147
26128228
26139309
26150389
26161470
26172551
26183631
26194712
26205793
26216873
26227954
26239035
26250115
26261196
26272277
26283357
26294438
26305519
26316599
26327680
26338761
26349841
26360922
26372004
26383083
26394164
26405245
26416325
26427406
26438487
26449567
26460648
26471729
26482809
26493890
26504971
26516051
26527132
26538213
26549294
26560374
26571455
26582536
26593616
26604697
26615778
26626858
26637939
26649020
26660100
26671181
26682266
26693342
26704423
26715503
26726584
26737665
26748745
26759826
26770907
26781988
26793068
26804149
26815230
26826310
26837391
26848472
26859552
26870633
26881714
26892794
26903875
26914955
26926036
26937117
26948198
26959278
26970359
26981440
26992520
27003601
27014682
27025762
27036843
27047924
27059004
27070085
27081166
27092247
27103327
27114408
27125488
27136569
27147650
27158731
27169811
27180892
27191973
27203053
27214134
27225215
27236295
27247376
27258456
27269537
27280618
27291699
27302779
27313860
27324941
27336021
27347102
27358183
27369263
27380344
27391424
27402506
27413587
27424667
27435748
27446828
27457908
27468989
27480070
27491151
27502232
27513312
27524393
27535473
27546554
27557635
27568715
27579796
27590877
27601959
27613038
27624120
27635199
27646280
27657361
27668441
27679522
27690603
27701683
27712764
27723845
27734926
27746006
27757087
27768168
27779248
27790329
27801410
27812490
27823571
27834652
27845732
27856813
27867893
27878974
27890055
27901135
27912216
27923297
27934378
27945458
27956539
27967620
27978700
27989781
28000862
28011942
28023023
28034104
28045184
28056265
28067346
28078426
28089507
28100588
28111668
28122749
28133830
28144910
28155991
28167072
28178153
28189233
28200314
28211395
28222475
28233556
28244637
28255717
28266798
28277878
28288959
28300040
28311120
28322201
28333282
28344363
28355443
28366524
28377605
28388685
28399766
28410847
28421927
28433010
28444089
28455169
28466250
28477331
28488411
28499492
28510572
28521653
28532735
28543815
28554895
28565976
28577057
28588137
28599219
28610299
28621379
28632461
28643541
28654621
28665702
28676783
28687863
28698944
28710025
28721105
28732186
28743267
28754347
28765431
28776509
28787590
28798671
28809751
28820832
28831912
28842994
28854073
28865154
28876235
28887316
28898396
28909477
28920558
28931639
28942719
28953799
28964880
28975961
28987042
28998122
29009203
29020284
29031364
29042445
29053526
29064606
29075687
29086768
29097849
29108929
29120010
29131090
29142171
29153252
29164332
29175413
29186494
29197574
29208655
29219736
29230816
29241897
29252978
29264059
29275139
29286220
29297300
29308381
29319462
29330543
29341623
29352704
29363784
29374865
29385946
29397027
29408107
29419188
29430269
29441349
29452430
29463511
29474591
29485672
29496753
29507833
29518914
29529994
29541075
29552156
29563237
29574317
29585398
29596480
29607559
29618640
29629721
29640801
29651882
29662963
29674043
29685124
29696205
29707285
29718366
29729447
29740527
29751608
29762689
29773769
29784850
29795931
29807012
29818092
29829173
29840254
29851334
29862415
29873496
29884576
29895657
29906737
29917818
29928899
29939980
29951060
29962141
29973222
29984302
29995383
30006464
30017544
30028625
30039706
30050786
30061867
30072948
30084028
30095109
30106189
30117270
30128351
30139432
30150512
30161593
30172674
30183754
30194835
30205915
30216996
30228077
30239158
30250238
30261319
30272400
30283480
30294561
30305642
30316722
30327803
30338884
30349964
30361045
30372126
30383206
30394287
30405368
30416449
30427530
30438610
30449690
30460771
30471852
30482933
30494013
30505094
30516175
30527255
30538336
30549416
30560497
30571578
30582659
30593740
30604821
30615901
30626981
30638062
30649143
30660223
30671304
30682385
30693466
30704546
30715627
30726707
30737788
30748869
30759949
30771030
30782111
30793193
30804272
30815353
30826433
30837514
30848596
30859675
30870756
30881837
30892918
30903998
30915079
30926160
30937240
30948321
30959401
30970482
30981563
30992644
31003724
31014805
31025886
31036966
31048047
31059127
31070208
31081289
31092370
31103450
31114531
31125612
31136692
31147773
31158854
31169934
31181015
31192096
31203176
31214257
31225338
31236418
31247499
31258580
31269660
31280741
31291822
31302902
31313983
31325064
31336144
31347225
31358306
31369386
31380467
31391548
31402628
31413709
31424790
31435870
31446951
31458032
31469112
31480193
31491274
31502354
31513435
31524516
31535596
31546677
31557758
31568839
31579919
31591000
31602081
31613161
31624242
31635322
31646403
31657484
31668565
31679645
31690726
31701807
31712887
31723968
31735049
31746129
31757210
31768291
31779371
31790452
31801533
31812613
31823694
31834775
31845855
31856936
31868017
31879097
31890178
31901259
31912339
31923421
31934501
31945581
31956662
31967743
31978823
31989904
32000985
32012065
32023146
32034227
32045307
32056388
32067469
32078550
32089630
32100711
32111791
32122872
32133953
32145033
32156114
32167195
32178276
32189356
32200437
32211518
32222598
32233679
32244759
32255840
32266921
32278002
32289082
32300163
32311243
32322324
32333405
32344486
32355566
32366647
32377728
32388808
32399890
32410970
32422050
32433131
32444212
32455292
32466373
32477454
32488534
32499615
32510696
32521776
32532857
32543938
32555018
32566099
32577180
32588262
32599341
32610422
32621503
32632583
32643664
32654744
32665825
32676906
32687987
32699067
32710148
32721228
32732309
32743390
32754472
32765551
32776632
32787713
32798793
32809874
32820954
32832035
32843116
32854197
32865277
32876358
32887439
32898519
32909600
32920681
32931761
32942842
32953923
32965003
32976084
32987165
32998245
33009326
33020407
33031487
33042568
33053649
33064729
33075810
33086891
33097971
33109052
33120133
33131213
33142294
33153375
33164456
33175536
33186617
33197697
33208778
33219859
33230940
33242020
33253101
33264181
33275262
33286343
33297423
33308504
33319585
33330666
33341746
33352827
33363908
33374988
33386069
33397150
33408230
33419311
33430392
33441472
33452553
33463634
33474714
33485795
33496876
33507956
33519037
33530118
33541198
33552279
33563360
33574440
33585522
33596603
33607682
33618763
33629844
33640924
33652005
33663086
33674166
33685247
33696328
33707409
33718489
33729570
33740650
33751731
33762812
33773893
33784973
33796054
33807135
33818215
33829296
33840376
33851457
33862538
33873619
33884699
33895780
33906861
33917941
33929022
33940102
33951183
33962264
33973345
33984426
33995506
34006587
34017667
34028748
34039829
34050909
34061990
34073071
34084153
34095232
34106313
34117394
34128474
34139555
34150635
34161716
34172797
34183877
34194958
34206039
34217119
34228200
34239281
34250362
34261442
34272523
34283604
34294684
34305765
34316846
34327926
34339007
34350088
34361168
34372249
34383330
34394411
34405491
34416572
34427652
34438733
34449814
34460894
34471975
34483056
34494136
34505217
34516298
34527378
34538459
34549540
34560620
34571701
34582782
34593863
34604943
34616024
34627104
34638185
34649266
34660346
34671427
34682508
34693588
34704669
34715750
34726830
34737911
34748992
34760072
34771153
34782234
34793315
34804395
34815476
34826556
34837637
34848718
34859799
34870879
34881960
34893040
34904121
34915203
34926282
34937363
34948444
34959525
34970605
34981686
34992766
35003847
35014928
35026009
35037089
35048170
35059250
35070331
35081412
35092493
35103573
35114654
35125735
35136815
35147896
35158977
35170058
35181138
35192219
35203299
35214380
35225461
35236541
35247622
35258703
35269783
35280864
35291945
35303025
35314106
35325187
35336267
35347348
35358429
35369510
35380590
35391671
35402752
35413833
35424913
35435993
35447074
35458155
35469236
35480316
35491397
35502477
35513558
35524639
35535720
35546800
35557881
35568962
35580043
35591123
35602204
35613284
35624365
35635446
35646526
35657607
35668688
35679768
35690849
35701930
35713010
35724091
35735172
35746253
35757333
35768414
35779495
35790575
35801656
35812736
35823817
35834898
35845978
35857059
35868140
35879220
35890301
35901382
35912462
35923543
35934624
35945705
35956785
35967866
35978947
35990027
36001108
36012189
36023269
36034350
36045431
36056511
36067592
36078673
36089753
36100834
36111915
36122995
36134076
36145157
36156237
36167318
36178399
36189479
36200560
36211641
36222721
36233802
36244883
36255963
36267044
36278125
36289205
36300286
36311367
36322447
36333528
36344609
36355689
36366770
36377851
36388931
36400012
36411093
36422173
36433254
36444335
36455415
36466496
36477577
36488658
36499738
36510819
36521899
36532980
36544061
36555141
36566222
36577335
36588384
36599464
36610545
36621625
36632706
36643787
36654868
36665949
36677029
36688110
36699190
36710271
36721352
36732432
36743515
36754594
36765675
36776755
36787836
36798916
36809997
36821078
36832158
36843239
36854320
36865400
36876481
36887562
36898643
36909723
36920804
36931884
36942965
36954046
36965126
36976208
36987288
36998368
37009449
37020530
37031611
37042691
37053772
37064853
37075934
37087014
37098095
37109175
37120256
37131336
37142417
37153498
37164579
37175659
37186740
37197821
37208901
37219982
37231063
37242143
37253224
37264305
37275385
37286466
37297547
37308627
37319708
37330789
37341869
37352950
37364031
37375111
37386193
37397273
37408354
37419434
37430515
37441595
37452676
37463757
37474837
37485918
37496999
37508079
37519160
37530241
37541322
37552402
37563483
37574565
37585645
37596725
37607806
37618886
37629967
37641047
37652128
37663209
37674290
37685370
37696451
37707532
37718612
37729693
37740774
37751854
37762935
37774016
37785096
37796177
37807257
37818338
37829419
37840500
37851580
37862661
37873742
37884822
37895903
37906984
37918064
37929145
37940226
37951307
37962387
37973468
37984548
37995629
38006711
38017790
38028871
38039952
38051032
38062113
38073194
38084275
38095355
38106436
38117516
38128597
38139678
38150759
38161839
38172920
38184001
38195081
38206162
38217243
38228323
38239404
38250485
38261566
38272646
38283727
38294807
38305888
38316969
38328049
38339130
38350211
38361291
38372372
38383453
38394533
38405614
38416696
38427775
38438856
38449937
38461017
38472098
38483179
38494259
38505340
38516421
38527501
38538582
38549663
38560744
38571826
38582905
38593986
38605066
38616147
38627227
38638308
38649389
38660470
38671550
38682631
38693712
38704792
38715873
38726953
38738035
38749115
38760196
38771276
38782357
38793438
38804518
38815599
38826680
38837760
38848841
38859921
38871002
38882083
38893163
38904245
38915325
38926406
38937486
38948567
38959648
38970728
38981809
38992890
39003970
39015051
39026132
39037212
39048293
39059374
39070455
39081535
39092616
39103696
39114777
39125858
39136939
39148019
39159100
39170181
39181261
39192342
39203423
39214503
39225584
39236665
39247745
39258826
39269907
39280987
39292068
39303149
39314229
39325310
39336391
39347471
39358552
39369633
39380714
39391794
39402875
39413955
39425036
39436117
39447197
39458278
39469358
39480439
39491520
39502601
39513681
39524762
39535843
39546923
39558004
39569085
39580166
39591246
39602327
39613407
39624488
39635569
39646649
39657730
39668811
39679891
39690972
39702053
39713133
39724214
39735295
39746375
39757456
39768537
39779618
39790698
39801779
39812860
39823940
39835021
39846101
39857183
39868263
39879344
39890424
39901505
39912585
39923666
39934747
39945827
39956908
39967989
39979070
39990150
40001231
40012312
40023392
40034473
40045554
40056635
40067716
40078796
40089876
40100957
40112038
40123118
40134199
40145280
40156360
40167442
40178522
40189603
40200683
40211764
40222844
40233926
40245006
40256086
40267167
40278248
40289328
40300409
40311490
40322570
40333651
40344732
40355813
40366893
40377974
40389055
40400135
40411216
40422297
40433377
40444458
40455539
40466619
40477700
40488780
40499861
40510942
40522023
40533103
40544184
40555265
40566354
40577426
40588507
40599587
40610668
40621749
40632829
40643910
40654991
40666071
40677152
40688233
40699313
40710394
40721475
40732555
40743636
40754717
40765797
40776878
40787959
40799040
40810120
40821201
40832282
40843362
40854443
40865524
40876604
40887685
40898766
40909846
40920927
40932008
40943088
40954169
40965250
40976330
40987411
40998492
41009572
41020653
41031734
41042814
41053895
41064976
41076056
41087137
41098219
41109298
41120379
41131460
41142540
41153621
41164702
41175783
41186863
41197944
41209024
41220105
41231186
41242266
41253347
41264428
41275508
41286589
41297670
41308751
41319831
41330912
41341993
41353073
41364154
41375234
41386315
41397396
41408477
41419557
41430638
41441719
41452799
41463880
41474961
41486041
41497122
41508203
41519283
41530364
41541445
41552525
41563607
41574687
41585767
41596848
41607929
41619009
41630090
41641171
41652251
41663332
41674413
41685493
41696574
41707655
41718735
41729817
41740897
41751977
41763058
41774139
41785219
41796300
41807381
41818462
41829542
41840623
41851703
41862784
41873865
41884945
41896027
41907107
41918188
41929268
41940349
41951430
41962510
41973591
41984672
41995752
42006833
42017914
42028994
42040075
42051156
42062236
42073317
42084398
42095478
42106559
42117640
42128720
42139801
42150881
42161962
42173043
42184124
42195204
42206285
42217366
42228447
42239527
42250608
42261688
42272769
42283850
42294930
42306011
42317092
42328172
42339253
42350334
42361415
42372495
42383576
42394657
42405737
42416818
42427899
42438979
42450060
42461140
42472221
42483302
42494383
42505463
42516544
42527625
42538705
42549786
42560867
42571948
42583028
42594109
42605189
42616270
42627351
42638431
42649512
42660592
42671673
42682754
42693835
42704915
42715996
42727077
42738158
42749238
42760319
42771399
42782480
42793561
42804641
42815722
42826803
42837884
42848964
42860045
42871125
42882206
42893287
42904367
42915448
42926529
42937610
42948690
42959771
42970852
42981932
42993013
43004094
43015174
43026255
43037336
43048417
43059497
43070578
43081658
43092739
43103820
43114900
43125981
43137062
43148142
43159223
43170304
43181384
43192465
43203546
43214626
43225707
43236788
43247868
43258950
43270030
43281110
43292191
43303272
43314352
43325433
43336513
43347594
43358676
43369756
43380837
43391917
43402998
43414078
43425159
43436240
43447321
43458401
43469482
43480563
43491643
43502724
43513804
43524885
43535966
43547047
43558129
43569208
43580289
43591369
43602450
43613530
43624611
43635692
43646773
43657853
43668934
43680015
43691095
43702176
43713257
43724338
43735418
43746499
43757579
43768660
43779741
43790821
43801902
43812983
43824063
43835144
43846225
43857305
43868386
43879467
43890548
43901628
43912709
43923789
43934870
43945951
43957031
43968112
43979193
43990274
44001354
44012435
44023516
44034596
44045677
44056758
44067838
44078919
44090000
44101080
44112161
44123242
44134322
44145403
44156484
44167565
44178645
44189725
44200806
44211887
44222968
44234049
44245129
44256210
44267290
44278371
44289452
44300532
44311613
44322694
44333774
44344855
44355936
44367016
44378097
44389179
44400258
44411339
44422420
44433500
44444581
44455662
44466742
44477823
44488904
44499985
44511065
44522146
44533227
44544307
44555389
44566469
44577548
44588629
44599710
44610790
44621871
44632951
44644033
44655113
44666193
44677274
44688355
44699436
44710516
44721597
44732678
44743758
44754839
44765920
44777000
44788081
44799162
44810242
44821323
44832404
44843484
44854565
44865646
44876727
44887808
44898889
44909969
44921050
44932131
44943211
44954293
44965373
44976453
44987534
44998615
45009695
45020776
45031857
45042937
45054019
45065099
45076179
45087260
45098341
45109421
45120502
45131583
45142664
45153744
45164825
45175906
45186986
45198067
45209148
45220229
45231309
45242389
45253470
45264551
45275632
45286712
45297793
45308874
45319954
45331035
45342116
45353196
45364277
45375358
45386439
45397519
45408600
45419680
45430761
45441841
45452922
45464003
45475084
45486164
45497245
45508326
45519406
45530487
45541568
45552650
45563730
45574810
45585890
45596971
45608052
45619133
45630213
45641294
45652375
45663455
45674536
45685617
45696697
45707778
45718859
45729939
45741020
45752101
45763181
45774262
45785343
45796423
45807504
45818585
45829665
45840746
45851826
45862907
45873988
45885069
45896149
45907230
45918311
45929391
45940472
45951553
45962634
45973714
45984795
45995875
46006956
46018037
46029117
46040198
46051279
46062359
46073440
46084521
46095602
46106682
46117763
46128844
46139924
46151005
46162085
46173166
46184247
46195328
46206408
46217489
46228569
46239650
46250731
46261811
46272892
46283973
46295053
46306134
46317215
46328296
46339376
46350457
46361538
46372618
46383699
46394779
46405860
46416941
46428022
46439103
46450183
46461264
46472344
46483425
46494506
46505586
46516667
46527748
46538828
46549910
46560990
46572070
46583151
46594232
46605312
46616393
46627474
46638554
46649635
46660716
46671796
46682877
46693958
46705038
46716119
46727200
46738280
46749362
46760442
46771523
46782603
46793684
46804765
46815845
46826926
46838007
46849087
46860168
46871249
46882329
46893410
46904491
46915571
46926652
46937733
46948813
46959894
46970975
46982055
46993136
47004217
47015297
47026378
47037459
47048540
47059620
47070701
47081781
47092862
47103943
47115023
47126104
47137185
47148266
47159346
47170427
47181507
47192588
47203669
47214750
47225830
47236911
47247991
47259072
47270153
47281234
47292314
47303395
47314475
47325556
47336637
47347718
47358798
47369879
47380960
47392040
47403121
47414202
47425282
47436363
47447443
47458524
47469605
47480686
47491766
47502847
47513928
47525008
47536089
47547170
47558251
47569331
47580412
47591492
47602573
47613654
47624734
47635815
47646896
47657976
47669057
47680138
47691218
47702299
47713380
47724460
47735541
47746622
47757703
47768783
47779864
47790945
47802025
47813106
47824187
47835267
47846348
47857429
47868509
47879591
47890670
47901751
47912832
47923913
47934993
47946074
47957155
47968235
47979316
47990397
48001477
48012558
48023639
48034719
48045800
48056881
48067961
48079042
48090123
48101203
48112284
48123365
48134445
48145526
48156607
48167687
48178768
48189849
48200929
48212010
48223091
48234171
48245252
48256333
48267413
48278494
48289575
48300655
48311736
48322817
48333898
48344978
48356059
48367140
48378221
48389301
48400382
48411462
48422543
48433624
48444704
48455785
48466866
48477946
48489027
48500108
48511188
48522269
48533349
48544432
48555511
48566592
48577672
48588753
48599834
48610914
48621995
48633076
48644156
48655237
48666318
48677398
48688479
48699560
48710641
48721721
48732802
48743882
48754964
48766044
48777124
48788205
48799286
48810366
48821447
48832528
48843608
48854689
48865770
48876851
48887931
48899012
48910093
48921173
48932254
48943335
48954415
48965496
48976577
48987657
48998738
49009818
49020899
49031980
49043061
49054142
49065222
49076303
49087383
49098464
49109545
49120625
49131706
49142787
49153867
49164948
49176029
49187109
49198190
49209271
49220351
49231432
49242513
49253593
49264674
49275755
49286835
49297916
49308997
49320077
49331158
49342239
49353319
49364400
49375481
49386561
49397642
49408723
49419804
49430884
49441965
49453046
49464126
49475207
49486287
49497368
49508449
49519530
49530610
49541693
49552772
49563852
49574934
49586014
49597094
49608175
49619256
49630336
49641417
49652498
49663578
49674659
49685740
49696820
49707902
49718982
49730062
49741143
49752224
49763304
49774385
49785466
49796546
49807627
49818708
49829788
49840869
49851950
49863030
49874112
49885192
49896272
49907353
49918434
49929515
49940595
49951676
49962756
49973837
49984918
49995999
50007079
50018160
50029241
50040322
50051402
50062483
50073563
50084644
50095725
50106805
50117886
50128966
50140048
50151129
50162209
50173289
50184370
50195451
50206532
50217612
50228693
50239773
50250854
50261935
50273015
50284096
50295177
50306257
50317338
50328419
50339500
50350580
50361661
50372742
50383822
50394903
50405984
50417064
50428145
50439225
50450306
50461387
50472468
50483548
50494629
50505710
50516790
50527871
50538952
50550033
50561113
50572194
50583274
50594355
50605436
50616516
50627597
50638677
50649758
50660839
50671920
50683000
50694081
50705163
50716242
50727323
50738404
50749484
50760565
50771646
50782726
50793807
50804888
50815968
50827049
50838130
50849210
50860291
50871372
50882452
50893533
50904614
50915694
50926775
50937856
50948937
50960017
50971098
50982178
50993259
51004340
51015421
51026501
51037582
51048662
51059743
51070824
51081904
51092985
51104066
51115147
51126227
51137308
51148389
51159469
51170550
51181630
51192711
51203792
51214873
51225953
51237034
51248115
51259195
51270276
51281357
51292437
51303518
51314599
51325679
51336760
51347841
51358921
51370004
51381083
51392163
51403244
51414325
51425405
51436486
51447567
51458647
51469728
51480809
51491889
51502970
51514051
51525131
51536214
51547294
51558373
51569454
51580535
51591616
51602696
51613777
51624858
51635938
51647019
51658100
51669180
51680261
51691342
51702422
51713503
51724583
51735664
51746745
51757826
51768906
51779987
51791068
51802148
51813229
51824310
51835390
51846471
51857552
51868633
51879713
51890794
51901874
51912955
51924036
51935117
51946198
51957278
51968358
51979439
51990520
52001600
52012681
52023762
52034843
52045923
52057004
52068085
52079165
52090246
52101326
52112407
52123488
52134569
52145650
52156730
52167811
52178891
52189972
52201053
52212133
52223214
52234294
52245375
52256456
52267537
52278617
52289698
52300779
52311859
52322940
52334021
52345101
52356182
52367263
52378343
52389424
52400505
52411585
52422666
52433747
52444827
52455908
52466989
52478069
52489150
52500231
52511311
52522392
52533474
52544554
52555634
52566715
52577795
52588876
52599957
52611037
52622118
52633199
52644280
52655360
52666441
52677521
52688602
52699683
52710763
52721844
52732925
52744006
52755086
52766167
52777248
52788328
52799409
52810490
52821570
52832651
52843732
52854812
52865894
52876973
52888054
52899135
52910216
52921296
52932377
52943458
52954538
52965619
52976700
52987780
52998861
53009942
53021022
53032103
53043184
53054264
53065345
53076426
53087506
53098587
53109668
53120748
53131829
53142910
53153990
53165071
53176152
53187232
53198313
53209394
53220474
53231555
53242636
53253717
53264797
53275878
53286959
53298039
53309120
53320201
53331281
53342362
53353443
53364523
53375604
53386685
53397765
53408846
53419927
53431007
53442088
53453169
53464249
53475330
53486411
53497491
53508572
53519653
53530734
53541815
53552895
53563975
53575056
53586137
53597217
53608298
53619379
53630459
53641540
53652621
53663701
53674782
53685863
53696945
53708024
53719105
53730186
53741266
53752347
53763428
53774508
53785589
53796670
53807750
53818831
53829911
53840992
53852073
53863153
53874234
53885315
53896396
53907476
53918557
53929638
53940718
53951799
53962880
53973960
53985041
53996122
54007202
54018283
54029364
54040444
54051525
54062606
54073686
54084767
54095848
54106928
54118009
54129090
54140170
54151251
54162332
54173412
54184493
54195574
54206654
54217735
54228816
54239897
54250977
54262058
54273138
54284219
54295300
54306381
54317461
54328542
54339623
54350703
54361784
54372864
54383945
54395026
54406107
54417187
54428268
54439349
54450429
54461510
54472590
54483671
54494752
54505833
54516913
54527994
54539075
54550155
54561236
54572317
54583397
54594478
54605559
54616639
54627720
54638801
54649881
54660962
54672043
54683123
54694205
54705285
54716365
54727446
54738527
54749607
54760688
54771769
54782849
54793930
54805011
54816091
54827172
54838253
54849334
54860416
54871495
54882576
54893656
54904737
54915817
54926898
54937979
54949060
54960140
54971221
54982302
54993382
55004463
55015544
55026625
55037705
55048786
55059867
55070947
55082028
55093108
55104189
55115270
55126350
55137431
55148512
55159592
55170673
55181754
55192834
55203915
55214996
55226076
55237157
55248238
55259318
55270399
55281480
55292560
55303641
55314722
55325803
55336883
55347964
55359045
55370125
55381206
55392287
55403367
55414448
55425529
55436609
55447690
55458771
55469851
55480932
55492013
55503093
55514174
55525255
55536335
55547416
55558497
55569577
55580658
55591739
55602819
55613900
55624981
55636061
55647142
55658223
55669303
55680384
55691465
55702545
55713626
55724707
55735788
55746868
55757949
55769029
55780110
55791191
55802271
55813352
55824433
55835513
55846594
55857675
55868755
55879836
55890917
55901997
55913078
55924159
55935239
55946320
55957401
55968481
55979562
55990643
56001724
56012804
56023885
56034965
56046046
56057127
56068207
56079288
56090369
56101450
56112530
56123611
56134692
56145772
56156853
56167934
56179014
56190095
56201176
56212256
56223337
56234418
56245499
56256579
56267660
56278740
56289821
56300902
56311982
56323063
56334144
56345225
56356305
56367386
56378466
56389547
56400628
56411708
56422789
56433870
56444951
56456031
56467112
56478193
56489273
56500354
56511434
56522516
56533597
56544676
56555758
56566838
56577919
56588999
56600080
56611161
56622241
56633322
56644403
56655483
56666564
56677645
56688726
56699806
56710887
56721967
56733048
56744129
56755209
56766290
56777371
56788451
56799532
56810613
56821693
56832774
56843855
56854935
56866016
56877097
56888177
56899258
56910339
56921420
56932500
56943581
56954662
56965742
56976823
56987904
56998984
57010065
57021146
57032226
57043307
57054388
57065468
57076549
57087630
57098710
57109791
57120872
57131953
57143033
57154114
57165194
57176275
57187356
57198436
57209517
57220598
57231678
57242759
57253840
57264920
57276001
57287082
57298162
57309243
57320324
57331404
57342485
57353566
57364646
57375727
57386808
57397888
57408969
57420050
57431130
57442211
57453292
57464372
57475453
57486534
57497614
57508695
57519777
57530857
57541938
57553018
57564098
57575179
57586260
57597341
57608421
57619502
57630583
57641663
57652744
57663824
57674905
57685987
57697066
57708147
57719228
57730309
57741389
57752470
57763551
57774631
57785712
57796793
57807873
57818954
57830035
57841115
57852196
57863277
57874357
57885438
57896519
57907599
57918680
57929761
57940841
57951922
57963003
57974084
57985164
57996245
58007326
58018406
58029487
58040567
58051648
58062729
58073810
58084890
58095971
58107051
58118132
58129213
58140294
58151374
58162455
58173535
58184617
58195697
58206778
58217858
58228939
58240020
58251100
58262181
58273262
58284342
58295423
58306504
58317584
58328665
58339746
58350828
58361907
58372988
58384068
58395149
58406230
58417310
58428391
58439472
58450552
58461633
58472714
58483794
58494875
58505956
58517037
58528118
58539198
58550279
58561359
58572440
58583521
58594601
58605682
58616762
58627843
58638924
58650004
58661085
58672166
58683247
58694327
58705408
58716489
58727569
58738650
58749730
58760811
58771892
58782973
58794053
58805134
58816215
58827295
58838376
58849457
58860538
58871618
58882699
58893779
58904860
58915941
58927022
58938102
58949183
58960264
58971344
58982425
58993505
59004586
59015667
59026747
59037828
59048909
59059989
59071070
59082151
59093232
59104312
59115393
59126474
59137554
59148635
59159715
59170797
59181877
59192957
59204038
59215119
59226200
59237280
59248361
59259442
59270523
59281603
59292684
59303764
59314845
59325926
59337006
59348087
59359167
59370249
59381329
59392409
59403490
59414571
59425652
59436732
59447813
59458894
59469974
59481055
59492136
59503216
59514298
59525379
59536458
59547539
59558620
59569700
59580781
59591862
59602943
59614023
59625104
59636185
59647265
59658346
59669427
59680507
59691588
59702668
59713749
59724830
59735911
59746991
59758072
59769153
59780233
59791314
59802394
59813475
59824556
59835637
59846717
59857798
59868879
59879959
59891040
59902120
59913202
59924282
59935363
59946443
59957524
59968605
59979685
